0.000     0.000
0.006     0.000
0.012     0.000
0.017     0.000
0.023     0.000
0.029     0.000
0.035     0.000
0.041     0.000
0.046     0.000
0.052     0.000
0.058     0.000
0.064     0.000
0.070     0.000
0.075     0.000
0.081     0.000
0.087     0.000
0.093     0.000
0.099     0.000
0.104     0.000
0.110     0.000
0.116     0.000
0.122     0.000
0.128     0.000
0.134     0.000
0.139     0.000
0.145     0.000
0.151     0.000
0.157     0.000
0.163     0.000
0.168     0.000
0.174     0.000
0.180     0.000
0.186     0.000
0.192     0.000
0.197     0.000
0.203     0.000
0.209     0.000
0.215     0.000
0.221     0.000
0.226     0.000
0.232     0.000
0.238     0.000
0.244     0.000
0.250     0.000
0.255     0.000
0.261     0.000
0.267     0.000
0.273     0.000
0.279     0.000
0.284     0.000
0.290     0.000
0.296     0.000
0.302     0.000
0.308     0.000
0.313     0.000
0.319     0.000
0.325     0.000
0.331     0.000
0.337     0.000
0.342     0.000
0.348     0.000
0.354     0.000
0.360     0.000
0.366     0.000
0.372     0.000
0.377     0.000
0.383     0.000
0.389     0.000
0.395     0.000
0.401     0.000
0.406     0.000
0.412     0.000
0.418     0.000
0.424     0.000
0.430     0.000
0.435     0.000
0.441     0.000
0.447     0.000
0.453     0.000
0.459     0.000
0.464     0.000
0.470     0.000
0.476     0.000
0.482     0.000
0.488     0.000
0.493     0.000
0.499     0.000
0.505     0.000
0.511     0.000
0.517     0.000
0.522     0.000
0.528     0.000
0.534     0.000
0.540     0.000
0.546     0.000
0.551     0.000
0.557     0.000
0.563     0.000
0.569     0.000
0.575     0.000
0.580     0.000
0.586     0.000
0.592     0.000
0.598     0.000
0.604     0.000
0.610     0.000
0.615     0.000
0.621     0.000
0.627     0.000
0.633     0.000
0.639     0.000
0.644     0.000
0.650     0.000
0.656     0.000
0.662     0.000
0.668     0.000
0.673     0.000
0.679     0.000
0.685     0.000
0.691     0.000
0.697     0.000
0.702     0.000
0.708     0.000
0.714     0.000
0.720     0.000
0.726     0.000
0.731     0.000
0.737     0.000
0.743     0.000
0.749     0.000
0.755     0.000
0.760     0.000
0.766     0.000
0.772     0.000
0.778     0.000
0.784     0.000
0.789     0.000
0.795     0.000
0.801     0.000
0.807     0.000
0.813     0.000
0.819     0.000
0.824     0.000
0.830     0.000
0.836     0.000
0.842     0.000
0.848     0.000
0.853     0.000
0.859     0.000
0.865     0.000
0.871     0.000
0.877     0.000
0.882     0.000
0.888     0.000
0.894     0.000
0.900     0.000
0.906     0.000
0.911     0.000
0.917     0.000
0.923     0.000
0.929     0.000
0.935     0.000
0.940     0.000
0.946     0.000
0.952     0.000
0.958     0.000
0.964     0.000
0.969     0.000
0.975     0.000
0.981     0.000
0.987     0.000
0.993     0.000
0.998     0.000
1.004     0.000
1.010     0.000
1.016     0.000
1.022     0.000
1.027     0.000
1.033     0.000
1.039     0.000
1.045     0.000
1.051     0.000
1.057     0.000
1.062     0.000
1.068     0.000
1.074     0.000
1.080     0.000
1.086     0.000
1.091     0.000
1.097     0.000
1.103     0.000
1.109     0.000
1.115     0.000
1.120     0.000
1.126     0.000
1.132     0.000
1.138     0.000
1.144     0.000
1.149     0.000
1.155     0.000
1.161     0.000
1.167     0.000
1.173     0.000
1.178     0.000
1.184     0.000
1.190     0.000
1.196     0.000
1.202     0.000
1.207     0.000
1.213     0.000
1.219     0.000
1.225     0.000
1.231     0.000
1.236     0.000
1.242     0.000
1.248     0.000
1.254     0.000
1.260     0.000
1.265     0.000
1.271     0.000
1.277     0.000
1.283     0.000
1.289     0.000
1.295     0.000
1.300     0.000
1.306     0.000
1.312     0.000
1.318     0.000
1.324     0.000
1.329     0.000
1.335     0.000
1.341     0.000
1.347     0.000
1.353     0.000
1.358     0.000
1.364     0.000
1.370     298.801
1.376     298.801
1.382     298.801
1.387     300.532
1.393     300.532
1.399     300.532
1.405     304.024
1.411     304.024
1.416     304.024
1.422     304.024
1.428     304.024
1.434     305.785
1.440     305.785
1.445     305.785
1.451     305.785
1.457     304.024
1.463     305.785
1.469     305.785
1.474     304.024
1.480     305.785
1.486     305.785
1.492     305.785
1.498     305.785
1.503     307.556
1.509     309.338
1.515     309.338
1.521     307.556
1.527     307.556
1.533     307.556
1.538     307.556
1.544     307.556
1.550     307.556
1.556     307.556
1.562     309.338
1.567     309.338
1.573     307.556
1.579     307.556
1.585     309.338
1.591     309.338
1.596     307.556
1.602     307.556
1.608     307.556
1.614     309.338
1.620     307.556
1.625     307.556
1.631     309.338
1.637     311.130
1.643     311.130
1.649     309.338
1.654     309.338
1.660     311.130
1.666     309.338
1.672     307.556
1.678     307.556
1.683     309.338
1.689     309.338
1.695     309.338
1.701     309.338
1.707     309.338
1.712     311.130
1.718     309.338
1.724     309.338
1.730     309.338
1.736     309.338
1.741     309.338
1.747     309.338
1.753     309.338
1.759     311.130
1.765     314.745
1.771     311.130
1.776     311.130
1.782     311.130
1.788     312.932
1.794     312.932
1.800     311.130
1.805     309.338
1.811     311.130
1.817     314.745
1.823     312.932
1.829     311.130
1.834     311.130
1.840     314.745
1.846     316.569
1.852     314.745
1.858     312.932
1.863     314.745
1.869     318.402
1.875     320.247
1.881     318.402
1.887     316.569
1.892     314.745
1.898     316.569
1.904     318.402
1.910     316.569
1.916     312.932
1.921     312.932
1.927     312.932
1.933     312.932
1.939     309.338
1.945     305.785
1.950     293.668
1.956     286.960
1.962     288.623
1.968     293.668
1.974     300.532
1.980     300.532
1.985     297.080
1.991     293.668
1.997     293.668
2.003     295.369
2.009     297.080
2.014     295.369
2.020     295.369
2.026     293.668
2.032     291.976
2.038     290.295
2.043     288.623
2.049     288.623
2.055     288.623
2.061     286.960
2.067     288.623
2.072     288.623
2.078     288.623
2.084     288.623
2.090     288.623
2.096     288.623
2.101     288.623
2.107     288.623
2.113     290.295
2.119     291.976
2.125     291.976
2.130     291.976
2.136     291.976
2.142     290.295
2.148     291.976
2.154     293.668
2.159     293.668
2.165     293.668
2.171     293.668
2.177     293.668
2.183     293.668
2.188     293.668
2.194     293.668
2.200     293.668
2.206     293.668
2.212     293.668
2.218     293.668
2.223     295.369
2.229     295.369
2.235     293.668
2.241     293.668
2.247     293.668
2.252     293.668
2.258     293.668
2.264     293.668
2.270     293.668
2.276     293.668
2.281     293.668
2.287     293.668
2.293     293.668
2.299     293.668
2.305     293.668
2.310     293.668
2.316     293.668
2.322     293.668
2.328     293.668
2.334     293.668
2.339     293.668
2.345     293.668
2.351     293.668
2.357     293.668
2.363     293.668
2.368     293.668
2.374     293.668
2.380     293.668
2.386     293.668
2.392     293.668
2.397     293.668
2.403     293.668
2.409     293.668
2.415     293.668
2.421     293.668
2.426     295.369
2.432     293.668
2.438     293.668
2.444     295.369
2.450     295.369
2.456     295.369
2.461     295.369
2.467     295.369
2.473     295.369
2.479     295.369
2.485     295.369
2.490     295.369
2.496     295.369
2.502     295.369
2.508     295.369
2.514     295.369
2.519     295.369
2.525     295.369
2.531     295.369
2.537     295.369
2.543     295.369
2.548     295.369
2.554     295.369
2.560     295.369
2.566     295.369
2.572     295.369
2.577     295.369
2.583     293.668
2.589     295.369
2.595     295.369
2.601     295.369
2.606     295.369
2.612     295.369
2.618     295.369
2.624     295.369
2.630     295.369
2.635     295.369
2.641     295.369
2.647     295.369
2.653     295.369
2.659     295.369
2.664     295.369
2.670     295.369
2.676     295.369
2.682     295.369
2.688     295.369
2.694     295.369
2.699     295.369
2.705     295.369
2.711     293.668
2.717     293.668
2.723     295.369
2.728     295.369
2.734     295.369
2.740     295.369
2.746     293.668
2.752     293.668
2.757     295.369
2.763     295.369
2.769     295.369
2.775     293.668
2.781     295.369
2.786     295.369
2.792     295.369
2.798     295.369
2.804     295.369
2.810     295.369
2.815     297.080
2.821     297.080
2.827     297.080
2.833     297.080
2.839     297.080
2.844     295.369
2.850     297.080
2.856     295.369
2.862     295.369
2.868     295.369
2.873     295.369
2.879     295.369
2.885     295.369
2.891     295.369
2.897     293.668
2.902     293.668
2.908     293.668
2.914     293.668
2.920     295.369
2.926     293.668
2.932     293.668
2.937     293.668
2.943     293.668
2.949     293.668
2.955     293.668
2.961     293.668
2.966     293.668
2.972     293.668
2.978     295.369
2.984     295.369
2.990     295.369
2.995     297.080
3.001     297.080
3.007     297.080
3.013     297.080
3.019     297.080
3.024     295.369
3.030     295.369
3.036     295.369
3.042     295.369
3.048     295.369
3.053     293.668
3.059     293.668
3.065     293.668
3.071     293.668
3.077     293.668
3.082     293.668
3.088     293.668
3.094     293.668
3.100     293.668
3.106     293.668
3.111     293.668
3.117     293.668
3.123     293.668
3.129     295.369
3.135     295.369
3.140     295.369
3.146     295.369
3.152     295.369
3.158     295.369
3.164     295.369
3.170     297.080
3.175     297.080
3.181     297.080
3.187     297.080
3.193     297.080
3.199     297.080
3.204     297.080
3.210     297.080
3.216     295.369
3.222     295.369
3.228     295.369
3.233     295.369
3.239     293.668
3.245     293.668
3.251     293.668
3.257     291.976
3.262     291.976
3.268     291.976
3.274     291.976
3.280     291.976
3.286     291.976
3.291     291.976
3.297     291.976
3.303     291.976
3.309     293.668
3.315     293.668
3.320     293.668
3.326     295.369
3.332     295.369
3.338     295.369
3.344     297.080
3.349     297.080
3.355     297.080
3.361     297.080
3.367     297.080
3.373     297.080
3.379     297.080
3.384     297.080
3.390     297.080
3.396     297.080
3.402     297.080
3.408     297.080
3.413     295.369
3.419     295.369
3.425     295.369
3.431     295.369
3.437     295.369
3.442     293.668
3.448     291.976
3.454     291.976
3.460     291.976
3.466     290.295
3.471     290.295
3.477     290.295
3.483     290.295
3.489     290.295
3.495     290.295
3.500     290.295
3.506     290.295
3.512     290.295
3.518     291.976
3.524     291.976
3.529     291.976
3.535     293.668
3.541     293.668
3.547     295.369
3.553     295.369
3.558     295.369
3.564     295.369
3.570     297.080
3.576     297.080
3.582     297.080
3.587     297.080
3.593     297.080
3.599     297.080
3.605     297.080
3.611     297.080
3.617     295.369
3.622     293.668
3.628     293.668
3.634     293.668
3.640     293.668
3.646     293.668
3.651     291.976
3.657     291.976
3.663     291.976
3.669     290.295
3.675     290.295
3.680     290.295
3.686     291.976
3.692     291.976
3.698     291.976
3.704     291.976
3.709     293.668
3.715     293.668
3.721     293.668
3.727     293.668
3.733     295.369
3.738     295.369
3.744     295.369
3.750     295.369
3.756     295.369
3.762     297.080
3.767     297.080
3.773     295.369
3.779     295.369
3.785     295.369
3.791     295.369
3.796     295.369
3.802     295.369
3.808     295.369
3.814     293.668
3.820     293.668
3.825     293.668
3.831     293.668
3.837     293.668
3.843     291.976
3.849     291.976
3.855     291.976
3.860     291.976
3.866     290.295
3.872     290.295
3.878     290.295
3.884     290.295
3.889     291.976
3.895     291.976
3.901     291.976
3.907     291.976
3.913     293.668
3.918     293.668
3.924     293.668
3.930     295.369
3.936     295.369
3.942     295.369
3.947     293.668
3.953     293.668
3.959     293.668
3.965     293.668
3.971     293.668
3.976     293.668
3.982     293.668
3.988     293.668
3.994     293.668
4.000     293.668
4.005     293.668
4.011     293.668
4.017     293.668
4.023     293.668
4.029     293.668
4.034     291.976
4.040     293.668
4.046     291.976
4.052     293.668
4.058     293.668
4.063     293.668
4.069     293.668
4.075     293.668
4.081     295.369
4.087     293.668
4.093     293.668
4.098     293.668
4.104     293.668
4.110     295.369
4.116     295.369
4.122     293.668
4.127     293.668
4.133     293.668
4.139     291.976
4.145     291.976
4.151     290.295
4.156     290.295
4.162     290.295
4.168     290.295
4.174     290.295
4.180     290.295
4.185     291.976
4.191     291.976
4.197     290.295
4.203     291.976
4.209     291.976
4.214     291.976
4.220     293.668
4.226     293.668
4.232     293.668
4.238     295.369
4.243     295.369
4.249     297.080
4.255     298.801
4.261     298.801
4.267     298.801
4.272     298.801
4.278     298.801
4.284     297.080
4.290     297.080
4.296     297.080
4.301     297.080
4.307     295.369
4.313     295.369
4.319     293.668
4.325     293.668
4.331     293.668
4.336     291.976
4.342     290.295
4.348     290.295
4.354     290.295
4.360     290.295
4.365     291.976
4.371     291.976
4.377     291.976
4.383     291.976
4.389     291.976
4.394     290.295
4.400     291.976
4.406     293.668
4.412     295.369
4.418     295.369
4.423     297.080
4.429     298.801
4.435     298.801
4.441     298.801
4.447     298.801
4.452     298.801
4.458     298.801
4.464     297.080
4.470     297.080
4.476     295.369
4.481     295.369
4.487     295.369
4.493     293.668
4.499     293.668
4.505     291.976
4.510     291.976
4.516     291.976
4.522     291.976
4.528     291.976
4.534     291.976
4.540     291.976
4.545     291.976
4.551     291.976
4.557     290.295
4.563     290.295
4.569     291.976
4.574     291.976
4.580     293.668
4.586     587.338
4.592     587.338
4.598     590.740
4.603     590.740
4.609     590.740
4.615     590.740
4.621     590.740
4.627     590.740
4.632     590.740
4.638     594.162
4.644     594.162
4.650     594.162
4.656     594.162
4.661     594.162
4.667     590.740
4.673     587.338
4.679     587.338
4.685     587.338
4.690     587.338
4.696     587.338
4.702     590.740
4.708     594.162
4.714     594.162
4.719     590.740
4.725     587.338
4.731     587.338
4.737     587.338
4.743     587.338
4.748     587.338
4.754     590.740
4.760     590.740
4.766     594.162
4.772     594.162
4.778     594.162
4.783     597.604
4.789     597.604
4.795     594.162
4.801     594.162
4.807     594.162
4.812     594.162
4.818     594.162
4.824     590.740
4.830     590.740
4.836     587.338
4.841     587.338
4.847     583.955
4.853     583.955
4.859     583.955
4.865     583.955
4.870     587.338
4.876     587.338
4.882     587.338
4.888     587.338
4.894     587.338
4.899     594.162
4.905     601.066
4.911     601.066
4.917     597.604
4.923     590.740
4.928     590.740
4.934     590.740
4.940     590.740
4.946     590.740
4.952     590.740
4.957     590.740
4.963     590.740
4.969     590.740
4.975     590.740
4.981     590.740
4.986     590.740
4.992     594.162
4.998     594.162
5.004     597.604
5.010     597.604
5.016     594.162
5.021     590.740
5.027     587.338
5.033     587.338
5.039     587.338
5.045     587.338
5.050     587.338
5.056     587.338
5.062     587.338
5.068     590.740
5.074     590.740
5.079     590.740
5.085     590.740
5.091     590.740
5.097     583.955
5.103     580.592
5.108     583.955
5.114     587.338
5.120     590.740
5.126     594.162
5.132     594.162
5.137     594.162
5.143     594.162
5.149     594.162
5.155     594.162
5.161     594.162
5.166     594.162
5.172     594.162
5.178     590.740
5.184     590.740
5.190     590.740
5.195     590.740
5.201     590.740
5.207     590.740
5.213     587.338
5.219     587.338
5.224     587.338
5.230     587.338
5.236     587.338
5.242     590.740
5.248     590.740
5.254     590.740
5.259     590.740
5.265     594.162
5.271     594.162
5.277     594.162
5.283     594.162
5.288     594.162
5.294     597.604
5.300     0.000
5.306     0.000
5.312     0.000
5.317     0.000
5.323     0.000
5.329     0.000
5.335     0.000
5.341     0.000
5.346     0.000
5.352     0.000
5.358     0.000
5.364     258.623
5.370     260.121
5.375     260.121
5.381     261.628
5.387     261.628
5.393     260.121
5.399     258.623
5.404     258.623
5.410     260.121
5.416     261.628
5.422     260.121
5.428     261.628
5.433     261.628
5.439     260.121
5.445     260.121
5.451     260.121
5.457     260.121
5.462     260.121
5.468     260.121
5.474     260.121
5.480     260.121
5.486     260.121
5.492     261.628
5.497     261.628
5.503     261.628
5.509     261.628
5.515     261.628
5.521     261.628
5.526     261.628
5.532     261.628
5.538     261.628
5.544     261.628
5.550     261.628
5.555     261.628
5.561     261.628
5.567     261.628
5.573     261.628
5.579     261.628
5.584     261.628
5.590     261.628
5.596     261.628
5.602     261.628
5.608     261.628
5.613     261.628
5.619     261.628
5.625     261.628
5.631     261.628
5.637     261.628
5.642     261.628
5.648     261.628
5.654     261.628
5.660     261.628
5.666     261.628
5.671     261.628
5.677     261.628
5.683     261.628
5.689     261.628
5.695     261.628
5.700     261.628
5.706     261.628
5.712     261.628
5.718     261.628
5.724     263.144
5.730     263.144
5.735     263.144
5.741     263.144
5.747     263.144
5.753     263.144
5.759     263.144
5.764     263.144
5.770     263.144
5.776     263.144
5.782     263.144
5.788     263.144
5.793     263.144
5.799     263.144
5.805     263.144
5.811     263.144
5.817     263.144
5.822     263.144
5.828     263.144
5.834     264.668
5.840     264.668
5.846     266.201
5.851     266.201
5.857     264.668
5.863     264.668
5.869     263.144
5.875     263.144
5.880     263.144
5.886     263.144
5.892     263.144
5.898     263.144
5.904     263.144
5.909     264.668
5.915     264.668
5.921     264.668
5.927     264.668
5.933     264.668
5.939     264.668
5.944     266.201
5.950     269.294
5.956     267.743
5.962     269.294
5.968     272.423
5.973     274.001
5.979     275.589
5.985     274.001
5.991     277.185
5.997     282.030
6.002     288.623
6.008     286.960
6.014     286.960
6.020     288.623
6.026     290.295
6.031     291.976
6.037     295.369
6.043     298.801
6.049     298.801
6.055     298.801
6.060     298.801
6.066     298.801
6.072     297.080
6.078     298.801
6.084     298.801
6.089     302.273
6.095     300.532
6.101     298.801
6.107     297.080
6.113     295.369
6.118     295.369
6.124     293.668
6.130     293.668
6.136     295.369
6.142     295.369
6.147     295.369
6.153     293.668
6.159     293.668
6.165     291.976
6.171     291.976
6.177     293.668
6.182     293.668
6.188     295.369
6.194     295.369
6.200     295.369
6.206     295.369
6.211     295.369
6.217     293.668
6.223     293.668
6.229     293.668
6.235     293.668
6.240     295.369
6.246     295.369
6.252     295.369
6.258     293.668
6.264     293.668
6.269     295.369
6.275     293.668
6.281     293.668
6.287     293.668
6.293     293.668
6.298     293.668
6.304     293.668
6.310     293.668
6.316     293.668
6.322     293.668
6.327     293.668
6.333     293.668
6.339     293.668
6.345     293.668
6.351     293.668
6.356     293.668
6.362     293.668
6.368     295.369
6.374     295.369
6.380     293.668
6.385     293.668
6.391     293.668
6.397     293.668
6.403     293.668
6.409     295.369
6.415     293.668
6.420     293.668
6.426     295.369
6.432     295.369
6.438     293.668
6.444     293.668
6.449     293.668
6.455     293.668
6.461     295.369
6.467     295.369
6.473     295.369
6.478     295.369
6.484     295.369
6.490     293.668
6.496     295.369
6.502     295.369
6.507     293.668
6.513     293.668
6.519     293.668
6.525     293.668
6.531     293.668
6.536     293.668
6.542     291.976
6.548     291.976
6.554     291.976
6.560     291.976
6.565     291.976
6.571     290.295
6.577     290.295
6.583     290.295
6.589     290.295
6.594     291.976
6.600     291.976
6.606     293.668
6.612     293.668
6.618     295.369
6.623     300.532
6.629     305.785
6.635     312.932
6.641     314.745
6.647     316.569
6.653     322.102
6.658     329.631
6.664     339.290
6.670     343.232
6.676     345.221
6.682     349.232
6.687     351.255
6.693     353.290
6.699     353.290
6.705     353.290
6.711     353.290
6.716     353.290
6.722     355.337
6.728     355.337
6.734     355.337
6.740     355.337
6.745     355.337
6.751     355.337
6.757     355.337
6.763     353.290
6.769     351.255
6.774     351.255
6.780     351.255
6.786     351.255
6.792     351.255
6.798     349.232
6.803     349.232
6.809     349.232
6.815     347.221
6.821     347.221
6.827     345.221
6.832     345.221
6.838     347.221
6.844     345.221
6.850     347.221
6.856     347.221
6.861     347.221
6.867     349.232
6.873     349.232
6.879     349.232
6.885     349.232
6.891     351.255
6.896     351.255
6.902     351.255
6.908     351.255
6.914     351.255
6.920     351.255
6.925     351.255
6.931     349.232
6.937     349.232
6.943     349.232
6.949     349.232
6.954     349.232
6.960     349.232
6.966     349.232
6.972     349.232
6.978     349.232
6.983     349.232
6.989     349.232
6.995     349.232
7.001     349.232
7.007     347.221
7.012     347.221
7.018     347.221
7.024     349.232
7.030     347.221
7.036     347.221
7.041     347.221
7.047     347.221
7.053     347.221
7.059     347.221
7.065     347.221
7.070     347.221
7.076     349.232
7.082     347.221
7.088     349.232
7.094     349.232
7.100     349.232
7.105     349.232
7.111     349.232
7.117     349.232
7.123     349.232
7.129     349.232
7.134     347.221
7.140     347.221
7.146     347.221
7.152     345.221
7.158     345.221
7.163     347.221
7.169     347.221
7.175     347.221
7.181     347.221
7.187     345.221
7.192     345.221
7.198     345.221
7.204     343.232
7.210     339.290
7.216     339.290
7.221     339.290
7.227     339.290
7.233     339.290
7.239     345.221
7.245     345.221
7.250     347.221
7.256     349.232
7.262     349.232
7.268     351.255
7.274     353.290
7.279     355.337
7.285     355.337
7.291     357.395
7.297     361.548
7.303     363.642
7.308     372.142
7.314     376.466
7.320     378.647
7.326     380.840
7.332     383.047
7.338     385.266
7.343     385.266
7.349     387.497
7.355     389.742
7.361     392.000
7.367     392.000
7.372     392.000
7.378     392.000
7.384     392.000
7.390     392.000
7.396     392.000
7.401     392.000
7.407     392.000
7.413     392.000
7.419     392.000
7.425     392.000
7.430     392.000
7.436     392.000
7.442     392.000
7.448     392.000
7.454     392.000
7.459     389.742
7.465     389.742
7.471     389.742
7.477     389.742
7.483     389.742
7.488     389.742
7.494     389.742
7.500     389.742
7.506     389.742
7.512     387.497
7.517     387.497
7.523     389.742
7.529     389.742
7.535     387.497
7.541     389.742
7.546     389.742
7.552     389.742
7.558     389.742
7.564     389.742
7.570     389.742
7.576     392.000
7.581     392.000
7.587     392.000
7.593     392.000
7.599     392.000
7.605     389.742
7.610     389.742
7.616     389.742
7.622     392.000
7.628     392.000
7.634     392.000
7.639     392.000
7.645     392.000
7.651     392.000
7.657     394.271
7.663     394.271
7.668     394.271
7.674     394.271
7.680     394.271
7.686     392.000
7.692     392.000
7.697     394.271
7.703     394.271
7.709     394.271
7.715     392.000
7.721     392.000
7.726     389.742
7.732     392.000
7.738     392.000
7.744     392.000
7.750     392.000
7.755     392.000
7.761     389.742
7.767     389.742
7.773     389.742
7.779     389.742
7.784     389.742
7.790     389.742
7.796     389.742
7.802     389.742
7.808     389.742
7.814     392.000
7.819     392.000
7.825     392.000
7.831     392.000
7.837     392.000
7.843     394.271
7.848     394.271
7.854     394.271
7.860     394.271
7.866     394.271
7.872     394.271
7.877     389.742
7.883     389.742
7.889     392.000
7.895     392.000
7.901     392.000
7.906     389.742
7.912     387.497
7.918     389.742
7.924     389.742
7.930     389.742
7.935     389.742
7.941     389.742
7.947     389.742
7.953     389.742
7.959     389.742
7.964     389.742
7.970     389.742
7.976     389.742
7.982     389.742
7.988     389.742
7.993     392.000
7.999     392.000
8.005     389.742
8.011     389.742
8.017     389.742
8.022     392.000
8.028     392.000
8.034     392.000
8.040     389.742
8.046     389.742
8.052     387.497
8.057     389.742
8.063     392.000
8.069     392.000
8.075     392.000
8.081     389.742
8.086     389.742
8.092     389.742
8.098     392.000
8.104     392.000
8.110     392.000
8.115     392.000
8.121     392.000
8.127     392.000
8.133     392.000
8.139     392.000
8.144     392.000
8.150     389.742
8.156     389.742
8.162     389.742
8.168     392.000
8.173     392.000
8.179     389.742
8.185     389.742
8.191     394.271
8.197     392.000
8.202     392.000
8.208     394.271
8.214     394.271
8.220     392.000
8.226     394.271
8.231     394.271
8.237     394.271
8.243     394.271
8.249     394.271
8.255     392.000
8.260     394.271
8.266     394.271
8.272     392.000
8.278     389.742
8.284     389.742
8.290     389.742
8.295     389.742
8.301     389.742
8.307     389.742
8.313     389.742
8.319     389.742
8.324     392.000
8.330     392.000
8.336     392.000
8.342     392.000
8.348     392.000
8.353     394.271
8.359     396.555
8.365     394.271
8.371     394.271
8.377     394.271
8.382     396.555
8.388     396.555
8.394     396.555
8.400     398.852
8.406     398.852
8.411     396.555
8.417     396.555
8.423     396.555
8.429     396.555
8.435     396.555
8.440     396.555
8.446     396.555
8.452     396.555
8.458     396.555
8.464     394.271
8.469     394.271
8.475     394.271
8.481     396.555
8.487     396.555
8.493     398.852
8.499     398.852
8.504     396.555
8.510     396.555
8.516     396.555
8.522     396.555
8.528     394.271
8.533     396.555
8.539     398.852
8.545     398.852
8.551     396.555
8.557     394.271
8.562     392.000
8.568     392.000
8.574     394.271
8.580     396.555
8.586     401.163
8.591     398.852
8.597     398.852
8.603     398.852
8.609     398.852
8.615     398.852
8.620     398.852
8.626     401.163
8.632     0.000
8.638     0.000
8.644     0.000
8.649     0.000
8.655     0.000
8.661     349.232
8.667     347.221
8.673     345.221
8.678     343.232
8.684     341.256
8.690     341.256
8.696     343.232
8.702     345.221
8.707     343.232
8.713     343.232
8.719     343.232
8.725     343.232
8.731     345.221
8.737     345.221
8.742     345.221
8.748     345.221
8.754     347.221
8.760     347.221
8.766     347.221
8.771     347.221
8.777     349.232
8.783     349.232
8.789     349.232
8.795     349.232
8.800     349.232
8.806     349.232
8.812     349.232
8.818     349.232
8.824     349.232
8.829     349.232
8.835     347.221
8.841     347.221
8.847     347.221
8.853     349.232
8.858     349.232
8.864     349.232
8.870     349.232
8.876     349.232
8.882     349.232
8.887     349.232
8.893     349.232
8.899     349.232
8.905     349.232
8.911     349.232
8.916     349.232
8.922     347.221
8.928     347.221
8.934     347.221
8.940     349.232
8.945     349.232
8.951     349.232
8.957     349.232
8.963     349.232
8.969     349.232
8.975     349.232
8.980     349.232
8.986     349.232
8.992     349.232
8.998     349.232
9.004     349.232
9.009     349.232
9.015     349.232
9.021     349.232
9.027     349.232
9.033     349.232
9.038     349.232
9.044     349.232
9.050     349.232
9.056     349.232
9.062     349.232
9.067     347.221
9.073     347.221
9.079     347.221
9.085     347.221
9.091     349.232
9.096     349.232
9.102     349.232
9.108     349.232
9.114     347.221
9.120     347.221
9.125     349.232
9.131     347.221
9.137     349.232
9.143     349.232
9.149     349.232
9.154     349.232
9.160     349.232
9.166     349.232
9.172     349.232
9.178     349.232
9.183     349.232
9.189     349.232
9.195     349.232
9.201     349.232
9.207     349.232
9.213     349.232
9.218     349.232
9.224     349.232
9.230     351.255
9.236     351.255
9.242     351.255
9.247     351.255
9.253     351.255
9.259     349.232
9.265     349.232
9.271     351.255
9.276     349.232
9.282     351.255
9.288     351.255
9.294     349.232
9.300     349.232
9.305     349.232
9.311     349.232
9.317     349.232
9.323     347.221
9.329     347.221
9.334     349.232
9.340     349.232
9.346     349.232
9.352     349.232
9.358     349.232
9.363     349.232
9.369     349.232
9.375     349.232
9.381     349.232
9.387     349.232
9.392     349.232
9.398     349.232
9.404     349.232
9.410     349.232
9.416     349.232
9.421     349.232
9.427     349.232
9.433     349.232
9.439     349.232
9.445     349.232
9.451     347.221
9.456     347.221
9.462     347.221
9.468     349.232
9.474     349.232
9.480     349.232
9.485     349.232
9.491     349.232
9.497     349.232
9.503     349.232
9.509     347.221
9.514     347.221
9.520     347.221
9.526     349.232
9.532     347.221
9.538     347.221
9.543     347.221
9.549     349.232
9.555     349.232
9.561     349.232
9.567     349.232
9.572     349.232
9.578     351.255
9.584     351.255
9.590     349.232
9.596     349.232
9.601     349.232
9.607     349.232
9.613     349.232
9.619     351.255
9.625     351.255
9.630     351.255
9.636     351.255
9.642     351.255
9.648     349.232
9.654     349.232
9.660     349.232
9.665     347.221
9.671     347.221
9.677     347.221
9.683     347.221
9.689     347.221
9.694     347.221
9.700     347.221
9.706     347.221
9.712     347.221
9.718     347.221
9.723     347.221
9.729     347.221
9.735     347.221
9.741     347.221
9.747     347.221
9.752     349.232
9.758     349.232
9.764     349.232
9.770     351.255
9.776     351.255
9.781     351.255
9.787     351.255
9.793     351.255
9.799     351.255
9.805     351.255
9.810     351.255
9.816     351.255
9.822     351.255
9.828     351.255
9.834     351.255
9.839     351.255
9.845     351.255
9.851     349.232
9.857     349.232
9.863     349.232
9.868     349.232
9.874     349.232
9.880     349.232
9.886     347.221
9.892     347.221
9.898     347.221
9.903     347.221
9.909     347.221
9.915     347.221
9.921     347.221
9.927     349.232
9.932     347.221
9.938     347.221
9.944     347.221
9.950     347.221
9.956     347.221
9.961     347.221
9.967     347.221
9.973     349.232
9.979     349.232
9.985     349.232
9.990     351.255
9.996     351.255
10.002     351.255
10.008     351.255
10.014     351.255
10.019     351.255
10.025     351.255
10.031     351.255
10.037     351.255
10.043     351.255
10.048     349.232
10.054     349.232
10.060     349.232
10.066     349.232
10.072     347.221
10.077     347.221
10.083     347.221
10.089     345.221
10.095     345.221
10.101     345.221
10.106     345.221
10.112     343.232
10.118     345.221
10.124     345.221
10.130     345.221
10.136     345.221
10.141     345.221
10.147     347.221
10.153     347.221
10.159     347.221
10.165     349.232
10.170     349.232
10.176     351.255
10.182     351.255
10.188     351.255
10.194     353.290
10.199     353.290
10.205     353.290
10.211     353.290
10.217     353.290
10.223     353.290
10.228     353.290
10.234     353.290
10.240     351.255
10.246     351.255
10.252     351.255
10.257     349.232
10.263     349.232
10.269     349.232
10.275     349.232
10.281     347.221
10.286     347.221
10.292     347.221
10.298     345.221
10.304     347.221
10.310     347.221
10.315     349.232
10.321     349.232
10.327     351.255
10.333     351.255
10.339     349.232
10.344     349.232
10.350     349.232
10.356     351.255
10.362     0.000
10.368     0.000
10.374     0.000
10.379     0.000
10.385     0.000
10.391     0.000
10.397     0.000
10.403     0.000
10.408     0.000
10.414     0.000
10.420     0.000
10.426     0.000
10.432     0.000
10.437     0.000
10.443     0.000
10.449     0.000
10.455     0.000
10.461     0.000
10.466     0.000
10.472     0.000
10.478     0.000
10.484     0.000
10.490     0.000
10.495     0.000
10.501     0.000
10.507     0.000
10.513     0.000
10.519     0.000
10.524     0.000
10.530     0.000
10.536     0.000
10.542     0.000
10.548     0.000
10.553     0.000
10.559     0.000
10.565     0.000
10.571     0.000
10.577     0.000
10.582     0.000
10.588     0.000
10.594     0.000
10.600     0.000
10.606     0.000
10.612     0.000
10.617     0.000
10.623     0.000
10.629     0.000
10.635     0.000
10.641     0.000
10.646     0.000
10.652     0.000
10.658     0.000
10.664     0.000
10.670     0.000
10.675     0.000
10.681     0.000
10.687     0.000
10.693     0.000
10.699     0.000
10.704     0.000
10.710     0.000
10.716     0.000
10.722     0.000
10.728     0.000
10.733     0.000
10.739     0.000
10.745     0.000
10.751     0.000
10.757     0.000
10.762     0.000
10.768     0.000
10.774     0.000
10.780     0.000
10.786     0.000
10.791     0.000
10.797     0.000
10.803     0.000
10.809     0.000
10.815     0.000
10.820     0.000
10.826     0.000
10.832     0.000
10.838     0.000
10.844     0.000
10.850     0.000
10.855     0.000
10.861     0.000
10.867     0.000
10.873     0.000
10.879     0.000
10.884     0.000
10.890     0.000
10.896     0.000
10.902     0.000
10.908     0.000
10.913     0.000
10.919     0.000
10.925     0.000
10.931     0.000
10.937     0.000
10.942     0.000
10.948     0.000
10.954     0.000
10.960     0.000
10.966     0.000
10.971     0.000
10.977     0.000
10.983     0.000
10.989     0.000
10.995     0.000
11.000     0.000
11.006     0.000
11.012     0.000
11.018     0.000
11.024     0.000
11.029     0.000
11.035     0.000
11.041     0.000
11.047     0.000
11.053     0.000
11.059     0.000
11.064     0.000
11.070     0.000
11.076     0.000
11.082     0.000
11.088     0.000
11.093     0.000
11.099     0.000
11.105     0.000
11.111     0.000
11.117     0.000
11.122     0.000
11.128     0.000
11.134     0.000
11.140     0.000
11.146     0.000
11.151     0.000
11.157     0.000
11.163     0.000
11.169     0.000
11.175     0.000
11.180     0.000
11.186     0.000
11.192     0.000
11.198     0.000
11.204     0.000
11.209     345.221
11.215     347.221
11.221     347.221
11.227     349.232
11.233     351.255
11.238     351.255
11.244     351.255
11.250     351.255
11.256     351.255
11.262     349.232
11.267     349.232
11.273     349.232
11.279     347.221
11.285     347.221
11.291     347.221
11.297     349.232
11.302     349.232
11.308     349.232
11.314     349.232
11.320     347.221
11.326     347.221
11.331     347.221
11.337     347.221
11.343     349.232
11.349     349.232
11.355     349.232
11.360     349.232
11.366     349.232
11.372     349.232
11.378     349.232
11.384     349.232
11.389     349.232
11.395     347.221
11.401     347.221
11.407     347.221
11.413     347.221
11.418     347.221
11.424     347.221
11.430     347.221
11.436     347.221
11.442     347.221
11.447     347.221
11.453     349.232
11.459     349.232
11.465     349.232
11.471     351.255
11.476     351.255
11.482     349.232
11.488     351.255
11.494     351.255
11.500     349.232
11.505     349.232
11.511     349.232
11.517     349.232
11.523     349.232
11.529     349.232
11.535     349.232
11.540     349.232
11.546     349.232
11.552     347.221
11.558     349.232
11.564     349.232
11.569     349.232
11.575     347.221
11.581     347.221
11.587     345.221
11.593     347.221
11.598     347.221
11.604     347.221
11.610     347.221
11.616     347.221
11.622     349.232
11.627     349.232
11.633     349.232
11.639     347.221
11.645     347.221
11.651     347.221
11.656     345.221
11.662     345.221
11.668     345.221
11.674     345.221
11.680     349.232
11.685     349.232
11.691     349.232
11.697     349.232
11.703     349.232
11.709     349.232
11.714     349.232
11.720     351.255
11.726     353.290
11.732     353.290
11.738     353.290
11.743     353.290
11.749     353.290
11.755     351.255
11.761     351.255
11.767     349.232
11.773     0.000
11.778     0.000
11.784     0.000
11.790     0.000
11.796     0.000
11.802     0.000
11.807     0.000
11.813     0.000
11.819     0.000
11.825     0.000
11.831     0.000
11.836     0.000
11.842     0.000
11.848     0.000
11.854     0.000
11.860     0.000
11.865     0.000
11.871     0.000
11.877     0.000
11.883     0.000
11.889     0.000
11.894     0.000
11.900     0.000
11.906     295.369
11.912     291.976
11.918     288.623
11.923     288.623
11.929     286.960
11.935     286.960
11.941     286.960
11.947     286.960
11.952     285.307
11.958     285.307
11.964     288.623
11.970     288.623
11.976     288.623
11.981     288.623
11.987     291.976
11.993     291.976
11.999     290.295
12.005     291.976
12.011     293.668
12.016     293.668
12.022     293.668
12.028     293.668
12.034     293.668
12.040     293.668
12.045     291.976
12.051     293.668
12.057     293.668
12.063     291.976
12.069     291.976
12.074     291.976
12.080     291.976
12.086     291.976
12.092     291.976
12.098     293.668
12.103     293.668
12.109     293.668
12.115     293.668
12.121     295.369
12.127     295.369
12.132     295.369
12.138     293.668
12.144     293.668
12.150     293.668
12.156     293.668
12.161     293.668
12.167     293.668
12.173     293.668
12.179     293.668
12.185     293.668
12.190     293.668
12.196     293.668
12.202     293.668
12.208     293.668
12.214     293.668
12.220     291.976
12.225     293.668
12.231     293.668
12.237     293.668
12.243     291.976
12.249     293.668
12.254     293.668
12.260     293.668
12.266     291.976
12.272     291.976
12.278     293.668
12.283     293.668
12.289     291.976
12.295     293.668
12.301     293.668
12.307     293.668
12.312     291.976
12.318     293.668
12.324     293.668
12.330     293.668
12.336     293.668
12.341     295.369
12.347     295.369
12.353     295.369
12.359     293.668
12.365     295.369
12.370     295.369
12.376     291.976
12.382     291.976
12.388     291.976
12.394     291.976
12.399     293.668
12.405     295.369
12.411     295.369
12.417     295.369
12.423     295.369
12.428     295.369
12.434     293.668
12.440     293.668
12.446     293.668
12.452     293.668
12.458     293.668
12.463     293.668
12.469     293.668
12.475     295.369
12.481     295.369
12.487     295.369
12.492     295.369
12.498     295.369
12.504     295.369
12.510     295.369
12.516     295.369
12.521     293.668
12.527     295.369
12.533     295.369
12.539     295.369
12.545     295.369
12.550     295.369
12.556     295.369
12.562     293.668
12.568     293.668
12.574     293.668
12.579     293.668
12.585     293.668
12.591     293.668
12.597     293.668
12.603     295.369
12.608     295.369
12.614     295.369
12.620     295.369
12.626     295.369
12.632     295.369
12.637     295.369
12.643     295.369
12.649     295.369
12.655     295.369
12.661     293.668
12.666     293.668
12.672     295.369
12.678     295.369
12.684     295.369
12.690     293.668
12.696     293.668
12.701     293.668
12.707     293.668
12.713     293.668
12.719     293.668
12.725     293.668
12.730     293.668
12.736     293.668
12.742     293.668
12.748     293.668
12.754     293.668
12.759     293.668
12.765     295.369
12.771     293.668
12.777     295.369
12.783     295.369
12.788     295.369
12.794     293.668
12.800     293.668
12.806     293.668
12.812     293.668
12.817     295.369
12.823     295.369
12.829     293.668
12.835     293.668
12.841     295.369
12.846     295.369
12.852     293.668
12.858     293.668
12.864     293.668
12.870     293.668
12.875     293.668
12.881     293.668
12.887     293.668
12.893     293.668
12.899     293.668
12.904     295.369
12.910     295.369
12.916     295.369
12.922     295.369
12.928     293.668
12.934     293.668
12.939     293.668
12.945     295.369
12.951     295.369
12.957     293.668
12.963     293.668
12.968     293.668
12.974     293.668
12.980     293.668
12.986     293.668
12.992     293.668
12.997     295.369
13.003     295.369
13.009     293.668
13.015     293.668
13.021     293.668
13.026     293.668
13.032     293.668
13.038     293.668
13.044     295.369
13.050     295.369
13.055     295.369
13.061     297.080
13.067     297.080
13.073     297.080
13.079     297.080
13.084     297.080
13.090     298.801
13.096     298.801
13.102     297.080
13.108     297.080
13.113     295.369
13.119     293.668
13.125     293.668
13.131     291.976
13.137     290.295
13.142     286.960
13.148     285.307
13.154     283.664
13.160     278.791
13.166     272.423
13.172     266.201
13.177     264.668
13.183     266.201
13.189     266.201
13.195     266.201
13.201     272.423
13.206     272.423
13.212     269.294
13.218     261.628
13.224     257.133
13.230     255.652
13.235     257.133
13.241     258.623
13.247     260.121
13.253     261.628
13.259     260.121
13.264     257.133
13.270     257.133
13.276     258.623
13.282     261.628
13.288     261.628
13.293     261.628
13.299     260.121
13.305     260.121
13.311     263.144
13.317     264.668
13.322     263.144
13.328     260.121
13.334     258.623
13.340     258.623
13.346     261.628
13.351     261.628
13.357     261.628
13.363     260.121
13.369     260.121
13.375     260.121
13.380     260.121
13.386     261.628
13.392     263.144
13.398     263.144
13.404     263.144
13.410     260.121
13.415     260.121
13.421     261.628
13.427     261.628
13.433     261.628
13.439     260.121
13.444     258.623
13.450     258.623
13.456     261.628
13.462     263.144
13.468     263.144
13.473     260.121
13.479     258.623
13.485     258.623
13.491     261.628
13.497     261.628
13.502     260.121
13.508     258.623
13.514     257.133
13.520     255.652
13.526     257.133
13.531     258.623
13.537     261.628
13.543     263.144
13.549     261.628
13.555     258.623
13.560     258.623
13.566     260.121
13.572     263.144
13.578     263.144
13.584     261.628
13.589     260.121
13.595     260.121
13.601     261.628
13.607     264.668
13.613     263.144
13.619     261.628
13.624     261.628
13.630     261.628
13.636     261.628
13.642     261.628
13.648     261.628
13.653     261.628
13.659     260.121
13.665     260.121
13.671     260.121
13.677     260.121
13.682     261.628
13.688     261.628
13.694     260.121
13.700     260.121
13.706     260.121
13.711     261.628
13.717     263.144
13.723     263.144
13.729     261.628
13.735     261.628
13.740     260.121
13.746     261.628
13.752     261.628
13.758     261.628
13.764     263.144
13.769     261.628
13.775     260.121
13.781     261.628
13.787     261.628
13.793     261.628
13.798     263.144
13.804     261.628
13.810     261.628
13.816     261.628
13.822     261.628
13.827     261.628
13.833     261.628
13.839     261.628
13.845     261.628
13.851     260.121
13.857     261.628
13.862     261.628
13.868     261.628
13.874     261.628
13.880     260.121
13.886     260.121
13.891     261.628
13.897     261.628
13.903     261.628
13.909     261.628
13.915     260.121
13.920     260.121
13.926     260.121
13.932     261.628
13.938     261.628
13.944     260.121
13.949     260.121
13.955     260.121
13.961     261.628
13.967     261.628
13.973     261.628
13.978     261.628
13.984     261.628
13.990     261.628
13.996     260.121
14.002     260.121
14.007     261.628
14.013     261.628
14.019     261.628
14.025     260.121
14.031     260.121
14.036     260.121
14.042     260.121
14.048     260.121
14.054     260.121
14.060     260.121
14.065     260.121
14.071     260.121
14.077     261.628
14.083     261.628
14.089     261.628
14.095     261.628
14.100     260.121
14.106     261.628
14.112     261.628
14.118     263.144
14.124     263.144
14.129     263.144
14.135     263.144
14.141     263.144
14.147     263.144
14.153     263.144
14.158     263.144
14.164     263.144
14.170     263.144
14.176     263.144
14.182     263.144
14.187     263.144
14.193     261.628
14.199     261.628
14.205     261.628
14.211     261.628
14.216     261.628
14.222     261.628
14.228     260.121
14.234     258.623
14.240     258.623
14.245     260.121
14.251     260.121
14.257     260.121
14.263     260.121
14.269     260.121
14.274     260.121
14.280     261.628
14.286     261.628
14.292     261.628
14.298     261.628
14.303     263.144
14.309     263.144
14.315     263.144
14.321     264.668
14.327     264.668
14.333     263.144
14.338     264.668
14.344     264.668
14.350     264.668
14.356     264.668
14.362     264.668
14.367     263.144
14.373     263.144
14.379     263.144
14.385     263.144
14.391     263.144
14.396     263.144
14.402     263.144
14.408     261.628
14.414     260.121
14.420     260.121
14.425     260.121
14.431     260.121
14.437     260.121
14.443     258.623
14.449     260.121
14.454     260.121
14.460     260.121
14.466     260.121
14.472     258.623
14.478     258.623
14.483     260.121
14.489     261.628
14.495     261.628
14.501     263.144
14.507     263.144
14.512     261.628
14.518     261.628
14.524     263.144
14.530     264.668
14.536     266.201
14.541     266.201
14.547     264.668
14.553     261.628
14.559     261.628
14.565     263.144
14.571     264.668
14.576     263.144
14.582     261.628
14.588     258.623
14.594     260.121
14.600     261.628
14.605     263.144
14.611     261.628
14.617     258.623
14.623     257.133
14.629     258.623
14.634     260.121
14.640     261.628
14.646     260.121
14.652     258.623
14.658     257.133
14.663     257.133
14.669     258.623
14.675     261.628
14.681     261.628
14.687     261.628
14.692     260.121
14.698     258.623
14.704     260.121
14.710     263.144
14.716     264.668
14.721     266.201
14.727     264.668
14.733     261.628
14.739     263.144
14.745     264.668
14.750     266.201
14.756     264.668
14.762     263.144
14.768     263.144
14.774     261.628
14.780     263.144
14.785     264.668
14.791     261.628
14.797     260.121
14.803     258.623
14.809     260.121
14.814     263.144
14.820     263.144
14.826     260.121
14.832     257.133
14.838     255.652
14.843     258.623
14.849     260.121
14.855     261.628
14.861     260.121
14.867     258.623
14.872     257.133
14.878     258.623
14.884     260.121
14.890     263.144
14.896     263.144
14.901     263.144
14.907     261.628
14.913     261.628
14.919     263.144
14.925     264.668
14.930     266.201
14.936     264.668
14.942     263.144
14.948     263.144
14.954     263.144
14.959     264.668
14.965     264.668
14.971     263.144
14.977     261.628
14.983     261.628
14.988     263.144
14.994     263.144
15.000     263.144
15.006     261.628
15.012     258.623
15.018     260.121
15.023     261.628
15.029     261.628
15.035     260.121
15.041     258.623
15.047     257.133
15.052     258.623
15.058     261.628
15.064     261.628
15.070     261.628
15.076     260.121
15.081     260.121
15.087     260.121
15.093     261.628
15.099     263.144
15.105     263.144
15.110     261.628
15.116     261.628
15.122     261.628
15.128     263.144
15.134     264.668
15.139     264.668
15.145     263.144
15.151     261.628
15.157     263.144
15.163     264.668
15.168     264.668
15.174     263.144
15.180     260.121
15.186     260.121
15.192     260.121
15.197     261.628
15.203     261.628
15.209     261.628
15.215     260.121
15.221     258.623
15.226     257.133
15.232     260.121
15.238     260.121
15.244     260.121
15.250     260.121
15.256     258.623
15.261     258.623
15.267     260.121
15.273     263.144
15.279     264.668
15.285     264.668
15.290     263.144
15.296     131.571
15.302     131.571
15.308     0.000
15.314     0.000
15.319     0.000
15.325     0.000
15.331     0.000
15.337     0.000
15.343     0.000
15.348     0.000
15.354     0.000
15.360     0.000
15.366     0.000
15.372     0.000
15.377     0.000
15.383     0.000
15.389     0.000
15.395     0.000
15.401     0.000
15.406     0.000
15.412     0.000
15.418     0.000
15.424     0.000
15.430     0.000
15.435     0.000
15.441     0.000
15.447     0.000
15.453     0.000
15.459     0.000
15.464     0.000
15.470     0.000
15.476     0.000
15.482     0.000
15.488     0.000
15.494     0.000
15.499     0.000
15.505     0.000
15.511     0.000
15.517     0.000
15.523     0.000
15.528     0.000
15.534     0.000
15.540     0.000
15.546     0.000
15.552     0.000
15.557     0.000
15.563     0.000
15.569     0.000
15.575     0.000
15.581     0.000
15.586     0.000
15.592     0.000
15.598     0.000
15.604     0.000
15.610     0.000
15.615     0.000
15.621     0.000
15.627     0.000
15.633     0.000
15.639     0.000
15.644     0.000
15.650     0.000
15.656     0.000
15.662     0.000
15.668     0.000
15.673     0.000
15.679     0.000
15.685     0.000
15.691     0.000
15.697     0.000
15.702     0.000
15.708     0.000
15.714     0.000
15.720     0.000
15.726     0.000
15.732     0.000
15.737     0.000
15.743     0.000
15.749     0.000
15.755     0.000
15.761     0.000
15.766     0.000
15.772     0.000
15.778     0.000
15.784     0.000
15.790     0.000
15.795     392.000
15.801     392.000
15.807     392.000
15.813     392.000
15.819     392.000
15.824     392.000
15.830     392.000
15.836     392.000
15.842     392.000
15.848     392.000
15.853     392.000
15.859     392.000
15.865     392.000
15.871     394.271
15.877     394.271
15.882     394.271
15.888     394.271
15.894     394.271
15.900     394.271
15.906     394.271
15.911     394.271
15.917     392.000
15.923     392.000
15.929     392.000
15.935     392.000
15.940     392.000
15.946     392.000
15.952     392.000
15.958     392.000
15.964     392.000
15.970     0.000
15.975     0.000
15.981     0.000
15.987     0.000
15.993     0.000
15.999     0.000
16.004     0.000
16.010     0.000
16.016     0.000
16.022     0.000
16.028     0.000
16.033     0.000
16.039     0.000
16.045     0.000
16.051     0.000
16.057     0.000
16.062     0.000
16.068     0.000
16.074     0.000
16.080     0.000
16.086     0.000
16.091     0.000
16.097     0.000
16.103     0.000
16.109     0.000
16.115     0.000
16.120     0.000
16.126     0.000
16.132     0.000
16.138     0.000
16.144     0.000
16.149     0.000
16.155     0.000
16.161     0.000
16.167     0.000
16.173     0.000
16.179     0.000
16.184     0.000
16.190     0.000
16.196     0.000
16.202     0.000
16.208     0.000
16.213     0.000
16.219     0.000
16.225     0.000
16.231     0.000
16.237     0.000
16.242     0.000
16.248     0.000
16.254     0.000
16.260     0.000
16.266     0.000
16.271     0.000
16.277     0.000
16.283     0.000
16.289     0.000
16.295     0.000
16.300     0.000
16.306     0.000
16.312     0.000
16.318     0.000
16.324     0.000
16.329     0.000
16.335     0.000
16.341     0.000
16.347     0.000
16.353     351.255
16.358     351.255
16.364     349.232
16.370     349.232
16.376     349.232
16.382     351.255
16.387     351.255
16.393     349.232
16.399     349.232
16.405     349.232
16.411     349.232
16.417     349.232
16.422     349.232
16.428     347.221
16.434     349.232
16.440     349.232
16.446     349.232
16.451     349.232
16.457     347.221
16.463     349.232
16.469     349.232
16.475     349.232
16.480     349.232
16.486     349.232
16.492     349.232
16.498     351.255
16.504     351.255
16.509     349.232
16.515     349.232
16.521     351.255
16.527     351.255
16.533     349.232
16.538     349.232
16.544     349.232
16.550     349.232
16.556     349.232
16.562     347.221
16.567     349.232
16.573     349.232
16.579     349.232
16.585     349.232
16.591     349.232
16.596     349.232
16.602     349.232
16.608     347.221
16.614     347.221
16.620     347.221
16.625     349.232
16.631     349.232
16.637     347.221
16.643     347.221
16.649     347.221
16.655     349.232
16.660     349.232
16.666     349.232
16.672     349.232
16.678     349.232
16.684     351.255
16.689     349.232
16.695     349.232
16.701     349.232
16.707     349.232
16.713     349.232
16.718     349.232
16.724     349.232
16.730     349.232
16.736     349.232
16.742     347.221
16.747     349.232
16.753     349.232
16.759     349.232
16.765     347.221
16.771     349.232
16.776     349.232
16.782     349.232
16.788     349.232
16.794     349.232
16.800     349.232
16.805     349.232
16.811     349.232
16.817     349.232
16.823     349.232
16.829     351.255
16.834     351.255
16.840     351.255
16.846     351.255
16.852     351.255
16.858     353.290
16.863     353.290
16.869     353.290
16.875     355.337
16.881     355.337
16.887     355.337
16.893     357.395
16.898     357.395
16.904     359.465
16.910     357.395
16.916     357.395
16.922     357.395
16.927     355.337
16.933     355.337
16.939     351.255
16.945     351.255
16.951     349.232
16.956     345.221
16.962     333.461
16.968     316.569
16.974     311.130
16.980     309.338
16.985     309.338
16.991     311.130
16.997     311.130
17.003     314.745
17.009     312.932
17.014     309.338
17.020     309.338
17.026     312.932
17.032     318.402
17.038     316.569
17.043     307.556
17.049     298.801
17.055     297.080
17.061     293.668
17.067     291.976
17.072     288.623
17.078     288.623
17.084     288.623
17.090     291.976
17.096     293.668
17.101     293.668
17.107     293.668
17.113     291.976
17.119     290.295
17.125     290.295
17.131     291.976
17.136     293.668
17.142     293.668
17.148     295.369
17.154     295.369
17.160     295.369
17.165     293.668
17.171     291.976
17.177     291.976
17.183     293.668
17.189     295.369
17.194     297.080
17.200     297.080
17.206     297.080
17.212     297.080
17.218     295.369
17.223     293.668
17.229     293.668
17.235     293.668
17.241     295.369
17.247     295.369
17.252     295.369
17.258     295.369
17.264     295.369
17.270     293.668
17.276     293.668
17.281     293.668
17.287     293.668
17.293     293.668
17.299     295.369
17.305     295.369
17.310     295.369
17.316     295.369
17.322     295.369
17.328     293.668
17.334     293.668
17.340     293.668
17.345     291.976
17.351     293.668
17.357     295.369
17.363     295.369
17.369     295.369
17.374     295.369
17.380     295.369
17.386     293.668
17.392     293.668
17.398     293.668
17.403     293.668
17.409     295.369
17.415     295.369
17.421     297.080
17.427     297.080
17.432     295.369
17.438     295.369
17.444     295.369
17.450     295.369
17.456     293.668
17.461     295.369
17.467     295.369
17.473     295.369
17.479     295.369
17.485     295.369
17.490     293.668
17.496     293.668
17.502     293.668
17.508     293.668
17.514     293.668
17.519     293.668
17.525     295.369
17.531     295.369
17.537     295.369
17.543     295.369
17.548     291.976
17.554     290.295
17.560     590.740
17.566     594.162
17.572     594.162
17.578     597.604
17.583     597.604
17.589     597.604
17.595     594.162
17.601     597.604
17.607     597.604
17.612     594.162
17.618     594.162
17.624     594.162
17.630     594.162
17.636     594.162
17.641     594.162
17.647     590.740
17.653     590.740
17.659     590.740
17.665     590.740
17.670     590.740
17.676     594.162
17.682     594.162
17.688     590.740
17.694     295.369
17.699     291.976
17.705     293.668
17.711     293.668
17.717     295.369
17.723     295.369
17.728     293.668
17.734     293.668
17.740     293.668
17.746     293.668
17.752     293.668
17.757     293.668
17.763     293.668
17.769     293.668
17.775     295.369
17.781     295.369
17.786     293.668
17.792     293.668
17.798     293.668
17.804     293.668
17.810     293.668
17.816     293.668
17.821     293.668
17.827     293.668
17.833     293.668
17.839     295.369
17.845     295.369
17.850     295.369
17.856     295.369
17.862     295.369
17.868     293.668
17.874     295.369
17.879     295.369
17.885     293.668
17.891     293.668
17.897     293.668
17.903     295.369
17.908     293.668
17.914     295.369
17.920     295.369
17.926     295.369
17.932     295.369
17.937     293.668
17.943     293.668
17.949     293.668
17.955     293.668
17.961     293.668
17.966     293.668
17.972     293.668
17.978     293.668
17.984     293.668
17.990     293.668
17.995     293.668
18.001     293.668
18.007     293.668
18.013     293.668
18.019     293.668
18.024     295.369
18.030     295.369
18.036     293.668
18.042     293.668
18.048     293.668
18.054     293.668
18.059     293.668
18.065     293.668
18.071     293.668
18.077     295.369
18.083     293.668
18.088     293.668
18.094     293.668
18.100     293.668
18.106     293.668
18.112     293.668
18.117     293.668
18.123     293.668
18.129     293.668
18.135     293.668
18.141     295.369
18.146     293.668
18.152     293.668
18.158     293.668
18.164     293.668
18.170     293.668
18.175     293.668
18.181     293.668
18.187     291.976
18.193     291.976
18.199     291.976
18.204     290.295
18.210     290.295
18.216     290.295
18.222     290.295
18.228     290.295
18.233     291.976
18.239     291.976
18.245     291.976
18.251     291.976
18.257     291.976
18.262     293.668
18.268     293.668
18.274     295.369
18.280     297.080
18.286     297.080
18.292     297.080
18.297     298.801
18.303     298.801
18.309     300.532
18.315     300.532
18.321     297.080
18.326     293.668
18.332     290.295
18.338     291.976
18.344     295.369
18.350     304.024
18.355     312.932
18.361     314.745
18.367     316.569
18.373     316.569
18.379     316.569
18.384     314.745
18.390     312.932
18.396     312.932
18.402     314.745
18.408     312.932
18.413     312.932
18.419     311.130
18.425     309.338
18.431     309.338
18.437     307.556
18.442     305.785
18.448     302.273
18.454     297.080
18.460     295.369
18.466     297.080
18.471     300.532
18.477     302.273
18.483     0.000
18.489     0.000
18.495     0.000
18.500     0.000
18.506     0.000
18.512     0.000
18.518     0.000
18.524     0.000
18.530     0.000
18.535     0.000
18.541     0.000
18.547     0.000
18.553     0.000
18.559     0.000
18.564     0.000
18.570     0.000
18.576     0.000
18.582     0.000
18.588     0.000
18.593     0.000
18.599     0.000
18.605     0.000
18.611     0.000
18.617     0.000
18.622     0.000
18.628     0.000
18.634     0.000
18.640     0.000
18.646     0.000
18.651     0.000
18.657     0.000
18.663     0.000
18.669     0.000
18.675     0.000
18.680     0.000
18.686     302.273
18.692     307.556
18.698     307.556
18.704     307.556
18.709     309.338
18.715     309.338
18.721     311.130
18.727     311.130
18.733     311.130
18.739     311.130
18.744     311.130
18.750     312.932
18.756     311.130
18.762     311.130
18.768     311.130
18.773     311.130
18.779     311.130
18.785     309.338
18.791     309.338
18.797     307.556
18.802     307.556
18.808     309.338
18.814     309.338
18.820     309.338
18.826     309.338
18.831     309.338
18.837     309.338
18.843     309.338
18.849     309.338
18.855     311.130
18.860     311.130
18.866     309.338
18.872     311.130
18.878     309.338
18.884     309.338
18.889     309.338
18.895     309.338
18.901     309.338
18.907     309.338
18.913     309.338
18.918     309.338
18.924     311.130
18.930     309.338
18.936     309.338
18.942     311.130
18.947     311.130
18.953     311.130
18.959     311.130
18.965     311.130
18.971     309.338
18.977     311.130
18.982     309.338
18.988     311.130
18.994     311.130
19.000     309.338
19.006     311.130
19.011     311.130
19.017     311.130
19.023     311.130
19.029     311.130
19.035     309.338
19.040     309.338
19.046     309.338
19.052     309.338
19.058     309.338
19.064     309.338
19.069     309.338
19.075     309.338
19.081     311.130
19.087     311.130
19.093     311.130
19.098     311.130
19.104     311.130
19.110     311.130
19.116     311.130
19.122     311.130
19.127     311.130
19.133     311.130
19.139     311.130
19.145     311.130
19.151     311.130
19.156     311.130
19.162     309.338
19.168     311.130
19.174     311.130
19.180     311.130
19.185     312.932
19.191     312.932
19.197     312.932
19.203     312.932
19.209     312.932
19.215     312.932
19.220     311.130
19.226     311.130
19.232     312.932
19.238     312.932
19.244     312.932
19.249     312.932
19.255     311.130
19.261     311.130
19.267     312.932
19.273     312.932
19.278     312.932
19.284     311.130
19.290     311.130
19.296     311.130
19.302     311.130
19.307     311.130
19.313     311.130
19.319     311.130
19.325     311.130
19.331     311.130
19.336     311.130
19.342     311.130
19.348     309.338
19.354     309.338
19.360     311.130
19.365     311.130
19.371     311.130
19.377     312.932
19.383     312.932
19.389     312.932
19.394     311.130
19.400     311.130
19.406     311.130
19.412     311.130
19.418     311.130
19.423     311.130
19.429     312.932
19.435     312.932
19.441     312.932
19.447     312.932
19.453     312.932
19.458     311.130
19.464     311.130
19.470     311.130
19.476     311.130
19.482     311.130
19.487     312.932
19.493     312.932
19.499     311.130
19.505     311.130
19.511     311.130
19.516     309.338
19.522     311.130
19.528     309.338
19.534     311.130
19.540     311.130
19.545     311.130
19.551     311.130
19.557     311.130
19.563     311.130
19.569     309.338
19.574     309.338
19.580     309.338
19.586     309.338
19.592     309.338
19.598     311.130
19.603     311.130
19.609     312.932
19.615     314.745
19.621     312.932
19.627     314.745
19.632     312.932
19.638     312.932
19.644     312.932
19.650     312.932
19.656     312.932
19.661     312.932
19.667     312.932
19.673     312.932
19.679     312.932
19.685     312.932
19.691     311.130
19.696     311.130
19.702     311.130
19.708     311.130
19.714     311.130
19.720     311.130
19.725     311.130
19.731     311.130
19.737     311.130
19.743     311.130
19.749     309.338
19.754     311.130
19.760     311.130
19.766     309.338
19.772     309.338
19.778     309.338
19.783     311.130
19.789     311.130
19.795     311.130
19.801     311.130
19.807     311.130
19.812     311.130
19.818     309.338
19.824     309.338
19.830     309.338
19.836     309.338
19.841     311.130
19.847     312.932
19.853     312.932
19.859     312.932
19.865     312.932
19.870     312.932
19.876     311.130
19.882     311.130
19.888     311.130
19.894     312.932
19.900     312.932
19.905     312.932
19.911     312.932
19.917     312.932
19.923     311.130
19.929     311.130
19.934     311.130
19.940     311.130
19.946     311.130
19.952     311.130
19.958     311.130
19.963     312.932
19.969     311.130
19.975     309.338
19.981     309.338
19.987     307.556
19.992     309.338
19.998     311.130
20.004     311.130
20.010     311.130
20.016     311.130
20.021     311.130
20.027     311.130
20.033     311.130
20.039     311.130
20.045     311.130
20.050     312.932
20.056     312.932
20.062     312.932
20.068     314.745
20.074     314.745
20.079     314.745
20.085     312.932
20.091     311.130
20.097     311.130
20.103     312.932
20.108     312.932
20.114     312.932
20.120     311.130
20.126     312.932
20.132     314.745
20.138     314.745
20.143     311.130
20.149     309.338
20.155     311.130
20.161     309.338
20.167     309.338
20.172     309.338
20.178     312.932
20.184     316.569
20.190     312.932
20.196     311.130
20.201     309.338
20.207     309.338
20.213     309.338
20.219     307.556
20.225     307.556
20.230     311.130
20.236     312.932
20.242     312.932
20.248     311.130
20.254     311.130
20.259     312.932
20.265     312.932
20.271     309.338
20.277     307.556
20.283     307.556
20.288     309.338
20.294     309.338
20.300     311.130
20.306     314.745
20.312     314.745
20.317     314.745
20.323     312.932
20.329     311.130
20.335     311.130
20.341     309.338
20.346     309.338
20.352     309.338
20.358     311.130
20.364     311.130
20.370     312.932
20.376     311.130
20.381     311.130
20.387     311.130
20.393     309.338
20.399     309.338
20.405     311.130
20.410     0.000
20.416     0.000
20.422     0.000
20.428     0.000
20.434     0.000
20.439     0.000
20.445     0.000
20.451     0.000
20.457     0.000
20.463     0.000
20.468     0.000
20.474     0.000
20.480     0.000
20.486     0.000
20.492     0.000
20.497     0.000
20.503     0.000
20.509     0.000
20.515     0.000
20.521     0.000
20.526     0.000
20.532     0.000
20.538     0.000
20.544     0.000
20.550     0.000
20.555     0.000
20.561     0.000
20.567     0.000
20.573     0.000
20.579     0.000
20.584     0.000
20.590     0.000
20.596     0.000
20.602     0.000
20.608     0.000
20.614     0.000
20.619     0.000
20.625     0.000
20.631     0.000
20.637     0.000
20.643     0.000
20.648     0.000
20.654     0.000
20.660     0.000
20.666     0.000
20.672     0.000
20.677     0.000
20.683     0.000
20.689     0.000
20.695     0.000
20.701     0.000
20.706     0.000
20.712     0.000
20.718     0.000
20.724     0.000
20.730     0.000
20.735     0.000
20.741     0.000
20.747     0.000
20.753     0.000
20.759     0.000
20.764     0.000
20.770     0.000
20.776     0.000
20.782     0.000
20.788     0.000
20.793     0.000
20.799     0.000
20.805     0.000
20.811     0.000
20.817     374.298
20.822     374.298
20.828     374.298
20.834     374.298
20.840     374.298
20.846     374.298
20.852     374.298
20.857     374.298
20.863     374.298
20.869     374.298
20.875     374.298
20.881     372.142
20.886     369.999
20.892     369.999
20.898     365.749
20.904     365.749
20.910     365.749
20.915     363.642
20.921     365.749
20.927     367.868
20.933     369.999
20.939     369.999
20.944     372.142
20.950     372.142
20.956     372.142
20.962     372.142
20.968     374.298
20.973     374.298
20.979     374.298
20.985     374.298
20.991     374.298
20.997     372.142
21.002     369.999
21.008     0.000
21.014     0.000
21.020     0.000
21.026     0.000
21.031     0.000
21.037     0.000
21.043     0.000
21.049     0.000
21.055     0.000
21.060     0.000
21.066     0.000
21.072     0.000
21.078     0.000
21.084     0.000
