0.000     0.000
0.006     0.000
0.012     0.000
0.017     0.000
0.023     0.000
0.029     0.000
0.035     0.000
0.041     0.000
0.046     0.000
0.052     0.000
0.058     0.000
0.064     0.000
0.070     0.000
0.075     0.000
0.081     0.000
0.087     0.000
0.093     0.000
0.099     0.000
0.104     0.000
0.110     0.000
0.116     0.000
0.122     0.000
0.128     0.000
0.134     0.000
0.139     0.000
0.145     0.000
0.151     0.000
0.157     0.000
0.163     0.000
0.168     0.000
0.174     0.000
0.180     0.000
0.186     0.000
0.192     0.000
0.197     0.000
0.203     0.000
0.209     0.000
0.215     0.000
0.221     0.000
0.226     0.000
0.232     0.000
0.238     0.000
0.244     0.000
0.250     0.000
0.255     0.000
0.261     0.000
0.267     0.000
0.273     0.000
0.279     0.000
0.284     0.000
0.290     0.000
0.296     0.000
0.302     0.000
0.308     0.000
0.313     0.000
0.319     0.000
0.325     0.000
0.331     0.000
0.337     0.000
0.342     0.000
0.348     0.000
0.354     0.000
0.360     0.000
0.366     0.000
0.372     0.000
0.377     0.000
0.383     0.000
0.389     0.000
0.395     0.000
0.401     0.000
0.406     0.000
0.412     0.000
0.418     0.000
0.424     0.000
0.430     0.000
0.435     0.000
0.441     0.000
0.447     0.000
0.453     0.000
0.459     0.000
0.464     0.000
0.470     0.000
0.476     0.000
0.482     0.000
0.488     0.000
0.493     0.000
0.499     0.000
0.505     0.000
0.511     0.000
0.517     0.000
0.522     0.000
0.528     0.000
0.534     0.000
0.540     0.000
0.546     0.000
0.551     0.000
0.557     0.000
0.563     0.000
0.569     0.000
0.575     0.000
0.580     0.000
0.586     295.369
0.592     293.668
0.598     293.668
0.604     291.976
0.610     291.976
0.615     291.976
0.621     291.976
0.627     291.976
0.633     293.668
0.639     293.668
0.644     293.668
0.650     293.668
0.656     291.976
0.662     291.976
0.668     291.976
0.673     291.976
0.679     291.976
0.685     291.976
0.691     293.668
0.697     293.668
0.702     293.668
0.708     293.668
0.714     291.976
0.720     291.976
0.726     291.976
0.731     293.668
0.737     293.668
0.743     293.668
0.749     293.668
0.755     295.369
0.760     295.369
0.766     297.080
0.772     297.080
0.778     297.080
0.784     297.080
0.789     297.080
0.795     297.080
0.801     297.080
0.807     297.080
0.813     297.080
0.819     297.080
0.824     295.369
0.830     295.369
0.836     295.369
0.842     295.369
0.848     295.369
0.853     293.668
0.859     293.668
0.865     293.668
0.871     293.668
0.877     293.668
0.882     293.668
0.888     295.369
0.894     295.369
0.900     297.080
0.906     297.080
0.911     295.369
0.917     295.369
0.923     293.668
0.929     293.668
0.935     293.668
0.940     295.369
0.946     295.369
0.952     295.369
0.958     297.080
0.964     297.080
0.969     297.080
0.975     295.369
0.981     295.369
0.987     295.369
0.993     295.369
0.998     295.369
1.004     295.369
1.010     297.080
1.016     297.080
1.022     297.080
1.027     297.080
1.033     297.080
1.039     295.369
1.045     295.369
1.051     295.369
1.057     297.080
1.062     297.080
1.068     298.801
1.074     300.532
1.080     302.273
1.086     300.532
1.091     302.273
1.097     302.273
1.103     302.273
1.109     302.273
1.115     302.273
1.120     300.532
1.126     300.532
1.132     298.801
1.138     298.801
1.144     297.080
1.149     295.369
1.155     293.668
1.161     291.976
1.167     290.295
1.173     290.295
1.178     286.960
1.184     275.589
1.190     274.001
1.196     274.001
1.202     277.185
1.207     275.589
1.213     270.854
1.219     267.743
1.225     266.201
1.231     266.201
1.236     264.668
1.242     263.144
1.248     260.121
1.254     257.133
1.260     255.652
1.265     255.652
1.271     257.133
1.277     255.652
1.283     255.652
1.289     255.652
1.295     254.180
1.300     255.652
1.306     255.652
1.312     257.133
1.318     258.623
1.324     258.623
1.329     260.121
1.335     258.623
1.341     260.121
1.347     260.121
1.353     260.121
1.358     261.628
1.364     261.628
1.370     261.628
1.376     261.628
1.382     261.628
1.387     261.628
1.393     263.144
1.399     263.144
1.405     261.628
1.411     261.628
1.416     260.121
1.422     260.121
1.428     261.628
1.434     261.628
1.440     261.628
1.445     261.628
1.451     261.628
1.457     261.628
1.463     260.121
1.469     261.628
1.474     261.628
1.480     261.628
1.486     261.628
1.492     261.628
1.498     260.121
1.503     261.628
1.509     261.628
1.515     261.628
1.521     261.628
1.527     260.121
1.533     260.121
1.538     261.628
1.544     261.628
1.550     261.628
1.556     261.628
1.562     261.628
1.567     261.628
1.573     260.121
1.579     261.628
1.585     261.628
1.591     261.628
1.596     261.628
1.602     260.121
1.608     260.121
1.614     261.628
1.620     263.144
1.625     263.144
1.631     261.628
1.637     258.623
1.643     260.121
1.649     261.628
1.654     263.144
1.660     263.144
1.666     261.628
1.672     258.623
1.678     258.623
1.683     260.121
1.689     261.628
1.695     263.144
1.701     261.628
1.707     260.121
1.712     258.623
1.718     260.121
1.724     261.628
1.730     261.628
1.736     261.628
1.741     260.121
1.747     260.121
1.753     260.121
1.759     261.628
1.765     263.144
1.771     263.144
1.776     263.144
1.782     261.628
1.788     260.121
1.794     260.121
1.800     261.628
1.805     260.121
1.811     258.623
1.817     257.133
1.823     257.133
1.829     258.623
1.834     260.121
1.840     261.628
1.846     263.144
1.852     261.628
1.858     260.121
1.863     258.623
1.869     260.121
1.875     263.144
1.881     267.743
1.887     269.294
1.892     266.201
1.898     263.144
1.904     261.628
1.910     263.144
1.916     261.628
1.921     261.628
1.927     260.121
1.933     260.121
1.939     261.628
1.945     261.628
1.950     261.628
1.956     260.121
1.962     260.121
1.968     258.623
1.974     260.121
1.980     261.628
1.985     263.144
1.991     261.628
1.997     260.121
2.003     260.121
2.009     261.628
2.014     261.628
2.020     261.628
2.026     261.628
2.032     260.121
2.038     260.121
2.043     261.628
2.049     261.628
2.055     261.628
2.061     261.628
2.067     261.628
2.072     260.121
2.078     260.121
2.084     261.628
2.090     263.144
2.096     263.144
2.101     261.628
2.107     261.628
2.113     260.121
2.119     260.121
2.125     261.628
2.130     263.144
2.136     261.628
2.142     261.628
2.148     260.121
2.154     260.121
2.159     261.628
2.165     263.144
2.171     261.628
2.177     260.121
2.183     260.121
2.188     260.121
2.194     260.121
2.200     260.121
2.206     260.121
2.212     260.121
2.218     260.121
2.223     260.121
2.229     261.628
2.235     261.628
2.241     263.144
2.247     261.628
2.252     261.628
2.258     263.144
2.264     263.144
2.270     263.144
2.276     263.144
2.281     263.144
2.287     263.144
2.293     261.628
2.299     261.628
2.305     261.628
2.310     263.144
2.316     263.144
2.322     261.628
2.328     261.628
2.334     261.628
2.339     261.628
2.345     261.628
2.351     261.628
2.357     261.628
2.363     261.628
2.368     261.628
2.374     261.628
2.380     261.628
2.386     261.628
2.392     261.628
2.397     260.121
2.403     261.628
2.409     263.144
2.415     261.628
2.421     260.121
2.426     261.628
2.432     261.628
2.438     263.144
2.444     261.628
2.450     261.628
2.456     261.628
2.461     263.144
2.467     261.628
2.473     263.144
2.479     263.144
2.485     261.628
2.490     261.628
2.496     261.628
2.502     261.628
2.508     263.144
2.514     263.144
2.519     263.144
2.525     264.668
2.531     264.668
2.537     266.201
2.543     266.201
2.548     266.201
2.554     264.668
2.560     266.201
2.566     266.201
2.572     266.201
2.577     266.201
2.583     266.201
2.589     264.668
2.595     263.144
2.601     263.144
2.606     261.628
2.612     261.628
2.618     258.623
2.624     255.652
2.630     254.180
2.635     252.716
2.641     249.813
2.647     246.944
2.653     244.107
2.659     239.914
2.664     237.158
2.670     234.434
2.676     231.741
2.682     235.792
2.688     237.158
2.694     220.002
2.699     225.144
2.705     225.144
2.711     222.558
2.717     220.002
2.723     218.735
2.728     218.735
2.734     216.222
2.740     216.222
2.746     216.222
2.752     216.222
2.757     216.222
2.763     216.222
2.769     217.475
2.775     217.475
2.781     217.475
2.786     218.735
2.792     218.735
2.798     218.735
2.804     218.735
2.810     218.735
2.815     218.735
2.821     218.735
2.827     218.735
2.833     218.735
2.839     220.002
2.844     218.735
2.850     218.735
2.856     220.002
2.862     220.002
2.868     220.002
2.873     218.735
2.879     218.735
2.885     218.735
2.891     218.735
2.897     218.735
2.902     220.002
2.908     220.002
2.914     218.735
2.920     218.735
2.926     220.002
2.932     220.002
2.937     220.002
2.943     220.002
2.949     220.002
2.955     220.002
2.961     220.002
2.966     220.002
2.972     220.002
2.978     218.735
2.984     218.735
2.990     217.475
2.995     218.735
3.001     218.735
3.007     217.475
3.013     217.475
3.019     218.735
3.024     217.475
3.030     217.475
3.036     217.475
3.042     217.475
3.048     217.475
3.053     216.222
3.059     216.222
3.065     217.475
3.071     217.475
3.077     216.222
3.082     216.222
3.088     216.222
3.094     216.222
3.100     214.977
3.106     214.977
3.111     214.977
3.117     216.222
3.123     216.222
3.129     218.735
3.135     218.735
3.140     220.002
3.146     221.276
3.152     222.558
3.158     225.144
3.164     225.144
3.170     226.448
3.175     227.760
3.181     229.080
3.187     230.407
3.193     231.741
3.199     233.084
3.204     233.084
3.210     235.792
3.216     237.158
3.222     237.158
3.228     238.532
3.233     237.158
3.239     235.792
3.245     235.792
3.251     234.434
3.257     234.434
3.262     235.792
3.268     234.434
3.274     234.434
3.280     234.434
3.286     234.434
3.291     235.792
3.297     235.792
3.303     234.434
3.309     233.084
3.315     231.741
3.320     230.407
3.326     231.741
3.332     231.741
3.338     231.741
3.344     231.741
3.349     231.741
3.355     231.741
3.361     233.084
3.367     233.084
3.373     231.741
3.379     231.741
3.384     231.741
3.390     231.741
3.396     231.741
3.402     231.741
3.408     231.741
3.413     231.741
3.419     233.084
3.425     233.084
3.431     233.084
3.437     234.434
3.442     234.434
3.448     234.434
3.454     234.434
3.460     233.084
3.466     233.084
3.471     231.741
3.477     231.741
3.483     230.407
3.489     231.741
3.495     231.741
3.500     233.084
3.506     231.741
3.512     231.741
3.518     231.741
3.524     233.084
3.529     233.084
3.535     233.084
3.541     233.084
3.547     233.084
3.553     231.741
3.558     231.741
3.564     229.080
3.570     227.760
3.576     227.760
3.582     229.080
3.587     230.407
3.593     231.741
3.599     233.084
3.605     233.084
3.611     233.084
3.617     233.084
3.622     233.084
3.628     233.084
3.634     231.741
3.640     231.741
3.646     231.741
3.651     231.741
3.657     231.741
3.663     231.741
3.669     230.407
3.675     231.741
3.680     231.741
3.686     233.084
3.692     0.000
3.698     0.000
3.704     0.000
3.709     0.000
3.715     0.000
3.721     0.000
3.727     0.000
3.733     0.000
3.738     0.000
3.744     0.000
3.750     0.000
3.756     0.000
3.762     0.000
3.767     0.000
3.773     0.000
3.779     0.000
3.785     0.000
3.791     0.000
3.796     0.000
3.802     0.000
3.808     0.000
3.814     0.000
3.820     0.000
3.825     0.000
3.831     0.000
3.837     0.000
3.843     0.000
3.849     0.000
3.855     0.000
3.860     0.000
3.866     0.000
3.872     0.000
3.878     0.000
3.884     0.000
3.889     0.000
3.895     0.000
3.901     0.000
3.907     0.000
3.913     0.000
3.918     0.000
3.924     0.000
3.930     0.000
3.936     0.000
3.942     0.000
3.947     0.000
3.953     0.000
3.959     0.000
3.965     0.000
3.971     0.000
3.976     0.000
3.982     0.000
3.988     0.000
3.994     0.000
4.000     0.000
4.005     0.000
4.011     0.000
4.017     0.000
4.023     0.000
4.029     0.000
4.034     0.000
4.040     0.000
4.046     0.000
4.052     0.000
4.058     0.000
4.063     0.000
4.069     0.000
4.075     0.000
4.081     0.000
4.087     0.000
4.093     0.000
4.098     0.000
4.104     0.000
4.110     0.000
4.116     0.000
4.122     0.000
4.127     0.000
4.133     0.000
4.139     0.000
4.145     0.000
4.151     0.000
4.156     0.000
4.162     0.000
4.168     0.000
4.174     0.000
4.180     0.000
4.185     0.000
4.191     0.000
4.197     0.000
4.203     0.000
4.209     0.000
4.214     0.000
4.220     0.000
4.226     0.000
4.232     0.000
4.238     0.000
4.243     0.000
4.249     0.000
4.255     266.201
4.261     263.144
4.267     261.628
4.272     260.121
4.278     260.121
4.284     260.121
4.290     260.121
4.296     260.121
4.301     260.121
4.307     260.121
4.313     261.628
4.319     261.628
4.325     260.121
4.331     260.121
4.336     260.121
4.342     260.121
4.348     261.628
4.354     261.628
4.360     260.121
4.365     260.121
4.371     260.121
4.377     261.628
4.383     261.628
4.389     261.628
4.394     260.121
4.400     261.628
4.406     263.144
4.412     264.668
4.418     264.668
4.423     263.144
4.429     263.144
4.435     264.668
4.441     264.668
4.447     264.668
4.452     263.144
4.458     263.144
4.464     263.144
4.470     261.628
4.476     263.144
4.481     263.144
4.487     264.668
4.493     264.668
4.499     264.668
4.505     261.628
4.510     260.121
4.516     260.121
4.522     260.121
4.528     258.623
4.534     254.180
4.540     248.374
4.545     245.522
4.551     242.701
4.557     241.304
4.563     238.532
4.569     234.434
4.574     231.741
4.580     229.080
4.586     227.760
4.592     227.760
4.598     226.448
4.603     227.760
4.609     226.448
4.615     227.760
4.621     229.080
4.627     227.760
4.632     227.760
4.638     227.760
4.644     227.760
4.650     227.760
4.656     229.080
4.661     229.080
4.667     230.407
4.673     230.407
4.679     230.407
4.685     231.741
4.690     231.741
4.696     233.084
4.702     233.084
4.708     233.084
4.714     231.741
4.719     231.741
4.725     233.084
4.731     233.084
4.737     231.741
4.743     231.741
4.748     231.741
4.754     233.084
4.760     233.084
4.766     233.084
4.772     231.741
4.778     233.084
4.783     233.084
4.789     233.084
4.795     233.084
4.801     231.741
4.807     231.741
4.812     231.741
4.818     233.084
4.824     233.084
4.830     233.084
4.836     233.084
4.841     233.084
4.847     231.741
4.853     233.084
4.859     231.741
4.865     233.084
4.870     233.084
4.876     233.084
4.882     233.084
4.888     233.084
4.894     233.084
4.899     233.084
4.905     233.084
4.911     233.084
4.917     233.084
4.923     233.084
4.928     233.084
4.934     233.084
4.940     231.741
4.946     233.084
4.952     233.084
4.957     233.084
4.963     231.741
4.969     231.741
4.975     231.741
4.981     231.741
4.986     231.741
4.992     231.741
4.998     231.741
5.004     231.741
5.010     231.741
5.016     231.741
5.021     230.407
5.027     229.080
5.033     229.080
5.039     229.080
5.045     229.080
5.050     229.080
5.056     227.760
5.062     227.760
5.068     229.080
5.074     229.080
5.079     229.080
5.085     227.760
5.091     227.760
5.097     229.080
5.103     229.080
5.108     229.080
5.114     230.407
5.120     234.434
5.126     0.000
5.132     0.000
5.137     0.000
5.143     0.000
5.149     0.000
5.155     0.000
5.161     0.000
5.166     0.000
5.172     0.000
5.178     264.668
5.184     266.201
5.190     266.201
5.195     263.144
5.201     264.668
5.207     266.201
5.213     267.743
5.219     267.743
5.224     267.743
5.230     266.201
5.236     267.743
5.242     266.201
5.248     266.201
5.254     266.201
5.259     264.668
5.265     264.668
5.271     264.668
5.277     263.144
5.283     263.144
5.288     263.144
5.294     263.144
5.300     263.144
5.306     261.628
5.312     261.628
5.317     261.628
5.323     261.628
5.329     261.628
5.335     261.628
5.341     261.628
5.346     261.628
5.352     261.628
5.358     263.144
5.364     263.144
5.370     263.144
5.375     263.144
5.381     263.144
5.387     263.144
5.393     261.628
5.399     261.628
5.404     263.144
5.410     263.144
5.416     261.628
5.422     261.628
5.428     263.144
5.433     261.628
5.439     261.628
5.445     260.121
5.451     260.121
5.457     261.628
5.462     263.144
5.468     263.144
5.474     260.121
5.480     258.623
5.486     260.121
5.492     261.628
5.497     261.628
5.503     263.144
5.509     261.628
5.515     260.121
5.521     260.121
5.526     260.121
5.532     261.628
5.538     261.628
5.544     261.628
5.550     260.121
5.555     260.121
5.561     261.628
5.567     261.628
5.573     261.628
5.579     261.628
5.584     258.623
5.590     257.133
5.596     254.180
5.602     237.158
5.608     233.084
5.613     468.870
5.619     468.870
5.625     468.870
5.631     468.870
5.637     468.870
5.642     468.870
5.648     468.870
5.654     468.870
5.660     468.870
5.666     468.870
5.671     468.870
5.677     468.870
5.683     471.586
5.689     471.586
5.695     471.586
5.700     471.586
5.706     471.586
5.712     471.586
5.718     471.586
5.724     471.586
5.730     468.870
5.735     466.170
5.741     0.000
5.747     264.668
5.753     267.743
5.759     272.423
5.764     277.185
5.770     278.791
5.776     282.030
5.782     285.307
5.788     288.623
5.793     290.295
5.799     293.668
5.805     295.369
5.811     295.369
5.817     297.080
5.822     297.080
5.828     297.080
5.834     297.080
5.840     295.369
5.846     295.369
5.851     297.080
5.857     297.080
5.863     297.080
5.869     297.080
5.875     297.080
5.880     297.080
5.886     295.369
5.892     295.369
5.898     295.369
5.904     295.369
5.909     293.668
5.915     293.668
5.921     293.668
5.927     293.668
5.933     293.668
5.939     293.668
5.944     293.668
5.950     293.668
5.956     293.668
5.962     293.668
5.968     293.668
5.973     293.668
5.979     293.668
5.985     293.668
5.991     293.668
5.997     293.668
6.002     293.668
6.008     293.668
6.014     293.668
6.020     293.668
6.026     293.668
6.031     293.668
6.037     295.369
6.043     295.369
6.049     295.369
6.055     295.369
6.060     293.668
6.066     295.369
6.072     295.369
6.078     295.369
6.084     295.369
6.089     295.369
6.095     293.668
6.101     293.668
6.107     293.668
6.113     293.668
6.118     293.668
6.124     293.668
6.130     293.668
6.136     293.668
6.142     293.668
6.147     293.668
6.153     293.668
6.159     293.668
6.165     293.668
6.171     293.668
6.177     293.668
6.182     293.668
6.188     293.668
6.194     293.668
6.200     293.668
6.206     293.668
6.211     293.668
6.217     293.668
6.223     293.668
6.229     293.668
6.235     293.668
6.240     293.668
6.246     293.668
6.252     293.668
6.258     293.668
6.264     293.668
6.269     293.668
6.275     291.976
6.281     291.976
6.287     291.976
6.293     291.976
6.298     291.976
6.304     291.976
6.310     290.295
6.316     290.295
6.322     290.295
6.327     288.623
6.333     286.960
6.339     285.307
6.345     286.960
6.351     288.623
6.356     290.295
6.362     291.976
6.368     293.668
6.374     295.369
6.380     300.532
6.385     304.024
6.391     305.785
6.397     307.556
6.403     305.785
6.409     300.532
6.415     297.080
6.420     0.000
6.426     0.000
6.432     0.000
6.438     0.000
6.444     0.000
6.449     0.000
6.455     0.000
6.461     0.000
6.467     396.555
6.473     398.852
6.478     398.852
6.484     398.852
6.490     398.852
6.496     398.852
6.502     398.852
6.507     398.852
6.513     398.852
6.519     398.852
6.525     398.852
6.531     396.555
6.536     396.555
6.542     396.555
6.548     396.555
6.554     394.271
6.560     394.271
6.565     394.271
6.571     394.271
6.577     394.271
6.583     392.000
6.589     392.000
6.594     392.000
6.600     392.000
6.606     392.000
6.612     392.000
6.618     389.742
6.623     392.000
6.629     392.000
6.635     392.000
6.641     392.000
6.647     392.000
6.653     392.000
6.658     392.000
6.664     392.000
6.670     392.000
6.676     392.000
6.682     394.271
6.687     394.271
6.693     394.271
6.699     394.271
6.705     394.271
6.711     394.271
6.716     394.271
6.722     394.271
6.728     392.000
6.734     392.000
6.740     392.000
6.745     392.000
6.751     392.000
6.757     392.000
6.763     392.000
6.769     392.000
6.774     392.000
6.780     392.000
6.786     392.000
6.792     392.000
6.798     392.000
6.803     392.000
6.809     394.271
6.815     394.271
6.821     394.271
6.827     394.271
6.832     394.271
6.838     394.271
6.844     396.555
6.850     394.271
6.856     396.555
6.861     396.555
6.867     394.271
6.873     394.271
6.879     396.555
6.885     394.271
6.891     394.271
6.896     394.271
6.902     392.000
6.908     394.271
6.914     394.271
6.920     394.271
6.925     394.271
6.931     394.271
6.937     394.271
6.943     396.555
6.949     396.555
6.954     396.555
6.960     398.852
6.966     398.852
6.972     398.852
6.978     0.000
6.983     0.000
6.989     0.000
6.995     0.000
7.001     0.000
7.007     0.000
7.012     0.000
7.018     0.000
7.024     0.000
7.030     0.000
7.036     351.255
7.041     351.255
7.047     349.232
7.053     349.232
7.059     347.221
7.065     347.221
7.070     347.221
7.076     349.232
7.082     349.232
7.088     349.232
7.094     349.232
7.100     349.232
7.105     349.232
7.111     349.232
7.117     349.232
7.123     349.232
7.129     349.232
7.134     349.232
7.140     349.232
7.146     349.232
7.152     349.232
7.158     349.232
7.163     349.232
7.169     347.221
7.175     349.232
7.181     349.232
7.187     349.232
7.192     347.221
7.198     347.221
7.204     347.221
7.210     349.232
7.216     347.221
7.221     349.232
7.227     349.232
7.233     349.232
7.239     347.221
7.245     347.221
7.250     347.221
7.256     349.232
7.262     349.232
7.268     349.232
7.274     347.221
7.279     347.221
7.285     349.232
7.291     349.232
7.297     347.221
7.303     347.221
7.308     349.232
7.314     349.232
7.320     349.232
7.326     349.232
7.332     349.232
7.338     349.232
7.343     349.232
7.349     349.232
7.355     349.232
7.361     349.232
7.367     349.232
7.372     349.232
7.378     349.232
7.384     349.232
7.390     349.232
7.396     349.232
7.401     349.232
7.407     349.232
7.413     349.232
7.419     347.221
7.425     347.221
7.430     347.221
7.436     347.221
7.442     347.221
7.448     347.221
7.454     347.221
7.459     347.221
7.465     347.221
7.471     347.221
7.477     347.221
7.483     347.221
7.488     347.221
7.494     347.221
7.500     347.221
7.506     345.221
7.512     347.221
7.517     347.221
7.523     347.221
7.529     349.232
7.535     349.232
7.541     349.232
7.546     347.221
7.552     347.221
7.558     347.221
7.564     347.221
7.570     347.221
7.576     347.221
7.581     347.221
7.587     347.221
7.593     347.221
7.599     347.221
7.605     347.221
7.610     347.221
7.616     349.232
7.622     349.232
7.628     349.232
7.634     351.255
7.639     351.255
7.645     349.232
7.651     351.255
7.657     351.255
7.663     351.255
7.668     349.232
7.674     349.232
7.680     349.232
7.686     349.232
7.692     347.221
7.697     347.221
7.703     347.221
7.709     349.232
7.715     349.232
7.721     349.232
7.726     349.232
7.732     349.232
7.738     351.255
7.744     349.232
7.750     349.232
7.755     351.255
7.761     349.232
7.767     349.232
7.773     349.232
7.779     349.232
7.784     349.232
7.790     349.232
7.796     349.232
7.802     349.232
7.808     349.232
7.814     349.232
7.819     349.232
7.825     349.232
7.831     349.232
7.837     349.232
7.843     349.232
7.848     349.232
7.854     349.232
7.860     349.232
7.866     349.232
7.872     349.232
7.877     349.232
7.883     349.232
7.889     349.232
7.895     349.232
7.901     349.232
7.906     349.232
7.912     349.232
7.918     349.232
7.924     349.232
7.930     349.232
7.935     349.232
7.941     349.232
7.947     349.232
7.953     349.232
7.959     349.232
7.964     349.232
7.970     349.232
7.976     349.232
7.982     349.232
7.988     349.232
7.993     349.232
7.999     349.232
8.005     349.232
8.011     349.232
8.017     349.232
8.022     349.232
8.028     349.232
8.034     349.232
8.040     347.221
8.046     347.221
8.052     347.221
8.057     349.232
8.063     349.232
8.069     347.221
8.075     345.221
8.081     347.221
8.086     347.221
8.092     349.232
8.098     347.221
8.104     347.221
8.110     349.232
8.115     349.232
8.121     347.221
8.127     345.221
8.133     345.221
8.139     349.232
8.144     349.232
8.150     347.221
8.156     339.290
8.162     345.221
8.168     349.232
8.173     349.232
8.179     347.221
8.185     331.541
8.191     349.232
8.197     353.290
8.202     0.000
8.208     0.000
8.214     0.000
8.220     0.000
8.226     0.000
8.231     0.000
8.237     0.000
8.243     0.000
8.249     0.000
8.255     0.000
8.260     0.000
8.266     0.000
8.272     0.000
8.278     0.000
8.284     0.000
8.290     0.000
8.295     0.000
8.301     0.000
8.307     0.000
8.313     0.000
8.319     0.000
8.324     0.000
8.330     0.000
8.336     0.000
8.342     0.000
8.348     0.000
8.353     0.000
8.359     0.000
8.365     0.000
8.371     0.000
8.377     0.000
8.382     0.000
8.388     0.000
8.394     0.000
8.400     0.000
8.406     0.000
8.411     0.000
8.417     0.000
8.423     0.000
8.429     0.000
8.435     0.000
8.440     0.000
8.446     0.000
8.452     0.000
8.458     0.000
8.464     0.000
8.469     0.000
8.475     0.000
8.481     0.000
8.487     0.000
8.493     0.000
8.499     0.000
8.504     0.000
8.510     0.000
8.516     0.000
8.522     0.000
8.528     0.000
8.533     0.000
8.539     0.000
8.545     0.000
8.551     0.000
8.557     0.000
8.562     0.000
8.568     0.000
8.574     0.000
8.580     0.000
8.586     0.000
8.591     0.000
8.597     0.000
8.603     0.000
8.609     0.000
8.615     0.000
8.620     0.000
8.626     0.000
8.632     0.000
8.638     0.000
8.644     0.000
8.649     0.000
8.655     0.000
8.661     0.000
8.667     0.000
8.673     0.000
8.678     0.000
8.684     0.000
8.690     0.000
8.696     0.000
8.702     0.000
8.707     0.000
8.713     0.000
8.719     0.000
8.725     0.000
8.731     0.000
8.737     0.000
8.742     0.000
8.748     0.000
8.754     0.000
8.760     0.000
8.766     0.000
8.771     0.000
8.777     0.000
8.783     0.000
8.789     0.000
8.795     0.000
8.800     0.000
8.806     0.000
8.812     0.000
8.818     0.000
8.824     0.000
8.829     0.000
8.835     0.000
8.841     0.000
8.847     0.000
8.853     0.000
8.858     0.000
8.864     0.000
8.870     0.000
8.876     0.000
8.882     0.000
8.887     0.000
8.893     0.000
8.899     0.000
8.905     0.000
8.911     0.000
8.916     0.000
8.922     0.000
8.928     0.000
8.934     0.000
8.940     0.000
8.945     0.000
8.951     0.000
8.957     0.000
8.963     0.000
8.969     0.000
8.975     0.000
8.980     0.000
8.986     0.000
8.992     316.569
8.998     314.745
9.004     314.745
9.009     312.932
9.015     311.130
9.021     309.338
9.027     309.338
9.033     309.338
9.038     309.338
9.044     311.130
9.050     311.130
9.056     311.130
9.062     311.130
9.067     311.130
9.073     311.130
9.079     311.130
9.085     311.130
9.091     311.130
9.096     311.130
9.102     311.130
9.108     311.130
9.114     311.130
9.120     311.130
9.125     311.130
9.131     311.130
9.137     311.130
9.143     311.130
9.149     311.130
9.154     311.130
9.160     311.130
9.166     311.130
9.172     309.338
9.178     311.130
9.183     311.130
9.189     311.130
9.195     311.130
9.201     311.130
9.207     311.130
9.213     311.130
9.218     311.130
9.224     311.130
9.230     311.130
9.236     311.130
9.242     311.130
9.247     311.130
9.253     311.130
9.259     311.130
9.265     311.130
9.271     311.130
9.276     311.130
9.282     311.130
9.288     311.130
9.294     311.130
9.300     311.130
9.305     311.130
9.311     311.130
9.317     311.130
9.323     311.130
9.329     311.130
9.334     311.130
9.340     311.130
9.346     311.130
9.352     311.130
9.358     312.932
9.363     312.932
9.369     312.932
9.375     312.932
9.381     312.932
9.387     311.130
9.392     311.130
9.398     311.130
9.404     311.130
9.410     311.130
9.416     311.130
9.421     311.130
9.427     311.130
9.433     311.130
9.439     311.130
9.445     311.130
9.451     311.130
9.456     311.130
9.462     309.338
9.468     309.338
9.474     309.338
9.480     307.556
9.485     309.338
9.491     307.556
9.497     307.556
9.503     305.785
9.509     305.785
9.514     304.024
9.520     305.785
9.526     307.556
9.532     309.338
9.538     309.338
9.543     311.130
9.549     312.932
9.555     312.932
9.561     314.745
9.567     316.569
9.572     318.402
9.578     0.000
9.584     0.000
9.590     0.000
9.596     0.000
9.601     0.000
9.607     0.000
9.613     0.000
9.619     0.000
9.625     0.000
9.630     0.000
9.636     0.000
9.642     349.232
9.648     349.232
9.654     351.255
9.660     351.255
9.665     353.290
9.671     353.290
9.677     353.290
9.683     353.290
9.689     353.290
9.694     353.290
9.700     353.290
9.706     353.290
9.712     353.290
9.718     353.290
9.723     351.255
9.729     351.255
9.735     351.255
9.741     349.232
9.747     349.232
9.752     349.232
9.758     349.232
9.764     349.232
9.770     349.232
9.776     349.232
9.781     347.221
9.787     347.221
9.793     349.232
9.799     347.221
9.805     347.221
9.810     347.221
9.816     349.232
9.822     349.232
9.828     347.221
9.834     347.221
9.839     349.232
9.845     349.232
9.851     349.232
9.857     347.221
9.863     347.221
9.868     349.232
9.874     349.232
9.880     349.232
9.886     347.221
9.892     349.232
9.898     347.221
9.903     349.232
9.909     349.232
9.915     347.221
9.921     349.232
9.927     349.232
9.932     349.232
9.938     349.232
9.944     349.232
9.950     349.232
9.956     349.232
9.961     349.232
9.967     349.232
9.973     349.232
9.979     349.232
9.985     349.232
9.990     347.221
9.996     347.221
10.002     349.232
10.008     349.232
10.014     349.232
10.019     347.221
10.025     347.221
10.031     347.221
10.037     347.221
10.043     347.221
10.048     347.221
10.054     345.221
10.060     345.221
10.066     347.221
10.072     347.221
10.077     347.221
10.083     349.232
10.089     349.232
10.095     349.232
10.101     349.232
10.106     349.232
10.112     349.232
10.118     351.255
10.124     351.255
10.130     351.255
10.136     351.255
10.141     353.290
10.147     353.290
10.153     353.290
10.159     353.290
10.165     355.337
10.170     355.337
10.176     353.290
10.182     353.290
10.188     353.290
10.194     351.255
10.199     349.232
10.205     347.221
10.211     347.221
10.217     345.221
10.223     343.232
10.228     341.256
10.234     337.336
10.240     331.541
10.246     327.732
10.252     325.845
10.257     323.968
10.263     320.247
10.269     314.745
10.275     312.932
10.281     312.932
10.286     314.745
10.292     314.745
10.298     312.932
10.304     309.338
10.310     307.556
10.315     305.785
10.321     305.785
10.327     305.785
10.333     304.024
10.339     304.024
10.344     302.273
10.350     302.273
10.356     304.024
10.362     304.024
10.368     305.785
10.374     305.785
10.379     307.556
10.385     307.556
10.391     309.338
10.397     309.338
10.403     309.338
10.408     309.338
10.414     311.130
10.420     311.130
10.426     311.130
10.432     311.130
10.437     311.130
10.443     309.338
10.449     309.338
10.455     309.338
10.461     309.338
10.466     309.338
10.472     309.338
10.478     309.338
10.484     309.338
10.490     309.338
10.495     309.338
10.501     309.338
10.507     311.130
10.513     311.130
10.519     311.130
10.524     311.130
10.530     311.130
10.536     311.130
10.542     311.130
10.548     311.130
10.553     311.130
10.559     311.130
10.565     312.932
10.571     311.130
10.577     312.932
10.582     312.932
10.588     311.130
10.594     311.130
10.600     311.130
10.606     311.130
10.612     309.338
10.617     309.338
10.623     309.338
10.629     309.338
10.635     311.130
10.641     311.130
10.646     309.338
10.652     309.338
10.658     309.338
10.664     309.338
10.670     311.130
10.675     311.130
10.681     312.932
10.687     311.130
10.693     309.338
10.699     309.338
10.704     312.932
10.710     312.932
10.716     312.932
10.722     312.932
10.728     312.932
10.733     311.130
10.739     311.130
10.745     311.130
10.751     312.932
10.757     312.932
10.762     311.130
10.768     311.130
10.774     312.932
10.780     312.932
10.786     312.932
10.791     312.932
10.797     312.932
10.803     314.745
10.809     316.569
10.815     320.247
10.820     318.402
10.826     318.402
10.832     316.569
10.838     316.569
10.844     314.745
10.850     314.745
10.855     309.338
10.861     309.338
10.867     307.556
10.873     304.024
10.879     305.785
10.884     304.024
10.890     304.024
10.896     302.273
10.902     302.273
10.908     300.532
10.913     300.532
10.919     298.801
10.925     298.801
10.931     295.369
10.937     293.668
10.942     291.976
10.948     291.976
10.954     291.976
10.960     293.668
10.966     293.668
10.971     293.668
10.977     290.295
10.983     285.307
10.989     286.960
10.995     288.623
11.000     290.295
11.006     291.976
11.012     291.976
11.018     290.295
11.024     288.623
11.029     286.960
11.035     286.960
11.041     288.623
11.047     291.976
11.053     293.668
11.059     295.369
11.064     293.668
11.070     293.668
11.076     293.668
11.082     293.668
11.088     293.668
11.093     293.668
11.099     293.668
11.105     295.369
11.111     293.668
11.117     293.668
11.122     293.668
11.128     290.295
11.134     290.295
11.140     291.976
11.146     293.668
11.151     293.668
11.157     295.369
11.163     295.369
11.169     293.668
11.175     293.668
11.180     291.976
11.186     293.668
11.192     293.668
11.198     295.369
11.204     295.369
11.209     295.369
11.215     295.369
11.221     295.369
11.227     293.668
11.233     295.369
11.238     293.668
11.244     293.668
11.250     293.668
11.256     293.668
11.262     293.668
11.267     291.976
11.273     291.976
11.279     291.976
11.285     293.668
11.291     295.369
11.297     297.080
11.302     297.080
11.308     297.080
11.314     295.369
11.320     293.668
11.326     291.976
11.331     291.976
11.337     293.668
11.343     295.369
11.349     295.369
11.355     297.080
11.360     297.080
11.366     297.080
11.372     295.369
11.378     293.668
11.384     293.668
11.389     293.668
11.395     297.080
11.401     297.080
11.407     297.080
11.413     297.080
11.418     297.080
11.424     295.369
11.430     291.976
11.436     290.295
11.442     291.976
11.447     293.668
11.453     297.080
11.459     297.080
11.465     297.080
11.471     298.801
11.476     297.080
11.482     295.369
11.488     295.369
11.494     295.369
11.500     295.369
11.505     297.080
11.511     297.080
11.517     298.801
11.523     298.801
11.529     297.080
11.535     297.080
11.540     293.668
11.546     291.976
11.552     291.976
11.558     293.668
11.564     297.080
11.569     298.801
11.575     300.532
11.581     300.532
11.587     302.273
11.593     302.273
11.598     302.273
11.604     302.273
11.610     302.273
11.616     300.532
11.622     297.080
11.627     295.369
11.633     295.369
11.639     295.369
11.645     297.080
11.651     297.080
11.656     297.080
11.662     297.080
11.668     297.080
11.674     300.532
11.680     300.532
11.685     286.960
11.691     293.668
11.697     293.668
11.703     293.668
11.709     526.289
11.714     266.201
11.720     264.668
11.726     266.201
11.732     264.668
11.738     263.144
11.743     261.628
11.749     261.628
11.755     264.668
11.761     261.628
11.767     260.121
11.773     258.623
11.778     257.133
11.784     255.652
11.790     255.652
11.796     257.133
11.802     257.133
11.807     257.133
11.813     257.133
11.819     257.133
11.825     257.133
11.831     257.133
11.836     258.623
11.842     260.121
11.848     261.628
11.854     260.121
11.860     260.121
11.865     260.121
11.871     261.628
11.877     261.628
11.883     261.628
11.889     261.628
11.894     260.121
11.900     260.121
11.906     261.628
11.912     261.628
11.918     263.144
11.923     261.628
11.929     260.121
11.935     260.121
11.941     261.628
11.947     263.144
11.952     263.144
11.958     263.144
11.964     263.144
11.970     263.144
11.976     261.628
11.981     263.144
11.987     263.144
11.993     263.144
11.999     261.628
12.005     261.628
12.011     261.628
12.016     261.628
12.022     261.628
12.028     261.628
12.034     261.628
12.040     261.628
12.045     261.628
12.051     261.628
12.057     261.628
12.063     261.628
12.069     260.121
12.074     260.121
12.080     260.121
12.086     260.121
12.092     261.628
12.098     261.628
12.103     260.121
12.109     260.121
12.115     258.623
12.121     258.623
12.127     257.133
12.132     258.623
12.138     257.133
12.144     252.716
12.150     252.716
12.156     249.813
12.161     252.716
12.167     257.133
12.173     260.121
12.179     261.628
12.185     264.668
12.190     266.201
12.196     267.743
12.202     270.854
12.208     275.589
12.214     277.185
12.220     283.664
12.225     288.623
12.231     291.976
12.237     293.668
12.243     293.668
12.249     291.976
12.254     293.668
12.260     295.369
12.266     297.080
12.272     297.080
12.278     295.369
12.283     295.369
12.289     297.080
12.295     295.369
12.301     297.080
12.307     297.080
12.312     297.080
12.318     297.080
12.324     298.801
12.330     297.080
12.336     295.369
12.341     293.668
12.347     293.668
12.353     293.668
12.359     293.668
12.365     293.668
12.370     293.668
12.376     293.668
12.382     293.668
12.388     293.668
12.394     293.668
12.399     293.668
12.405     293.668
12.411     293.668
12.417     293.668
12.423     293.668
12.428     293.668
12.434     293.668
12.440     293.668
12.446     293.668
12.452     293.668
12.458     293.668
12.463     293.668
12.469     293.668
12.475     293.668
12.481     293.668
12.487     293.668
12.492     293.668
12.498     293.668
12.504     293.668
12.510     293.668
12.516     293.668
12.521     293.668
12.527     293.668
12.533     293.668
12.539     293.668
12.545     293.668
12.550     293.668
12.556     293.668
12.562     293.668
12.568     293.668
12.574     293.668
12.579     293.668
12.585     293.668
12.591     293.668
12.597     293.668
12.603     293.668
12.608     293.668
12.614     293.668
12.620     293.668
12.626     293.668
12.632     293.668
12.637     291.976
12.643     293.668
12.649     291.976
12.655     291.976
12.661     291.976
12.666     291.976
12.672     291.976
12.678     291.976
12.684     291.976
12.690     291.976
12.696     291.976
12.701     293.668
12.707     291.976
12.713     291.976
12.719     291.976
12.725     291.976
12.730     291.976
12.736     293.668
12.742     293.668
12.748     293.668
12.754     293.668
12.759     293.668
12.765     293.668
12.771     293.668
12.777     291.976
12.783     291.976
12.788     291.976
12.794     291.976
12.800     291.976
12.806     291.976
12.812     291.976
12.817     291.976
12.823     291.976
12.829     291.976
12.835     293.668
12.841     293.668
12.846     293.668
12.852     293.668
12.858     295.369
12.864     295.369
12.870     295.369
12.875     293.668
12.881     293.668
12.887     293.668
12.893     293.668
12.899     293.668
12.904     291.976
12.910     293.668
12.916     293.668
12.922     293.668
12.928     293.668
12.934     295.369
12.939     293.668
12.945     293.668
12.951     293.668
12.957     293.668
12.963     293.668
12.968     295.369
12.974     293.668
12.980     293.668
12.986     293.668
12.992     293.668
12.997     293.668
13.003     293.668
13.009     293.668
13.015     293.668
13.021     293.668
13.026     295.369
13.032     293.668
13.038     295.369
13.044     295.369
13.050     295.369
13.055     295.369
13.061     295.369
13.067     295.369
13.073     295.369
13.079     295.369
13.084     295.369
13.090     295.369
13.096     293.668
13.102     293.668
13.108     293.668
13.113     293.668
13.119     293.668
13.125     293.668
13.131     293.668
13.137     293.668
13.142     293.668
13.148     295.369
13.154     293.668
13.160     291.976
13.166     291.976
13.172     291.976
13.177     293.668
13.183     293.668
13.189     295.369
13.195     295.369
13.201     295.369
13.206     295.369
13.212     293.668
13.218     291.976
13.224     291.976
13.230     291.976
13.235     293.668
13.241     295.369
13.247     297.080
13.253     297.080
13.259     295.369
13.264     295.369
13.270     293.668
13.276     293.668
13.282     291.976
13.288     291.976
13.293     293.668
13.299     295.369
13.305     295.369
13.311     295.369
13.317     293.668
13.322     293.668
13.328     291.976
13.334     291.976
13.340     293.668
13.346     295.369
13.351     295.369
13.357     295.369
13.363     295.369
13.369     295.369
13.375     295.369
13.380     293.668
13.386     291.976
13.392     290.295
13.398     291.976
13.404     293.668
13.410     295.369
13.415     295.369
13.421     293.668
13.427     293.668
13.433     291.976
13.439     291.976
13.444     291.976
13.450     291.976
13.456     291.976
13.462     293.668
13.468     293.668
13.473     293.668
13.479     293.668
13.485     291.976
13.491     291.976
13.497     290.295
13.502     290.295
13.508     293.668
13.514     293.668
13.520     295.369
13.526     295.369
13.531     293.668
13.537     291.976
13.543     290.295
13.549     290.295
13.555     291.976
13.560     293.668
13.566     295.369
13.572     293.668
13.578     293.668
13.584     295.369
13.589     293.668
13.595     293.668
13.601     293.668
13.607     293.668
13.613     295.369
13.619     295.369
13.624     295.369
13.630     293.668
13.636     293.668
13.642     291.976
13.648     290.295
13.653     290.295
13.659     290.295
13.665     291.976
13.671     293.668
13.677     293.668
13.682     293.668
13.688     295.369
13.694     295.369
13.700     298.801
13.706     298.801
13.711     300.532
13.717     0.000
13.723     0.000
13.729     0.000
13.735     0.000
13.740     0.000
13.746     0.000
13.752     0.000
13.758     0.000
13.764     0.000
13.769     0.000
13.775     0.000
13.781     0.000
13.787     0.000
13.793     0.000
13.798     0.000
13.804     0.000
13.810     0.000
13.816     0.000
13.822     0.000
13.827     0.000
13.833     0.000
13.839     0.000
13.845     0.000
13.851     0.000
13.857     0.000
13.862     0.000
13.868     0.000
13.874     0.000
13.880     0.000
13.886     0.000
13.891     0.000
13.897     0.000
13.903     0.000
13.909     0.000
13.915     0.000
13.920     0.000
13.926     0.000
13.932     0.000
13.938     0.000
13.944     0.000
13.949     0.000
13.955     0.000
13.961     0.000
13.967     0.000
13.973     0.000
13.978     0.000
13.984     0.000
13.990     0.000
13.996     0.000
14.002     0.000
14.007     0.000
14.013     0.000
14.019     0.000
14.025     0.000
14.031     0.000
14.036     0.000
14.042     0.000
14.048     0.000
14.054     0.000
14.060     0.000
14.065     0.000
14.071     0.000
14.077     0.000
14.083     0.000
14.089     0.000
14.095     0.000
14.100     0.000
14.106     0.000
14.112     0.000
14.118     0.000
14.124     0.000
14.129     0.000
14.135     0.000
14.141     0.000
14.147     0.000
14.153     0.000
14.158     0.000
14.164     0.000
14.170     0.000
14.176     0.000
14.182     0.000
14.187     0.000
14.193     0.000
14.199     220.002
14.205     223.847
14.211     223.847
14.216     222.558
14.222     220.002
14.228     218.735
14.234     218.735
14.240     218.735
14.245     218.735
14.251     218.735
14.257     217.475
14.263     218.735
14.269     218.735
14.274     220.002
14.280     220.002
14.286     220.002
14.292     220.002
14.298     220.002
14.303     221.276
14.309     220.002
14.315     218.735
14.321     220.002
14.327     221.276
14.333     218.735
14.338     217.475
14.344     217.475
14.350     217.475
14.356     218.735
14.362     218.735
14.367     217.475
14.373     217.475
14.379     218.735
14.385     218.735
14.391     220.002
14.396     220.002
14.402     220.002
14.408     221.276
14.414     221.276
14.420     220.002
14.425     220.002
14.431     220.002
14.437     220.002
14.443     220.002
14.449     220.002
14.454     218.735
14.460     218.735
14.466     220.002
14.472     220.002
14.478     220.002
14.483     220.002
14.489     220.002
14.495     220.002
14.501     220.002
14.507     220.002
14.512     220.002
14.518     220.002
14.524     220.002
14.530     220.002
14.536     220.002
14.541     218.735
14.547     218.735
14.553     218.735
14.559     220.002
14.565     218.735
14.571     218.735
14.576     218.735
14.582     218.735
14.588     220.002
14.594     220.002
14.600     218.735
14.605     218.735
14.611     220.002
14.617     220.002
14.623     218.735
14.629     217.475
14.634     217.475
14.640     216.222
14.646     216.222
14.652     216.222
14.658     440.005
14.663     442.554
14.669     442.554
14.675     442.554
14.681     442.554
14.687     442.554
14.692     442.554
14.698     442.554
14.704     442.554
14.710     442.554
14.716     445.118
14.721     445.118
14.727     445.118
14.733     0.000
14.739     0.000
14.745     0.000
14.750     0.000
14.756     0.000
14.762     0.000
14.768     0.000
14.774     0.000
14.780     0.000
14.785     0.000
14.791     0.000
14.797     0.000
14.803     0.000
14.809     257.133
14.814     252.716
14.820     245.522
14.826     245.522
14.832     248.374
14.838     254.180
14.843     258.623
14.849     260.121
14.855     261.628
14.861     263.144
14.867     264.668
14.872     264.668
14.878     264.668
14.884     264.668
14.890     264.668
14.896     264.668
14.901     264.668
14.907     264.668
14.913     264.668
14.919     264.668
14.925     263.144
14.930     263.144
14.936     263.144
14.942     263.144
14.948     263.144
14.954     263.144
14.959     263.144
14.965     263.144
14.971     263.144
14.977     263.144
14.983     263.144
14.988     261.628
14.994     261.628
15.000     260.121
15.006     260.121
15.012     261.628
15.018     261.628
15.023     261.628
15.029     263.144
15.035     263.144
15.041     263.144
15.047     263.144
15.052     263.144
15.058     261.628
15.064     261.628
15.070     261.628
15.076     261.628
15.081     261.628
15.087     261.628
15.093     263.144
15.099     263.144
15.105     263.144
15.110     261.628
15.116     261.628
15.122     260.121
15.128     260.121
15.134     261.628
15.139     260.121
15.145     260.121
15.151     260.121
15.157     260.121
15.163     260.121
15.168     260.121
15.174     260.121
15.180     260.121
15.186     260.121
15.192     260.121
15.197     260.121
15.203     261.628
15.209     261.628
15.215     261.628
15.221     261.628
15.226     261.628
15.232     261.628
15.238     261.628
15.244     263.144
15.250     263.144
15.256     261.628
15.261     261.628
15.267     261.628
15.273     261.628
15.279     261.628
15.285     261.628
15.290     261.628
15.296     261.628
15.302     261.628
15.308     260.121
15.314     261.628
15.319     261.628
15.325     260.121
15.331     260.121
15.337     260.121
15.343     260.121
15.348     260.121
15.354     260.121
15.360     260.121
15.366     260.121
15.372     261.628
15.377     261.628
15.383     261.628
15.389     263.144
15.395     263.144
15.401     263.144
15.406     263.144
15.412     261.628
15.418     261.628
15.424     261.628
15.430     263.144
15.435     261.628
15.441     261.628
15.447     263.144
15.453     263.144
15.459     263.144
15.464     263.144
15.470     263.144
15.476     263.144
15.482     263.144
15.488     264.668
15.494     266.201
15.499     266.201
15.505     266.201
15.511     266.201
15.517     264.668
15.523     266.201
15.528     266.201
15.534     266.201
15.540     264.668
15.546     264.668
15.552     266.201
15.557     266.201
15.563     264.668
15.569     260.121
15.575     258.623
15.581     257.133
15.586     0.000
15.592     0.000
15.598     0.000
15.604     0.000
15.610     0.000
15.615     0.000
15.621     0.000
15.627     0.000
15.633     0.000
15.639     0.000
15.644     0.000
15.650     0.000
15.656     0.000
15.662     0.000
15.668     0.000
15.673     0.000
15.679     0.000
15.685     234.434
15.691     234.434
15.697     233.084
15.702     233.084
15.708     233.084
15.714     233.084
15.720     231.741
15.726     231.741
15.732     233.084
15.737     231.741
15.743     231.741
15.749     233.084
15.755     233.084
15.761     233.084
15.766     233.084
15.772     233.084
15.778     233.084
15.784     233.084
15.790     230.407
15.795     230.407
15.801     233.084
15.807     234.434
15.813     233.084
15.819     230.407
15.824     231.741
15.830     234.434
15.836     234.434
15.842     233.084
15.848     231.741
15.853     233.084
15.859     233.084
15.865     233.084
15.871     231.741
15.877     230.407
15.882     231.741
15.888     233.084
15.894     233.084
15.900     231.741
15.906     230.407
15.911     229.080
15.917     229.080
15.923     229.080
15.929     229.080
15.935     230.407
15.940     230.407
15.946     231.741
15.952     233.084
15.958     231.741
15.964     231.741
15.970     231.741
15.975     231.741
15.981     231.741
15.987     231.741
15.993     233.084
15.999     233.084
16.004     231.741
16.010     233.084
16.016     233.084
16.022     233.084
16.028     233.084
16.033     234.434
16.039     234.434
16.045     234.434
16.051     233.084
16.057     234.434
16.062     234.434
16.068     234.434
16.074     233.084
16.080     233.084
16.086     231.741
16.091     227.760
16.097     223.847
16.103     226.448
16.109     226.448
16.115     226.448
16.120     222.558
16.126     222.558
16.132     222.558
16.138     221.276
16.144     220.002
16.149     221.276
16.155     223.847
16.161     225.144
16.167     223.847
16.173     221.276
16.179     217.475
16.184     217.475
16.190     216.222
16.196     216.222
16.202     214.977
16.208     213.739
16.213     213.739
16.219     213.739
16.225     214.977
16.231     216.222
16.237     216.222
16.242     217.475
16.248     217.475
16.254     218.735
16.260     218.735
16.266     218.735
16.271     218.735
16.277     218.735
16.283     218.735
16.289     218.735
16.295     218.735
16.300     220.002
16.306     221.276
16.312     221.276
16.318     221.276
16.324     221.276
16.329     221.276
16.335     220.002
16.341     220.002
16.347     220.002
16.353     218.735
16.358     217.475
16.364     217.475
16.370     218.735
16.376     220.002
16.382     220.002
16.387     220.002
16.393     220.002
16.399     218.735
16.405     220.002
16.411     221.276
16.417     221.276
16.422     220.002
16.428     218.735
16.434     218.735
16.440     218.735
16.446     218.735
16.451     220.002
16.457     221.276
16.463     221.276
16.469     220.002
16.475     220.002
16.480     220.002
16.486     220.002
16.492     220.002
16.498     221.276
16.504     221.276
16.509     220.002
16.515     220.002
16.521     220.002
16.527     220.002
16.533     220.002
16.538     220.002
16.544     220.002
16.550     220.002
16.556     220.002
16.562     220.002
16.567     220.002
16.573     220.002
16.579     218.735
16.585     218.735
16.591     218.735
16.596     220.002
16.602     220.002
16.608     220.002
16.614     220.002
16.620     220.002
16.625     221.276
16.631     220.002
16.637     221.276
16.643     220.002
16.649     220.002
16.655     220.002
16.660     221.276
16.666     220.002
16.672     220.002
16.678     220.002
16.684     218.735
16.689     218.735
16.695     218.735
16.701     221.276
16.707     222.558
16.713     221.276
16.718     221.276
16.724     220.002
16.730     218.735
16.736     220.002
16.742     220.002
16.747     221.276
16.753     222.558
16.759     221.276
16.765     220.002
16.771     217.475
16.776     217.475
16.782     218.735
16.788     221.276
16.794     221.276
16.800     221.276
16.805     220.002
16.811     218.735
16.817     220.002
16.823     220.002
16.829     220.002
16.834     220.002
16.840     218.735
16.846     218.735
16.852     218.735
16.858     218.735
16.863     218.735
16.869     218.735
16.875     218.735
16.881     218.735
16.887     218.735
16.893     220.002
16.898     220.002
16.904     220.002
16.910     220.002
16.916     220.002
16.922     222.558
16.927     0.000
16.933     0.000
16.939     0.000
16.945     0.000
16.951     0.000
16.956     0.000
16.962     0.000
16.968     0.000
16.974     0.000
16.980     0.000
16.985     0.000
16.991     0.000
16.997     0.000
17.003     0.000
17.009     0.000
17.014     0.000
17.020     0.000
17.026     0.000
17.032     0.000
17.038     0.000
17.043     0.000
17.049     0.000
17.055     238.532
17.061     237.158
17.067     235.792
17.072     235.792
17.078     235.792
17.084     234.434
17.090     233.084
17.096     231.741
17.101     230.407
17.107     230.407
17.113     230.407
17.119     231.741
17.125     231.741
17.131     231.741
17.136     231.741
17.142     231.741
17.148     231.741
17.154     231.741
17.160     233.084
17.165     233.084
17.171     233.084
17.177     234.434
17.183     233.084
17.189     233.084
17.194     231.741
17.200     233.084
17.206     233.084
17.212     234.434
17.218     233.084
17.223     231.741
17.229     231.741
17.235     231.741
17.241     233.084
17.247     233.084
17.252     231.741
17.258     231.741
17.264     233.084
17.270     233.084
17.276     233.084
17.281     233.084
17.287     233.084
17.293     233.084
17.299     233.084
17.305     233.084
17.310     233.084
17.316     233.084
17.322     231.741
17.328     231.741
17.334     231.741
17.340     231.741
17.345     230.407
17.351     230.407
17.357     229.080
17.363     229.080
17.369     229.080
17.374     229.080
17.380     227.760
17.386     0.000
17.392     0.000
17.398     0.000
17.403     0.000
17.409     0.000
17.415     0.000
17.421     0.000
17.427     0.000
17.432     0.000
17.438     0.000
17.444     0.000
17.450     0.000
17.456     0.000
17.461     0.000
17.467     0.000
17.473     269.294
17.479     269.294
17.485     267.743
17.490     267.743
17.496     266.201
17.502     266.201
17.508     264.668
17.514     264.668
17.519     263.144
17.525     263.144
17.531     263.144
17.537     264.668
17.543     264.668
17.548     263.144
17.554     263.144
17.560     263.144
17.566     263.144
17.572     261.628
17.578     261.628
17.583     261.628
17.589     261.628
17.595     261.628
17.601     261.628
17.607     261.628
17.612     261.628
17.618     261.628
17.624     261.628
17.630     260.121
17.636     261.628
17.641     260.121
17.647     260.121
17.653     260.121
17.659     260.121
17.665     261.628
17.670     261.628
17.676     261.628
17.682     261.628
17.688     260.121
17.694     260.121
17.699     260.121
17.705     261.628
17.711     261.628
17.717     261.628
17.723     261.628
17.728     260.121
17.734     260.121
17.740     260.121
17.746     260.121
17.752     260.121
17.757     260.121
17.763     261.628
17.769     261.628
17.775     261.628
17.781     261.628
17.786     261.628
17.792     261.628
17.798     261.628
17.804     261.628
17.810     261.628
17.816     261.628
17.821     261.628
17.827     261.628
17.833     261.628
17.839     260.121
17.845     260.121
17.850     260.121
17.856     261.628
17.862     261.628
17.868     260.121
17.874     260.121
17.879     260.121
17.885     260.121
17.891     260.121
17.897     260.121
17.903     260.121
17.908     260.121
17.914     260.121
17.920     260.121
17.926     260.121
17.932     261.628
17.937     261.628
17.943     261.628
17.949     260.121
17.955     260.121
17.961     260.121
17.966     260.121
17.972     260.121
17.978     260.121
17.984     260.121
17.990     260.121
17.995     260.121
18.001     260.121
18.007     260.121
18.013     260.121
18.019     260.121
18.024     260.121
18.030     260.121
18.036     260.121
18.042     258.623
18.048     258.623
18.054     260.121
18.059     261.628
18.065     263.144
18.071     261.628
18.077     261.628
18.083     261.628
18.088     261.628
18.094     263.144
18.100     263.144
18.106     263.144
18.112     263.144
18.117     261.628
18.123     261.628
18.129     263.144
18.135     261.628
18.141     261.628
18.146     260.121
18.152     258.623
18.158     260.121
18.164     263.144
18.170     263.144
18.175     261.628
18.181     260.121
18.187     260.121
18.193     261.628
18.199     263.144
18.204     263.144
18.210     263.144
18.216     261.628
18.222     260.121
18.228     261.628
18.233     261.628
18.239     263.144
18.245     261.628
18.251     261.628
18.257     260.121
18.262     260.121
18.268     261.628
18.274     264.668
18.280     263.144
18.286     261.628
18.292     261.628
18.297     260.121
18.303     261.628
18.309     263.144
18.315     263.144
18.321     261.628
18.326     260.121
18.332     261.628
18.338     263.144
18.344     263.144
18.350     263.144
18.355     261.628
18.361     260.121
18.367     260.121
18.373     261.628
18.379     263.144
18.384     261.628
18.390     260.121
18.396     260.121
18.402     260.121
18.408     261.628
18.413     261.628
18.419     261.628
18.425     261.628
18.431     260.121
18.437     260.121
18.442     260.121
18.448     261.628
18.454     261.628
18.460     261.628
18.466     261.628
18.471     260.121
18.477     261.628
18.483     261.628
18.489     263.144
18.495     261.628
18.500     261.628
18.506     261.628
18.512     261.628
18.518     261.628
18.524     261.628
18.530     261.628
18.535     260.121
18.541     260.121
18.547     261.628
18.553     261.628
18.559     261.628
18.564     261.628
18.570     261.628
18.576     261.628
18.582     261.628
18.588     261.628
18.593     263.144
18.599     263.144
18.605     261.628
18.611     260.121
18.617     260.121
18.622     261.628
18.628     261.628
18.634     261.628
18.640     260.121
18.646     258.623
18.651     260.121
18.657     260.121
18.663     261.628
18.669     261.628
18.675     261.628
18.680     261.628
18.686     261.628
18.692     261.628
18.698     263.144
18.704     263.144
18.709     263.144
18.715     261.628
18.721     261.628
18.727     261.628
18.733     263.144
18.739     261.628
18.744     261.628
18.750     260.121
18.756     260.121
18.762     260.121
18.768     261.628
18.773     261.628
18.779     261.628
18.785     261.628
18.791     261.628
18.797     261.628
18.802     261.628
18.808     261.628
18.814     261.628
18.820     261.628
18.826     260.121
18.831     260.121
18.837     260.121
18.843     261.628
18.849     261.628
18.855     261.628
18.860     261.628
18.866     261.628
18.872     261.628
18.878     263.144
18.884     263.144
18.889     261.628
18.895     261.628
18.901     261.628
18.907     261.628
18.913     263.144
18.918     261.628
18.924     261.628
18.930     261.628
18.936     261.628
18.942     261.628
18.947     261.628
18.953     261.628
18.959     260.121
18.965     260.121
18.971     260.121
18.977     260.121
18.982     261.628
18.988     261.628
18.994     261.628
19.000     260.121
19.006     260.121
19.011     260.121
19.017     261.628
19.023     261.628
19.029     261.628
19.035     263.144
19.040     261.628
19.046     261.628
19.052     263.144
19.058     263.144
19.064     263.144
19.069     261.628
19.075     261.628
19.081     261.628
19.087     261.628
19.093     261.628
19.098     261.628
19.104     261.628
19.110     260.121
19.116     260.121
19.122     261.628
19.127     261.628
19.133     261.628
19.139     261.628
19.145     260.121
19.151     260.121
19.156     260.121
19.162     261.628
19.168     261.628
19.174     261.628
19.180     260.121
19.185     260.121
19.191     260.121
19.197     261.628
19.203     261.628
19.209     261.628
19.215     260.121
19.220     260.121
19.226     260.121
19.232     261.628
19.238     261.628
19.244     261.628
19.249     261.628
19.255     263.144
19.261     261.628
19.267     261.628
19.273     261.628
19.278     261.628
19.284     261.628
19.290     260.121
19.296     261.628
19.302     261.628
19.307     261.628
19.313     261.628
19.319     261.628
19.325     261.628
19.331     261.628
19.336     263.144
19.342     263.144
19.348     263.144
19.354     261.628
19.360     261.628
19.365     261.628
19.371     261.628
19.377     261.628
19.383     260.121
19.389     260.121
19.394     261.628
19.400     261.628
19.406     260.121
19.412     260.121
19.418     260.121
19.423     260.121
19.429     260.121
19.435     260.121
19.441     260.121
19.447     260.121
19.453     261.628
19.458     261.628
19.464     261.628
19.470     260.121
19.476     261.628
19.482     261.628
19.487     261.628
19.493     261.628
19.499     261.628
19.505     261.628
19.511     261.628
19.516     261.628
19.522     263.144
19.528     261.628
19.534     261.628
19.540     261.628
19.545     261.628
19.551     263.144
19.557     263.144
19.563     263.144
19.569     261.628
19.574     261.628
19.580     263.144
19.586     263.144
19.592     263.144
19.598     263.144
19.603     263.144
19.609     261.628
19.615     260.121
19.621     260.121
19.627     261.628
19.632     261.628
19.638     261.628
19.644     260.121
19.650     260.121
19.656     260.121
19.661     261.628
19.667     261.628
19.673     260.121
19.679     260.121
19.685     260.121
19.691     260.121
19.696     260.121
19.702     260.121
19.708     260.121
19.714     260.121
19.720     260.121
19.725     260.121
19.731     261.628
19.737     261.628
19.743     261.628
19.749     261.628
19.754     261.628
19.760     261.628
19.766     263.144
19.772     263.144
19.778     263.144
19.783     263.144
19.789     263.144
19.795     263.144
19.801     263.144
19.807     263.144
19.812     263.144
19.818     261.628
19.824     260.121
19.830     260.121
19.836     260.121
19.841     261.628
19.847     260.121
19.853     260.121
19.859     260.121
19.865     258.623
19.870     258.623
19.876     260.121
19.882     258.623
19.888     258.623
19.894     258.623
19.900     258.623
19.905     258.623
19.911     260.121
19.917     260.121
19.923     260.121
19.929     261.628
19.934     261.628
19.940     260.121
19.946     260.121
19.952     261.628
19.958     261.628
19.963     261.628
19.969     261.628
19.975     261.628
19.981     261.628
19.987     263.144
19.992     264.668
19.998     264.668
20.004     264.668
20.010     264.668
20.016     264.668
20.021     263.144
20.027     263.144
20.033     263.144
20.039     261.628
20.045     261.628
20.050     260.121
20.056     260.121
20.062     260.121
20.068     260.121
20.074     258.623
20.079     258.623
20.085     258.623
20.091     257.133
20.097     258.623
20.103     258.623
20.108     258.623
20.114     258.623
20.120     260.121
20.126     260.121
20.132     260.121
20.138     261.628
20.143     261.628
20.149     261.628
20.155     261.628
20.161     261.628
20.167     261.628
20.172     261.628
20.178     263.144
20.184     263.144
20.190     263.144
20.196     263.144
20.201     263.144
20.207     263.144
20.213     263.144
20.219     263.144
20.225     263.144
20.230     263.144
20.236     263.144
20.242     263.144
20.248     261.628
20.254     261.628
20.259     261.628
20.265     260.121
20.271     260.121
20.277     260.121
20.283     260.121
20.288     260.121
20.294     260.121
20.300     260.121
20.306     258.623
20.312     258.623
20.317     258.623
20.323     258.623
20.329     258.623
20.335     258.623
20.341     260.121
20.346     260.121
20.352     260.121
20.358     261.628
20.364     263.144
20.370     261.628
20.376     261.628
20.381     261.628
20.387     261.628
20.393     263.144
20.399     263.144
20.405     263.144
20.410     263.144
20.416     263.144
20.422     264.668
20.428     264.668
20.434     264.668
20.439     263.144
20.445     263.144
20.451     263.144
20.457     261.628
20.463     261.628
20.468     260.121
20.474     260.121
20.480     260.121
20.486     260.121
20.492     260.121
20.497     260.121
20.503     260.121
20.509     260.121
20.515     261.628
20.521     261.628
20.526     261.628
20.532     260.121
20.538     260.121
20.544     260.121
20.550     261.628
20.555     260.121
20.561     260.121
20.567     260.121
20.573     261.628
20.579     261.628
20.584     263.144
20.590     263.144
20.596     263.144
20.602     263.144
20.608     263.144
20.614     263.144
20.619     263.144
20.625     261.628
20.631     261.628
20.637     261.628
20.643     261.628
20.648     261.628
20.654     261.628
20.660     261.628
20.666     261.628
20.672     260.121
20.677     260.121
20.683     260.121
20.689     258.623
20.695     258.623
20.701     258.623
20.706     257.133
20.712     257.133
20.718     258.623
20.724     258.623
20.730     260.121
20.735     260.121
20.741     260.121
20.747     258.623
20.753     258.623
20.759     260.121
20.764     260.121
20.770     260.121
20.776     260.121
20.782     260.121
20.788     260.121
20.793     260.121
20.799     261.628
20.805     261.628
20.811     261.628
20.817     261.628
20.822     261.628
20.828     261.628
20.834     263.144
20.840     263.144
20.846     263.144
20.852     263.144
20.857     263.144
20.863     263.144
20.869     261.628
20.875     261.628
20.881     0.000
20.886     0.000
20.892     0.000
20.898     0.000
20.904     0.000
20.910     0.000
20.915     0.000
20.921     0.000
20.927     0.000
20.933     0.000
20.939     0.000
20.944     0.000
20.950     0.000
20.956     0.000
20.962     0.000
20.968     0.000
20.973     0.000
20.979     0.000
20.985     0.000
20.991     0.000
20.997     0.000
21.002     0.000
21.008     0.000
21.014     0.000
21.020     0.000
21.026     0.000
21.031     0.000
21.037     0.000
21.043     0.000
21.049     0.000
21.055     0.000
21.060     0.000
21.066     0.000
21.072     0.000
21.078     0.000
21.084     0.000
21.090     0.000
21.095     0.000
21.101     0.000
21.107     0.000
21.113     0.000
21.119     0.000
21.124     0.000
21.130     0.000
21.136     0.000
21.142     0.000
21.148     0.000
21.153     0.000
21.159     0.000
21.165     0.000
21.171     0.000
21.177     0.000
21.182     0.000
21.188     0.000
21.194     0.000
21.200     0.000
21.206     0.000
21.211     0.000
21.217     0.000
21.223     0.000
21.229     0.000
21.235     0.000
21.240     0.000
21.246     0.000
21.252     0.000
21.258     0.000
21.264     0.000
21.269     0.000
21.275     0.000
21.281     0.000
21.287     0.000
21.293     0.000
21.299     0.000
21.304     0.000
21.310     0.000
21.316     0.000
21.322     0.000
21.328     0.000
21.333     0.000
21.339     0.000
21.345     0.000
21.351     0.000
21.357     0.000
21.362     0.000
21.368     0.000
21.374     0.000
21.380     0.000
21.386     0.000
21.391     0.000
21.397     0.000
21.403     0.000
21.409     0.000
21.415     0.000
21.420     0.000
21.426     0.000
21.432     0.000
21.438     0.000
21.444     0.000
21.449     0.000
21.455     0.000
21.461     0.000
21.467     0.000
21.473     0.000
21.478     0.000
21.484     0.000
21.490     0.000
21.496     0.000
21.502     0.000
21.507     0.000
21.513     0.000
21.519     0.000
21.525     0.000
21.531     0.000
21.537     0.000
21.542     0.000
21.548     0.000
21.554     0.000
21.560     0.000
21.566     0.000
21.571     0.000
21.577     0.000
21.583     0.000
21.589     0.000
21.595     0.000
21.600     0.000
21.606     0.000
21.612     0.000
21.618     0.000
21.624     0.000
21.629     0.000
21.635     0.000
21.641     0.000
21.647     0.000
21.653     0.000
21.658     0.000
21.664     0.000
21.670     0.000
21.676     0.000
21.682     0.000
21.687     0.000
21.693     0.000
21.699     0.000
21.705     0.000
21.711     0.000
21.716     0.000
21.722     0.000
21.728     0.000
21.734     0.000
21.740     0.000
21.745     0.000
21.751     0.000
21.757     0.000
21.763     0.000
21.769     0.000
21.775     0.000
21.780     0.000
21.786     0.000
21.792     0.000
21.798     0.000
21.804     0.000
21.809     0.000
21.815     0.000
21.821     0.000
21.827     0.000
21.833     0.000
21.838     0.000
21.844     0.000
21.850     0.000
21.856     0.000
21.862     0.000
21.867     0.000
21.873     0.000
21.879     0.000
21.885     0.000
21.891     0.000
21.896     0.000
21.902     0.000
21.908     0.000
21.914     0.000
21.920     0.000
21.925     0.000
21.931     0.000
21.937     0.000
21.943     0.000
21.949     0.000
21.954     0.000
21.960     0.000
21.966     0.000
21.972     0.000
21.978     0.000
21.983     0.000
21.989     0.000
21.995     0.000
22.001     0.000
