0.000     0.000
0.006     0.000
0.012     0.000
0.017     0.000
0.023     0.000
0.029     0.000
0.035     0.000
0.041     0.000
0.046     0.000
0.052     0.000
0.058     0.000
0.064     0.000
0.070     0.000
0.075     369.999
0.081     363.642
0.087     351.255
0.093     339.290
0.099     331.541
0.104     320.247
0.110     311.130
0.116     305.785
0.122     304.024
0.128     302.273
0.134     302.273
0.139     304.024
0.145     307.556
0.151     309.338
0.157     311.130
0.163     311.130
0.168     311.130
0.174     311.130
0.180     311.130
0.186     311.130
0.192     311.130
0.197     311.130
0.203     311.130
0.209     311.130
0.215     311.130
0.221     311.130
0.226     311.130
0.232     311.130
0.238     311.130
0.244     311.130
0.250     311.130
0.255     311.130
0.261     312.932
0.267     311.130
0.273     311.130
0.279     311.130
0.284     311.130
0.290     311.130
0.296     311.130
0.302     312.932
0.308     312.932
0.313     312.932
0.319     314.745
0.325     312.932
0.331     312.932
0.337     311.130
0.342     311.130
0.348     311.130
0.354     312.932
0.360     312.932
0.366     312.932
0.372     314.745
0.377     314.745
0.383     312.932
0.389     311.130
0.395     311.130
0.401     311.130
0.406     311.130
0.412     312.932
0.418     312.932
0.424     312.932
0.430     312.932
0.435     312.932
0.441     311.130
0.447     311.130
0.453     311.130
0.459     311.130
0.464     311.130
0.470     312.932
0.476     312.932
0.482     312.932
0.488     311.130
0.493     311.130
0.499     311.130
0.505     311.130
0.511     311.130
0.517     311.130
0.522     311.130
0.528     311.130
0.534     311.130
0.540     311.130
0.546     311.130
0.551     312.932
0.557     312.932
0.563     312.932
0.569     312.932
0.575     312.932
0.580     311.130
0.586     312.932
0.592     312.932
0.598     312.932
0.604     312.932
0.610     312.932
0.615     312.932
0.621     312.932
0.627     312.932
0.633     312.932
0.639     312.932
0.644     312.932
0.650     312.932
0.656     312.932
0.662     312.932
0.668     312.932
0.673     312.932
0.679     312.932
0.685     311.130
0.691     311.130
0.697     311.130
0.702     312.932
0.708     312.932
0.714     312.932
0.720     311.130
0.726     311.130
0.731     311.130
0.737     311.130
0.743     311.130
0.749     311.130
0.755     311.130
0.760     311.130
0.766     309.338
0.772     307.556
0.778     305.785
0.784     304.024
0.789     304.024
0.795     305.785
0.801     307.556
0.807     309.338
0.813     311.130
0.819     311.130
0.824     311.130
0.830     311.130
0.836     311.130
0.842     309.338
0.848     309.338
0.853     311.130
0.859     311.130
0.865     311.130
0.871     311.130
0.877     311.130
0.882     311.130
0.888     311.130
0.894     311.130
0.900     311.130
0.906     311.130
0.911     311.130
0.917     311.130
0.923     311.130
0.929     311.130
0.935     311.130
0.940     311.130
0.946     311.130
0.952     311.130
0.958     311.130
0.964     311.130
0.969     311.130
0.975     311.130
0.981     311.130
0.987     311.130
0.993     311.130
0.998     311.130
1.004     311.130
1.010     311.130
1.016     311.130
1.022     311.130
1.027     311.130
1.033     311.130
1.039     311.130
1.045     311.130
1.051     311.130
1.057     309.338
1.062     309.338
1.068     311.130
1.074     311.130
1.080     311.130
1.086     312.932
1.091     314.745
1.097     316.569
1.103     320.247
1.109     325.845
1.115     333.461
1.120     339.290
1.126     343.232
1.132     343.232
1.138     345.221
1.144     351.255
1.149     357.395
1.155     359.465
1.161     361.548
1.167     365.749
1.173     372.142
1.178     374.298
1.184     374.298
1.190     372.142
1.196     372.142
1.202     372.142
1.207     369.999
1.213     369.999
1.219     369.999
1.225     369.999
1.231     369.999
1.236     369.999
1.242     369.999
1.248     369.999
1.254     369.999
1.260     369.999
1.265     369.999
1.271     369.999
1.277     369.999
1.283     369.999
1.289     369.999
1.295     369.999
1.300     369.999
1.306     369.999
1.312     369.999
1.318     369.999
1.324     369.999
1.329     369.999
1.335     369.999
1.341     369.999
1.347     369.999
1.353     367.868
1.358     367.868
1.364     367.868
1.370     367.868
1.376     369.999
1.382     369.999
1.387     369.999
1.393     369.999
1.399     369.999
1.405     369.999
1.411     367.868
1.416     367.868
1.422     367.868
1.428     369.999
1.434     369.999
1.440     369.999
1.445     369.999
1.451     369.999
1.457     369.999
1.463     369.999
1.469     369.999
1.474     367.868
1.480     365.749
1.486     365.749
1.492     363.642
1.498     363.642
1.503     363.642
1.509     365.749
1.515     367.868
1.521     369.999
1.527     369.999
1.533     369.999
1.538     369.999
1.544     369.999
1.550     369.999
1.556     369.999
1.562     367.868
1.567     369.999
1.573     369.999
1.579     369.999
1.585     369.999
1.591     369.999
1.596     369.999
1.602     367.868
1.608     367.868
1.614     367.868
1.620     367.868
1.625     367.868
1.631     369.999
1.637     369.999
1.643     369.999
1.649     369.999
1.654     369.999
1.660     369.999
1.666     369.999
1.672     369.999
1.678     369.999
1.683     369.999
1.689     367.868
1.695     367.868
1.701     367.868
1.707     369.999
1.712     369.999
1.718     369.999
1.724     369.999
1.730     369.999
1.736     369.999
1.741     369.999
1.747     369.999
1.753     369.999
1.759     369.999
1.765     369.999
1.771     369.999
1.776     369.999
1.782     369.999
1.788     369.999
1.794     369.999
1.800     369.999
1.805     369.999
1.811     372.142
1.817     369.999
1.823     369.999
1.829     367.868
1.834     365.749
1.840     363.642
1.846     363.642
1.852     363.642
1.858     365.749
1.863     367.868
1.869     369.999
1.875     369.999
1.881     369.999
1.887     369.999
1.892     369.999
1.898     369.999
1.904     369.999
1.910     369.999
1.916     369.999
1.921     369.999
1.927     369.999
1.933     367.868
1.939     367.868
1.945     369.999
1.950     369.999
1.956     369.999
1.962     369.999
1.968     369.999
1.974     369.999
1.980     369.999
1.985     369.999
1.991     369.999
1.997     369.999
2.003     369.999
2.009     369.999
2.014     369.999
2.020     369.999
2.026     369.999
2.032     367.868
2.038     367.868
2.043     369.999
2.049     369.999
2.055     369.999
2.061     367.868
2.067     367.868
2.072     367.868
2.078     369.999
2.084     369.999
2.090     369.999
2.096     369.999
2.101     369.999
2.107     369.999
2.113     369.999
2.119     369.999
2.125     369.999
2.130     369.999
2.136     369.999
2.142     369.999
2.148     369.999
2.154     369.999
2.159     369.999
2.165     369.999
2.171     369.999
2.177     369.999
2.183     367.868
2.188     365.749
2.194     363.642
2.200     363.642
2.206     365.749
2.212     367.868
2.218     367.868
2.223     369.999
2.229     369.999
2.235     369.999
2.241     369.999
2.247     369.999
2.252     369.999
2.258     369.999
2.264     369.999
2.270     369.999
2.276     369.999
2.281     369.999
2.287     369.999
2.293     369.999
2.299     369.999
2.305     367.868
2.310     367.868
2.316     369.999
2.322     369.999
2.328     369.999
2.334     369.999
2.339     369.999
2.345     369.999
2.351     369.999
2.357     369.999
2.363     369.999
2.368     369.999
2.374     369.999
2.380     369.999
2.386     369.999
2.392     369.999
2.397     369.999
2.403     369.999
2.409     369.999
2.415     369.999
2.421     369.999
2.426     369.999
2.432     369.999
2.438     369.999
2.444     369.999
2.450     369.999
2.456     369.999
2.461     369.999
2.467     369.999
2.473     369.999
2.479     369.999
2.485     369.999
2.490     369.999
2.496     369.999
2.502     369.999
2.508     369.999
2.514     369.999
2.519     369.999
2.525     369.999
2.531     369.999
2.537     369.999
2.543     369.999
2.548     0.000
2.554     0.000
2.560     0.000
2.566     0.000
2.572     0.000
2.577     0.000
2.583     0.000
2.589     0.000
2.595     0.000
2.601     0.000
2.606     0.000
2.612     0.000
2.618     0.000
2.624     0.000
2.630     0.000
2.635     0.000
2.641     0.000
2.647     0.000
2.653     0.000
2.659     0.000
2.664     0.000
2.670     0.000
2.676     369.999
2.682     369.999
2.688     369.999
2.694     369.999
2.699     369.999
2.705     369.999
2.711     369.999
2.717     369.999
2.723     369.999
2.728     369.999
2.734     369.999
2.740     369.999
2.746     369.999
2.752     369.999
2.757     369.999
2.763     369.999
2.769     369.999
2.775     369.999
2.781     369.999
2.786     369.999
2.792     369.999
2.798     369.999
2.804     369.999
2.810     369.999
2.815     369.999
2.821     369.999
2.827     369.999
2.833     369.999
2.839     369.999
2.844     369.999
2.850     369.999
2.856     369.999
2.862     369.999
2.868     369.999
2.873     369.999
2.879     369.999
2.885     369.999
2.891     369.999
2.897     369.999
2.902     369.999
2.908     369.999
2.914     367.868
2.920     367.868
2.926     367.868
2.932     367.868
2.937     367.868
2.943     367.868
2.949     367.868
2.955     367.868
2.961     367.868
2.966     367.868
2.972     367.868
2.978     367.868
2.984     367.868
2.990     367.868
2.995     367.868
3.001     367.868
3.007     367.868
3.013     367.868
3.019     367.868
3.024     367.868
3.030     367.868
3.036     367.868
3.042     367.868
3.048     367.868
3.053     369.999
3.059     367.868
3.065     369.999
3.071     369.999
3.077     369.999
3.082     369.999
3.088     369.999
3.094     369.999
3.100     369.999
3.106     369.999
3.111     369.999
3.117     369.999
3.123     369.999
3.129     369.999
3.135     369.999
3.140     369.999
3.146     369.999
3.152     372.142
3.158     372.142
3.164     372.142
3.170     372.142
3.175     372.142
3.181     372.142
3.187     372.142
3.193     369.999
3.199     367.868
3.204     363.642
3.210     359.465
3.216     353.290
3.222     347.221
3.228     333.461
3.233     325.845
3.239     320.247
3.245     312.932
3.251     307.556
3.257     304.024
3.262     278.791
3.268     288.623
3.274     285.307
3.280     280.406
3.286     277.185
3.291     274.001
3.297     270.854
3.303     269.294
3.309     269.294
3.315     269.294
3.320     270.854
3.326     272.423
3.332     274.001
3.338     275.589
3.344     275.589
3.349     277.185
3.355     277.185
3.361     277.185
3.367     278.791
3.373     277.185
3.379     277.185
3.384     277.185
3.390     278.791
3.396     278.791
3.402     278.791
3.408     278.791
3.413     278.791
3.419     278.791
3.425     278.791
3.431     278.791
3.437     278.791
3.442     277.185
3.448     277.185
3.454     277.185
3.460     278.791
3.466     278.791
3.471     278.791
3.477     278.791
3.483     278.791
3.489     278.791
3.495     278.791
3.500     278.791
3.506     277.185
3.512     277.185
3.518     278.791
3.524     278.791
3.529     278.791
3.535     278.791
3.541     278.791
3.547     278.791
3.553     277.185
3.558     277.185
3.564     277.185
3.570     277.185
3.576     278.791
3.582     278.791
3.587     277.185
3.593     277.185
3.599     277.185
3.605     277.185
3.611     275.589
3.617     277.185
3.622     277.185
3.628     277.185
3.634     277.185
3.640     277.185
3.646     277.185
3.651     277.185
3.657     278.791
3.663     278.791
3.669     278.791
3.675     278.791
3.680     278.791
3.686     278.791
3.692     278.791
3.698     278.791
3.704     278.791
3.709     278.791
3.715     278.791
3.721     278.791
3.727     278.791
3.733     278.791
3.738     278.791
3.744     278.791
3.750     278.791
3.756     278.791
3.762     278.791
3.767     278.791
3.773     278.791
3.779     278.791
3.785     278.791
3.791     278.791
3.796     278.791
3.802     278.791
3.808     278.791
3.814     278.791
3.820     278.791
3.825     278.791
3.831     278.791
3.837     278.791
3.843     278.791
3.849     277.185
3.855     278.791
3.860     278.791
3.866     278.791
3.872     278.791
3.878     278.791
3.884     278.791
3.889     278.791
3.895     278.791
3.901     278.791
3.907     278.791
3.913     278.791
3.918     277.185
3.924     277.185
3.930     278.791
3.936     278.791
3.942     278.791
3.947     278.791
3.953     278.791
3.959     278.791
3.965     278.791
3.971     278.791
3.976     278.791
3.982     278.791
3.988     277.185
3.994     277.185
4.000     277.185
4.005     277.185
4.011     278.791
4.017     277.185
4.023     277.185
4.029     277.185
4.034     278.791
4.040     278.791
4.046     278.791
4.052     278.791
4.058     278.791
4.063     278.791
4.069     278.791
4.075     278.791
4.081     278.791
4.087     278.791
4.093     278.791
4.098     278.791
4.104     278.791
4.110     278.791
4.116     278.791
4.122     277.185
4.127     277.185
4.133     277.185
4.139     278.791
4.145     278.791
4.151     277.185
4.156     277.185
4.162     277.185
4.168     277.185
4.174     277.185
4.180     277.185
4.185     277.185
4.191     277.185
4.197     277.185
4.203     277.185
4.209     277.185
4.214     277.185
4.220     277.185
4.226     277.185
4.232     277.185
4.238     277.185
4.243     277.185
4.249     275.589
4.255     277.185
4.261     278.791
4.267     280.406
4.272     282.030
4.278     283.664
4.284     285.307
4.290     288.623
4.296     291.976
4.301     293.668
4.307     297.080
4.313     298.801
4.319     300.532
4.325     302.273
4.331     304.024
4.336     307.556
4.342     309.338
4.348     312.932
4.354     316.569
4.360     314.745
4.365     314.745
4.371     312.932
4.377     311.130
4.383     311.130
4.389     311.130
4.394     309.338
4.400     311.130
4.406     311.130
4.412     311.130
4.418     311.130
4.423     311.130
4.429     311.130
4.435     311.130
4.441     311.130
4.447     311.130
4.452     309.338
4.458     309.338
4.464     309.338
4.470     309.338
4.476     309.338
4.481     309.338
4.487     309.338
4.493     309.338
4.499     311.130
4.505     311.130
4.510     309.338
4.516     309.338
4.522     309.338
4.528     309.338
4.534     309.338
4.540     309.338
4.545     309.338
4.551     309.338
4.557     311.130
4.563     311.130
4.569     312.932
4.574     311.130
4.580     309.338
4.586     309.338
4.592     309.338
4.598     309.338
4.603     309.338
4.609     309.338
4.615     309.338
4.621     309.338
4.627     311.130
4.632     311.130
4.638     311.130
4.644     309.338
4.650     309.338
4.656     309.338
4.661     309.338
4.667     309.338
4.673     311.130
4.679     311.130
4.685     309.338
4.690     311.130
4.696     311.130
4.702     311.130
4.708     309.338
4.714     309.338
4.719     309.338
4.725     309.338
4.731     309.338
4.737     311.130
4.743     311.130
4.748     311.130
4.754     311.130
4.760     311.130
4.766     311.130
4.772     309.338
4.778     309.338
4.783     309.338
4.789     309.338
4.795     309.338
4.801     309.338
4.807     311.130
4.812     311.130
4.818     311.130
4.824     311.130
4.830     311.130
4.836     311.130
4.841     311.130
4.847     309.338
4.853     309.338
4.859     309.338
4.865     309.338
4.870     309.338
4.876     309.338
4.882     309.338
4.888     311.130
4.894     311.130
4.899     311.130
4.905     311.130
4.911     309.338
4.917     309.338
4.923     309.338
4.928     309.338
4.934     311.130
4.940     311.130
4.946     311.130
4.952     311.130
4.957     311.130
4.963     311.130
4.969     311.130
4.975     311.130
4.981     311.130
4.986     311.130
4.992     311.130
4.998     311.130
5.004     309.338
5.010     307.556
5.016     305.785
5.021     304.024
5.027     304.024
5.033     305.785
5.039     307.556
5.045     309.338
5.050     311.130
5.056     312.932
5.062     311.130
5.068     311.130
5.074     311.130
5.079     309.338
5.085     309.338
5.091     311.130
5.097     311.130
5.103     309.338
5.108     309.338
5.114     311.130
5.120     311.130
5.126     311.130
5.132     311.130
5.137     311.130
5.143     311.130
5.149     311.130
5.155     311.130
5.161     311.130
5.166     311.130
5.172     311.130
5.178     311.130
5.184     311.130
5.190     311.130
5.195     311.130
5.201     311.130
5.207     311.130
5.213     311.130
5.219     311.130
5.224     311.130
5.230     311.130
5.236     311.130
5.242     311.130
5.248     312.932
5.254     312.932
5.259     312.932
5.265     312.932
5.271     312.932
5.277     311.130
5.283     311.130
5.288     311.130
5.294     311.130
5.300     311.130
5.306     311.130
5.312     311.130
5.317     312.932
5.323     314.745
5.329     316.569
5.335     320.247
5.341     325.845
5.346     331.541
5.352     337.336
5.358     341.256
5.364     343.232
5.370     347.221
5.375     349.232
5.381     355.337
5.387     357.395
5.393     361.548
5.399     363.642
5.404     369.999
5.410     374.298
5.416     374.298
5.422     374.298
5.428     372.142
5.433     372.142
5.439     369.999
5.445     369.999
5.451     369.999
5.457     369.999
5.462     369.999
5.468     369.999
5.474     369.999
5.480     369.999
5.486     369.999
5.492     369.999
5.497     369.999
5.503     369.999
5.509     369.999
5.515     369.999
5.521     367.868
5.526     369.999
5.532     369.999
5.538     369.999
5.544     369.999
5.550     369.999
5.555     369.999
5.561     369.999
5.567     369.999
5.573     369.999
5.579     369.999
5.584     369.999
5.590     369.999
5.596     369.999
5.602     369.999
5.608     369.999
5.613     369.999
5.619     369.999
5.625     369.999
5.631     369.999
5.637     369.999
5.642     369.999
5.648     369.999
5.654     367.868
5.660     369.999
5.666     369.999
5.671     369.999
5.677     369.999
5.683     369.999
5.689     369.999
5.695     369.999
5.700     369.999
5.706     367.868
5.712     365.749
5.718     365.749
5.724     363.642
5.730     363.642
5.735     363.642
5.741     365.749
5.747     367.868
5.753     369.999
5.759     369.999
5.764     369.999
5.770     367.868
5.776     367.868
5.782     369.999
5.788     369.999
5.793     369.999
5.799     367.868
5.805     369.999
5.811     369.999
5.817     369.999
5.822     369.999
5.828     369.999
5.834     369.999
5.840     369.999
5.846     367.868
5.851     367.868
5.857     369.999
5.863     369.999
5.869     369.999
5.875     369.999
5.880     369.999
5.886     369.999
5.892     369.999
5.898     369.999
5.904     369.999
5.909     369.999
5.915     369.999
5.921     369.999
5.927     369.999
5.933     369.999
5.939     369.999
5.944     369.999
5.950     369.999
5.956     369.999
5.962     369.999
5.968     369.999
5.973     369.999
5.979     369.999
5.985     369.999
5.991     369.999
5.997     369.999
6.002     369.999
6.008     369.999
6.014     369.999
6.020     369.999
6.026     369.999
6.031     369.999
6.037     369.999
6.043     369.999
6.049     369.999
6.055     369.999
6.060     367.868
6.066     365.749
6.072     365.749
6.078     363.642
6.084     363.642
6.089     365.749
6.095     367.868
6.101     369.999
6.107     369.999
6.113     369.999
6.118     369.999
6.124     369.999
6.130     369.999
6.136     369.999
6.142     369.999
6.147     369.999
6.153     369.999
6.159     369.999
6.165     369.999
6.171     367.868
6.177     369.999
6.182     369.999
6.188     369.999
6.194     369.999
6.200     369.999
6.206     369.999
6.211     369.999
6.217     369.999
6.223     369.999
6.229     369.999
6.235     369.999
6.240     369.999
6.246     369.999
6.252     369.999
6.258     369.999
6.264     369.999
6.269     369.999
6.275     369.999
6.281     369.999
6.287     369.999
6.293     369.999
6.298     369.999
6.304     369.999
6.310     369.999
6.316     369.999
6.322     369.999
6.327     369.999
6.333     369.999
6.339     369.999
6.345     369.999
6.351     369.999
6.356     369.999
6.362     369.999
6.368     369.999
6.374     369.999
6.380     369.999
6.385     369.999
6.391     369.999
6.397     372.142
6.403     369.999
6.409     369.999
6.415     369.999
6.420     367.868
6.426     365.749
6.432     363.642
6.438     363.642
6.444     365.749
6.449     367.868
6.455     367.868
6.461     369.999
6.467     369.999
6.473     369.999
6.478     369.999
6.484     369.999
6.490     369.999
6.496     369.999
6.502     369.999
6.507     367.868
6.513     367.868
6.519     369.999
6.525     369.999
6.531     369.999
6.536     369.999
6.542     369.999
6.548     369.999
6.554     369.999
6.560     369.999
6.565     369.999
6.571     369.999
6.577     369.999
6.583     369.999
6.589     369.999
6.594     369.999
6.600     369.999
6.606     369.999
6.612     369.999
6.618     369.999
6.623     369.999
6.629     369.999
6.635     369.999
6.641     369.999
6.647     369.999
6.653     369.999
6.658     369.999
6.664     369.999
6.670     369.999
6.676     369.999
6.682     369.999
6.687     369.999
6.693     369.999
6.699     369.999
6.705     369.999
6.711     369.999
6.716     369.999
6.722     369.999
6.728     369.999
6.734     369.999
6.740     369.999
6.745     369.999
6.751     369.999
6.757     369.999
6.763     369.999
6.769     369.999
6.774     369.999
6.780     369.999
6.786     369.999
6.792     369.999
6.798     369.999
6.803     369.999
6.809     369.999
6.815     369.999
6.821     369.999
6.827     369.999
6.832     369.999
6.838     369.999
6.844     369.999
6.850     369.999
6.856     369.999
6.861     369.999
6.867     369.999
6.873     369.999
6.879     369.999
6.885     369.999
6.891     369.999
6.896     369.999
6.902     369.999
6.908     369.999
6.914     369.999
6.920     369.999
6.925     369.999
6.931     369.999
6.937     369.999
6.943     369.999
6.949     369.999
6.954     369.999
6.960     369.999
6.966     369.999
6.972     369.999
6.978     0.000
6.983     0.000
6.989     0.000
6.995     0.000
7.001     0.000
7.007     0.000
7.012     0.000
7.018     0.000
7.024     0.000
7.030     0.000
7.036     0.000
7.041     0.000
7.047     0.000
7.053     0.000
7.059     0.000
7.065     0.000
7.070     0.000
7.076     0.000
7.082     0.000
7.088     0.000
7.094     0.000
7.100     0.000
7.105     0.000
7.111     0.000
7.117     0.000
7.123     0.000
7.129     0.000
7.134     0.000
7.140     0.000
7.146     369.999
7.152     369.999
7.158     369.999
7.163     369.999
7.169     369.999
7.175     369.999
7.181     369.999
7.187     369.999
7.192     369.999
7.198     369.999
7.204     369.999
7.210     369.999
7.216     369.999
7.221     369.999
7.227     369.999
7.233     369.999
7.239     369.999
7.245     369.999
7.250     369.999
7.256     369.999
7.262     369.999
7.268     369.999
7.274     369.999
7.279     369.999
7.285     369.999
7.291     369.999
7.297     369.999
7.303     369.999
7.308     369.999
7.314     369.999
7.320     369.999
7.326     369.999
7.332     369.999
7.338     369.999
7.343     369.999
7.349     369.999
7.355     369.999
7.361     369.999
7.367     369.999
7.372     369.999
7.378     369.999
7.384     369.999
7.390     369.999
7.396     372.142
7.401     372.142
7.407     372.142
7.413     374.298
7.419     372.142
7.425     372.142
7.430     369.999
7.436     367.868
7.442     361.548
7.448     357.395
7.454     353.290
7.459     343.232
7.465     333.461
7.471     325.845
7.477     318.402
7.483     312.932
7.488     311.130
7.494     304.024
7.500     298.801
7.506     290.295
7.512     285.307
7.517     280.406
7.523     275.589
7.529     272.423
7.535     269.294
7.541     267.743
7.546     267.743
7.552     270.854
7.558     272.423
7.564     274.001
7.570     275.589
7.576     275.589
7.581     277.185
7.587     277.185
7.593     277.185
7.599     277.185
7.605     277.185
7.610     277.185
7.616     277.185
7.622     277.185
7.628     277.185
7.634     277.185
7.639     277.185
7.645     277.185
7.651     277.185
7.657     277.185
7.663     277.185
7.668     277.185
7.674     277.185
7.680     275.589
7.686     275.589
7.692     275.589
7.697     277.185
7.703     277.185
7.709     277.185
7.715     277.185
7.721     0.000
7.726     0.000
7.732     0.000
7.738     0.000
7.744     0.000
7.750     0.000
7.755     0.000
7.761     0.000
7.767     0.000
7.773     0.000
7.779     0.000
7.784     0.000
7.790     0.000
7.796     0.000
7.802     0.000
7.808     0.000
7.814     0.000
7.819     0.000
7.825     0.000
7.831     0.000
7.837     0.000
7.843     0.000
7.848     0.000
7.854     0.000
7.860     0.000
7.866     0.000
7.872     0.000
7.877     0.000
7.883     0.000
7.889     0.000
7.895     277.185
7.901     277.185
7.906     277.185
7.912     277.185
7.918     275.589
7.924     277.185
7.930     277.185
7.935     277.185
7.941     277.185
7.947     277.185
7.953     277.185
7.959     277.185
7.964     277.185
7.970     277.185
7.976     277.185
7.982     277.185
7.988     277.185
7.993     277.185
7.999     277.185
8.005     277.185
8.011     277.185
8.017     277.185
8.022     277.185
8.028     277.185
8.034     278.791
8.040     278.791
8.046     278.791
8.052     278.791
8.057     277.185
8.063     277.185
8.069     277.185
8.075     277.185
8.081     277.185
8.086     277.185
8.092     277.185
8.098     278.791
8.104     278.791
8.110     278.791
8.115     278.791
8.121     278.791
8.127     277.185
8.133     277.185
8.139     277.185
8.144     277.185
8.150     277.185
8.156     277.185
8.162     277.185
8.168     277.185
8.173     277.185
8.179     277.185
8.185     277.185
8.191     277.185
8.197     277.185
8.202     277.185
8.208     277.185
8.214     277.185
8.220     277.185
8.226     277.185
8.231     277.185
8.237     277.185
8.243     277.185
8.249     277.185
8.255     277.185
8.260     277.185
8.266     277.185
8.272     277.185
8.278     277.185
8.284     277.185
8.290     278.791
8.295     278.791
8.301     277.185
8.307     278.791
8.313     278.791
8.319     278.791
8.324     278.791
8.330     278.791
8.336     278.791
8.342     278.791
8.348     278.791
8.353     278.791
8.359     278.791
8.365     278.791
8.371     278.791
8.377     278.791
8.382     278.791
8.388     277.185
8.394     278.791
8.400     278.791
8.406     278.791
8.411     278.791
8.417     277.185
8.423     277.185
8.429     277.185
8.435     277.185
8.440     278.791
8.446     278.791
8.452     278.791
8.458     278.791
8.464     278.791
8.469     277.185
8.475     277.185
8.481     275.589
8.487     277.185
8.493     278.791
8.499     282.030
8.504     288.623
8.510     295.369
8.516     302.273
8.522     307.556
8.528     311.130
8.533     320.247
8.539     323.968
8.545     327.732
8.551     337.336
8.557     343.232
8.562     349.232
8.568     353.290
8.574     363.642
8.580     367.868
8.586     369.999
8.591     372.142
8.597     372.142
8.603     374.298
8.609     374.298
8.615     372.142
8.620     372.142
8.626     369.999
8.632     369.999
8.638     369.999
8.644     369.999
8.649     369.999
8.655     369.999
8.661     369.999
8.667     369.999
8.673     369.999
8.678     369.999
8.684     369.999
8.690     369.999
8.696     369.999
8.702     369.999
8.707     369.999
8.713     369.999
8.719     369.999
8.725     369.999
8.731     369.999
8.737     369.999
8.742     369.999
8.748     369.999
8.754     369.999
8.760     369.999
8.766     369.999
8.771     369.999
8.777     369.999
8.783     369.999
8.789     369.999
8.795     369.999
8.800     367.868
8.806     367.868
8.812     367.868
8.818     367.868
8.824     367.868
8.829     367.868
8.835     367.868
8.841     369.999
8.847     369.999
8.853     369.999
8.858     369.999
8.864     369.999
8.870     369.999
8.876     369.999
8.882     369.999
8.887     369.999
8.893     369.999
8.899     369.999
8.905     369.999
8.911     369.999
8.916     369.999
8.922     367.868
8.928     369.999
8.934     369.999
8.940     369.999
8.945     369.999
8.951     369.999
8.957     369.999
8.963     369.999
8.969     369.999
8.975     369.999
8.980     369.999
8.986     369.999
8.992     369.999
8.998     369.999
9.004     369.999
9.009     369.999
9.015     369.999
9.021     369.999
9.027     369.999
9.033     369.999
9.038     369.999
9.044     369.999
9.050     369.999
9.056     369.999
9.062     369.999
9.067     367.868
9.073     367.868
9.079     367.868
9.085     367.868
9.091     367.868
9.096     367.868
9.102     367.868
9.108     367.868
9.114     367.868
9.120     367.868
9.125     367.868
9.131     367.868
9.137     367.868
9.143     367.868
9.149     367.868
9.154     367.868
9.160     367.868
9.166     367.868
9.172     367.868
9.178     367.868
9.183     367.868
9.189     367.868
9.195     367.868
9.201     367.868
9.207     367.868
9.213     367.868
9.218     367.868
9.224     367.868
9.230     367.868
9.236     367.868
9.242     367.868
9.247     367.868
9.253     367.868
9.259     367.868
9.265     367.868
9.271     367.868
9.276     367.868
9.282     367.868
9.288     367.868
9.294     367.868
9.300     367.868
9.305     367.868
9.311     367.868
9.317     367.868
9.323     367.868
9.329     367.868
9.334     367.868
9.340     367.868
9.346     367.868
9.352     367.868
9.358     367.868
9.363     367.868
9.369     367.868
9.375     367.868
9.381     367.868
9.387     367.868
9.392     367.868
9.398     367.868
9.404     367.868
9.410     367.868
9.416     367.868
9.421     367.868
9.427     367.868
9.433     367.868
9.439     367.868
9.445     367.868
9.451     367.868
9.456     367.868
9.462     367.868
9.468     367.868
9.474     367.868
9.480     367.868
9.485     367.868
9.491     367.868
9.497     367.868
9.503     367.868
9.509     367.868
9.514     367.868
9.520     367.868
9.526     367.868
9.532     367.868
9.538     365.749
9.543     363.642
9.549     365.749
9.555     367.868
9.561     369.999
9.567     376.466
9.572     387.497
9.578     398.852
9.584     410.539
9.590     417.715
9.596     427.479
9.601     434.951
9.607     442.554
9.613     455.522
9.619     466.170
9.625     474.318
9.630     482.609
9.636     488.217
9.642     493.890
9.648     499.628
9.654     502.523
9.660     499.628
9.665     496.751
9.671     496.751
9.677     496.751
9.683     496.751
9.689     493.890
9.694     491.045
9.700     493.890
9.706     493.890
9.712     493.890
9.718     493.890
9.723     493.890
9.729     493.890
9.735     493.890
9.741     493.890
9.747     493.890
9.752     493.890
9.758     493.890
9.764     491.045
9.770     493.890
9.776     493.890
9.781     493.890
9.787     493.890
9.793     493.890
9.799     493.890
9.805     493.890
9.810     493.890
9.816     493.890
9.822     493.890
9.828     493.890
9.834     493.890
9.839     496.751
9.845     496.751
9.851     493.890
9.857     493.890
9.863     493.890
9.868     493.890
9.874     496.751
9.880     496.751
9.886     496.751
9.892     496.751
9.898     493.890
9.903     493.890
9.909     493.890
9.915     493.890
9.921     493.890
9.927     493.890
9.932     493.890
9.938     496.751
9.944     496.751
9.950     493.890
9.956     493.890
9.961     493.890
9.967     493.890
9.973     493.890
9.979     493.890
9.985     493.890
9.990     493.890
9.996     493.890
10.002     493.890
10.008     493.890
10.014     493.890
10.019     493.890
10.025     493.890
10.031     493.890
10.037     493.890
10.043     493.890
10.048     493.890
10.054     493.890
10.060     493.890
10.066     493.890
10.072     493.890
10.077     493.890
10.083     493.890
10.089     493.890
10.095     493.890
10.101     493.890
10.106     0.000
10.112     0.000
10.118     0.000
10.124     0.000
10.130     0.000
10.136     0.000
10.141     0.000
10.147     0.000
10.153     0.000
10.159     0.000
10.165     0.000
10.170     0.000
10.176     0.000
10.182     0.000
10.188     0.000
10.194     0.000
10.199     0.000
10.205     0.000
10.211     0.000
10.217     0.000
10.223     493.890
10.228     493.890
10.234     493.890
10.240     493.890
10.246     496.751
10.252     496.751
10.257     493.890
10.263     493.890
10.269     493.890
10.275     493.890
10.281     496.751
10.286     496.751
10.292     496.751
10.298     493.890
10.304     493.890
10.310     493.890
10.315     493.890
10.321     493.890
10.327     493.890
10.333     493.890
10.339     493.890
10.344     493.890
10.350     493.890
10.356     493.890
10.362     493.890
10.368     493.890
10.374     493.890
10.379     493.890
10.385     493.890
10.391     493.890
10.397     493.890
10.403     493.890
10.408     493.890
10.414     493.890
10.420     493.890
10.426     493.890
10.432     493.890
10.437     493.890
10.443     493.890
10.449     493.890
10.455     493.890
10.461     493.890
10.466     493.890
10.472     493.890
10.478     493.890
10.484     493.890
10.490     493.890
10.495     493.890
10.501     493.890
10.507     493.890
10.513     493.890
10.519     493.890
10.524     493.890
10.530     493.890
10.536     493.890
10.542     493.890
10.548     493.890
10.553     493.890
10.559     493.890
10.565     493.890
10.571     493.890
10.577     493.890
10.582     493.890
10.588     493.890
10.594     493.890
10.600     493.890
10.606     493.890
10.612     493.890
10.617     491.045
10.623     488.217
10.629     485.405
10.635     482.609
10.641     479.829
10.646     477.066
10.652     477.066
10.658     477.066
10.664     474.318
10.670     474.318
10.675     471.586
10.681     466.170
10.687     460.815
10.693     460.815
10.699     458.161
10.704     458.161
10.710     455.522
10.716     452.899
10.722     452.899
10.728     458.161
10.733     455.522
10.739     455.522
10.745     458.161
10.751     477.066
10.757     474.318
10.762     471.586
10.768     466.170
10.774     463.485
10.780     463.485
10.786     468.870
10.791     471.586
10.797     471.586
10.803     466.170
10.809     463.485
10.815     463.485
10.820     468.870
10.826     468.870
10.832     468.870
10.838     466.170
10.844     463.485
10.850     463.485
10.855     468.870
10.861     468.870
10.867     468.870
10.873     466.170
10.879     463.485
10.884     463.485
10.890     466.170
10.896     468.870
10.902     468.870
10.908     466.170
10.913     466.170
10.919     466.170
10.925     466.170
10.931     468.870
10.937     468.870
10.942     466.170
10.948     466.170
10.954     463.485
10.960     463.485
10.966     463.485
10.971     463.485
10.977     466.170
10.983     466.170
10.989     463.485
10.995     463.485
11.000     466.170
11.006     468.870
11.012     468.870
11.018     468.870
11.024     466.170
11.029     463.485
11.035     466.170
11.041     468.870
11.047     468.870
11.053     468.870
11.059     466.170
11.064     463.485
11.070     463.485
11.076     466.170
11.082     468.870
11.088     468.870
11.093     468.870
11.099     466.170
11.105     466.170
11.111     466.170
11.117     468.870
11.122     471.586
11.128     471.586
11.134     468.870
11.140     466.170
11.146     466.170
11.151     466.170
11.157     471.586
11.163     471.586
11.169     468.870
11.175     466.170
11.180     466.170
11.186     466.170
11.192     468.870
11.198     471.586
11.204     468.870
11.209     466.170
11.215     468.870
11.221     466.170
11.227     468.870
11.233     468.870
11.238     468.870
11.244     468.870
11.250     468.870
11.256     466.170
11.262     466.170
11.267     466.170
11.273     468.870
11.279     466.170
11.285     466.170
11.291     466.170
11.297     466.170
11.302     468.870
11.308     468.870
11.314     468.870
11.320     466.170
11.326     466.170
11.331     466.170
11.337     466.170
11.343     466.170
11.349     468.870
11.355     468.870
11.360     466.170
11.366     466.170
11.372     466.170
11.378     466.170
11.384     466.170
11.389     468.870
11.395     468.870
11.401     468.870
11.407     468.870
11.413     466.170
11.418     466.170
11.424     468.870
11.430     471.586
11.436     471.586
11.442     468.870
11.447     466.170
11.453     466.170
11.459     468.870
11.465     468.870
11.471     471.586
11.476     468.870
11.482     468.870
11.488     466.170
11.494     466.170
11.500     468.870
11.505     471.586
11.511     468.870
11.517     468.870
11.523     466.170
11.529     466.170
11.535     466.170
11.540     468.870
11.546     468.870
11.552     468.870
11.558     468.870
11.564     466.170
11.569     466.170
11.575     468.870
11.581     471.586
11.587     471.586
11.593     468.870
11.598     468.870
11.604     466.170
11.610     468.870
11.616     468.870
11.622     471.586
11.627     471.586
11.633     468.870
11.639     468.870
11.645     468.870
11.651     468.870
11.656     468.870
11.662     468.870
11.668     468.870
11.674     468.870
11.680     468.870
11.685     468.870
11.691     468.870
11.697     468.870
11.703     468.870
11.709     468.870
11.714     468.870
11.720     468.870
11.726     468.870
11.732     468.870
11.738     468.870
11.743     468.870
11.749     468.870
11.755     468.870
11.761     468.870
11.767     468.870
11.773     468.870
11.778     468.870
11.784     468.870
11.790     468.870
11.796     468.870
11.802     468.870
11.807     468.870
11.813     468.870
11.819     468.870
11.825     468.870
11.831     468.870
11.836     468.870
11.842     468.870
11.848     468.870
11.854     468.870
11.860     468.870
11.865     468.870
11.871     468.870
11.877     468.870
11.883     466.170
11.889     466.170
11.894     466.170
11.900     466.170
11.906     468.870
11.912     468.870
11.918     466.170
11.923     466.170
11.929     466.170
11.935     466.170
11.941     466.170
11.947     466.170
11.952     466.170
11.958     466.170
11.964     466.170
11.970     466.170
11.976     466.170
11.981     466.170
11.987     466.170
11.993     466.170
11.999     466.170
12.005     466.170
12.011     466.170
12.016     468.870
12.022     468.870
12.028     466.170
12.034     466.170
12.040     466.170
12.045     468.870
12.051     468.870
12.057     468.870
12.063     466.170
12.069     466.170
12.074     468.870
12.080     468.870
12.086     468.870
12.092     468.870
12.098     468.870
12.103     468.870
12.109     468.870
12.115     468.870
12.121     468.870
12.127     468.870
12.132     468.870
12.138     468.870
12.144     468.870
12.150     466.170
12.156     466.170
12.161     466.170
12.167     466.170
12.173     466.170
12.179     466.170
12.185     466.170
12.190     466.170
12.196     466.170
12.202     466.170
12.208     466.170
12.214     466.170
12.220     466.170
12.225     466.170
12.231     466.170
12.237     466.170
12.243     466.170
12.249     466.170
12.254     463.485
12.260     466.170
12.266     466.170
12.272     466.170
12.278     466.170
12.283     466.170
12.289     466.170
12.295     466.170
12.301     466.170
12.307     466.170
12.312     466.170
12.318     466.170
12.324     466.170
12.330     466.170
12.336     466.170
12.341     466.170
12.347     466.170
12.353     466.170
12.359     466.170
12.365     466.170
12.370     466.170
12.376     466.170
12.382     466.170
12.388     466.170
12.394     466.170
12.399     466.170
12.405     466.170
12.411     466.170
12.417     466.170
12.423     466.170
12.428     466.170
12.434     466.170
12.440     466.170
12.446     466.170
12.452     466.170
12.458     466.170
12.463     466.170
12.469     466.170
12.475     466.170
12.481     466.170
12.487     466.170
12.492     466.170
12.498     466.170
12.504     466.170
12.510     466.170
12.516     466.170
12.521     466.170
12.527     466.170
12.533     466.170
12.539     466.170
12.545     466.170
12.550     466.170
12.556     466.170
12.562     466.170
12.568     466.170
12.574     466.170
12.579     466.170
12.585     466.170
12.591     466.170
12.597     466.170
12.603     466.170
12.608     466.170
12.614     466.170
12.620     466.170
12.626     466.170
12.632     466.170
12.637     466.170
12.643     466.170
12.649     468.870
12.655     468.870
12.661     468.870
12.666     466.170
12.672     466.170
12.678     466.170
12.684     468.870
12.690     468.870
12.696     468.870
12.701     468.870
12.707     466.170
12.713     463.485
12.719     463.485
12.725     463.485
12.730     463.485
12.736     466.170
12.742     468.870
12.748     468.870
12.754     471.586
12.759     474.318
12.765     474.318
12.771     477.066
12.777     479.829
12.783     482.609
12.788     485.405
12.794     485.405
12.800     488.217
12.806     491.045
12.812     496.751
12.817     499.628
12.823     502.523
12.829     502.523
12.835     502.523
12.841     499.628
12.846     496.751
12.852     493.890
12.858     493.890
12.864     493.890
12.870     493.890
12.875     493.890
12.881     493.890
12.887     493.890
12.893     493.890
12.899     493.890
12.904     493.890
12.910     493.890
12.916     493.890
12.922     496.751
12.928     496.751
12.934     496.751
12.939     493.890
12.945     493.890
12.951     493.890
12.957     496.751
12.963     496.751
12.968     496.751
12.974     496.751
12.980     496.751
12.986     496.751
12.992     493.890
12.997     493.890
13.003     493.890
13.009     496.751
13.015     496.751
13.021     496.751
13.026     493.890
13.032     493.890
13.038     493.890
13.044     493.890
13.050     493.890
13.055     493.890
13.061     493.890
13.067     493.890
13.073     493.890
13.079     493.890
13.084     496.751
13.090     496.751
13.096     496.751
13.102     493.890
13.108     493.890
13.113     493.890
13.119     496.751
13.125     496.751
13.131     496.751
13.137     493.890
13.142     496.751
13.148     496.751
13.154     496.751
13.160     496.751
13.166     496.751
13.172     493.890
13.177     496.751
13.183     496.751
13.189     496.751
13.195     496.751
13.201     493.890
13.206     493.890
13.212     493.890
13.218     496.751
13.224     496.751
13.230     496.751
13.235     493.890
13.241     493.890
13.247     493.890
13.253     496.751
13.259     496.751
13.264     493.890
13.270     491.045
13.276     491.045
13.282     493.890
13.288     496.751
13.293     496.751
13.299     496.751
13.305     493.890
13.311     491.045
13.317     493.890
13.322     496.751
13.328     496.751
13.334     496.751
13.340     496.751
13.346     493.890
13.351     496.751
13.357     496.751
13.363     496.751
13.369     496.751
13.375     493.890
13.380     493.890
13.386     493.890
13.392     496.751
13.398     496.751
13.404     493.890
13.410     493.890
13.415     493.890
13.421     493.890
13.427     493.890
13.433     493.890
13.439     493.890
13.444     491.045
13.450     493.890
13.456     493.890
13.462     493.890
13.468     493.890
13.473     493.890
13.479     493.890
13.485     493.890
13.491     493.890
13.497     493.890
13.502     0.000
13.508     0.000
13.514     0.000
13.520     0.000
13.526     0.000
13.531     0.000
13.537     0.000
13.543     0.000
13.549     0.000
13.555     0.000
13.560     0.000
13.566     0.000
13.572     0.000
13.578     0.000
13.584     0.000
13.589     0.000
13.595     0.000
13.601     0.000
13.607     0.000
13.613     0.000
13.619     0.000
13.624     0.000
13.630     0.000
13.636     0.000
13.642     0.000
13.648     0.000
13.653     0.000
13.659     0.000
13.665     0.000
13.671     0.000
13.677     496.751
13.682     496.751
13.688     493.890
13.694     493.890
13.700     491.045
13.706     493.890
13.711     493.890
13.717     493.890
13.723     491.045
13.729     491.045
13.735     493.890
13.740     493.890
13.746     493.890
13.752     493.890
13.758     491.045
13.764     491.045
13.769     493.890
13.775     493.890
13.781     493.890
13.787     491.045
13.793     493.890
13.798     493.890
13.804     493.890
13.810     491.045
13.816     493.890
13.822     493.890
13.827     493.890
13.833     496.751
13.839     493.890
13.845     493.890
13.851     493.890
13.857     493.890
13.862     0.000
13.868     0.000
13.874     0.000
13.880     0.000
13.886     0.000
13.891     0.000
13.897     0.000
13.903     0.000
13.909     0.000
13.915     0.000
13.920     0.000
13.926     0.000
13.932     0.000
13.938     0.000
13.944     0.000
13.949     0.000
13.955     0.000
13.961     0.000
13.967     0.000
13.973     0.000
13.978     0.000
13.984     0.000
13.990     0.000
13.996     0.000
14.002     0.000
14.007     0.000
14.013     0.000
14.019     0.000
14.025     0.000
14.031     0.000
14.036     0.000
14.042     0.000
14.048     0.000
14.054     0.000
14.060     0.000
14.065     0.000
14.071     0.000
14.077     0.000
14.083     0.000
14.089     0.000
14.095     0.000
14.100     0.000
14.106     0.000
14.112     0.000
14.118     0.000
14.124     0.000
14.129     0.000
14.135     0.000
14.141     0.000
14.147     0.000
14.153     0.000
14.158     0.000
14.164     0.000
14.170     0.000
14.176     0.000
14.182     0.000
14.187     0.000
14.193     0.000
14.199     0.000
14.205     0.000
14.211     0.000
14.216     0.000
14.222     0.000
14.228     0.000
14.234     0.000
14.240     0.000
14.245     0.000
14.251     0.000
14.257     0.000
14.263     0.000
14.269     0.000
14.274     0.000
14.280     0.000
14.286     0.000
14.292     0.000
14.298     0.000
14.303     0.000
14.309     0.000
14.315     0.000
14.321     0.000
14.327     0.000
14.333     0.000
14.338     0.000
14.344     0.000
14.350     0.000
14.356     0.000
14.362     0.000
14.367     0.000
14.373     0.000
14.379     0.000
14.385     0.000
14.391     0.000
14.396     0.000
14.402     0.000
14.408     0.000
14.414     0.000
14.420     0.000
14.425     0.000
14.431     0.000
14.437     0.000
14.443     0.000
14.449     0.000
14.454     0.000
14.460     0.000
14.466     0.000
14.472     0.000
14.478     0.000
14.483     0.000
14.489     0.000
14.495     0.000
14.501     0.000
14.507     0.000
14.512     0.000
14.518     0.000
14.524     0.000
14.530     0.000
14.536     496.751
14.541     493.890
14.547     493.890
14.553     493.890
14.559     493.890
14.565     493.890
14.571     493.890
14.576     493.890
14.582     493.890
14.588     493.890
14.594     496.751
14.600     493.890
14.605     493.890
14.611     493.890
14.617     493.890
14.623     493.890
14.629     493.890
14.634     493.890
14.640     493.890
14.646     493.890
14.652     496.751
14.658     493.890
14.663     493.890
14.669     493.890
14.675     493.890
14.681     496.751
14.687     496.751
14.692     496.751
14.698     493.890
14.704     493.890
14.710     493.890
14.716     493.890
14.721     493.890
14.727     493.890
14.733     496.751
14.739     496.751
14.745     496.751
14.750     493.890
14.756     493.890
14.762     493.890
14.768     493.890
14.774     493.890
14.780     496.751
14.785     496.751
14.791     0.000
14.797     0.000
