0.000     0.000
0.006     0.000
0.012     302.273
0.017     304.024
0.023     305.785
0.029     305.785
0.035     307.556
0.041     311.130
0.046     312.932
0.052     314.745
0.058     314.745
0.064     316.569
0.070     316.569
0.075     318.402
0.081     320.247
0.087     322.102
0.093     325.845
0.099     327.732
0.104     329.631
0.110     331.541
0.116     331.541
0.122     329.631
0.128     329.631
0.134     329.631
0.139     331.541
0.145     331.541
0.151     331.541
0.157     331.541
0.163     331.541
0.168     331.541
0.174     329.631
0.180     329.631
0.186     327.732
0.192     327.732
0.197     327.732
0.203     329.631
0.209     329.631
0.215     331.541
0.221     331.541
0.226     329.631
0.232     329.631
0.238     329.631
0.244     329.631
0.250     329.631
0.255     329.631
0.261     329.631
0.267     331.541
0.273     329.631
0.279     327.732
0.284     327.732
0.290     327.732
0.296     327.732
0.302     329.631
0.308     329.631
0.313     329.631
0.319     331.541
0.325     331.541
0.331     329.631
0.337     329.631
0.342     329.631
0.348     329.631
0.354     329.631
0.360     329.631
0.366     329.631
0.372     329.631
0.377     329.631
0.383     329.631
0.389     329.631
0.395     331.541
0.401     331.541
0.406     331.541
0.412     331.541
0.418     329.631
0.424     327.732
0.430     327.732
0.435     327.732
0.441     329.631
0.447     329.631
0.453     329.631
0.459     329.631
0.464     329.631
0.470     329.631
0.476     329.631
0.482     329.631
0.488     329.631
0.493     329.631
0.499     331.541
0.505     329.631
0.511     329.631
0.517     327.732
0.522     329.631
0.528     329.631
0.534     329.631
0.540     329.631
0.546     329.631
0.551     329.631
0.557     329.631
0.563     329.631
0.569     327.732
0.575     327.732
0.580     329.631
0.586     329.631
0.592     329.631
0.598     329.631
0.604     327.732
0.610     327.732
0.615     327.732
0.621     329.631
0.627     329.631
0.633     329.631
0.639     329.631
0.644     329.631
0.650     329.631
0.656     329.631
0.662     329.631
0.668     329.631
0.673     329.631
0.679     329.631
0.685     329.631
0.691     329.631
0.697     327.732
0.702     327.732
0.708     327.732
0.714     327.732
0.720     329.631
0.726     329.631
0.731     329.631
0.737     329.631
0.743     329.631
0.749     329.631
0.755     327.732
0.760     327.732
0.766     327.732
0.772     329.631
0.778     329.631
0.784     329.631
0.789     329.631
0.795     329.631
0.801     329.631
0.807     329.631
0.813     329.631
0.819     329.631
0.824     329.631
0.830     329.631
0.836     329.631
0.842     327.732
0.848     327.732
0.853     327.732
0.859     329.631
0.865     329.631
0.871     329.631
0.877     329.631
0.882     329.631
0.888     329.631
0.894     329.631
0.900     329.631
0.906     327.732
0.911     329.631
0.917     329.631
0.923     329.631
0.929     329.631
0.935     327.732
0.940     327.732
0.946     329.631
0.952     329.631
0.958     329.631
0.964     329.631
0.969     329.631
0.975     329.631
0.981     329.631
0.987     327.732
0.993     327.732
0.998     327.732
1.004     329.631
1.010     329.631
1.016     329.631
1.022     329.631
1.027     329.631
1.033     327.732
1.039     327.732
1.045     325.845
1.051     323.968
1.057     323.968
1.062     323.968
1.068     323.968
1.074     323.968
1.080     325.845
1.086     331.541
1.091     337.336
1.097     343.232
1.103     351.255
1.109     365.749
1.115     376.466
1.120     383.047
1.126     195.999
1.132     0.000
1.138     0.000
1.144     0.000
1.149     0.000
1.155     0.000
1.161     0.000
1.167     0.000
1.173     0.000
1.178     0.000
1.184     0.000
1.190     0.000
1.196     0.000
1.202     0.000
1.207     0.000
1.213     0.000
1.219     0.000
1.225     0.000
1.231     0.000
1.236     0.000
1.242     0.000
1.248     0.000
1.254     0.000
1.260     0.000
1.265     0.000
1.271     0.000
1.277     0.000
1.283     0.000
1.289     0.000
1.295     0.000
1.300     0.000
1.306     0.000
1.312     0.000
1.318     0.000
1.324     0.000
1.329     0.000
1.335     0.000
1.341     493.890
1.347     493.890
1.353     493.890
1.358     493.890
1.364     493.890
1.370     493.890
1.376     493.890
1.382     496.751
1.387     493.890
1.393     493.890
1.399     493.890
1.405     493.890
1.411     493.890
1.416     493.890
1.422     493.890
1.428     493.890
1.434     493.890
1.440     493.890
1.445     493.890
1.451     491.045
1.457     493.890
1.463     493.890
1.469     493.890
1.474     496.751
1.480     496.751
1.486     493.890
1.492     493.890
1.498     493.890
1.503     493.890
1.509     493.890
1.515     493.890
1.521     493.890
1.527     493.890
1.533     493.890
1.538     493.890
1.544     493.890
1.550     493.890
1.556     493.890
1.562     493.890
1.567     493.890
1.573     493.890
1.579     493.890
1.585     493.890
1.591     493.890
1.596     0.000
1.602     0.000
1.608     0.000
1.614     0.000
1.620     0.000
1.625     0.000
1.631     0.000
1.637     0.000
1.643     0.000
1.649     0.000
1.654     0.000
1.660     0.000
1.666     0.000
1.672     0.000
1.678     0.000
1.683     0.000
1.689     0.000
1.695     0.000
1.701     0.000
1.707     0.000
1.712     0.000
1.718     0.000
1.724     0.000
1.730     493.890
1.736     493.890
1.741     493.890
1.747     493.890
1.753     493.890
1.759     493.890
1.765     493.890
1.771     493.890
1.776     493.890
1.782     496.751
1.788     496.751
1.794     496.751
1.800     496.751
1.805     493.890
1.811     493.890
1.817     493.890
1.823     493.890
1.829     496.751
1.834     496.751
1.840     493.890
1.846     493.890
1.852     493.890
1.858     493.890
1.863     493.890
1.869     496.751
1.875     493.890
1.881     493.890
1.887     493.890
1.892     493.890
1.898     493.890
1.904     493.890
1.910     493.890
1.916     493.890
1.921     493.890
1.927     493.890
1.933     493.890
1.939     493.890
1.945     493.890
1.950     493.890
1.956     493.890
1.962     493.890
1.968     493.890
1.974     493.890
1.980     493.890
1.985     493.890
1.991     493.890
1.997     493.890
2.003     493.890
2.009     493.890
2.014     493.890
2.020     493.890
2.026     493.890
2.032     493.890
2.038     493.890
2.043     493.890
2.049     493.890
2.055     493.890
2.061     493.890
2.067     493.890
2.072     493.890
2.078     496.751
2.084     496.751
2.090     493.890
2.096     496.751
2.101     496.751
2.107     496.751
2.113     499.628
2.119     499.628
2.125     499.628
2.130     496.751
2.136     496.751
2.142     493.890
2.148     493.890
2.154     491.045
2.159     488.217
2.165     488.217
2.171     485.405
2.177     485.405
2.183     479.829
2.188     477.066
2.194     477.066
2.200     474.318
2.206     471.586
2.212     468.870
2.218     468.870
2.223     468.870
2.229     463.485
2.235     458.161
2.241     452.899
2.247     452.899
2.252     455.522
2.258     455.522
2.264     455.522
2.270     455.522
2.276     460.815
2.281     463.485
2.287     463.485
2.293     466.170
2.299     466.170
2.305     468.870
2.310     466.170
2.316     466.170
2.322     466.170
2.328     466.170
2.334     466.170
2.339     466.170
2.345     466.170
2.351     466.170
2.357     466.170
2.363     466.170
2.368     466.170
2.374     466.170
2.380     463.485
2.386     466.170
2.392     466.170
2.397     468.870
2.403     468.870
2.409     466.170
2.415     463.485
2.421     466.170
2.426     468.870
2.432     468.870
2.438     468.870
2.444     463.485
2.450     463.485
2.456     463.485
2.461     468.870
2.467     471.586
2.473     468.870
2.479     466.170
2.485     463.485
2.490     463.485
2.496     466.170
2.502     468.870
2.508     463.485
2.514     460.815
2.519     463.485
2.525     466.170
2.531     468.870
2.537     468.870
2.543     466.170
2.548     463.485
2.554     463.485
2.560     468.870
2.566     471.586
2.572     468.870
2.577     466.170
2.583     463.485
2.589     466.170
2.595     468.870
2.601     468.870
2.606     468.870
2.612     466.170
2.618     463.485
2.624     466.170
2.630     468.870
2.635     468.870
2.641     466.170
2.647     466.170
2.653     463.485
2.659     466.170
2.664     466.170
2.670     463.485
2.676     463.485
2.682     463.485
2.688     463.485
2.694     466.170
2.699     466.170
2.705     466.170
2.711     463.485
2.717     463.485
2.723     463.485
2.728     463.485
2.734     466.170
2.740     466.170
2.746     466.170
2.752     466.170
2.757     466.170
2.763     466.170
2.769     466.170
2.775     463.485
2.781     463.485
2.786     466.170
2.792     466.170
2.798     466.170
2.804     466.170
2.810     463.485
2.815     466.170
2.821     466.170
2.827     466.170
2.833     463.485
2.839     463.485
2.844     463.485
2.850     466.170
2.856     466.170
2.862     466.170
2.868     463.485
2.873     463.485
2.879     466.170
2.885     466.170
2.891     466.170
2.897     466.170
2.902     463.485
2.908     463.485
2.914     466.170
2.920     466.170
2.926     466.170
2.932     463.485
2.937     463.485
2.943     463.485
2.949     466.170
2.955     466.170
2.961     466.170
2.966     463.485
2.972     463.485
2.978     466.170
2.984     466.170
2.990     466.170
2.995     463.485
3.001     463.485
3.007     463.485
3.013     466.170
3.019     466.170
3.024     466.170
3.030     466.170
3.036     466.170
3.042     466.170
3.048     466.170
3.053     466.170
3.059     466.170
3.065     466.170
3.071     466.170
3.077     466.170
3.082     466.170
3.088     463.485
3.094     463.485
3.100     466.170
3.106     466.170
3.111     463.485
3.117     463.485
3.123     463.485
3.129     463.485
3.135     466.170
3.140     466.170
3.146     463.485
3.152     463.485
3.158     463.485
3.164     466.170
3.170     466.170
3.175     468.870
3.181     468.870
3.187     468.870
3.193     468.870
3.199     466.170
3.204     463.485
3.210     455.522
3.216     447.697
3.222     442.554
3.228     434.951
3.233     429.956
3.239     425.017
3.245     417.715
3.251     410.539
3.257     405.824
3.262     396.555
3.268     389.742
3.274     385.266
3.280     380.840
3.286     374.298
3.291     369.999
3.297     363.642
3.303     359.465
3.309     359.465
3.315     359.465
3.320     361.548
3.326     361.548
3.332     363.642
3.338     367.868
3.344     369.999
3.349     369.999
3.355     369.999
3.361     369.999
3.367     369.999
3.373     369.999
3.379     369.999
3.384     369.999
3.390     367.868
3.396     367.868
3.402     367.868
3.408     369.999
3.413     369.999
3.419     369.999
3.425     367.868
3.431     367.868
3.437     367.868
3.442     369.999
3.448     369.999
3.454     369.999
3.460     369.999
3.466     369.999
3.471     369.999
3.477     369.999
3.483     369.999
3.489     369.999
3.495     369.999
3.500     369.999
3.506     369.999
3.512     369.999
3.518     369.999
3.524     369.999
3.529     367.868
3.535     367.868
3.541     369.999
3.547     369.999
3.553     369.999
3.558     367.868
3.564     367.868
3.570     367.868
3.576     369.999
3.582     369.999
3.587     367.868
3.593     367.868
3.599     367.868
3.605     367.868
3.611     367.868
3.617     369.999
3.622     369.999
3.628     369.999
3.634     369.999
3.640     369.999
3.646     369.999
3.651     369.999
3.657     369.999
3.663     369.999
3.669     369.999
3.675     369.999
3.680     367.868
3.686     369.999
3.692     369.999
3.698     369.999
3.704     369.999
3.709     369.999
3.715     369.999
3.721     369.999
3.727     367.868
3.733     367.868
3.738     367.868
3.744     369.999
3.750     369.999
3.756     369.999
3.762     367.868
3.767     367.868
3.773     367.868
3.779     367.868
3.785     367.868
3.791     367.868
3.796     369.999
3.802     369.999
3.808     369.999
3.814     369.999
3.820     369.999
3.825     369.999
3.831     369.999
3.837     369.999
3.843     369.999
3.849     369.999
3.855     369.999
3.860     367.868
3.866     367.868
3.872     367.868
3.878     369.999
3.884     369.999
3.889     369.999
3.895     369.999
3.901     369.999
3.907     369.999
3.913     369.999
3.918     369.999
3.924     369.999
3.930     369.999
3.936     369.999
3.942     369.999
3.947     369.999
3.953     369.999
3.959     369.999
3.965     369.999
3.971     369.999
3.976     369.999
3.982     369.999
3.988     369.999
3.994     369.999
4.000     369.999
4.005     369.999
4.011     369.999
4.017     369.999
4.023     369.999
4.029     367.868
4.034     369.999
4.040     0.000
4.046     0.000
4.052     0.000
4.058     0.000
4.063     0.000
4.069     0.000
4.075     0.000
4.081     0.000
4.087     0.000
4.093     0.000
4.098     0.000
4.104     0.000
4.110     0.000
4.116     0.000
4.122     0.000
4.127     0.000
4.133     0.000
4.139     0.000
4.145     0.000
4.151     0.000
4.156     0.000
4.162     0.000
4.168     0.000
4.174     0.000
4.180     0.000
4.185     0.000
4.191     0.000
4.197     0.000
4.203     0.000
4.209     0.000
4.214     0.000
4.220     0.000
4.226     0.000
4.232     0.000
4.238     361.548
4.243     361.548
4.249     363.642
4.255     365.749
4.261     367.868
4.267     369.999
4.272     372.142
4.278     376.466
4.284     378.647
4.290     380.840
4.296     387.497
4.301     392.000
4.307     394.271
4.313     394.271
4.319     394.271
4.325     396.555
4.331     405.824
4.336     410.539
4.342     415.310
4.348     417.715
4.354     417.715
4.360     417.715
4.365     417.715
4.371     417.715
4.377     417.715
4.383     417.715
4.389     417.715
4.394     417.715
4.400     417.715
4.406     417.715
4.412     417.715
4.418     417.715
4.423     415.310
4.429     412.918
4.435     412.918
4.441     412.918
4.447     412.918
4.452     415.310
4.458     417.715
4.464     417.715
4.470     415.310
4.476     412.918
4.481     412.918
4.487     412.918
4.493     412.918
4.499     415.310
4.505     415.310
4.510     415.310
4.516     415.310
4.522     415.310
4.528     415.310
4.534     415.310
4.540     415.310
4.545     415.310
4.551     415.310
4.557     415.310
4.563     415.310
4.569     415.310
4.574     415.310
4.580     415.310
4.586     415.310
4.592     415.310
4.598     415.310
4.603     415.310
4.609     415.310
4.615     415.310
4.621     415.310
4.627     415.310
4.632     417.715
4.638     417.715
4.644     415.310
4.650     415.310
4.656     415.310
4.661     415.310
4.667     415.310
4.673     415.310
4.679     415.310
4.685     415.310
4.690     415.310
4.696     417.715
4.702     415.310
4.708     415.310
4.714     415.310
4.719     415.310
4.725     417.715
4.731     417.715
4.737     417.715
4.743     417.715
4.748     417.715
4.754     417.715
4.760     417.715
4.766     417.715
4.772     415.310
4.778     415.310
4.783     415.310
4.789     415.310
4.795     415.310
4.801     417.715
4.807     417.715
4.812     417.715
4.818     417.715
4.824     417.715
4.830     417.715
4.836     415.310
4.841     415.310
4.847     415.310
4.853     415.310
4.859     415.310
4.865     415.310
4.870     412.918
4.876     412.918
4.882     415.310
4.888     415.310
4.894     415.310
4.899     415.310
4.905     417.715
4.911     415.310
4.917     415.310
4.923     417.715
4.928     417.715
4.934     417.715
4.940     417.715
4.946     417.715
4.952     417.715
4.957     415.310
4.963     415.310
4.969     415.310
4.975     415.310
4.981     415.310
4.986     415.310
4.992     415.310
4.998     415.310
5.004     415.310
5.010     415.310
5.016     415.310
5.021     415.310
5.027     415.310
5.033     415.310
5.039     415.310
5.045     415.310
5.050     415.310
5.056     415.310
5.062     415.310
5.068     415.310
5.074     415.310
5.079     415.310
5.085     415.310
5.091     415.310
5.097     415.310
5.103     415.310
5.108     417.715
5.114     417.715
5.120     417.715
5.126     415.310
5.132     415.310
5.137     415.310
5.143     415.310
5.149     415.310
5.155     417.715
5.161     417.715
5.166     417.715
5.172     415.310
5.178     415.310
5.184     415.310
5.190     415.310
5.195     415.310
5.201     415.310
5.207     415.310
5.213     415.310
5.219     415.310
5.224     415.310
5.230     417.715
5.236     417.715
5.242     417.715
5.248     417.715
5.254     417.715
5.259     417.715
5.265     417.715
5.271     415.310
5.277     412.918
5.283     410.539
5.288     408.175
5.294     405.824
5.300     403.486
5.306     405.824
5.312     408.175
5.317     412.918
5.323     420.135
5.329     425.017
5.335     434.951
5.341     452.899
5.346     466.170
5.352     479.829
5.358     491.045
5.364     514.269
5.370     526.289
5.375     535.489
5.381     554.373
5.387     567.331
5.393     583.955
5.399     604.548
5.404     618.679
5.410     622.263
5.416     625.868
5.422     629.493
5.428     629.493
5.433     629.493
5.439     625.868
5.445     625.868
5.451     622.263
5.457     622.263
5.462     622.263
5.468     622.263
5.474     622.263
5.480     622.263
5.486     622.263
5.492     622.263
5.497     622.263
5.503     622.263
5.509     622.263
5.515     622.263
5.521     622.263
5.526     622.263
5.532     622.263
5.538     622.263
5.544     622.263
5.550     618.679
5.555     618.679
5.561     622.263
5.567     622.263
5.573     622.263
5.579     622.263
5.584     622.263
5.590     622.263
5.596     622.263
5.602     622.263
5.608     622.263
5.613     622.263
5.619     622.263
5.625     622.263
5.631     622.263
5.637     622.263
5.642     622.263
5.648     622.263
5.654     622.263
5.660     622.263
5.666     622.263
5.671     618.679
5.677     618.679
5.683     618.679
5.689     618.679
5.695     618.679
5.700     618.679
5.706     622.263
5.712     622.263
5.718     622.263
5.724     622.263
5.730     622.263
5.735     622.263
5.741     622.263
5.747     622.263
5.753     622.263
5.759     622.263
5.764     622.263
5.770     622.263
5.776     622.263
5.782     622.263
5.788     622.263
5.793     622.263
5.799     622.263
5.805     622.263
5.811     622.263
5.817     622.263
5.822     622.263
5.828     622.263
5.834     618.679
5.840     618.679
5.846     618.679
5.851     618.679
5.857     618.679
5.863     618.679
5.869     618.679
5.875     622.263
5.880     622.263
5.886     622.263
5.892     622.263
5.898     622.263
5.904     622.263
5.909     622.263
5.915     622.263
5.921     622.263
5.927     622.263
5.933     622.263
5.939     622.263
5.944     622.263
5.950     622.263
5.956     622.263
5.962     622.263
5.968     622.263
5.973     622.263
5.979     622.263
5.985     618.679
5.991     618.679
5.997     618.679
6.002     622.263
6.008     622.263
6.014     622.263
6.020     622.263
6.026     622.263
6.031     622.263
6.037     622.263
6.043     622.263
6.049     622.263
6.055     622.263
6.060     622.263
6.066     622.263
6.072     622.263
6.078     622.263
6.084     622.263
6.089     622.263
6.095     622.263
6.101     622.263
6.107     622.263
6.113     622.263
6.118     622.263
6.124     622.263
6.130     622.263
6.136     622.263
6.142     622.263
6.147     622.263
6.153     622.263
6.159     622.263
6.165     622.263
6.171     622.263
6.177     622.263
6.182     622.263
6.188     622.263
6.194     622.263
6.200     622.263
6.206     618.679
6.211     618.679
6.217     618.679
6.223     618.679
6.229     618.679
6.235     618.679
6.240     618.679
6.246     618.679
6.252     618.679
6.258     618.679
6.264     618.679
6.269     618.679
6.275     618.679
6.281     618.679
6.287     618.679
6.293     618.679
6.298     618.679
6.304     618.679
6.310     618.679
6.316     618.679
6.322     618.679
6.327     618.679
6.333     618.679
6.339     618.679
6.345     618.679
6.351     618.679
6.356     618.679
6.362     618.679
6.368     618.679
6.374     618.679
6.380     618.679
6.385     618.679
6.391     618.679
6.397     618.679
6.403     618.679
6.409     0.000
6.415     0.000
6.420     0.000
6.426     0.000
6.432     0.000
6.438     0.000
6.444     0.000
6.449     0.000
6.455     0.000
6.461     0.000
6.467     0.000
6.473     0.000
6.478     0.000
6.484     0.000
6.490     0.000
6.496     0.000
6.502     0.000
6.507     0.000
6.513     0.000
6.519     0.000
6.525     0.000
6.531     0.000
6.536     0.000
6.542     0.000
6.548     0.000
6.554     0.000
6.560     0.000
6.565     0.000
6.571     0.000
6.577     0.000
6.583     0.000
6.589     0.000
6.594     0.000
6.600     0.000
6.606     0.000
6.612     0.000
6.618     0.000
6.623     0.000
6.629     0.000
6.635     0.000
6.641     0.000
6.647     618.679
6.653     618.679
6.658     618.679
6.664     622.263
6.670     622.263
6.676     622.263
6.682     622.263
6.687     622.263
6.693     622.263
6.699     622.263
6.705     622.263
6.711     622.263
6.716     622.263
6.722     622.263
6.728     622.263
6.734     622.263
6.740     622.263
6.745     622.263
6.751     622.263
6.757     622.263
6.763     622.263
6.769     622.263
6.774     622.263
6.780     622.263
6.786     622.263
6.792     622.263
6.798     622.263
6.803     622.263
6.809     622.263
6.815     622.263
6.821     622.263
6.827     622.263
6.832     622.263
6.838     622.263
6.844     622.263
6.850     622.263
6.856     622.263
6.861     622.263
6.867     622.263
6.873     622.263
6.879     622.263
6.885     622.263
6.891     622.263
6.896     622.263
6.902     622.263
6.908     622.263
6.914     622.263
6.920     622.263
6.925     622.263
6.931     622.263
6.937     622.263
6.943     622.263
6.949     622.263
6.954     622.263
6.960     622.263
6.966     622.263
6.972     622.263
6.978     622.263
6.983     622.263
6.989     622.263
6.995     622.263
7.001     622.263
7.007     622.263
7.012     622.263
7.018     622.263
7.024     622.263
7.030     622.263
7.036     622.263
7.041     622.263
7.047     622.263
7.053     622.263
7.059     622.263
7.065     622.263
7.070     622.263
7.076     622.263
7.082     622.263
7.088     622.263
7.094     622.263
7.100     622.263
7.105     622.263
7.111     622.263
7.117     622.263
7.123     622.263
7.129     622.263
7.134     622.263
7.140     622.263
7.146     622.263
7.152     622.263
7.158     622.263
7.163     622.263
7.169     622.263
7.175     622.263
7.181     622.263
7.187     622.263
7.192     622.263
7.198     622.263
7.204     622.263
7.210     622.263
7.216     622.263
7.221     622.263
7.227     622.263
7.233     622.263
7.239     622.263
7.245     622.263
7.250     622.263
7.256     622.263
7.262     622.263
7.268     622.263
7.274     622.263
7.279     622.263
7.285     622.263
7.291     622.263
7.297     622.263
7.303     622.263
7.308     622.263
7.314     622.263
7.320     622.263
7.326     622.263
7.332     622.263
7.338     622.263
7.343     622.263
7.349     622.263
7.355     622.263
7.361     622.263
7.367     622.263
7.372     622.263
7.378     622.263
7.384     622.263
7.390     622.263
7.396     622.263
7.401     622.263
7.407     622.263
7.413     622.263
7.419     622.263
7.425     622.263
7.430     622.263
7.436     622.263
7.442     622.263
7.448     622.263
7.454     622.263
7.459     622.263
7.465     622.263
7.471     622.263
7.477     622.263
7.483     622.263
7.488     622.263
7.494     622.263
7.500     622.263
7.506     622.263
7.512     622.263
7.517     622.263
7.523     622.263
7.529     622.263
7.535     622.263
7.541     622.263
7.546     622.263
7.552     622.263
7.558     622.263
7.564     622.263
7.570     622.263
7.576     622.263
7.581     622.263
7.587     622.263
7.593     622.263
7.599     622.263
7.605     622.263
7.610     622.263
7.616     622.263
7.622     622.263
7.628     622.263
7.634     622.263
7.639     622.263
7.645     622.263
7.651     622.263
7.657     622.263
7.663     622.263
7.668     622.263
7.674     622.263
7.680     622.263
7.686     622.263
7.692     622.263
7.697     622.263
7.703     622.263
7.709     622.263
7.715     622.263
7.721     622.263
7.726     622.263
7.732     622.263
7.738     622.263
7.744     622.263
7.750     622.263
7.755     622.263
7.761     622.263
7.767     622.263
7.773     622.263
7.779     622.263
7.784     622.263
7.790     622.263
7.796     622.263
7.802     622.263
7.808     618.679
7.814     618.679
7.819     618.679
7.825     618.679
7.831     618.679
7.837     622.263
7.843     622.263
7.848     625.868
7.854     625.868
7.860     625.868
7.866     625.868
7.872     625.868
7.877     622.263
7.883     622.263
7.889     622.263
7.895     622.263
7.901     622.263
7.906     622.263
7.912     622.263
7.918     622.263
7.924     622.263
7.930     622.263
7.935     622.263
7.941     622.263
7.947     622.263
7.953     622.263
7.959     622.263
7.964     622.263
7.970     622.263
7.976     622.263
7.982     622.263
7.988     622.263
7.993     622.263
7.999     622.263
8.005     622.263
8.011     622.263
8.017     622.263
8.022     622.263
8.028     622.263
8.034     622.263
8.040     622.263
8.046     622.263
8.052     622.263
8.057     622.263
8.063     622.263
8.069     622.263
8.075     622.263
8.081     622.263
8.086     622.263
8.092     622.263
8.098     622.263
8.104     622.263
8.110     622.263
8.115     622.263
8.121     622.263
8.127     622.263
8.133     622.263
8.139     622.263
8.144     622.263
8.150     622.263
8.156     622.263
8.162     622.263
8.168     622.263
8.173     622.263
8.179     622.263
8.185     622.263
8.191     622.263
8.197     622.263
8.202     622.263
8.208     622.263
8.214     622.263
8.220     622.263
8.226     622.263
8.231     622.263
8.237     622.263
8.243     622.263
8.249     622.263
8.255     622.263
8.260     622.263
8.266     622.263
8.272     622.263
8.278     622.263
8.284     622.263
8.290     622.263
8.295     622.263
8.301     622.263
8.307     622.263
8.313     622.263
8.319     622.263
8.324     622.263
8.330     622.263
8.336     622.263
8.342     622.263
8.348     622.263
8.353     622.263
8.359     622.263
8.365     622.263
8.371     622.263
8.377     622.263
8.382     622.263
8.388     622.263
8.394     622.263
8.400     622.263
8.406     622.263
8.411     622.263
8.417     622.263
8.423     622.263
8.429     622.263
8.435     622.263
8.440     622.263
8.446     622.263
8.452     622.263
8.458     622.263
8.464     622.263
8.469     625.868
8.475     625.868
8.481     625.868
8.487     622.263
8.493     618.679
8.499     615.115
8.504     615.115
8.510     0.000
8.516     0.000
8.522     0.000
8.528     0.000
8.533     0.000
8.539     0.000
8.545     0.000
8.551     0.000
8.557     0.000
8.562     0.000
8.568     0.000
8.574     0.000
8.580     0.000
8.586     333.461
8.591     327.732
8.597     323.968
8.603     322.102
8.609     320.247
8.615     322.102
8.620     325.845
8.626     327.732
8.632     327.732
8.638     327.732
8.644     327.732
8.649     329.631
8.655     329.631
8.661     327.732
8.667     327.732
8.673     327.732
8.678     329.631
8.684     329.631
8.690     329.631
8.696     329.631
8.702     329.631
8.707     327.732
8.713     327.732
8.719     327.732
8.725     327.732
8.731     329.631
8.737     329.631
8.742     329.631
8.748     329.631
8.754     329.631
8.760     329.631
8.766     329.631
8.771     329.631
8.777     329.631
8.783     329.631
8.789     329.631
8.795     329.631
8.800     329.631
8.806     329.631
8.812     329.631
8.818     329.631
8.824     329.631
8.829     329.631
8.835     329.631
8.841     329.631
8.847     329.631
8.853     331.541
8.858     331.541
8.864     331.541
8.870     329.631
8.876     329.631
8.882     329.631
8.887     329.631
8.893     329.631
8.899     329.631
8.905     329.631
8.911     327.732
8.916     329.631
8.922     329.631
8.928     329.631
8.934     329.631
8.940     329.631
8.945     329.631
8.951     329.631
8.957     329.631
8.963     329.631
8.969     329.631
8.975     327.732
8.980     329.631
8.986     329.631
8.992     329.631
8.998     329.631
9.004     329.631
9.009     329.631
9.015     329.631
9.021     329.631
9.027     329.631
9.033     329.631
9.038     329.631
9.044     329.631
9.050     329.631
9.056     329.631
9.062     329.631
9.067     329.631
9.073     329.631
9.079     329.631
9.085     329.631
9.091     329.631
9.096     329.631
9.102     329.631
9.108     329.631
9.114     329.631
9.120     329.631
9.125     329.631
9.131     329.631
9.137     329.631
9.143     327.732
9.149     327.732
9.154     327.732
9.160     329.631
9.166     329.631
9.172     327.732
9.178     327.732
9.183     327.732
9.189     327.732
9.195     327.732
9.201     329.631
9.207     329.631
9.213     329.631
9.218     329.631
9.224     329.631
9.230     329.631
9.236     329.631
9.242     329.631
9.247     327.732
9.253     327.732
9.259     327.732
9.265     327.732
9.271     327.732
9.276     329.631
9.282     329.631
9.288     329.631
9.294     329.631
9.300     329.631
9.305     329.631
9.311     329.631
9.317     329.631
9.323     327.732
9.329     329.631
9.334     329.631
9.340     329.631
9.346     329.631
9.352     329.631
9.358     329.631
9.363     329.631
9.369     329.631
9.375     329.631
9.381     329.631
9.387     329.631
9.392     329.631
9.398     329.631
9.404     329.631
9.410     329.631
9.416     329.631
9.421     329.631
9.427     329.631
9.433     329.631
9.439     329.631
9.445     329.631
9.451     329.631
9.456     329.631
9.462     327.732
9.468     327.732
9.474     329.631
9.480     329.631
9.485     329.631
9.491     329.631
9.497     329.631
9.503     327.732
9.509     327.732
9.514     325.845
9.520     325.845
9.526     323.968
9.532     323.968
9.538     323.968
9.543     323.968
9.549     325.845
9.555     331.541
9.561     337.336
9.567     343.232
9.572     349.232
9.578     365.749
9.584     376.466
9.590     385.266
9.596     396.555
9.601     408.175
9.607     417.715
9.613     429.956
9.619     440.005
9.625     450.290
9.630     463.485
9.636     482.609
9.642     488.217
9.648     493.890
9.654     496.751
9.660     499.628
9.665     499.628
9.671     499.628
9.677     496.751
9.683     499.628
9.689     496.751
9.694     496.751
9.700     493.890
9.706     493.890
9.712     491.045
9.718     493.890
9.723     493.890
9.729     493.890
9.735     493.890
9.741     493.890
9.747     493.890
9.752     493.890
9.758     493.890
9.764     493.890
9.770     493.890
9.776     493.890
9.781     493.890
9.787     493.890
9.793     493.890
9.799     493.890
9.805     493.890
9.810     493.890
9.816     493.890
9.822     493.890
9.828     493.890
9.834     493.890
9.839     493.890
9.845     493.890
9.851     493.890
9.857     493.890
9.863     493.890
9.868     493.890
9.874     493.890
9.880     493.890
9.886     493.890
9.892     493.890
9.898     493.890
9.903     493.890
9.909     493.890
9.915     493.890
9.921     493.890
9.927     493.890
9.932     493.890
9.938     496.751
9.944     496.751
9.950     496.751
9.956     493.890
9.961     493.890
9.967     493.890
9.973     493.890
9.979     493.890
9.985     493.890
9.990     493.890
9.996     493.890
10.002     0.000
10.008     0.000
10.014     0.000
10.019     0.000
10.025     0.000
10.031     0.000
10.037     0.000
10.043     0.000
10.048     0.000
10.054     0.000
10.060     0.000
10.066     0.000
10.072     0.000
10.077     0.000
10.083     0.000
10.089     0.000
10.095     0.000
10.101     0.000
10.106     0.000
10.112     0.000
10.118     0.000
10.124     0.000
10.130     0.000
10.136     493.890
10.141     493.890
10.147     493.890
10.153     493.890
10.159     493.890
10.165     496.751
10.170     496.751
10.176     493.890
10.182     493.890
10.188     493.890
10.194     493.890
10.199     493.890
10.205     493.890
10.211     493.890
10.217     493.890
10.223     493.890
10.228     493.890
10.234     496.751
10.240     496.751
10.246     496.751
10.252     496.751
10.257     493.890
10.263     493.890
10.269     493.890
10.275     493.890
10.281     493.890
10.286     493.890
10.292     493.890
10.298     493.890
10.304     496.751
10.310     493.890
10.315     493.890
10.321     493.890
10.327     493.890
10.333     493.890
10.339     493.890
10.344     493.890
10.350     493.890
10.356     493.890
10.362     493.890
10.368     493.890
10.374     493.890
10.379     493.890
10.385     493.890
10.391     493.890
10.397     493.890
10.403     493.890
10.408     493.890
10.414     493.890
10.420     493.890
10.426     496.751
10.432     493.890
10.437     493.890
10.443     493.890
10.449     493.890
10.455     493.890
10.461     493.890
10.466     493.890
10.472     493.890
10.478     496.751
10.484     493.890
10.490     493.890
10.495     493.890
10.501     493.890
10.507     493.890
10.513     493.890
10.519     493.890
10.524     493.890
10.530     493.890
10.536     493.890
10.542     493.890
10.548     493.890
10.553     493.890
10.559     496.751
10.565     496.751
10.571     496.751
10.577     496.751
10.582     496.751
10.588     499.628
10.594     499.628
10.600     499.628
10.606     499.628
10.612     496.751
10.617     493.890
10.623     493.890
10.629     491.045
10.635     488.217
10.641     485.405
10.646     482.609
10.652     479.829
10.658     479.829
10.664     479.829
10.670     477.066
10.675     474.318
10.681     468.870
10.687     468.870
10.693     466.170
10.699     463.485
10.704     458.161
10.710     452.899
10.716     452.899
10.722     452.899
10.728     455.522
10.733     455.522
10.739     455.522
10.745     458.161
10.751     463.485
10.757     466.170
10.762     466.170
10.768     466.170
10.774     466.170
10.780     466.170
10.786     466.170
10.791     466.170
10.797     466.170
10.803     466.170
10.809     466.170
10.815     466.170
10.820     463.485
10.826     466.170
10.832     466.170
10.838     468.870
10.844     466.170
10.850     466.170
10.855     463.485
10.861     466.170
10.867     468.870
10.873     468.870
10.879     468.870
10.884     466.170
10.890     463.485
10.896     466.170
10.902     468.870
10.908     471.586
10.913     466.170
10.919     463.485
10.925     463.485
10.931     466.170
10.937     471.586
10.942     474.318
10.948     468.870
10.954     463.485
10.960     463.485
10.966     466.170
10.971     468.870
10.977     466.170
10.983     463.485
10.989     463.485
10.995     463.485
11.000     468.870
11.006     468.870
11.012     468.870
11.018     466.170
11.024     463.485
11.029     466.170
11.035     468.870
11.041     468.870
11.047     468.870
11.053     466.170
11.059     463.485
11.064     466.170
11.070     468.870
11.076     468.870
11.082     466.170
11.088     466.170
11.093     466.170
11.099     466.170
11.105     466.170
11.111     466.170
11.117     466.170
11.122     463.485
11.128     463.485
11.134     466.170
11.140     463.485
11.146     463.485
11.151     463.485
11.157     463.485
11.163     463.485
11.169     466.170
11.175     466.170
11.180     463.485
11.186     463.485
11.192     463.485
11.198     466.170
11.204     466.170
11.209     466.170
11.215     463.485
11.221     466.170
11.227     466.170
11.233     466.170
11.238     466.170
11.244     463.485
11.250     463.485
11.256     466.170
11.262     466.170
11.267     466.170
11.273     466.170
11.279     463.485
11.285     463.485
11.291     466.170
11.297     466.170
11.302     466.170
11.308     463.485
11.314     463.485
11.320     463.485
11.326     466.170
11.331     466.170
11.337     466.170
11.343     463.485
11.349     463.485
11.355     466.170
11.360     468.870
11.366     466.170
11.372     463.485
11.378     463.485
11.384     463.485
11.389     466.170
11.395     466.170
11.401     466.170
11.407     463.485
11.413     463.485
11.418     466.170
11.424     468.870
11.430     468.870
11.436     466.170
11.442     463.485
11.447     463.485
11.453     466.170
11.459     466.170
11.465     463.485
11.471     463.485
11.476     463.485
11.482     463.485
11.488     466.170
11.494     466.170
11.500     466.170
11.505     466.170
11.511     466.170
11.517     466.170
11.523     466.170
11.529     466.170
11.535     466.170
11.540     463.485
11.546     463.485
11.552     466.170
11.558     466.170
11.564     466.170
11.569     466.170
11.575     466.170
11.581     466.170
11.587     466.170
11.593     463.485
11.598     463.485
11.604     463.485
11.610     466.170
11.616     466.170
11.622     463.485
11.627     463.485
11.633     466.170
11.639     466.170
11.645     468.870
11.651     468.870
11.656     468.870
11.662     468.870
11.668     466.170
11.674     463.485
11.680     458.161
11.685     447.697
11.691     442.554
11.697     434.951
11.703     429.956
11.709     422.569
11.714     415.310
11.720     410.539
11.726     403.486
11.732     396.555
11.738     389.742
11.743     383.047
11.749     378.647
11.755     374.298
11.761     369.999
11.767     363.642
11.773     361.548
11.778     361.548
11.784     361.548
11.790     361.548
11.796     361.548
11.802     361.548
11.807     365.749
11.813     369.999
11.819     369.999
11.825     367.868
11.831     367.868
11.836     369.999
11.842     369.999
11.848     369.999
11.854     367.868
11.860     367.868
11.865     367.868
11.871     367.868
11.877     369.999
11.883     372.142
11.889     369.999
11.894     369.999
11.900     367.868
11.906     367.868
11.912     369.999
11.918     369.999
11.923     369.999
11.929     369.999
11.935     369.999
11.941     369.999
11.947     367.868
11.952     367.868
11.958     367.868
11.964     369.999
11.970     369.999
11.976     367.868
11.981     367.868
11.987     369.999
11.993     369.999
11.999     367.868
12.005     367.868
12.011     369.999
12.016     369.999
12.022     369.999
12.028     367.868
12.034     367.868
12.040     369.999
12.045     369.999
12.051     369.999
12.057     367.868
12.063     367.868
12.069     367.868
12.074     367.868
12.080     367.868
12.086     367.868
12.092     369.999
12.098     369.999
12.103     369.999
12.109     369.999
12.115     369.999
12.121     369.999
12.127     369.999
12.132     369.999
12.138     367.868
12.144     367.868
12.150     369.999
12.156     369.999
12.161     367.868
12.167     367.868
12.173     369.999
12.179     369.999
12.185     369.999
12.190     367.868
12.196     367.868
12.202     367.868
12.208     367.868
12.214     369.999
12.220     369.999
12.225     369.999
12.231     369.999
12.237     369.999
12.243     367.868
12.249     369.999
12.254     369.999
12.260     369.999
12.266     367.868
12.272     369.999
12.278     369.999
12.283     369.999
12.289     369.999
12.295     369.999
12.301     369.999
12.307     369.999
12.312     369.999
12.318     369.999
12.324     367.868
12.330     367.868
12.336     369.999
12.341     369.999
12.347     369.999
12.353     369.999
12.359     369.999
12.365     369.999
12.370     369.999
12.376     369.999
12.382     372.142
12.388     369.999
12.394     369.999
12.399     369.999
12.405     369.999
12.411     369.999
12.417     369.999
12.423     369.999
12.428     369.999
12.434     369.999
12.440     369.999
12.446     367.868
12.452     369.999
12.458     369.999
12.463     369.999
12.469     0.000
12.475     0.000
12.481     0.000
12.487     0.000
12.492     0.000
12.498     0.000
12.504     0.000
12.510     0.000
12.516     0.000
12.521     0.000
12.527     0.000
12.533     0.000
12.539     0.000
12.545     0.000
12.550     0.000
12.556     0.000
12.562     0.000
12.568     0.000
12.574     0.000
12.579     0.000
12.585     0.000
12.591     0.000
12.597     0.000
12.603     0.000
12.608     0.000
12.614     0.000
12.620     0.000
12.626     0.000
12.632     0.000
12.637     0.000
12.643     0.000
12.649     0.000
12.655     0.000
12.661     0.000
12.666     0.000
12.672     0.000
12.678     0.000
12.684     0.000
12.690     0.000
12.696     0.000
12.701     0.000
12.707     0.000
12.713     0.000
12.719     0.000
12.725     0.000
12.730     0.000
12.736     0.000
12.742     0.000
12.748     0.000
12.754     0.000
12.759     0.000
12.765     0.000
12.771     0.000
12.777     0.000
12.783     0.000
12.788     0.000
12.794     0.000
12.800     0.000
12.806     0.000
12.812     0.000
12.817     0.000
12.823     0.000
12.829     0.000
12.835     0.000
12.841     0.000
12.846     0.000
12.852     0.000
12.858     0.000
12.864     0.000
12.870     0.000
12.875     0.000
12.881     0.000
12.887     0.000
12.893     0.000
12.899     0.000
12.904     0.000
12.910     0.000
12.916     0.000
12.922     0.000
12.928     0.000
12.934     0.000
12.939     0.000
12.945     0.000
12.951     0.000
12.957     369.999
12.963     369.999
12.968     369.999
12.974     369.999
12.980     369.999
12.986     369.999
12.992     369.999
12.997     369.999
13.003     369.999
13.009     369.999
13.015     369.999
13.021     369.999
13.026     369.999
13.032     369.999
13.038     369.999
13.044     369.999
13.050     369.999
13.055     369.999
13.061     369.999
13.067     369.999
13.073     369.999
13.079     372.142
13.084     369.999
13.090     369.999
13.096     369.999
13.102     372.142
13.108     369.999
13.113     0.000
13.119     0.000
13.125     0.000
13.131     0.000
13.137     0.000
13.142     0.000
13.148     0.000
13.154     0.000
13.160     0.000
13.166     0.000
13.172     0.000
13.177     0.000
13.183     0.000
13.189     0.000
13.195     0.000
13.201     0.000
13.206     0.000
13.212     0.000
13.218     0.000
13.224     0.000
13.230     0.000
13.235     0.000
13.241     0.000
13.247     0.000
13.253     0.000
13.259     0.000
13.264     0.000
13.270     0.000
13.276     0.000
13.282     0.000
13.288     0.000
13.293     0.000
13.299     0.000
13.305     0.000
13.311     0.000
13.317     0.000
13.322     0.000
13.328     0.000
13.334     0.000
13.340     0.000
13.346     0.000
13.351     0.000
13.357     0.000
13.363     0.000
13.369     0.000
13.375     0.000
13.380     0.000
13.386     0.000
13.392     0.000
13.398     0.000
13.404     0.000
13.410     0.000
13.415     0.000
13.421     0.000
13.427     0.000
13.433     0.000
13.439     0.000
13.444     0.000
13.450     0.000
13.456     0.000
13.462     0.000
13.468     0.000
13.473     0.000
13.479     0.000
13.485     0.000
13.491     0.000
13.497     0.000
13.502     0.000
13.508     0.000
13.514     0.000
13.520     0.000
13.526     0.000
13.531     0.000
13.537     0.000
13.543     0.000
13.549     0.000
13.555     0.000
13.560     0.000
13.566     0.000
13.572     0.000
13.578     0.000
13.584     0.000
13.589     0.000
13.595     0.000
13.601     0.000
13.607     0.000
13.613     0.000
13.619     0.000
13.624     0.000
13.630     0.000
13.636     0.000
13.642     0.000
13.648     0.000
13.653     0.000
13.659     0.000
13.665     0.000
13.671     0.000
13.677     0.000
13.682     0.000
13.688     0.000
13.694     0.000
13.700     0.000
13.706     0.000
13.711     0.000
13.717     0.000
13.723     0.000
13.729     0.000
13.735     0.000
13.740     0.000
13.746     0.000
13.752     0.000
13.758     0.000
13.764     0.000
13.769     0.000
13.775     0.000
13.781     0.000
13.787     0.000
13.793     0.000
13.798     0.000
13.804     0.000
13.810     0.000
13.816     0.000
13.822     0.000
13.827     0.000
13.833     0.000
13.839     0.000
13.845     0.000
13.851     0.000
13.857     0.000
13.862     0.000
13.868     0.000
13.874     0.000
13.880     0.000
13.886     0.000
13.891     0.000
13.897     0.000
13.903     0.000
13.909     0.000
13.915     0.000
13.920     0.000
13.926     0.000
13.932     0.000
13.938     0.000
13.944     0.000
13.949     0.000
13.955     0.000
13.961     0.000
13.967     0.000
13.973     0.000
13.978     0.000
13.984     0.000
13.990     0.000
13.996     0.000
14.002     0.000
14.007     0.000
14.013     369.999
14.019     369.999
14.025     369.999
14.031     369.999
14.036     369.999
14.042     369.999
14.048     369.999
14.054     369.999
14.060     369.999
14.065     369.999
14.071     369.999
14.077     369.999
14.083     369.999
14.089     369.999
14.095     369.999
14.100     369.999
14.106     369.999
14.112     369.999
14.118     369.999
14.124     369.999
14.129     369.999
14.135     369.999
14.141     369.999
14.147     369.999
14.153     369.999
14.158     369.999
14.164     369.999
14.170     369.999
14.176     369.999
14.182     369.999
14.187     369.999
14.193     369.999
14.199     369.999
14.205     369.999
14.211     369.999
14.216     369.999
14.222     0.000
14.228     0.000
14.234     0.000
14.240     0.000
14.245     0.000
14.251     0.000
14.257     0.000
14.263     0.000
14.269     0.000
14.274     0.000
14.280     0.000
14.286     0.000
14.292     0.000
14.298     0.000
14.303     0.000
14.309     0.000
14.315     0.000
14.321     0.000
14.327     0.000
14.333     0.000
14.338     0.000
14.344     0.000
14.350     0.000
14.356     0.000
14.362     0.000
14.367     0.000
14.373     0.000
14.379     0.000
14.385     0.000
14.391     0.000
14.396     0.000
14.402     0.000
14.408     0.000
14.414     0.000
14.420     0.000
14.425     0.000
14.431     0.000
14.437     0.000
14.443     0.000
14.449     0.000
14.454     0.000
14.460     0.000
14.466     0.000
14.472     0.000
14.478     0.000
14.483     0.000
14.489     0.000
14.495     0.000
14.501     0.000
14.507     0.000
14.512     0.000
14.518     0.000
14.524     0.000
14.530     0.000
14.536     0.000
14.541     0.000
14.547     0.000
14.553     0.000
14.559     0.000
14.565     0.000
14.571     0.000
14.576     0.000
14.582     0.000
14.588     0.000
14.594     0.000
14.600     0.000
14.605     0.000
14.611     0.000
14.617     0.000
14.623     0.000
14.629     0.000
14.634     0.000
14.640     0.000
14.646     0.000
14.652     0.000
14.658     0.000
14.663     0.000
14.669     0.000
14.675     0.000
14.681     0.000
14.687     0.000
14.692     0.000
14.698     0.000
14.704     367.868
14.710     367.868
14.716     369.999
14.721     369.999
14.727     369.999
14.733     369.999
14.739     369.999
14.745     367.868
14.750     369.999
14.756     369.999
14.762     369.999
14.768     367.868
14.774     369.999
14.780     369.999
14.785     369.999
14.791     369.999
14.797     367.868
14.803     369.999
14.809     372.142
14.814     372.142
14.820     372.142
14.826     374.298
14.832     374.298
14.838     374.298
14.843     372.142
14.849     367.868
14.855     363.642
14.861     359.465
14.867     357.395
14.872     353.290
14.878     351.255
14.884     349.232
14.890     343.232
14.896     333.461
14.901     329.631
14.907     325.845
14.913     322.102
14.919     318.402
14.925     316.569
14.930     312.932
14.936     311.130
14.942     305.785
14.948     304.024
14.954     304.024
14.959     304.024
14.965     305.785
14.971     307.556
14.977     309.338
14.983     309.338
14.988     309.338
14.994     309.338
15.000     309.338
15.006     311.130
15.012     311.130
15.018     311.130
15.023     311.130
15.029     309.338
15.035     311.130
15.041     311.130
15.047     309.338
15.052     309.338
15.058     309.338
15.064     311.130
15.070     312.932
15.076     311.130
15.081     311.130
15.087     309.338
15.093     309.338
15.099     311.130
15.105     311.130
15.110     311.130
15.116     311.130
15.122     312.932
15.128     312.932
15.134     312.932
15.139     312.932
15.145     311.130
15.151     311.130
15.157     311.130
15.163     311.130
15.168     311.130
15.174     312.932
15.180     312.932
15.186     311.130
15.192     309.338
15.197     311.130
15.203     311.130
15.209     312.932
15.215     312.932
15.221     312.932
15.226     312.932
15.232     311.130
15.238     311.130
15.244     311.130
15.250     309.338
15.256     311.130
15.261     312.932
15.267     312.932
15.273     312.932
15.279     311.130
15.285     311.130
15.290     311.130
15.296     311.130
15.302     312.932
15.308     312.932
15.314     312.932
15.319     312.932
15.325     311.130
15.331     311.130
15.337     311.130
15.343     311.130
15.348     311.130
15.354     311.130
15.360     311.130
15.366     312.932
15.372     312.932
15.377     311.130
15.383     312.932
15.389     312.932
15.395     311.130
15.401     311.130
15.406     311.130
15.412     311.130
15.418     311.130
15.424     311.130
15.430     311.130
15.435     311.130
15.441     311.130
15.447     311.130
15.453     312.932
15.459     312.932
15.464     312.932
15.470     312.932
15.476     312.932
15.482     312.932
15.488     312.932
15.494     312.932
15.499     312.932
15.505     312.932
15.511     312.932
15.517     311.130
15.523     311.130
15.528     311.130
15.534     311.130
15.540     311.130
15.546     311.130
15.552     311.130
15.557     311.130
15.563     311.130
15.569     311.130
15.575     311.130
15.581     311.130
15.586     311.130
15.592     311.130
15.598     311.130
15.604     311.130
15.610     311.130
15.615     311.130
15.621     312.932
15.627     312.932
15.633     312.932
15.639     311.130
15.644     311.130
15.650     311.130
15.656     311.130
15.662     312.932
15.668     312.932
15.673     312.932
15.679     311.130
15.685     311.130
15.691     311.130
15.697     312.932
15.702     312.932
15.708     312.932
15.714     312.932
15.720     311.130
15.726     311.130
15.732     311.130
15.737     311.130
15.743     311.130
15.749     312.932
15.755     312.932
15.761     312.932
15.766     311.130
15.772     311.130
15.778     311.130
15.784     311.130
15.790     311.130
15.795     311.130
15.801     311.130
15.807     311.130
15.813     311.130
15.819     311.130
15.824     311.130
15.830     311.130
15.836     311.130
15.842     312.932
15.848     312.932
15.853     312.932
15.859     312.932
15.865     312.932
15.871     312.932
15.877     311.130
15.882     311.130
15.888     312.932
15.894     312.932
15.900     311.130
15.906     311.130
15.911     311.130
15.917     311.130
15.923     312.932
15.929     312.932
15.935     312.932
15.940     312.932
15.946     312.932
15.952     312.932
15.958     312.932
15.964     312.932
15.970     312.932
15.975     312.932
15.981     312.932
15.987     312.932
15.993     312.932
15.999     312.932
16.004     312.932
16.010     312.932
16.016     312.932
16.022     312.932
16.028     312.932
16.033     312.932
16.039     312.932
16.045     312.932
16.051     311.130
16.057     311.130
16.062     312.932
16.068     312.932
16.074     312.932
16.080     312.932
16.086     311.130
16.091     311.130
16.097     311.130
16.103     312.932
16.109     312.932
16.115     312.932
16.120     312.932
16.126     312.932
16.132     312.932
16.138     311.130
16.144     311.130
16.149     311.130
16.155     311.130
16.161     312.932
16.167     312.932
16.173     311.130
16.179     311.130
16.184     311.130
16.190     311.130
16.196     311.130
16.202     312.932
16.208     312.932
16.213     312.932
16.219     312.932
16.225     312.932
16.231     312.932
16.237     312.932
16.242     312.932
16.248     312.932
16.254     312.932
16.260     311.130
16.266     311.130
16.271     312.932
16.277     312.932
16.283     312.932
16.289     312.932
16.295     312.932
16.300     312.932
16.306     312.932
16.312     312.932
16.318     312.932
16.324     312.932
16.329     312.932
16.335     312.932
16.341     312.932
16.347     312.932
16.353     312.932
16.358     312.932
16.364     312.932
16.370     312.932
16.376     312.932
16.382     312.932
16.387     312.932
16.393     312.932
16.399     312.932
16.405     312.932
16.411     312.932
16.417     312.932
16.422     312.932
16.428     312.932
16.434     312.932
16.440     312.932
16.446     312.932
16.451     311.130
16.457     311.130
16.463     311.130
16.469     312.932
16.475     312.932
16.480     312.932
16.486     312.932
16.492     312.932
16.498     311.130
16.504     311.130
16.509     311.130
16.515     312.932
16.521     312.932
16.527     312.932
16.533     312.932
16.538     312.932
16.544     312.932
16.550     312.932
16.556     312.932
16.562     312.932
16.567     312.932
16.573     312.932
16.579     312.932
16.585     312.932
16.591     311.130
16.596     311.130
16.602     311.130
16.608     311.130
16.614     311.130
16.620     311.130
16.625     311.130
16.631     311.130
16.637     311.130
16.643     311.130
16.649     311.130
16.655     311.130
16.660     311.130
16.666     311.130
16.672     311.130
16.678     311.130
16.684     311.130
16.689     311.130
16.695     311.130
16.701     311.130
16.707     311.130
16.713     311.130
16.718     311.130
16.724     311.130
16.730     311.130
16.736     311.130
16.742     311.130
16.747     311.130
16.753     311.130
16.759     309.338
16.765     309.338
16.771     309.338
16.776     309.338
16.782     309.338
16.788     309.338
16.794     309.338
16.800     309.338
16.805     309.338
16.811     311.130
16.817     311.130
16.823     309.338
16.829     309.338
16.834     311.130
16.840     311.130
16.846     309.338
16.852     311.130
16.858     311.130
16.863     311.130
16.869     309.338
16.875     309.338
16.881     311.130
16.887     309.338
16.893     309.338
16.898     309.338
16.904     309.338
16.910     309.338
16.916     311.130
16.922     311.130
16.927     311.130
16.933     311.130
16.939     311.130
16.945     311.130
16.951     311.130
16.956     311.130
16.962     311.130
16.968     311.130
16.974     311.130
16.980     311.130
16.985     311.130
16.991     311.130
16.997     311.130
17.003     311.130
17.009     311.130
17.014     0.000
17.020     0.000
17.026     0.000
17.032     0.000
