0.000     0.000
0.006     0.000
0.012     0.000
0.017     0.000
0.023     0.000
0.029     0.000
0.035     0.000
0.041     298.801
0.046     300.532
0.052     300.532
0.058     298.801
0.064     298.801
0.070     298.801
0.075     298.801
0.081     297.080
0.087     295.369
0.093     295.369
0.099     295.369
0.104     298.801
0.110     300.532
0.116     302.273
0.122     302.273
0.128     298.801
0.134     297.080
0.139     297.080
0.145     298.801
0.151     302.273
0.157     304.024
0.163     304.024
0.168     300.532
0.174     300.532
0.180     300.532
0.186     304.024
0.192     305.785
0.197     309.338
0.203     309.338
0.209     305.785
0.215     305.785
0.221     307.556
0.226     312.932
0.232     312.932
0.238     307.556
0.244     305.785
0.250     309.338
0.255     312.932
0.261     312.932
0.267     309.338
0.273     307.556
0.279     311.130
0.284     312.932
0.290     312.932
0.296     311.130
0.302     309.338
0.308     311.130
0.313     312.932
0.319     312.932
0.325     311.130
0.331     309.338
0.337     311.130
0.342     311.130
0.348     311.130
0.354     311.130
0.360     311.130
0.366     311.130
0.372     311.130
0.377     311.130
0.383     311.130
0.389     311.130
0.395     311.130
0.401     311.130
0.406     311.130
0.412     311.130
0.418     311.130
0.424     311.130
0.430     311.130
0.435     311.130
0.441     311.130
0.447     311.130
0.453     311.130
0.459     311.130
0.464     311.130
0.470     311.130
0.476     311.130
0.482     311.130
0.488     311.130
0.493     311.130
0.499     311.130
0.505     311.130
0.511     311.130
0.517     311.130
0.522     311.130
0.528     311.130
0.534     311.130
0.540     311.130
0.546     311.130
0.551     311.130
0.557     311.130
0.563     311.130
0.569     309.338
0.575     309.338
0.580     309.338
0.586     314.745
0.592     316.569
0.598     311.130
0.604     305.785
0.610     304.024
0.615     314.745
0.621     316.569
0.627     311.130
0.633     305.785
0.639     305.785
0.644     312.932
0.650     312.932
0.656     311.130
0.662     307.556
0.668     307.556
0.673     311.130
0.679     311.130
0.685     312.932
0.691     311.130
0.697     307.556
0.702     305.785
0.708     311.130
0.714     311.130
0.720     312.932
0.726     307.556
0.731     307.556
0.737     311.130
0.743     314.745
0.749     312.932
0.755     305.785
0.760     305.785
0.766     311.130
0.772     312.932
0.778     311.130
0.784     307.556
0.789     307.556
0.795     311.130
0.801     312.932
0.807     311.130
0.813     307.556
0.819     297.080
0.824     288.623
0.830     280.406
0.836     274.001
0.842     270.854
0.848     272.423
0.853     277.185
0.859     278.791
0.865     277.185
0.871     277.185
0.877     277.185
0.882     277.185
0.888     277.185
0.894     277.185
0.900     277.185
0.906     277.185
0.911     277.185
0.917     277.185
0.923     277.185
0.929     277.185
0.935     277.185
0.940     277.185
0.946     277.185
0.952     277.185
0.958     277.185
0.964     277.185
0.969     277.185
0.975     277.185
0.981     277.185
0.987     277.185
0.993     277.185
0.998     277.185
1.004     277.185
1.010     277.185
1.016     277.185
1.022     277.185
1.027     277.185
1.033     277.185
1.039     277.185
1.045     277.185
1.051     277.185
1.057     277.185
1.062     275.589
1.068     274.001
1.074     269.294
1.080     266.201
1.086     263.144
1.091     261.628
1.097     261.628
1.103     261.628
1.109     261.628
1.115     260.121
1.120     263.144
1.126     267.743
1.132     266.201
1.138     260.121
1.144     258.623
1.149     257.133
1.155     260.121
1.161     261.628
1.167     260.121
1.173     258.623
1.178     258.623
1.184     261.628
1.190     261.628
1.196     258.623
1.202     258.623
1.207     258.623
1.213     261.628
1.219     261.628
1.225     258.623
1.231     257.133
1.236     258.623
1.242     263.144
1.248     263.144
1.254     261.628
1.260     258.623
1.265     258.623
1.271     260.121
1.277     263.144
1.283     260.121
1.289     258.623
1.295     258.623
1.300     261.628
1.306     263.144
1.312     260.121
1.318     260.121
1.324     258.623
1.329     261.628
1.335     263.144
1.341     261.628
1.347     260.121
1.353     260.121
1.358     261.628
1.364     263.144
1.370     261.628
1.376     258.623
1.382     258.623
1.387     261.628
1.393     264.668
1.399     263.144
1.405     260.121
1.411     258.623
1.416     258.623
1.422     263.144
1.428     263.144
1.434     261.628
1.440     258.623
1.445     257.133
1.451     258.623
1.457     257.133
1.463     242.701
1.469     237.158
1.474     234.434
1.480     233.084
1.486     233.084
1.492     233.084
1.498     231.741
1.503     231.741
1.509     233.084
1.515     233.084
1.521     233.084
1.527     231.741
1.533     231.741
1.538     231.741
1.544     231.741
1.550     231.741
1.556     231.741
1.562     231.741
1.567     231.741
1.573     231.741
1.579     231.741
1.585     231.741
1.591     231.741
1.596     231.741
1.602     231.741
1.608     231.741
1.614     231.741
1.620     231.741
1.625     231.741
1.631     231.741
1.637     233.084
1.643     233.084
1.649     231.741
1.654     231.741
1.660     231.741
1.666     231.741
1.672     231.741
1.678     233.084
1.683     231.741
1.689     231.741
1.695     233.084
1.701     233.084
1.707     233.084
1.712     233.084
1.718     231.741
1.724     233.084
1.730     231.741
1.736     231.741
1.741     233.084
1.747     231.741
1.753     231.741
1.759     231.741
1.765     230.407
1.771     230.407
1.776     231.741
1.782     231.741
1.788     231.741
1.794     230.407
1.800     0.000
1.805     0.000
1.811     0.000
1.817     0.000
1.823     0.000
1.829     0.000
1.834     0.000
1.840     0.000
1.846     0.000
1.852     0.000
1.858     0.000
1.863     0.000
1.869     0.000
1.875     0.000
1.881     0.000
1.887     0.000
1.892     0.000
1.898     0.000
1.904     153.778
1.910     143.480
1.916     140.202
1.921     138.592
1.927     139.395
1.933     138.592
1.939     138.592
1.945     138.592
1.950     138.592
1.956     138.592
1.962     138.592
1.968     137.794
1.974     137.794
1.980     137.794
1.985     138.592
1.991     137.794
1.997     138.592
2.003     138.592
2.009     138.592
2.014     138.592
2.020     138.592
2.026     137.794
2.032     138.592
2.038     138.592
2.043     138.592
2.049     137.794
2.055     138.592
2.061     138.592
2.067     138.592
2.072     138.592
2.078     138.592
2.084     138.592
2.090     138.592
2.096     138.592
2.101     138.592
2.107     137.794
2.113     138.592
2.119     138.592
2.125     138.592
2.130     138.592
2.136     139.395
2.142     138.592
2.148     138.592
2.154     139.395
2.159     138.592
2.165     138.592
2.171     138.592
2.177     138.592
2.183     139.395
2.188     138.592
2.194     138.592
2.200     138.592
2.206     138.592
2.212     139.395
2.218     138.592
2.223     138.592
2.229     138.592
2.235     138.592
2.241     139.395
2.247     138.592
2.252     138.592
2.258     138.592
2.264     138.592
2.270     138.592
2.276     138.592
2.281     138.592
2.287     138.592
2.293     138.592
2.299     0.000
2.305     0.000
2.310     0.000
2.316     0.000
2.322     0.000
2.328     0.000
2.334     0.000
2.339     0.000
2.345     0.000
2.351     0.000
2.357     0.000
2.363     0.000
2.368     0.000
2.374     0.000
2.380     0.000
2.386     0.000
2.392     0.000
2.397     0.000
2.403     0.000
2.409     0.000
2.415     207.654
2.421     206.458
2.426     205.269
2.432     205.269
2.438     206.458
2.444     206.458
2.450     206.458
2.456     206.458
2.461     206.458
2.467     205.269
2.473     205.269
2.479     206.458
2.485     206.458
2.490     206.458
2.496     206.458
2.502     206.458
2.508     206.458
2.514     206.458
2.519     206.458
2.525     206.458
2.531     206.458
2.537     206.458
2.543     206.458
2.548     206.458
2.554     206.458
2.560     206.458
2.566     206.458
2.572     206.458
2.577     206.458
2.583     206.458
2.589     206.458
2.595     206.458
2.601     206.458
2.606     206.458
2.612     206.458
2.618     206.458
2.624     206.458
2.630     206.458
2.635     206.458
2.641     206.458
2.647     206.458
2.653     206.458
2.659     206.458
2.664     206.458
2.670     206.458
2.676     206.458
2.682     206.458
2.688     206.458
2.694     206.458
2.699     206.458
2.705     206.458
2.711     206.458
2.717     206.458
2.723     206.458
2.728     206.458
2.734     206.458
2.740     206.458
2.746     206.458
2.752     206.458
2.757     206.458
2.763     206.458
2.769     206.458
2.775     206.458
2.781     206.458
2.786     206.458
2.792     206.458
2.798     206.458
2.804     206.458
2.810     206.458
2.815     206.458
2.821     206.458
2.827     206.458
2.833     206.458
2.839     206.458
2.844     206.458
2.850     206.458
2.856     207.654
2.862     206.458
2.868     206.458
2.873     206.458
2.879     206.458
2.885     206.458
2.891     206.458
2.897     207.654
2.902     207.654
2.908     206.458
2.914     206.458
2.920     206.458
2.926     206.458
2.932     206.458
2.937     206.458
2.943     205.269
2.949     206.458
2.955     208.857
2.961     211.284
2.966     212.508
2.972     210.067
2.978     204.087
2.984     201.742
2.990     205.269
2.995     216.222
3.001     214.977
3.007     212.508
3.013     207.654
3.019     202.911
3.024     201.742
3.030     206.458
3.036     211.284
3.042     212.508
3.048     208.857
3.053     207.654
3.059     206.458
3.065     205.269
3.071     206.458
3.077     206.458
3.082     207.654
3.088     207.654
3.094     207.654
3.100     207.654
3.106     207.654
3.111     207.654
3.117     207.654
3.123     207.654
3.129     206.458
3.135     207.654
3.140     207.654
3.146     207.654
3.152     207.654
3.158     0.000
3.164     0.000
3.170     0.000
3.175     0.000
3.181     0.000
3.187     0.000
3.193     0.000
3.199     0.000
3.204     0.000
3.210     0.000
3.216     0.000
3.222     0.000
3.228     0.000
3.233     0.000
3.239     347.221
3.245     341.256
3.251     343.232
3.257     347.221
3.262     353.290
3.268     355.337
3.274     355.337
3.280     351.255
3.286     347.221
3.291     345.221
3.297     343.232
3.303     347.221
3.309     353.290
3.315     357.395
3.320     357.395
3.326     357.395
3.332     353.290
3.338     347.221
3.344     341.256
3.349     343.232
3.355     359.465
3.361     359.465
3.367     359.465
3.373     357.395
3.379     0.000
3.384     0.000
3.390     0.000
3.396     0.000
3.402     0.000
3.408     0.000
3.413     0.000
3.419     0.000
3.425     0.000
3.431     0.000
3.437     0.000
3.442     0.000
3.448     0.000
3.454     0.000
3.460     0.000
3.466     0.000
3.471     0.000
3.477     0.000
3.483     0.000
3.489     0.000
3.495     0.000
3.500     0.000
3.506     0.000
3.512     0.000
3.518     0.000
3.524     0.000
3.529     0.000
3.535     0.000
3.541     0.000
3.547     0.000
3.553     0.000
3.558     0.000
3.564     0.000
3.570     0.000
3.576     0.000
3.582     0.000
3.587     0.000
3.593     0.000
3.599     0.000
3.605     0.000
3.611     0.000
3.617     0.000
3.622     0.000
3.628     0.000
3.634     0.000
3.640     0.000
3.646     0.000
3.651     0.000
3.657     0.000
3.663     0.000
3.669     0.000
3.675     0.000
3.680     0.000
3.686     0.000
3.692     0.000
3.698     0.000
3.704     0.000
3.709     0.000
3.715     0.000
3.721     0.000
3.727     0.000
3.733     0.000
3.738     0.000
3.744     0.000
3.750     526.289
3.756     526.289
3.762     526.289
3.767     526.289
3.773     526.289
3.779     523.258
3.785     523.258
3.791     526.289
3.796     526.289
3.802     526.289
3.808     526.289
3.814     526.289
3.820     526.289
3.825     526.289
3.831     526.289
3.837     526.289
3.843     526.289
3.849     526.289
3.855     526.289
3.860     523.258
3.866     526.289
3.872     526.289
3.878     526.289
3.884     529.338
3.889     526.289
3.895     523.258
3.901     526.289
3.907     526.289
3.913     526.289
3.918     523.258
3.924     523.258
3.930     523.258
3.936     523.258
3.942     523.258
3.947     523.258
3.953     523.258
3.959     523.258
3.965     526.289
3.971     526.289
3.976     526.289
3.982     526.289
3.988     523.258
3.994     523.258
4.000     523.258
4.005     526.289
4.011     526.289
4.017     523.258
4.023     520.244
4.029     523.258
4.034     179.732
4.040     179.732
4.046     178.697
4.052     178.697
4.058     179.732
4.063     180.773
4.069     182.874
4.075     181.820
4.081     179.732
4.087     179.732
4.093     179.732
4.098     178.697
4.104     178.697
4.110     176.644
4.116     177.668
4.122     177.668
4.127     178.697
4.133     179.732
4.139     180.773
4.145     526.289
4.151     526.289
4.156     0.000
4.162     0.000
4.168     0.000
4.174     0.000
4.180     0.000
4.185     0.000
4.191     0.000
4.197     0.000
4.203     0.000
4.209     0.000
4.214     0.000
4.220     0.000
4.226     0.000
4.232     0.000
4.238     0.000
4.243     0.000
4.249     0.000
4.255     0.000
4.261     0.000
4.267     0.000
4.272     179.732
4.278     182.874
4.284     183.933
4.290     182.874
4.296     180.773
4.301     179.732
4.307     179.732
4.313     179.732
4.319     179.732
4.325     181.820
4.331     181.820
4.336     180.773
4.342     180.773
4.348     181.820
4.354     181.820
4.360     180.773
4.365     179.732
4.371     179.732
4.377     178.697
4.383     179.732
4.389     180.773
4.394     181.820
4.400     182.874
4.406     182.874
4.412     180.773
4.418     180.773
4.423     180.773
4.429     181.820
4.435     181.820
4.441     180.773
4.447     180.773
4.452     180.773
4.458     179.732
4.464     180.773
4.470     181.820
4.476     182.874
4.481     181.820
4.487     180.773
4.493     180.773
4.499     180.773
4.505     179.732
4.510     180.773
4.516     181.820
4.522     181.820
4.528     180.773
4.534     180.773
4.540     181.820
4.545     181.820
4.551     180.773
4.557     180.773
4.563     180.773
4.569     180.773
4.574     180.773
4.580     180.773
4.586     181.820
4.592     181.820
4.598     180.773
4.603     180.773
4.609     180.773
4.615     180.773
4.621     181.820
4.627     180.773
4.632     181.820
4.638     180.773
4.644     179.732
4.650     179.732
4.656     179.732
4.661     179.732
4.667     177.668
4.673     175.627
4.679     174.615
4.685     174.615
4.690     174.615
4.696     173.610
4.702     172.610
4.708     172.610
4.714     173.610
4.719     173.610
4.725     173.610
4.731     173.610
4.737     173.610
4.743     173.610
4.748     174.615
4.754     173.610
4.760     173.610
4.766     173.610
4.772     173.610
4.778     174.615
4.783     173.610
4.789     173.610
4.795     173.610
4.801     173.610
4.807     173.610
4.812     173.610
4.818     173.610
4.824     173.610
4.830     173.610
4.836     173.610
4.841     173.610
4.847     174.615
4.853     173.610
4.859     173.610
4.865     173.610
4.870     173.610
4.876     174.615
4.882     174.615
4.888     173.610
4.894     173.610
4.899     174.615
4.905     175.627
4.911     0.000
4.917     0.000
4.923     0.000
4.928     0.000
4.934     0.000
4.940     0.000
4.946     0.000
4.952     0.000
4.957     0.000
4.963     0.000
4.969     0.000
4.975     0.000
4.981     0.000
4.986     0.000
4.992     0.000
4.998     0.000
5.004     0.000
5.010     0.000
5.016     0.000
5.021     0.000
5.027     0.000
5.033     0.000
5.039     0.000
5.045     0.000
5.050     0.000
5.056     0.000
5.062     0.000
5.068     229.080
5.074     233.084
5.079     231.741
5.085     229.080
5.091     229.080
5.097     230.407
5.103     231.741
5.108     231.741
5.114     230.407
5.120     230.407
5.126     229.080
5.132     230.407
5.137     231.741
5.143     231.741
5.149     230.407
5.155     230.407
5.161     230.407
5.166     231.741
5.172     231.741
5.178     230.407
5.184     230.407
5.190     230.407
5.195     231.741
5.201     233.084
5.207     231.741
5.213     231.741
5.219     231.741
5.224     231.741
5.230     231.741
5.236     231.741
5.242     231.741
5.248     231.741
5.254     231.741
5.259     231.741
5.265     231.741
5.271     231.741
5.277     231.741
5.283     231.741
5.288     231.741
5.294     231.741
5.300     231.741
5.306     231.741
5.312     231.741
5.317     231.741
5.323     231.741
5.329     231.741
5.335     231.741
5.341     231.741
5.346     231.741
5.352     231.741
5.358     231.741
5.364     231.741
5.370     231.741
5.375     230.407
5.381     230.407
5.387     230.407
5.393     231.741
5.399     231.741
5.404     231.741
5.410     231.741
5.416     230.407
5.422     230.407
5.428     231.741
5.433     231.741
5.439     231.741
5.445     231.741
5.451     230.407
5.457     231.741
5.462     231.741
5.468     231.741
5.474     231.741
5.480     231.741
5.486     231.741
5.492     231.741
5.497     231.741
5.503     231.741
5.509     231.741
5.515     230.407
5.521     230.407
5.526     231.741
5.532     231.741
5.538     233.084
5.544     231.741
5.550     230.407
5.555     230.407
5.561     231.741
5.567     231.741
5.573     231.741
5.579     230.407
5.584     230.407
5.590     230.407
5.596     233.084
5.602     233.084
5.608     231.741
5.613     230.407
5.619     230.407
5.625     231.741
5.631     231.741
5.637     231.741
5.642     231.741
5.648     230.407
5.654     230.407
5.660     230.407
5.666     233.084
5.671     233.084
5.677     231.741
5.683     230.407
5.689     230.407
5.695     230.407
5.700     231.741
5.706     233.084
5.712     231.741
5.718     230.407
5.724     230.407
5.730     231.741
5.735     233.084
5.741     231.741
5.747     230.407
5.753     230.407
5.759     231.741
5.764     233.084
5.770     233.084
5.776     231.741
5.782     230.407
5.788     227.760
5.793     223.847
5.799     217.475
5.805     211.284
5.811     208.857
5.817     207.654
5.822     206.458
5.828     206.458
5.834     206.458
5.840     205.269
5.846     206.458
5.851     206.458
5.857     207.654
5.863     207.654
5.869     207.654
5.875     206.458
5.880     206.458
5.886     206.458
5.892     206.458
5.898     206.458
5.904     206.458
5.909     206.458
5.915     206.458
5.921     206.458
5.927     206.458
5.933     206.458
5.939     206.458
5.944     206.458
5.950     206.458
5.956     206.458
5.962     206.458
5.968     206.458
5.973     206.458
5.979     206.458
5.985     206.458
5.991     206.458
5.997     206.458
6.002     206.458
6.008     206.458
6.014     206.458
6.020     206.458
6.026     206.458
6.031     206.458
6.037     206.458
6.043     206.458
6.049     207.654
6.055     207.654
6.060     208.857
6.066     207.654
6.072     204.087
6.078     202.911
6.084     204.087
6.089     206.458
6.095     204.087
6.101     200.580
6.107     197.135
6.113     199.425
6.118     198.277
6.124     198.277
6.130     199.425
6.136     200.580
6.142     202.911
6.147     205.269
6.153     205.269
6.159     206.458
6.165     206.458
6.171     207.654
6.177     207.654
6.182     206.458
6.188     206.458
6.194     206.458
6.200     206.458
6.206     206.458
6.211     206.458
6.217     206.458
6.223     206.458
6.229     206.458
6.235     206.458
6.240     206.458
6.246     206.458
6.252     206.458
6.258     206.458
6.264     206.458
6.269     206.458
6.275     207.654
6.281     206.458
6.287     206.458
6.293     207.654
6.298     206.458
6.304     206.458
6.310     206.458
6.316     206.458
6.322     206.458
6.327     206.458
6.333     206.458
6.339     206.458
6.345     206.458
6.351     207.654
6.356     207.654
6.362     206.458
6.368     206.458
6.374     206.458
6.380     206.458
6.385     206.458
6.391     206.458
6.397     206.458
6.403     206.458
6.409     206.458
6.415     206.458
6.420     206.458
6.426     206.458
6.432     206.458
6.438     206.458
6.444     206.458
6.449     206.458
6.455     207.654
6.461     207.654
6.467     207.654
6.473     207.654
6.478     207.654
6.484     206.458
6.490     207.654
6.496     207.654
6.502     207.654
6.507     207.654
6.513     207.654
6.519     207.654
6.525     207.654
6.531     207.654
6.536     207.654
6.542     207.654
6.548     207.654
6.554     207.654
6.560     207.654
6.565     206.458
6.571     207.654
6.577     206.458
6.583     207.654
6.589     206.458
6.594     206.458
6.600     206.458
6.606     206.458
6.612     206.458
6.618     206.458
6.623     206.458
6.629     206.458
6.635     206.458
6.641     207.654
6.647     207.654
6.653     207.654
6.658     207.654
6.664     207.654
6.670     207.654
6.676     207.654
6.682     207.654
6.687     207.654
6.693     207.654
6.699     207.654
6.705     207.654
6.711     207.654
6.716     207.654
6.722     207.654
6.728     207.654
6.734     207.654
6.740     207.654
6.745     207.654
6.751     206.458
6.757     207.654
6.763     206.458
6.769     207.654
6.774     207.654
6.780     206.458
6.786     207.654
6.792     206.458
6.798     206.458
6.803     206.458
6.809     206.458
6.815     206.458
6.821     206.458
6.827     207.654
6.832     207.654
6.838     207.654
6.844     207.654
6.850     207.654
6.856     207.654
6.861     207.654
6.867     207.654
6.873     207.654
6.879     208.857
6.885     208.857
6.891     206.458
6.896     206.458
6.902     206.458
6.908     207.654
6.914     207.654
6.920     207.654
6.925     207.654
6.931     207.654
6.937     207.654
6.943     207.654
6.949     207.654
6.954     207.654
6.960     207.654
6.966     207.654
6.972     207.654
6.978     207.654
6.983     206.458
6.989     206.458
6.995     207.654
7.001     207.654
7.007     207.654
7.012     207.654
7.018     207.654
7.024     207.654
7.030     207.654
7.036     207.654
7.041     207.654
7.047     207.654
7.053     207.654
7.059     207.654
7.065     207.654
7.070     207.654
7.076     207.654
7.082     207.654
7.088     207.654
7.094     207.654
7.100     207.654
7.105     206.458
7.111     206.458
7.117     0.000
7.123     0.000
7.129     0.000
7.134     0.000
7.140     0.000
7.146     0.000
7.152     0.000
7.158     0.000
7.163     0.000
7.169     0.000
7.175     0.000
7.181     0.000
7.187     0.000
7.192     0.000
7.198     0.000
7.204     0.000
7.210     0.000
7.216     0.000
7.221     0.000
7.227     0.000
7.233     0.000
7.239     0.000
7.245     0.000
7.250     0.000
7.256     0.000
7.262     0.000
7.268     0.000
7.274     0.000
7.279     0.000
7.285     0.000
7.291     0.000
7.297     0.000
7.303     0.000
7.308     0.000
7.314     0.000
7.320     0.000
7.326     0.000
7.332     0.000
7.338     0.000
7.343     0.000
7.349     0.000
7.355     0.000
7.361     0.000
7.367     0.000
7.372     0.000
7.378     0.000
7.384     0.000
7.390     0.000
7.396     0.000
7.401     0.000
7.407     0.000
7.413     264.668
7.419     261.628
7.425     261.628
7.430     264.668
7.436     266.201
7.442     264.668
7.448     263.144
7.454     263.144
7.459     264.668
7.465     266.201
7.471     261.628
7.477     260.121
7.483     263.144
7.488     263.144
7.494     263.144
7.500     263.144
7.506     263.144
7.512     258.623
7.517     257.133
7.523     263.144
7.529     261.628
7.535     263.144
7.541     264.668
7.546     260.121
7.552     258.623
7.558     258.623
7.564     263.144
7.570     263.144
7.576     0.000
7.581     0.000
7.587     0.000
7.593     0.000
7.599     0.000
7.605     0.000
7.610     0.000
7.616     0.000
7.622     0.000
7.628     0.000
7.634     0.000
7.639     0.000
7.645     316.569
7.651     311.130
7.657     311.130
7.663     312.932
7.668     312.932
7.674     311.130
7.680     309.338
7.686     311.130
7.692     312.932
7.697     312.932
7.703     311.130
7.709     311.130
7.715     312.932
7.721     314.745
7.726     312.932
7.732     311.130
7.738     311.130
7.744     312.932
7.750     314.745
7.755     312.932
7.761     311.130
7.767     311.130
7.773     312.932
7.779     314.745
7.784     311.130
7.790     311.130
7.796     311.130
7.802     314.745
7.808     312.932
7.814     311.130
7.819     311.130
7.825     312.932
7.831     312.932
7.837     312.932
7.843     309.338
7.848     311.130
7.854     312.932
7.860     312.932
7.866     311.130
7.872     311.130
7.877     314.745
7.883     337.336
7.889     347.221
7.895     349.232
7.901     351.255
7.906     347.221
7.912     347.221
7.918     349.232
7.924     351.255
7.930     351.255
7.935     347.221
7.941     349.232
7.947     351.255
7.953     351.255
7.959     349.232
7.964     349.232
7.970     349.232
7.976     351.255
7.982     349.232
7.988     347.221
7.993     347.221
7.999     349.232
8.005     351.255
8.011     349.232
8.017     345.221
8.022     347.221
8.028     351.255
8.034     351.255
8.040     349.232
8.046     347.221
8.052     349.232
8.057     351.255
8.063     349.232
8.069     345.221
8.075     349.232
8.081     351.255
8.086     351.255
8.092     349.232
8.098     345.221
8.104     349.232
8.110     351.255
8.115     351.255
8.121     345.221
8.127     345.221
8.133     351.255
8.139     351.255
8.144     347.221
8.150     322.102
8.156     312.932
8.162     309.338
8.168     309.338
8.173     320.247
8.179     312.932
8.185     309.338
8.191     309.338
8.197     312.932
8.202     312.932
8.208     312.932
8.214     309.338
8.220     311.130
8.226     318.402
8.231     331.541
8.237     351.255
8.243     351.255
8.249     347.221
8.255     329.631
8.260     347.221
8.266     351.255
8.272     351.255
8.278     343.232
8.284     343.232
8.290     351.255
8.295     351.255
8.301     347.221
8.307     339.290
8.313     349.232
8.319     351.255
8.324     351.255
8.330     345.221
8.336     341.256
8.342     349.232
8.348     353.290
8.353     349.232
8.359     335.393
8.365     323.968
8.371     316.569
8.377     312.932
8.382     312.932
8.388     312.932
8.394     312.932
8.400     311.130
8.406     305.785
8.411     305.785
8.417     304.024
8.423     290.295
8.429     282.030
8.435     207.654
8.440     206.458
8.446     206.458
8.452     202.911
8.458     204.087
8.464     204.087
8.469     205.269
8.475     205.269
8.481     206.458
8.487     206.458
8.493     206.458
8.499     206.458
8.504     204.087
8.510     204.087
8.516     204.087
8.522     204.087
8.528     204.087
8.533     206.458
8.539     207.654
8.545     207.654
8.551     207.654
8.557     206.458
8.562     205.269
8.568     205.269
8.574     205.269
8.580     206.458
8.586     207.654
8.591     207.654
8.597     206.458
8.603     206.458
8.609     205.269
8.615     206.458
8.620     207.654
8.626     207.654
8.632     208.857
8.638     207.654
8.644     206.458
8.649     205.269
8.655     204.087
8.661     202.911
8.667     202.911
8.673     204.087
8.678     207.654
8.684     208.857
8.690     208.857
8.696     0.000
8.702     0.000
8.707     0.000
8.713     0.000
8.719     0.000
8.725     0.000
8.731     0.000
8.737     0.000
8.742     0.000
8.748     0.000
8.754     0.000
8.760     0.000
8.766     0.000
8.771     0.000
8.777     0.000
8.783     0.000
8.789     0.000
8.795     0.000
8.800     0.000
8.806     0.000
8.812     0.000
8.818     0.000
8.824     0.000
8.829     0.000
8.835     0.000
8.841     0.000
8.847     0.000
8.853     0.000
8.858     0.000
8.864     0.000
8.870     0.000
8.876     0.000
8.882     0.000
8.887     0.000
8.893     0.000
8.899     0.000
8.905     195.999
8.911     194.870
8.916     193.748
8.922     195.999
8.928     195.999
8.934     195.999
8.940     195.999
8.945     195.999
8.951     195.999
8.957     194.870
8.963     195.999
8.969     195.999
8.975     195.999
8.980     195.999
8.986     195.999
8.992     195.999
8.998     195.999
9.004     194.870
9.009     194.870
9.015     194.870
9.021     194.870
9.027     195.999
9.033     195.999
9.038     195.999
9.044     195.999
9.050     195.999
9.056     195.999
9.062     195.999
9.067     195.999
9.073     195.999
9.079     195.999
9.085     195.999
9.091     195.999
9.096     195.999
9.102     195.999
9.108     195.999
9.114     195.999
9.120     195.999
9.125     195.999
9.131     195.999
9.137     195.999
9.143     195.999
9.149     195.999
9.154     195.999
9.160     195.999
9.166     195.999
9.172     195.999
9.178     195.999
9.183     195.999
9.189     197.135
9.195     197.135
9.201     197.135
9.207     197.135
9.213     197.135
9.218     195.999
9.224     195.999
9.230     198.277
9.236     198.277
9.242     199.425
9.247     200.580
9.253     200.580
9.259     201.742
9.265     205.269
9.271     214.977
9.276     212.508
9.282     230.407
9.288     231.741
9.294     233.084
9.300     233.084
9.305     233.084
9.311     231.741
9.317     230.407
9.323     230.407
9.329     231.741
9.334     233.084
9.340     234.434
9.346     233.084
9.352     231.741
9.358     229.080
9.363     230.407
9.369     231.741
9.375     234.434
9.381     234.434
9.387     233.084
9.392     231.741
9.398     230.407
9.404     231.741
9.410     233.084
9.416     233.084
9.421     233.084
9.427     231.741
9.433     231.741
9.439     231.741
9.445     231.741
9.451     233.084
9.456     234.434
9.462     233.084
9.468     233.084
9.474     231.741
9.480     230.407
9.485     230.407
9.491     231.741
9.497     233.084
9.503     234.434
9.509     234.434
9.514     231.741
9.520     230.407
9.526     230.407
9.532     231.741
9.538     234.434
9.543     234.434
9.549     233.084
9.555     231.741
9.561     230.407
9.567     230.407
9.572     233.084
9.578     234.434
9.584     234.434
9.590     233.084
9.596     230.407
9.601     229.080
9.607     231.741
9.613     234.434
9.619     235.792
9.625     233.084
9.630     230.407
9.636     229.080
9.642     230.407
9.648     233.084
9.654     235.792
9.660     234.434
9.665     231.741
9.671     230.407
9.677     230.407
9.683     231.741
9.689     234.434
9.694     234.434
9.700     233.084
9.706     230.407
9.712     230.407
9.718     231.741
9.723     233.084
9.729     234.434
9.735     233.084
9.741     231.741
9.747     230.407
9.752     230.407
9.758     231.741
9.764     231.741
9.770     233.084
9.776     233.084
9.781     231.741
9.787     230.407
9.793     231.741
9.799     233.084
9.805     234.434
9.810     234.434
9.816     233.084
9.822     231.741
9.828     230.407
9.834     233.084
9.839     234.434
9.845     234.434
9.851     233.084
9.857     231.741
9.863     231.741
9.868     231.741
9.874     233.084
9.880     233.084
9.886     233.084
9.892     231.741
9.898     231.741
9.903     231.741
9.909     233.084
9.915     233.084
9.921     231.741
9.927     231.741
9.932     231.741
9.938     233.084
9.944     233.084
9.950     233.084
9.956     231.741
9.961     233.084
9.967     233.084
9.973     233.084
9.979     233.084
9.985     233.084
9.990     233.084
9.996     233.084
10.002     231.741
10.008     233.084
10.014     233.084
10.019     233.084
10.025     231.741
10.031     231.741
10.037     231.741
10.043     233.084
10.048     234.434
10.054     233.084
10.060     231.741
10.066     231.741
10.072     231.741
10.077     231.741
10.083     233.084
10.089     231.741
10.095     231.741
10.101     231.741
10.106     231.741
10.112     233.084
10.118     234.434
10.124     233.084
10.130     231.741
10.136     231.741
10.141     231.741
10.147     230.407
10.153     225.144
10.159     214.977
10.165     210.067
10.170     207.654
10.176     206.458
10.182     207.654
10.188     208.857
10.194     207.654
10.199     207.654
10.205     206.458
10.211     206.458
10.217     207.654
10.223     207.654
10.228     208.857
10.234     208.857
10.240     206.458
10.246     205.269
10.252     206.458
10.257     207.654
10.263     207.654
10.269     206.458
10.275     206.458
10.281     206.458
10.286     207.654
10.292     208.857
10.298     207.654
10.304     207.654
10.310     206.458
10.315     205.269
10.321     204.087
10.327     204.087
10.333     205.269
10.339     206.458
10.344     206.458
10.350     206.458
10.356     207.654
10.362     206.458
10.368     205.269
10.374     205.269
10.379     206.458
10.385     207.654
10.391     208.857
10.397     206.458
10.403     204.087
10.408     205.269
10.414     206.458
10.420     205.269
10.426     206.458
10.432     206.458
10.437     208.857
10.443     208.857
10.449     204.087
10.455     202.911
10.461     201.742
10.466     201.742
10.472     201.742
10.478     200.580
10.484     199.425
10.490     197.135
10.495     198.277
10.501     199.425
10.507     200.580
10.513     194.870
10.519     197.135
10.524     197.135
10.530     198.277
10.536     201.742
10.542     205.269
10.548     206.458
10.553     207.654
10.559     206.458
10.565     206.458
10.571     206.458
10.577     206.458
10.582     205.269
10.588     205.269
10.594     205.269
10.600     206.458
10.606     206.458
10.612     206.458
10.617     206.458
10.623     206.458
10.629     205.269
10.635     205.269
10.641     205.269
10.646     205.269
10.652     206.458
10.658     206.458
10.664     206.458
10.670     206.458
10.675     206.458
10.681     206.458
10.687     206.458
10.693     206.458
10.699     207.654
10.704     207.654
10.710     207.654
10.716     206.458
10.722     205.269
10.728     205.269
10.733     205.269
10.739     205.269
10.745     206.458
10.751     206.458
10.757     207.654
10.762     206.458
10.768     206.458
10.774     206.458
10.780     206.458
10.786     205.269
10.791     205.269
10.797     206.458
10.803     206.458
10.809     206.458
10.815     205.269
10.820     204.087
10.826     205.269
10.832     205.269
10.838     205.269
10.844     206.458
10.850     206.458
10.855     206.458
10.861     206.458
10.867     206.458
10.873     206.458
10.879     205.269
10.884     206.458
10.890     206.458
10.896     206.458
10.902     204.087
10.908     200.580
10.913     195.999
10.919     194.870
10.925     194.870
10.931     194.870
10.937     195.999
10.942     194.870
10.948     195.999
10.954     195.999
10.960     195.999
10.966     195.999
10.971     194.870
10.977     195.999
10.983     195.999
10.989     195.999
10.995     195.999
11.000     195.999
11.006     194.870
11.012     195.999
11.018     195.999
11.024     194.870
11.029     195.999
11.035     195.999
11.041     195.999
11.047     194.870
11.053     194.870
11.059     194.870
11.064     195.999
11.070     194.870
11.076     194.870
11.082     194.870
11.088     194.870
11.093     195.999
11.099     195.999
11.105     195.999
11.111     194.870
11.117     194.870
11.122     194.870
11.128     195.999
11.134     194.870
11.140     194.870
11.146     192.632
11.151     192.632
11.157     193.748
11.163     193.748
11.169     193.748
11.175     0.000
11.180     0.000
11.186     0.000
11.192     0.000
11.198     0.000
11.204     0.000
11.209     0.000
11.215     0.000
11.221     0.000
11.227     0.000
11.233     0.000
11.238     0.000
11.244     0.000
11.250     0.000
11.256     0.000
11.262     0.000
11.267     0.000
11.273     0.000
11.279     0.000
11.285     0.000
11.291     0.000
11.297     0.000
11.302     0.000
11.308     229.080
11.314     229.080
11.320     230.407
11.326     231.741
11.331     230.407
11.337     230.407
11.343     227.760
11.349     227.760
11.355     229.080
11.360     229.080
11.366     230.407
11.372     230.407
11.378     230.407
11.384     230.407
11.389     230.407
11.395     230.407
11.401     230.407
11.407     230.407
11.413     230.407
11.418     231.741
11.424     230.407
11.430     229.080
11.436     230.407
11.442     230.407
11.447     231.741
11.453     231.741
11.459     231.741
11.465     231.741
11.471     231.741
11.476     231.741
11.482     231.741
11.488     231.741
11.494     231.741
11.500     231.741
11.505     231.741
11.511     231.741
11.517     231.741
11.523     231.741
11.529     231.741
11.535     231.741
11.540     231.741
11.546     231.741
11.552     231.741
11.558     231.741
11.564     230.407
11.569     231.741
11.575     231.741
11.581     233.084
11.587     231.741
11.593     230.407
11.598     230.407
11.604     230.407
11.610     231.741
11.616     231.741
11.622     231.741
11.627     231.741
11.633     230.407
11.639     230.407
11.645     231.741
11.651     233.084
11.656     233.084
11.662     231.741
11.668     229.080
11.674     229.080
11.680     230.407
11.685     231.741
11.691     234.434
11.697     234.434
11.703     233.084
11.709     230.407
11.714     229.080
11.720     230.407
11.726     231.741
11.732     231.741
11.738     233.084
11.743     231.741
11.749     231.741
11.755     231.741
11.761     231.741
11.767     231.741
11.773     231.741
11.778     233.084
11.784     231.741
11.790     230.407
11.796     230.407
11.802     230.407
11.807     231.741
11.813     233.084
11.819     233.084
11.825     231.741
11.831     231.741
11.836     230.407
11.842     230.407
11.848     231.741
11.854     233.084
11.860     233.084
11.865     231.741
11.871     230.407
11.877     230.407
11.883     230.407
11.889     231.741
11.894     233.084
11.900     233.084
11.906     231.741
11.912     230.407
11.918     230.407
11.923     230.407
11.929     230.407
11.935     231.741
11.941     233.084
11.947     231.741
11.952     230.407
11.958     230.407
11.964     230.407
11.970     230.407
11.976     231.741
11.981     233.084
11.987     233.084
11.993     231.741
11.999     230.407
12.005     231.741
12.011     231.741
12.016     231.741
12.022     231.741
12.028     231.741
12.034     229.080
12.040     223.847
12.045     216.222
12.051     210.067
12.057     207.654
12.063     206.458
12.069     207.654
12.074     207.654
12.080     206.458
12.086     206.458
12.092     205.269
12.098     206.458
12.103     207.654
12.109     207.654
12.115     206.458
12.121     206.458
12.127     205.269
12.132     205.269
12.138     206.458
12.144     206.458
12.150     206.458
12.156     206.458
12.161     207.654
12.167     207.654
12.173     207.654
12.179     206.458
12.185     205.269
12.190     205.269
12.196     206.458
12.202     206.458
12.208     206.458
12.214     206.458
12.220     206.458
12.225     206.458
12.231     206.458
12.237     206.458
12.243     205.269
12.249     205.269
12.254     206.458
12.260     206.458
12.266     206.458
12.272     206.458
12.278     206.458
12.283     205.269
12.289     205.269
12.295     206.458
12.301     206.458
12.307     206.458
12.312     206.458
12.318     205.269
12.324     206.458
12.330     206.458
12.336     206.458
12.341     206.458
12.347     207.654
12.353     206.458
12.359     205.269
12.365     205.269
12.370     205.269
12.376     204.087
12.382     201.742
12.388     199.425
12.394     195.999
12.399     195.999
12.405     195.999
12.411     194.870
12.417     193.748
12.423     194.870
12.428     194.870
12.434     194.870
12.440     195.999
12.446     195.999
12.452     194.870
12.458     194.870
12.463     195.999
12.469     195.999
12.475     194.870
12.481     193.748
12.487     194.870
12.492     194.870
12.498     194.870
12.504     194.870
12.510     194.870
12.516     194.870
12.521     194.870
12.527     194.870
12.533     194.870
12.539     194.870
12.545     194.870
12.550     194.870
12.556     194.870
12.562     194.870
12.568     194.870
12.574     194.870
12.579     194.870
12.585     195.999
12.591     194.870
12.597     193.748
12.603     193.748
12.608     194.870
12.614     197.135
12.620     197.135
12.626     197.135
12.632     195.999
12.637     194.870
12.643     194.870
12.649     194.870
12.655     194.870
12.661     194.870
12.666     195.999
12.672     195.999
12.678     195.999
12.684     194.870
12.690     195.999
12.696     195.999
12.701     195.999
12.707     194.870
12.713     194.870
12.719     195.999
12.725     195.999
12.730     195.999
12.736     194.870
12.742     195.999
12.748     197.135
12.754     195.999
12.759     195.999
12.765     194.870
12.771     195.999
12.777     197.135
12.783     195.999
12.788     195.999
12.794     195.999
12.800     197.135
12.806     197.135
12.812     195.999
12.817     195.999
12.823     195.999
12.829     197.135
12.835     195.999
12.841     195.999
12.846     195.999
12.852     197.135
12.858     195.999
12.864     195.999
12.870     195.999
12.875     195.999
12.881     197.135
12.887     195.999
12.893     195.999
12.899     195.999
12.904     195.999
12.910     195.999
12.916     195.999
12.922     195.999
12.928     195.999
12.934     195.999
12.939     195.999
12.945     195.999
12.951     195.999
12.957     195.999
12.963     195.999
12.968     195.999
12.974     195.999
12.980     195.999
12.986     195.999
12.992     195.999
12.997     195.999
13.003     195.999
13.009     195.999
13.015     195.999
13.021     195.999
13.026     195.999
13.032     195.999
13.038     195.999
13.044     195.999
13.050     195.999
13.055     195.999
13.061     195.999
13.067     195.999
13.073     195.999
13.079     195.999
13.084     195.999
13.090     195.999
13.096     195.999
13.102     195.999
13.108     195.999
13.113     195.999
13.119     195.999
13.125     195.999
13.131     195.999
13.137     195.999
13.142     195.999
13.148     195.999
13.154     195.999
13.160     197.135
13.166     197.135
13.172     195.999
13.177     195.999
13.183     195.999
13.189     195.999
13.195     195.999
13.201     195.999
13.206     195.999
13.212     195.999
13.218     195.999
13.224     195.999
13.230     195.999
13.235     195.999
13.241     195.999
13.247     195.999
13.253     195.999
13.259     195.999
13.264     195.999
13.270     195.999
13.276     195.999
13.282     195.999
13.288     195.999
13.293     195.999
13.299     195.999
13.305     195.999
13.311     195.999
13.317     195.999
13.322     195.999
13.328     197.135
13.334     195.999
13.340     195.999
13.346     195.999
13.351     195.999
13.357     195.999
13.363     195.999
13.369     195.999
13.375     195.999
13.380     195.999
13.386     195.999
13.392     195.999
13.398     195.999
13.404     195.999
13.410     195.999
13.415     194.870
13.421     194.870
13.427     194.870
13.433     194.870
13.439     194.870
13.444     195.999
13.450     195.999
13.456     194.870
13.462     194.870
13.468     195.999
13.473     197.135
13.479     197.135
13.485     194.870
13.491     194.870
13.497     197.135
13.502     198.277
13.508     195.999
13.514     194.870
13.520     195.999
13.526     198.277
13.531     198.277
13.537     194.870
13.543     195.999
13.549     195.999
13.555     197.135
13.560     193.748
13.566     193.748
13.572     194.870
13.578     197.135
13.584     197.135
13.589     195.999
13.595     195.999
13.601     195.999
13.607     195.999
13.613     195.999
13.619     195.999
13.624     195.999
13.630     195.999
13.636     195.999
13.642     195.999
13.648     195.999
13.653     194.870
13.659     194.870
13.665     194.870
13.671     194.870
13.677     195.999
13.682     197.135
13.688     198.277
13.694     198.277
13.700     197.135
13.706     198.277
13.711     197.135
13.717     197.135
13.723     195.999
13.729     195.999
13.735     195.999
13.740     195.999
13.746     194.870
13.752     195.999
13.758     195.999
13.764     195.999
13.769     194.870
13.775     195.999
13.781     195.999
13.787     194.870
13.793     194.870
13.798     194.870
13.804     194.870
13.810     195.999
13.816     195.999
13.822     195.999
13.827     195.999
13.833     195.999
13.839     195.999
13.845     195.999
13.851     195.999
13.857     195.999
13.862     195.999
13.868     195.999
13.874     195.999
13.880     197.135
13.886     197.135
13.891     195.999
13.897     195.999
13.903     197.135
13.909     195.999
13.915     197.135
13.920     195.999
13.926     195.999
13.932     194.870
13.938     194.870
13.944     195.999
13.949     195.999
13.955     195.999
13.961     195.999
13.967     195.999
13.973     195.999
13.978     194.870
13.984     194.870
13.990     194.870
13.996     195.999
14.002     195.999
14.007     195.999
14.013     195.999
14.019     195.999
14.025     195.999
14.031     195.999
14.036     195.999
14.042     195.999
14.048     195.999
14.054     195.999
14.060     195.999
14.065     195.999
14.071     195.999
14.077     0.000
14.083     0.000
14.089     0.000
14.095     0.000
14.100     0.000
14.106     0.000
14.112     0.000
14.118     0.000
14.124     0.000
14.129     0.000
14.135     0.000
14.141     0.000
14.147     0.000
14.153     0.000
14.158     0.000
14.164     0.000
14.170     0.000
14.176     0.000
14.182     0.000
14.187     0.000
14.193     0.000
14.199     0.000
14.205     0.000
14.211     0.000
14.216     0.000
14.222     0.000
14.228     0.000
14.234     0.000
14.240     0.000
14.245     0.000
14.251     0.000
14.257     0.000
14.263     0.000
14.269     0.000
14.274     0.000
14.280     0.000
14.286     0.000
14.292     0.000
14.298     0.000
14.303     0.000
14.309     0.000
14.315     0.000
14.321     0.000
14.327     0.000
14.333     0.000
14.338     0.000
14.344     0.000
14.350     0.000
14.356     0.000
14.362     0.000
14.367     0.000
14.373     0.000
14.379     0.000
14.385     0.000
14.391     0.000
14.396     0.000
14.402     0.000
14.408     0.000
14.414     0.000
14.420     0.000
14.425     0.000
14.431     0.000
14.437     0.000
14.443     0.000
14.449     0.000
14.454     0.000
14.460     0.000
14.466     0.000
14.472     0.000
14.478     290.295
14.483     290.295
14.489     291.976
14.495     293.668
14.501     295.369
14.507     295.369
14.512     295.369
14.518     293.668
14.524     291.976
14.530     293.668
14.536     291.976
14.541     290.295
14.547     291.976
14.553     293.668
14.559     293.668
14.565     295.369
14.571     295.369
14.576     295.369
14.582     295.369
14.588     293.668
14.594     392.000
14.600     392.000
14.605     394.271
14.611     394.271
14.617     0.000
14.623     0.000
14.629     0.000
14.634     0.000
14.640     0.000
14.646     0.000
14.652     0.000
14.658     0.000
14.663     0.000
14.669     0.000
14.675     0.000
14.681     0.000
14.687     0.000
14.692     0.000
14.698     0.000
14.704     0.000
14.710     0.000
14.716     0.000
14.721     0.000
14.727     0.000
14.733     0.000
14.739     0.000
14.745     204.087
14.750     204.087
14.756     204.087
14.762     210.067
14.768     211.284
14.774     210.067
14.780     206.458
14.785     205.269
14.791     206.458
14.797     207.654
14.803     208.857
14.809     208.857
14.814     208.857
14.820     207.654
14.826     205.269
14.832     204.087
14.838     205.269
14.843     205.269
14.849     208.857
14.855     212.508
14.861     212.508
14.867     210.067
14.872     207.654
14.878     205.269
14.884     206.458
14.890     205.269
14.896     0.000
14.901     0.000
14.907     0.000
14.913     0.000
14.919     0.000
14.925     0.000
14.930     0.000
14.936     0.000
14.942     0.000
14.948     0.000
14.954     0.000
14.959     0.000
14.965     0.000
14.971     0.000
14.977     0.000
14.983     0.000
14.988     0.000
14.994     0.000
15.000     0.000
15.006     0.000
15.012     0.000
15.018     0.000
15.023     0.000
15.029     0.000
15.035     0.000
15.041     0.000
15.047     0.000
15.052     0.000
15.058     0.000
15.064     0.000
15.070     0.000
15.076     0.000
15.081     0.000
15.087     0.000
15.093     0.000
15.099     0.000
15.105     0.000
15.110     0.000
15.116     0.000
15.122     0.000
15.128     0.000
15.134     0.000
15.139     0.000
15.145     0.000
15.151     0.000
15.157     0.000
15.163     0.000
15.168     0.000
15.174     0.000
15.180     0.000
15.186     0.000
15.192     0.000
15.197     0.000
15.203     0.000
15.209     0.000
15.215     0.000
15.221     0.000
15.226     0.000
15.232     0.000
15.238     0.000
15.244     0.000
15.250     0.000
15.256     0.000
15.261     0.000
15.267     0.000
15.273     0.000
15.279     0.000
15.285     0.000
15.290     0.000
15.296     0.000
15.302     0.000
15.308     0.000
15.314     0.000
15.319     0.000
15.325     0.000
15.331     0.000
15.337     0.000
15.343     0.000
15.348     0.000
15.354     0.000
15.360     0.000
15.366     0.000
15.372     0.000
15.377     0.000
15.383     0.000
15.389     0.000
15.395     0.000
15.401     0.000
15.406     0.000
15.412     0.000
15.418     0.000
15.424     0.000
15.430     0.000
15.435     0.000
15.441     0.000
15.447     0.000
15.453     0.000
15.459     0.000
