0.000     0.000
0.006     0.000
0.012     0.000
0.017     0.000
0.023     0.000
0.029     0.000
0.035     0.000
0.041     0.000
0.046     0.000
0.052     0.000
0.058     0.000
0.064     0.000
0.070     0.000
0.075     0.000
0.081     190.419
0.087     192.632
0.093     194.870
0.099     194.870
0.104     193.748
0.110     193.748
0.116     194.870
0.122     193.748
0.128     194.870
0.134     194.870
0.139     194.870
0.145     194.870
0.151     194.870
0.157     194.870
0.163     195.999
0.168     195.999
0.174     195.999
0.180     194.870
0.186     194.870
0.192     194.870
0.197     193.748
0.203     193.748
0.209     193.748
0.215     193.748
0.221     194.870
0.226     194.870
0.232     195.999
0.238     195.999
0.244     195.999
0.250     195.999
0.255     195.999
0.261     195.999
0.267     195.999
0.273     195.999
0.279     195.999
0.284     193.748
0.290     192.632
0.296     190.419
0.302     190.419
0.308     191.523
0.313     192.632
0.319     189.323
0.325     186.070
0.331     189.323
0.337     197.135
0.342     205.269
0.348     206.458
0.354     207.654
0.360     207.654
0.366     208.857
0.372     0.000
0.377     0.000
0.383     0.000
0.389     0.000
0.395     0.000
0.401     0.000
0.406     0.000
0.412     0.000
0.418     0.000
0.424     0.000
0.430     0.000
0.435     0.000
0.441     0.000
0.447     0.000
0.453     0.000
0.459     0.000
0.464     0.000
0.470     0.000
0.476     0.000
0.482     0.000
0.488     0.000
0.493     0.000
0.499     0.000
0.505     0.000
0.511     0.000
0.517     0.000
0.522     0.000
0.528     0.000
0.534     0.000
0.540     0.000
0.546     0.000
0.551     0.000
0.557     0.000
0.563     0.000
0.569     0.000
0.575     0.000
0.580     389.742
0.586     392.000
0.592     392.000
0.598     392.000
0.604     394.271
0.610     394.271
0.615     394.271
0.621     394.271
0.627     394.271
0.633     394.271
0.639     394.271
0.644     394.271
0.650     394.271
0.656     396.555
0.662     396.555
0.668     394.271
0.673     396.555
0.679     396.555
0.685     396.555
0.691     396.555
0.697     396.555
0.702     396.555
0.708     396.555
0.714     394.271
0.720     394.271
0.726     396.555
0.731     394.271
0.737     396.555
0.743     396.555
0.749     396.555
0.755     396.555
0.760     396.555
0.766     396.555
0.772     396.555
0.778     396.555
0.784     396.555
0.789     396.555
0.795     396.555
0.801     396.555
0.807     396.555
0.813     396.555
0.819     396.555
0.824     396.555
0.830     396.555
0.836     396.555
0.842     396.555
0.848     396.555
0.853     396.555
0.859     396.555
0.865     396.555
0.871     396.555
0.877     396.555
0.882     396.555
0.888     396.555
0.894     396.555
0.900     394.271
0.906     394.271
0.911     394.271
0.917     396.555
0.923     396.555
0.929     396.555
0.935     396.555
0.940     396.555
0.946     396.555
0.952     396.555
0.958     396.555
0.964     396.555
0.969     396.555
0.975     396.555
0.981     396.555
0.987     396.555
0.993     396.555
0.998     396.555
1.004     394.271
1.010     394.271
1.016     394.271
1.022     396.555
1.027     396.555
1.033     396.555
1.039     396.555
1.045     396.555
1.051     396.555
1.057     396.555
1.062     396.555
1.068     396.555
1.074     396.555
1.080     396.555
1.086     396.555
1.091     396.555
1.097     396.555
1.103     394.271
1.109     394.271
1.115     396.555
1.120     396.555
1.126     394.271
1.132     396.555
1.138     396.555
1.144     396.555
1.149     396.555
1.155     396.555
1.161     396.555
1.167     394.271
1.173     396.555
1.178     396.555
1.184     396.555
1.190     396.555
1.196     396.555
1.202     396.555
1.207     396.555
1.213     396.555
1.219     396.555
1.225     396.555
1.231     396.555
1.236     396.555
1.242     396.555
1.248     396.555
1.254     396.555
1.260     396.555
1.265     396.555
1.271     396.555
1.277     396.555
1.283     396.555
1.289     396.555
1.295     396.555
1.300     0.000
1.306     0.000
1.312     0.000
1.318     0.000
1.324     0.000
1.329     0.000
1.335     0.000
1.341     0.000
1.347     0.000
1.353     0.000
1.358     0.000
1.364     0.000
1.370     0.000
1.376     0.000
1.382     0.000
1.387     0.000
1.393     0.000
1.399     0.000
1.405     0.000
1.411     0.000
1.416     0.000
1.422     353.290
1.428     357.395
1.434     357.395
1.440     355.337
1.445     351.255
1.451     351.255
1.457     353.290
1.463     353.290
1.469     351.255
1.474     351.255
1.480     353.290
1.486     355.337
1.492     353.290
1.498     351.255
1.503     353.290
1.509     365.749
1.515     385.266
1.521     394.271
1.527     396.555
1.533     392.000
1.538     385.266
1.544     389.742
1.550     394.271
1.556     0.000
1.562     0.000
1.567     0.000
1.573     0.000
1.579     0.000
1.585     0.000
1.591     0.000
1.596     0.000
1.602     0.000
1.608     0.000
1.614     0.000
1.620     0.000
1.625     0.000
1.631     0.000
1.637     0.000
1.643     0.000
1.649     0.000
1.654     300.532
1.660     305.785
1.666     307.556
1.672     307.556
1.678     307.556
1.683     307.556
1.689     307.556
1.695     307.556
1.701     309.338
1.707     309.338
1.712     309.338
1.718     309.338
1.724     309.338
1.730     309.338
1.736     307.556
1.741     307.556
1.747     309.338
1.753     309.338
1.759     309.338
1.765     309.338
1.771     309.338
1.776     309.338
1.782     309.338
1.788     309.338
1.794     309.338
1.800     309.338
1.805     309.338
1.811     309.338
1.817     309.338
1.823     309.338
1.829     309.338
1.834     309.338
1.840     309.338
1.846     309.338
1.852     309.338
1.858     309.338
1.863     309.338
1.869     309.338
1.875     309.338
1.881     309.338
1.887     309.338
1.892     309.338
1.898     309.338
1.904     311.130
1.910     311.130
1.916     311.130
1.921     309.338
1.927     309.338
1.933     307.556
1.939     304.024
1.945     297.080
1.950     291.976
1.956     288.623
1.962     286.960
1.968     288.623
1.974     288.623
1.980     290.295
1.985     291.976
1.991     291.976
1.997     291.976
2.003     291.976
2.009     291.976
2.014     291.976
2.020     291.976
2.026     291.976
2.032     291.976
2.038     291.976
2.043     291.976
2.049     291.976
2.055     291.976
2.061     291.976
2.067     290.295
2.072     290.295
2.078     291.976
2.084     291.976
2.090     291.976
2.096     291.976
2.101     291.976
2.107     291.976
2.113     291.976
2.119     291.976
2.125     291.976
2.130     291.976
2.136     291.976
2.142     291.976
2.148     291.976
2.154     291.976
2.159     291.976
2.165     291.976
2.171     291.976
2.177     291.976
2.183     291.976
2.188     291.976
2.194     291.976
2.200     291.976
2.206     291.976
2.212     0.000
2.218     0.000
2.223     0.000
2.229     0.000
2.235     0.000
2.241     0.000
2.247     0.000
2.252     0.000
2.258     0.000
2.264     0.000
2.270     0.000
2.276     0.000
2.281     0.000
2.287     0.000
2.293     0.000
2.299     0.000
2.305     0.000
2.310     0.000
2.316     0.000
2.322     0.000
2.328     0.000
2.334     0.000
2.339     0.000
2.345     0.000
2.351     0.000
2.357     0.000
2.363     0.000
2.368     0.000
2.374     0.000
2.380     0.000
2.386     0.000
2.392     0.000
2.397     0.000
2.403     0.000
2.409     257.133
2.415     258.623
2.421     258.623
2.426     258.623
2.432     258.623
2.438     258.623
2.444     260.121
2.450     260.121
2.456     260.121
2.461     258.623
2.467     258.623
2.473     258.623
2.479     261.628
2.485     263.144
2.490     261.628
2.496     258.623
2.502     257.133
2.508     258.623
2.514     261.628
2.519     263.144
2.525     261.628
2.531     258.623
2.537     257.133
2.543     260.121
2.548     261.628
2.554     261.628
2.560     260.121
2.566     260.121
2.572     258.623
2.577     261.628
2.583     261.628
2.589     258.623
2.595     258.623
2.601     260.121
2.606     261.628
2.612     260.121
2.618     258.623
2.624     258.623
2.630     260.121
2.635     261.628
2.641     261.628
2.647     260.121
2.653     260.121
2.659     260.121
2.664     260.121
2.670     261.628
2.676     261.628
2.682     260.121
2.688     258.623
2.694     258.623
2.699     260.121
2.705     260.121
2.711     260.121
2.717     260.121
2.723     260.121
2.728     260.121
2.734     261.628
2.740     261.628
2.746     260.121
2.752     260.121
2.757     260.121
2.763     260.121
2.769     261.628
2.775     261.628
2.781     260.121
2.786     260.121
2.792     260.121
2.798     260.121
2.804     260.121
2.810     260.121
2.815     260.121
2.821     260.121
2.827     260.121
2.833     260.121
2.839     260.121
2.844     260.121
2.850     260.121
2.856     260.121
2.862     260.121
2.868     260.121
2.873     260.121
2.879     260.121
2.885     260.121
2.891     260.121
2.897     260.121
2.902     260.121
2.908     260.121
2.914     260.121
2.920     260.121
2.926     260.121
2.932     260.121
2.937     260.121
2.943     260.121
2.949     260.121
2.955     260.121
2.961     260.121
2.966     260.121
2.972     260.121
2.978     260.121
2.984     260.121
2.990     260.121
2.995     260.121
3.001     261.628
3.007     261.628
3.013     261.628
3.019     261.628
3.024     261.628
3.030     261.628
3.036     261.628
3.042     261.628
3.048     261.628
3.053     261.628
3.059     261.628
3.065     261.628
3.071     261.628
3.077     261.628
3.082     261.628
3.088     261.628
3.094     260.121
3.100     261.628
3.106     261.628
3.111     261.628
3.117     261.628
3.123     261.628
3.129     261.628
3.135     261.628
3.140     261.628
3.146     261.628
3.152     261.628
3.158     261.628
3.164     261.628
3.170     261.628
3.175     261.628
3.181     261.628
3.187     261.628
3.193     261.628
3.199     261.628
3.204     261.628
3.210     260.121
3.216     260.121
3.222     260.121
3.228     261.628
3.233     261.628
3.239     261.628
3.245     261.628
3.251     261.628
3.257     261.628
3.262     261.628
3.268     261.628
3.274     261.628
3.280     261.628
3.286     261.628
3.291     261.628
3.297     261.628
3.303     261.628
3.309     261.628
3.315     261.628
3.320     261.628
3.326     261.628
3.332     261.628
3.338     261.628
3.344     261.628
3.349     261.628
3.355     261.628
3.361     261.628
3.367     261.628
3.373     261.628
3.379     261.628
3.384     261.628
3.390     261.628
3.396     261.628
3.402     261.628
3.408     261.628
3.413     261.628
3.419     261.628
3.425     261.628
3.431     261.628
3.437     260.121
3.442     261.628
3.448     263.144
3.454     263.144
3.460     263.144
3.466     261.628
3.471     260.121
3.477     258.623
3.483     260.121
3.489     261.628
3.495     264.668
3.500     264.668
3.506     260.121
3.512     258.623
3.518     260.121
3.524     263.144
3.529     264.668
3.535     261.628
3.541     258.623
3.547     258.623
3.553     260.121
3.558     264.668
3.564     266.201
3.570     261.628
3.576     258.623
3.582     258.623
3.587     261.628
3.593     264.668
3.599     264.668
3.605     260.121
3.611     258.623
3.617     260.121
3.622     261.628
3.628     264.668
3.634     263.144
3.640     261.628
3.646     260.121
3.651     260.121
3.657     261.628
3.663     263.144
3.669     263.144
3.675     261.628
3.680     260.121
3.686     260.121
3.692     261.628
3.698     261.628
3.704     261.628
3.709     261.628
3.715     263.144
3.721     263.144
3.727     261.628
3.733     261.628
3.738     261.628
3.744     260.121
3.750     260.121
3.756     130.060
3.762     130.813
3.767     130.813
3.773     130.813
3.779     130.060
3.785     130.060
3.791     131.571
3.796     131.571
3.802     130.813
3.808     129.311
3.814     130.060
3.820     131.571
3.825     131.571
3.831     130.813
3.837     130.813
3.843     130.813
3.849     130.813
3.855     130.813
3.860     131.571
3.866     130.813
3.872     130.060
3.878     129.311
3.884     128.566
3.889     0.000
3.895     0.000
3.901     0.000
3.907     0.000
3.913     0.000
3.918     0.000
3.924     220.002
3.930     221.276
3.936     225.144
3.942     222.558
3.947     222.558
3.953     221.276
3.959     222.558
3.965     229.080
3.971     225.144
3.976     227.760
3.982     226.448
3.988     227.760
3.994     229.080
4.000     230.407
4.005     230.407
4.011     229.080
4.017     229.080
4.023     229.080
4.029     230.407
4.034     229.080
4.040     230.407
4.046     229.080
4.052     230.407
4.058     231.741
4.063     233.084
4.069     233.084
4.075     231.741
4.081     231.741
4.087     231.741
4.093     231.741
4.098     230.407
4.104     230.407
4.110     230.407
4.116     230.407
4.122     230.407
4.127     230.407
4.133     230.407
4.139     230.407
4.145     230.407
4.151     230.407
4.156     230.407
4.162     230.407
4.168     230.407
4.174     231.741
4.180     230.407
4.185     230.407
4.191     230.407
4.197     231.741
4.203     231.741
4.209     231.741
4.214     231.741
4.220     230.407
4.226     230.407
4.232     230.407
4.238     230.407
4.243     230.407
4.249     230.407
4.255     230.407
4.261     233.084
4.267     233.084
4.272     394.271
4.278     392.000
4.284     392.000
4.290     389.742
4.296     392.000
4.301     392.000
4.307     392.000
4.313     195.999
4.319     194.870
4.325     195.999
4.331     197.135
4.336     197.135
4.342     195.999
4.348     195.999
4.354     195.999
4.360     195.999
4.365     195.999
4.371     195.999
4.377     195.999
4.383     195.999
4.389     195.999
4.394     195.999
4.400     195.999
4.406     195.999
4.412     195.999
4.418     195.999
4.423     195.999
4.429     197.135
4.435     194.870
4.441     194.870
4.447     197.135
4.452     195.999
4.458     195.999
4.464     195.999
4.470     195.999
4.476     195.999
4.481     195.999
4.487     195.999
4.493     195.999
4.499     195.999
4.505     195.999
4.510     195.999
4.516     195.999
4.522     198.277
4.528     199.425
4.534     200.580
4.540     200.580
4.545     201.742
4.551     206.458
4.557     211.284
4.563     207.654
4.569     202.911
4.574     202.911
4.580     204.087
4.586     204.087
4.592     205.269
4.598     206.458
4.603     206.458
4.609     206.458
4.615     205.269
4.621     205.269
4.627     205.269
4.632     205.269
4.638     204.087
4.644     205.269
4.650     206.458
4.656     206.458
4.661     206.458
4.667     206.458
4.673     205.269
4.679     205.269
4.685     206.458
4.690     206.458
4.696     206.458
4.702     206.458
4.708     206.458
4.714     206.458
4.719     206.458
4.725     206.458
4.731     206.458
4.737     206.458
4.743     206.458
4.748     205.269
4.754     206.458
4.760     206.458
4.766     205.269
4.772     205.269
4.778     205.269
4.783     205.269
4.789     207.654
4.795     206.458
4.801     205.269
4.807     202.911
4.812     204.087
4.818     204.087
4.824     204.087
4.830     205.269
4.836     206.458
4.841     206.458
4.847     206.458
4.853     207.654
4.859     205.269
4.865     204.087
4.870     204.087
4.876     204.087
4.882     204.087
4.888     205.269
4.894     206.458
4.899     206.458
4.905     205.269
4.911     205.269
4.917     204.087
4.923     204.087
4.928     205.269
4.934     205.269
4.940     206.458
4.946     207.654
4.952     207.654
4.957     205.269
4.963     204.087
4.969     204.087
4.975     204.087
4.981     205.269
4.986     206.458
4.992     206.458
4.998     206.458
5.004     205.269
5.010     205.269
5.016     205.269
5.021     205.269
5.027     205.269
5.033     206.458
5.039     207.654
5.045     207.654
5.050     206.458
5.056     205.269
5.062     205.269
5.068     204.087
5.074     205.269
5.079     206.458
5.085     206.458
5.091     206.458
5.097     206.458
5.103     204.087
5.108     204.087
5.114     204.087
5.120     205.269
5.126     206.458
5.132     207.654
5.137     207.654
5.143     207.654
5.149     205.269
5.155     204.087
5.161     204.087
5.166     204.087
5.172     204.087
5.178     206.458
5.184     206.458
5.190     207.654
5.195     205.269
5.201     204.087
5.207     204.087
5.213     204.087
5.219     205.269
5.224     205.269
5.230     207.654
5.236     206.458
5.242     205.269
5.248     204.087
5.254     204.087
5.259     204.087
5.265     204.087
5.271     204.087
5.277     206.458
5.283     207.654
5.288     207.654
5.294     205.269
5.300     205.269
5.306     205.269
5.312     205.269
5.317     205.269
5.323     206.458
5.329     207.654
5.335     207.654
5.341     206.458
5.346     205.269
5.352     204.087
5.358     204.087
5.364     204.087
5.370     205.269
5.375     206.458
5.381     206.458
5.387     206.458
5.393     205.269
5.399     205.269
5.404     204.087
5.410     204.087
5.416     205.269
5.422     207.654
5.428     207.654
5.433     206.458
5.439     205.269
5.445     205.269
5.451     205.269
5.457     206.458
5.462     206.458
5.468     206.458
5.474     206.458
5.480     206.458
5.486     206.458
5.492     206.458
5.497     206.458
5.503     206.458
5.509     205.269
5.515     206.458
5.521     207.654
5.526     207.654
5.532     207.654
5.538     206.458
5.544     205.269
5.550     206.458
5.555     205.269
5.561     205.269
5.567     205.269
5.573     204.087
5.579     204.087
5.584     206.458
5.590     206.458
5.596     206.458
5.602     204.087
5.608     202.911
5.613     204.087
5.619     205.269
5.625     206.458
5.631     210.067
5.637     208.857
5.642     207.654
5.648     204.087
5.654     204.087
5.660     202.911
5.666     204.087
5.671     206.458
5.677     207.654
5.683     206.458
5.689     205.269
5.695     204.087
5.700     202.911
5.706     204.087
5.712     204.087
5.718     206.458
5.724     210.067
5.730     210.067
5.735     207.654
5.741     205.269
5.747     204.087
5.753     204.087
5.759     204.087
5.764     205.269
5.770     206.458
5.776     206.458
5.782     206.458
5.788     204.087
5.793     204.087
5.799     204.087
5.805     205.269
5.811     207.654
5.817     208.857
5.822     208.857
5.828     207.654
5.834     207.654
5.840     207.654
5.846     205.269
5.851     204.087
5.857     204.087
5.863     204.087
5.869     205.269
5.875     206.458
5.880     206.458
5.886     205.269
5.892     205.269
5.898     205.269
5.904     206.458
5.909     207.654
5.915     208.857
5.921     210.067
5.927     208.857
5.933     207.654
5.939     206.458
5.944     206.458
5.950     205.269
5.956     205.269
5.962     204.087
5.968     204.087
5.973     204.087
5.979     204.087
5.985     0.000
5.991     0.000
5.997     0.000
6.002     0.000
6.008     0.000
6.014     0.000
6.020     0.000
6.026     0.000
6.031     0.000
6.037     0.000
6.043     0.000
6.049     0.000
6.055     0.000
6.060     392.000
6.066     392.000
6.072     394.271
6.078     394.271
6.084     394.271
6.089     392.000
6.095     392.000
6.101     392.000
6.107     392.000
6.113     392.000
6.118     394.271
6.124     394.271
6.130     394.271
6.136     394.271
6.142     394.271
6.147     394.271
6.153     394.271
6.159     394.271
6.165     394.271
6.171     394.271
6.177     394.271
6.182     394.271
6.188     394.271
6.194     394.271
6.200     394.271
6.206     394.271
6.211     394.271
6.217     394.271
6.223     394.271
6.229     394.271
6.235     394.271
6.240     394.271
6.246     394.271
6.252     394.271
6.258     394.271
6.264     394.271
6.269     394.271
6.275     394.271
6.281     394.271
6.287     394.271
6.293     394.271
6.298     394.271
6.304     394.271
6.310     394.271
6.316     394.271
6.322     394.271
6.327     396.555
6.333     394.271
6.339     0.000
6.345     0.000
6.351     0.000
6.356     0.000
6.362     0.000
6.368     0.000
6.374     0.000
6.380     0.000
6.385     0.000
6.391     0.000
6.397     0.000
6.403     0.000
6.409     0.000
6.415     0.000
6.420     0.000
6.426     0.000
6.432     0.000
6.438     0.000
6.444     0.000
6.449     0.000
6.455     0.000
6.461     0.000
6.467     0.000
6.473     0.000
6.478     0.000
6.484     0.000
6.490     0.000
6.496     0.000
6.502     0.000
6.507     0.000
6.513     0.000
6.519     0.000
6.525     0.000
6.531     0.000
6.536     0.000
6.542     0.000
6.548     0.000
6.554     0.000
6.560     0.000
6.565     0.000
6.571     0.000
6.577     0.000
6.583     0.000
6.589     357.395
6.594     357.395
6.600     355.337
6.606     349.232
6.612     349.232
6.618     351.255
6.623     353.290
6.629     353.290
6.635     353.290
6.641     351.255
6.647     353.290
6.653     353.290
6.658     353.290
6.664     351.255
6.670     351.255
6.676     351.255
6.682     353.290
6.687     351.255
6.693     351.255
6.699     351.255
6.705     351.255
6.711     351.255
6.716     351.255
6.722     351.255
6.728     351.255
6.734     351.255
6.740     351.255
6.745     351.255
6.751     351.255
6.757     351.255
6.763     351.255
6.769     351.255
6.774     351.255
6.780     351.255
6.786     351.255
6.792     351.255
6.798     351.255
6.803     351.255
6.809     351.255
6.815     351.255
6.821     351.255
6.827     351.255
6.832     351.255
6.838     351.255
6.844     351.255
6.850     351.255
6.856     351.255
6.861     349.232
6.867     353.290
6.873     353.290
6.879     353.290
6.885     351.255
6.891     351.255
6.896     353.290
6.902     353.290
6.908     353.290
6.914     349.232
6.920     351.255
6.925     353.290
6.931     353.290
6.937     351.255
6.943     351.255
6.949     353.290
6.954     353.290
6.960     351.255
6.966     351.255
6.972     353.290
6.978     353.290
6.983     351.255
6.989     351.255
6.995     351.255
7.001     353.290
7.007     351.255
7.012     351.255
7.018     351.255
7.024     353.290
7.030     353.290
7.036     351.255
7.041     351.255
7.047     353.290
7.053     353.290
7.059     351.255
7.065     351.255
7.070     353.290
7.076     353.290
7.082     351.255
7.088     349.232
7.094     351.255
7.100     353.290
7.105     351.255
7.111     349.232
7.117     351.255
7.123     353.290
7.129     353.290
7.134     351.255
7.140     351.255
7.146     353.290
7.152     353.290
7.158     351.255
7.163     351.255
7.169     353.290
7.175     353.290
7.181     351.255
7.187     351.255
7.192     351.255
7.198     353.290
7.204     353.290
7.210     351.255
7.216     351.255
7.221     353.290
7.227     353.290
7.233     351.255
7.239     351.255
7.245     353.290
7.250     353.290
7.256     351.255
7.262     351.255
7.268     353.290
7.274     353.290
7.279     353.290
7.285     351.255
7.291     351.255
7.297     353.290
7.303     353.290
7.308     351.255
7.314     351.255
7.320     353.290
7.326     355.337
7.332     353.290
7.338     351.255
7.343     353.290
7.349     353.290
7.355     353.290
7.361     351.255
7.367     351.255
7.372     353.290
7.378     353.290
7.384     353.290
7.390     353.290
7.396     353.290
7.401     353.290
7.407     351.255
7.413     351.255
7.419     353.290
7.425     353.290
7.430     353.290
7.436     351.255
7.442     353.290
7.448     353.290
7.454     353.290
7.459     353.290
7.465     353.290
7.471     353.290
7.477     353.290
7.483     353.290
7.488     353.290
7.494     353.290
7.500     353.290
7.506     353.290
7.512     353.290
7.517     351.255
7.523     351.255
7.529     353.290
7.535     353.290
7.541     353.290
7.546     351.255
7.552     353.290
7.558     353.290
7.564     353.290
7.570     351.255
7.576     351.255
7.581     353.290
7.587     355.337
7.593     353.290
7.599     351.255
7.605     351.255
7.610     353.290
7.616     353.290
7.622     353.290
7.628     353.290
7.634     353.290
7.639     355.337
7.645     351.255
7.651     349.232
7.657     349.232
7.663     355.337
7.668     359.465
7.674     353.290
7.680     351.255
7.686     351.255
7.692     355.337
7.697     357.395
7.703     351.255
7.709     349.232
7.715     351.255
7.721     355.337
7.726     355.337
7.732     353.290
7.738     353.290
7.744     353.290
7.750     353.290
7.755     353.290
7.761     353.290
7.767     353.290
7.773     353.290
7.779     353.290
7.784     353.290
7.790     353.290
7.796     353.290
7.802     353.290
7.808     353.290
7.814     353.290
7.819     353.290
7.825     353.290
7.831     353.290
7.837     353.290
7.843     353.290
7.848     353.290
7.854     353.290
7.860     353.290
7.866     353.290
7.872     353.290
7.877     353.290
7.883     353.290
7.889     353.290
7.895     353.290
7.901     353.290
7.906     353.290
7.912     353.290
7.918     353.290
7.924     353.290
7.930     353.290
7.935     353.290
7.941     353.290
7.947     353.290
7.953     353.290
7.959     353.290
7.964     353.290
7.970     353.290
7.976     353.290
7.982     353.290
7.988     353.290
7.993     353.290
7.999     353.290
8.005     353.290
8.011     353.290
8.017     353.290
8.022     353.290
8.028     353.290
8.034     353.290
8.040     353.290
8.046     353.290
8.052     353.290
8.057     353.290
8.063     353.290
8.069     353.290
8.075     353.290
8.081     353.290
8.086     353.290
8.092     353.290
8.098     353.290
8.104     353.290
8.110     353.290
8.115     353.290
8.121     353.290
8.127     353.290
8.133     353.290
8.139     353.290
8.144     353.290
8.150     353.290
8.156     353.290
8.162     353.290
8.168     355.337
8.173     355.337
8.179     353.290
8.185     353.290
8.191     353.290
8.197     353.290
8.202     355.337
8.208     355.337
8.214     353.290
8.220     0.000
8.226     0.000
8.231     0.000
8.237     0.000
8.243     0.000
8.249     0.000
8.255     0.000
8.260     0.000
8.266     0.000
8.272     0.000
8.278     0.000
8.284     0.000
8.290     0.000
8.295     0.000
8.301     0.000
8.307     0.000
8.313     0.000
8.319     0.000
8.324     0.000
8.330     0.000
8.336     0.000
8.342     0.000
8.348     0.000
8.353     0.000
8.359     0.000
8.365     0.000
8.371     0.000
8.377     0.000
8.382     0.000
8.388     0.000
8.394     0.000
8.400     0.000
8.406     0.000
8.411     0.000
8.417     0.000
8.423     0.000
8.429     0.000
8.435     0.000
8.440     0.000
8.446     0.000
8.452     0.000
8.458     0.000
8.464     0.000
8.469     0.000
8.475     0.000
8.481     0.000
8.487     0.000
8.493     0.000
8.499     0.000
8.504     0.000
8.510     0.000
8.516     0.000
8.522     0.000
8.528     0.000
8.533     0.000
8.539     0.000
8.545     0.000
8.551     0.000
8.557     0.000
8.562     0.000
8.568     0.000
8.574     0.000
8.580     0.000
8.586     0.000
8.591     0.000
8.597     0.000
8.603     0.000
8.609     0.000
8.615     0.000
8.620     0.000
8.626     0.000
8.632     0.000
8.638     0.000
8.644     0.000
8.649     0.000
8.655     0.000
8.661     0.000
8.667     0.000
8.673     0.000
8.678     0.000
8.684     0.000
8.690     311.130
8.696     312.932
8.702     311.130
8.707     311.130
8.713     309.338
8.719     408.175
8.725     408.175
8.731     405.824
8.737     408.175
8.742     410.539
8.748     417.715
8.754     420.135
8.760     417.715
8.766     410.539
8.771     405.824
8.777     403.486
8.783     405.824
8.789     415.310
8.795     422.569
8.800     422.569
8.806     405.824
8.812     401.163
8.818     401.163
8.824     401.163
8.829     403.486
8.835     392.000
8.841     387.497
8.847     392.000
8.853     410.539
8.858     408.175
8.864     405.824
8.870     401.163
8.876     398.852
8.882     396.555
8.887     396.555
8.893     394.271
8.899     394.271
8.905     394.271
8.911     389.742
8.916     380.840
8.922     376.466
8.928     392.000
8.934     394.271
8.940     389.742
8.945     369.999
8.951     351.255
8.957     349.232
8.963     349.232
8.969     349.232
8.975     351.255
8.980     351.255
8.986     351.255
8.992     351.255
8.998     353.290
9.004     353.290
9.009     351.255
9.015     351.255
9.021     353.290
9.027     351.255
9.033     351.255
9.038     351.255
9.044     351.255
9.050     353.290
9.056     351.255
9.062     351.255
9.067     353.290
9.073     353.290
9.079     353.290
9.085     351.255
9.091     351.255
9.096     353.290
9.102     353.290
9.108     353.290
9.114     353.290
9.120     353.290
9.125     353.290
9.131     353.290
9.137     353.290
9.143     353.290
9.149     353.290
9.154     351.255
9.160     351.255
9.166     353.290
9.172     353.290
9.178     353.290
9.183     353.290
9.189     353.290
9.195     353.290
9.201     353.290
9.207     353.290
9.213     351.255
9.218     351.255
9.224     351.255
9.230     355.337
9.236     355.337
9.242     353.290
9.247     353.290
9.253     351.255
9.259     353.290
9.265     353.290
9.271     351.255
9.276     351.255
9.282     353.290
9.288     353.290
9.294     353.290
9.300     353.290
9.305     353.290
9.311     353.290
9.317     353.290
9.323     353.290
9.329     353.290
9.334     353.290
9.340     353.290
9.346     353.290
9.352     353.290
9.358     353.290
9.363     353.290
9.369     353.290
9.375     353.290
9.381     353.290
9.387     353.290
9.392     353.290
9.398     353.290
9.404     353.290
9.410     353.290
9.416     353.290
9.421     353.290
9.427     353.290
9.433     353.290
9.439     353.290
9.445     353.290
9.451     353.290
9.456     355.337
9.462     355.337
9.468     353.290
9.474     351.255
9.480     351.255
9.485     355.337
9.491     355.337
9.497     351.255
9.503     351.255
9.509     353.290
9.514     353.290
9.520     353.290
9.526     351.255
9.532     353.290
9.538     355.337
9.543     353.290
9.549     351.255
9.555     351.255
9.561     353.290
9.567     353.290
9.572     353.290
9.578     351.255
9.584     351.255
9.590     353.290
9.596     353.290
9.601     355.337
9.607     357.395
9.613     357.395
9.619     357.395
9.625     357.395
9.630     357.395
9.636     357.395
9.642     0.000
9.648     0.000
9.654     0.000
9.660     0.000
9.665     0.000
9.671     0.000
9.677     0.000
9.683     0.000
9.689     0.000
9.694     0.000
9.700     0.000
9.706     0.000
9.712     0.000
9.718     307.556
9.723     307.556
9.729     309.338
9.735     309.338
9.741     309.338
9.747     309.338
9.752     309.338
9.758     309.338
9.764     309.338
9.770     309.338
9.776     309.338
9.781     309.338
9.787     307.556
9.793     307.556
9.799     307.556
9.805     307.556
9.810     307.556
9.816     307.556
9.822     307.556
9.828     309.338
9.834     309.338
9.839     309.338
9.845     0.000
9.851     0.000
9.857     0.000
9.863     0.000
9.868     0.000
9.874     0.000
9.880     0.000
9.886     0.000
9.892     0.000
9.898     0.000
9.903     0.000
9.909     0.000
9.915     0.000
9.921     0.000
9.927     0.000
9.932     0.000
9.938     0.000
9.944     0.000
9.950     0.000
9.956     0.000
9.961     0.000
9.967     0.000
9.973     288.623
9.979     290.295
9.985     290.295
9.990     288.623
9.996     288.623
10.002     290.295
10.008     290.295
10.014     290.295
10.019     290.295
10.025     290.295
10.031     290.295
10.037     290.295
10.043     291.976
10.048     291.976
10.054     291.976
10.060     291.976
10.066     290.295
10.072     290.295
10.077     291.976
10.083     291.976
10.089     291.976
10.095     291.976
10.101     290.295
10.106     291.976
10.112     291.976
10.118     291.976
10.124     291.976
10.130     291.976
10.136     291.976
10.141     291.976
10.147     293.668
10.153     291.976
10.159     291.976
10.165     291.976
10.170     291.976
10.176     291.976
10.182     293.668
10.188     291.976
10.194     290.295
10.199     290.295
10.205     291.976
10.211     291.976
10.217     293.668
10.223     291.976
10.228     291.976
10.234     291.976
10.240     291.976
10.246     293.668
10.252     291.976
10.257     291.976
10.263     293.668
10.269     293.668
10.275     293.668
10.281     291.976
10.286     288.623
10.292     286.960
10.298     278.791
10.304     266.201
10.310     263.144
10.315     261.628
10.321     263.144
10.327     263.144
10.333     261.628
10.339     258.623
10.344     258.623
10.350     260.121
10.356     261.628
10.362     261.628
10.368     260.121
10.374     258.623
10.379     260.121
10.385     260.121
10.391     260.121
10.397     260.121
10.403     260.121
10.408     258.623
10.414     260.121
10.420     260.121
10.426     260.121
10.432     260.121
10.437     258.623
10.443     260.121
10.449     260.121
10.455     260.121
10.461     260.121
10.466     260.121
10.472     260.121
10.478     260.121
10.484     260.121
10.490     260.121
10.495     260.121
10.501     260.121
10.507     260.121
10.513     260.121
10.519     261.628
10.524     260.121
10.530     260.121
10.536     260.121
10.542     261.628
10.548     261.628
10.553     263.144
10.559     204.087
10.565     204.087
10.571     208.857
10.577     208.857
10.582     207.654
10.588     206.458
10.594     206.458
10.600     205.269
10.606     204.087
10.612     205.269
10.617     206.458
10.623     208.857
10.629     210.067
10.635     206.458
10.641     204.087
10.646     202.911
10.652     204.087
10.658     205.269
10.664     210.067
10.670     211.284
10.675     207.654
10.681     204.087
10.687     202.911
10.693     202.911
10.699     205.269
10.704     206.458
10.710     210.067
10.716     208.857
10.722     205.269
10.728     202.911
10.733     202.911
10.739     202.911
10.745     204.087
10.751     210.067
10.757     210.067
10.762     222.558
10.768     226.448
10.774     229.080
10.780     229.080
10.786     230.407
10.791     226.448
10.797     227.760
10.803     227.760
10.809     230.407
10.815     233.084
10.820     233.084
10.826     231.741
10.832     229.080
10.838     227.760
10.844     229.080
10.850     230.407
10.855     233.084
10.861     233.084
10.867     231.741
10.873     230.407
10.879     229.080
10.884     230.407
10.890     230.407
10.896     231.741
10.902     231.741
10.908     231.741
10.913     231.741
10.919     230.407
10.925     230.407
10.931     231.741
10.937     231.741
10.942     231.741
10.948     231.741
10.954     230.407
10.960     230.407
10.966     230.407
10.971     231.741
10.977     231.741
10.983     231.741
10.989     231.741
10.995     231.741
11.000     231.741
11.006     231.741
11.012     231.741
11.018     230.407
11.024     230.407
11.029     230.407
11.035     231.741
11.041     233.084
11.047     231.741
11.053     230.407
11.059     230.407
11.064     230.407
11.070     231.741
11.076     231.741
11.082     231.741
11.088     233.084
11.093     231.741
11.099     231.741
11.105     231.741
11.111     230.407
11.117     230.407
11.122     230.407
11.128     231.741
11.134     231.741
11.140     231.741
11.146     231.741
11.151     233.084
11.157     233.084
11.163     231.741
11.169     230.407
11.175     230.407
11.180     231.741
11.186     231.741
11.192     230.407
11.198     230.407
11.204     231.741
11.209     233.084
11.215     233.084
11.221     231.741
11.227     230.407
11.233     230.407
11.238     231.741
11.244     231.741
11.250     230.407
11.256     230.407
11.262     231.741
11.267     233.084
11.273     233.084
11.279     230.407
11.285     230.407
11.291     231.741
11.297     231.741
11.302     231.741
11.308     230.407
11.314     230.407
11.320     231.741
11.326     231.741
11.331     231.741
11.337     230.407
11.343     230.407
11.349     231.741
11.355     233.084
11.360     231.741
11.366     230.407
11.372     230.407
11.378     231.741
11.384     231.741
11.389     231.741
11.395     230.407
11.401     230.407
11.407     231.741
11.413     231.741
11.418     230.407
11.424     230.407
11.430     230.407
11.436     231.741
11.442     231.741
11.447     230.407
11.453     230.407
11.459     230.407
11.465     231.741
11.471     231.741
11.476     230.407
11.482     230.407
11.488     231.741
11.494     231.741
11.500     231.741
11.505     230.407
11.511     230.407
11.517     231.741
11.523     231.741
11.529     231.741
11.535     230.407
11.540     230.407
11.546     231.741
11.552     231.741
11.558     231.741
11.564     231.741
11.569     231.741
11.575     231.741
11.581     230.407
11.587     230.407
11.593     231.741
11.598     231.741
11.604     231.741
11.610     231.741
11.616     231.741
11.622     231.741
11.627     231.741
11.633     230.407
11.639     230.407
11.645     231.741
11.651     231.741
11.656     231.741
11.662     231.741
11.668     231.741
11.674     231.741
11.680     231.741
11.685     231.741
11.691     231.741
11.697     231.741
11.703     231.741
11.709     231.741
11.714     231.741
11.720     231.741
11.726     231.741
11.732     231.741
11.738     231.741
11.743     231.741
11.749     231.741
11.755     231.741
11.761     231.741
11.767     231.741
11.773     231.741
11.778     230.407
11.784     230.407
11.790     230.407
11.796     231.741
11.802     233.084
11.807     231.741
11.813     231.741
11.819     230.407
11.825     231.741
11.831     231.741
11.836     231.741
11.842     230.407
11.848     230.407
11.854     231.741
11.860     231.741
11.865     231.741
11.871     233.084
11.877     233.084
11.883     233.084
11.889     231.741
11.894     230.407
11.900     230.407
11.906     230.407
11.912     231.741
11.918     231.741
11.923     231.741
11.929     231.741
11.935     230.407
11.941     231.741
11.947     233.084
11.952     231.741
11.958     230.407
11.964     230.407
11.970     231.741
11.976     233.084
11.981     231.741
11.987     230.407
11.993     230.407
11.999     231.741
12.005     231.741
12.011     231.741
12.016     231.741
12.022     230.407
12.028     230.407
12.034     230.407
12.040     230.407
12.045     229.080
12.051     230.407
12.057     233.084
12.063     234.434
12.069     234.434
12.074     233.084
12.080     231.741
12.086     233.084
12.092     231.741
12.098     231.741
12.103     230.407
12.109     229.080
12.115     229.080
12.121     229.080
12.127     231.741
12.132     233.084
12.138     234.434
12.144     233.084
12.150     233.084
12.156     231.741
12.161     230.407
12.167     230.407
12.173     229.080
12.179     230.407
12.185     231.741
12.190     233.084
12.196     233.084
12.202     233.084
12.208     233.084
12.214     233.084
12.220     231.741
12.225     230.407
12.231     230.407
12.237     230.407
12.243     230.407
12.249     231.741
12.254     233.084
12.260     233.084
12.266     233.084
12.272     233.084
12.278     231.741
12.283     230.407
12.289     230.407
12.295     230.407
12.301     230.407
12.307     227.760
12.312     225.144
12.318     221.276
12.324     214.977
12.330     207.654
12.336     200.580
12.341     201.742
12.347     201.742
12.353     202.911
12.359     206.458
12.365     210.067
12.370     216.222
12.376     208.857
12.382     206.458
12.388     207.654
12.394     208.857
12.399     207.654
12.405     202.911
12.411     206.458
12.417     206.458
12.423     205.269
12.428     205.269
12.434     204.087
12.440     205.269
12.446     205.269
12.452     205.269
12.458     205.269
12.463     205.269
12.469     205.269
12.475     205.269
12.481     206.458
12.487     205.269
12.492     205.269
12.498     205.269
12.504     205.269
12.510     205.269
12.516     205.269
12.521     206.458
12.527     206.458
12.533     205.269
12.539     205.269
12.545     205.269
12.550     206.458
12.556     206.458
12.562     206.458
12.568     206.458
12.574     206.458
12.579     206.458
12.585     206.458
12.591     206.458
12.597     206.458
12.603     206.458
12.608     206.458
12.614     205.269
12.620     205.269
12.626     205.269
12.632     206.458
12.637     207.654
12.643     207.654
12.649     206.458
12.655     205.269
12.661     204.087
12.666     204.087
12.672     204.087
12.678     202.911
12.684     201.742
12.690     202.911
12.696     204.087
12.701     206.458
12.707     208.857
12.713     202.911
12.719     200.580
12.725     199.425
12.730     200.580
12.736     194.870
12.742     195.999
12.748     199.425
12.754     198.277
12.759     197.135
12.765     392.000
12.771     392.000
12.777     394.271
12.783     394.271
12.788     394.271
12.794     392.000
12.800     394.271
12.806     392.000
12.812     389.742
12.817     392.000
12.823     392.000
12.829     394.271
12.835     396.555
12.841     396.555
12.846     396.555
12.852     392.000
12.858     383.047
12.864     378.647
12.870     380.840
12.875     383.047
12.881     192.632
12.887     193.748
12.893     193.748
12.899     193.748
12.904     193.748
12.910     193.748
12.916     194.870
12.922     194.870
12.928     194.870
12.934     194.870
12.939     193.748
12.945     193.748
12.951     193.748
12.957     193.748
12.963     193.748
12.968     194.870
12.974     194.870
12.980     194.870
12.986     194.870
12.992     194.870
12.997     194.870
13.003     194.870
13.009     195.999
13.015     195.999
13.021     195.999
13.026     194.870
13.032     194.870
13.038     194.870
13.044     195.999
13.050     195.999
13.055     195.999
13.061     194.870
13.067     194.870
13.073     195.999
13.079     194.870
13.084     193.748
13.090     193.748
13.096     195.999
13.102     197.135
13.108     197.135
13.113     197.135
13.119     195.999
13.125     197.135
13.131     195.999
13.137     195.999
13.142     195.999
13.148     194.870
13.154     193.748
13.160     193.748
13.166     194.870
13.172     195.999
13.177     195.999
13.183     195.999
13.189     194.870
13.195     194.870
13.201     195.999
13.206     194.870
13.212     195.999
13.218     195.999
13.224     194.870
13.230     194.870
13.235     195.999
13.241     195.999
13.247     195.999
13.253     194.870
13.259     194.870
13.264     195.999
13.270     195.999
13.276     194.870
13.282     194.870
13.288     195.999
13.293     195.999
13.299     194.870
13.305     194.870
13.311     195.999
13.317     197.135
13.322     195.999
13.328     194.870
13.334     194.870
13.340     195.999
13.346     195.999
13.351     195.999
13.357     195.999
13.363     195.999
13.369     197.135
13.375     195.999
13.380     194.870
13.386     195.999
13.392     195.999
13.398     195.999
13.404     195.999
13.410     195.999
13.415     195.999
13.421     195.999
13.427     195.999
13.433     195.999
13.439     195.999
13.444     195.999
13.450     195.999
13.456     195.999
13.462     195.999
13.468     195.999
13.473     195.999
13.479     195.999
13.485     195.999
13.491     195.999
13.497     195.999
13.502     195.999
13.508     195.999
13.514     195.999
13.520     195.999
13.526     195.999
13.531     195.999
13.537     195.999
13.543     195.999
13.549     195.999
13.555     195.999
13.560     195.999
13.566     195.999
13.572     195.999
13.578     195.999
13.584     195.999
13.589     195.999
13.595     195.999
13.601     194.870
13.607     194.870
13.613     195.999
13.619     195.999
13.624     195.999
13.630     194.870
13.636     195.999
13.642     197.135
13.648     195.999
13.653     194.870
13.659     195.999
13.665     195.999
13.671     195.999
13.677     195.999
13.682     195.999
13.688     195.999
13.694     195.999
13.700     195.999
13.706     195.999
13.711     195.999
13.717     195.999
13.723     195.999
13.729     195.999
13.735     195.999
13.740     195.999
13.746     195.999
13.752     195.999
13.758     195.999
13.764     195.999
13.769     195.999
13.775     195.999
13.781     195.999
13.787     195.999
13.793     195.999
13.798     195.999
13.804     195.999
13.810     195.999
13.816     195.999
13.822     195.999
13.827     195.999
13.833     195.999
13.839     195.999
13.845     193.748
13.851     192.632
13.857     193.748
13.862     194.870
13.868     195.999
13.874     195.999
13.880     197.135
13.886     198.277
13.891     198.277
13.897     199.425
13.903     198.277
13.909     198.277
13.915     195.999
13.920     195.999
13.926     194.870
13.932     195.999
13.938     194.870
13.944     194.870
13.949     194.870
13.955     195.999
13.961     195.999
13.967     194.870
13.973     194.870
13.978     194.870
13.984     195.999
13.990     195.999
13.996     194.870
14.002     194.870
14.007     195.999
14.013     195.999
14.019     194.870
14.025     194.870
14.031     195.999
14.036     195.999
14.042     194.870
14.048     194.870
14.054     195.999
14.060     195.999
14.065     195.999
14.071     195.999
14.077     195.999
14.083     195.999
14.089     195.999
14.095     194.870
14.100     197.135
14.106     199.425
14.112     199.425
14.118     199.425
14.124     198.277
14.129     197.135
14.135     197.135
14.141     194.870
14.147     96.874
14.153     97.999
14.158     97.999
14.164     96.874
14.170     96.316
14.176     97.435
14.182     97.999
14.187     98.567
14.193     98.567
14.199     98.567
14.205     98.567
14.211     0.000
14.216     0.000
14.222     0.000
14.228     0.000
14.234     0.000
14.240     0.000
14.245     0.000
14.251     0.000
14.257     0.000
14.263     0.000
14.269     0.000
14.274     0.000
14.280     0.000
14.286     0.000
14.292     0.000
14.298     0.000
14.303     0.000
14.309     0.000
14.315     0.000
14.321     0.000
14.327     0.000
14.333     0.000
14.338     0.000
14.344     0.000
14.350     0.000
14.356     0.000
14.362     0.000
14.367     0.000
14.373     0.000
14.379     0.000
14.385     0.000
14.391     0.000
14.396     0.000
14.402     0.000
14.408     0.000
14.414     353.290
14.420     353.290
14.425     353.290
14.431     351.255
14.437     351.255
14.443     351.255
14.449     351.255
14.454     351.255
14.460     351.255
14.466     351.255
14.472     351.255
14.478     351.255
14.483     351.255
14.489     351.255
14.495     351.255
14.501     351.255
14.507     351.255
14.512     351.255
14.518     351.255
14.524     351.255
14.530     351.255
14.536     351.255
14.541     351.255
14.547     351.255
14.553     351.255
14.559     349.232
14.565     349.232
14.571     349.232
14.576     349.232
14.582     349.232
14.588     349.232
14.594     349.232
14.600     349.232
14.605     349.232
14.611     349.232
14.617     349.232
14.623     349.232
14.629     349.232
14.634     349.232
14.640     349.232
14.646     351.255
14.652     351.255
14.658     353.290
14.663     0.000
14.669     0.000
14.675     0.000
14.681     0.000
14.687     0.000
14.692     0.000
14.698     0.000
14.704     0.000
14.710     0.000
14.716     0.000
14.721     0.000
14.727     0.000
14.733     0.000
14.739     0.000
14.745     0.000
14.750     0.000
14.756     0.000
14.762     0.000
14.768     0.000
14.774     0.000
14.780     0.000
14.785     0.000
14.791     0.000
14.797     0.000
14.803     0.000
14.809     0.000
14.814     0.000
14.820     0.000
14.826     0.000
14.832     0.000
14.838     0.000
14.843     0.000
14.849     0.000
14.855     0.000
14.861     0.000
14.867     0.000
14.872     0.000
14.878     0.000
14.884     0.000
14.890     0.000
14.896     129.311
14.901     140.202
14.907     314.745
14.913     323.968
14.919     325.845
14.925     327.732
14.930     333.461
14.936     337.336
14.942     309.338
14.948     311.130
14.954     316.569
14.959     318.402
14.965     316.569
14.971     305.785
14.977     298.801
14.983     300.532
14.988     305.785
14.994     311.130
15.000     311.130
15.006     309.338
15.012     304.024
15.018     297.080
15.023     305.785
15.029     309.338
15.035     312.932
15.041     311.130
15.047     311.130
15.052     312.932
15.058     311.130
15.064     305.785
15.070     300.532
15.076     297.080
15.081     304.024
15.087     314.745
15.093     318.402
15.099     316.569
15.105     309.338
15.110     304.024
15.116     305.785
15.122     309.338
15.128     309.338
15.134     309.338
15.139     307.556
15.145     307.556
15.151     309.338
15.157     309.338
15.163     309.338
15.168     307.556
15.174     307.556
15.180     309.338
15.186     311.130
15.192     312.932
15.197     309.338
15.203     307.556
15.209     307.556
15.215     311.130
15.221     311.130
15.226     307.556
15.232     307.556
15.238     309.338
15.244     311.130
15.250     309.338
15.256     309.338
15.261     309.338
15.267     311.130
15.273     307.556
15.279     305.785
15.285     305.785
15.290     307.556
15.296     309.338
15.302     307.556
15.308     309.338
15.314     312.932
15.319     312.932
15.325     311.130
15.331     307.556
15.337     307.556
15.343     307.556
15.348     307.556
15.354     307.556
15.360     307.556
15.366     311.130
15.372     312.932
15.377     311.130
15.383     309.338
15.389     311.130
15.395     311.130
15.401     307.556
15.406     307.556
15.412     307.556
15.418     309.338
15.424     311.130
15.430     309.338
15.435     311.130
15.441     311.130
15.447     311.130
15.453     309.338
15.459     307.556
15.464     307.556
15.470     309.338
15.476     307.556
15.482     307.556
15.488     309.338
15.494     311.130
15.499     312.932
15.505     311.130
15.511     309.338
15.517     309.338
15.523     309.338
15.528     307.556
15.534     307.556
15.540     307.556
15.546     309.338
15.552     309.338
15.557     311.130
15.563     311.130
15.569     311.130
15.575     311.130
15.581     309.338
15.586     307.556
15.592     307.556
15.598     309.338
15.604     309.338
15.610     309.338
15.615     311.130
15.621     312.932
15.627     312.932
15.633     311.130
15.639     309.338
15.644     309.338
15.650     309.338
15.656     309.338
15.662     307.556
15.668     309.338
15.673     309.338
15.679     311.130
15.685     311.130
15.691     311.130
15.697     312.932
15.702     311.130
15.708     309.338
15.714     309.338
15.720     309.338
15.726     309.338
15.732     311.130
15.737     311.130
15.743     311.130
15.749     311.130
15.755     311.130
15.761     311.130
15.766     309.338
15.772     309.338
15.778     309.338
15.784     309.338
15.790     309.338
15.795     311.130
15.801     311.130
15.807     311.130
15.813     311.130
15.819     311.130
15.824     311.130
15.830     311.130
15.836     309.338
15.842     309.338
15.848     309.338
15.853     311.130
15.859     311.130
15.865     311.130
15.871     311.130
15.877     311.130
15.882     311.130
15.888     309.338
15.894     309.338
15.900     309.338
15.906     309.338
15.911     309.338
15.917     311.130
15.923     311.130
15.929     311.130
15.935     311.130
15.940     311.130
15.946     309.338
15.952     305.785
15.958     307.556
15.964     309.338
15.970     311.130
15.975     309.338
15.981     307.556
15.987     311.130
15.993     311.130
15.999     297.080
16.004     302.273
16.010     302.273
16.016     300.532
16.022     302.273
16.028     304.024
16.033     300.532
16.039     311.130
16.045     314.745
16.051     309.338
16.057     304.024
16.062     302.273
16.068     302.273
16.074     304.024
16.080     304.024
16.086     305.785
16.091     307.556
16.097     314.745
16.103     312.932
16.109     325.845
16.115     351.255
16.120     351.255
16.126     347.221
16.132     349.232
16.138     349.232
16.144     351.255
16.149     351.255
16.155     349.232
16.161     345.221
16.167     351.255
16.173     154.668
16.179     154.668
16.184     154.668
16.190     154.668
16.196     152.892
16.202     153.778
16.208     154.668
16.213     155.564
16.219     156.466
16.225     156.466
16.231     157.372
16.237     153.778
16.242     153.778
16.248     152.892
16.254     153.778
16.260     152.892
16.266     152.892
16.271     152.892
16.277     155.564
16.283     154.668
16.289     157.372
16.295     153.778
16.300     152.892
16.306     152.011
16.312     152.892
16.318     302.273
16.324     99.138
16.329     99.138
16.335     96.316
16.341     95.761
16.347     96.874
16.353     97.999
16.358     99.138
16.364     99.712
16.370     98.567
16.376     98.567
16.382     99.138
16.387     0.000
16.393     0.000
16.399     0.000
16.405     0.000
16.411     0.000
16.417     0.000
16.422     0.000
16.428     0.000
16.434     0.000
16.440     0.000
16.446     0.000
16.451     0.000
16.457     0.000
16.463     0.000
16.469     0.000
16.475     0.000
16.480     0.000
16.486     0.000
16.492     0.000
16.498     0.000
16.504     0.000
16.509     0.000
16.515     0.000
16.521     0.000
16.527     0.000
16.533     0.000
16.538     0.000
16.544     0.000
16.550     0.000
16.556     0.000
16.562     0.000
16.567     0.000
16.573     0.000
16.579     0.000
16.585     0.000
16.591     0.000
16.596     0.000
16.602     0.000
16.608     0.000
16.614     0.000
16.620     0.000
16.625     0.000
16.631     0.000
16.637     0.000
16.643     0.000
16.649     0.000
16.655     0.000
16.660     0.000
16.666     0.000
16.672     0.000
16.678     0.000
16.684     0.000
16.689     0.000
16.695     0.000
16.701     0.000
16.707     0.000
16.713     0.000
16.718     0.000
