0.000     0.000
0.006     0.000
0.012     0.000
0.017     0.000
0.023     0.000
0.029     257.133
0.035     261.628
0.041     261.628
0.046     263.144
0.052     261.628
0.058     260.121
0.064     260.121
0.070     261.628
0.075     261.628
0.081     261.628
0.087     260.121
0.093     258.623
0.099     258.623
0.104     258.623
0.110     260.121
0.116     263.144
0.122     261.628
0.128     261.628
0.134     261.628
0.139     261.628
0.145     263.144
0.151     263.144
0.157     261.628
0.163     260.121
0.168     260.121
0.174     260.121
0.180     261.628
0.186     261.628
0.192     263.144
0.197     263.144
0.203     263.144
0.209     263.144
0.215     263.144
0.221     261.628
0.226     261.628
0.232     260.121
0.238     261.628
0.244     261.628
0.250     263.144
0.255     263.144
0.261     263.144
0.267     263.144
0.273     263.144
0.279     263.144
0.284     263.144
0.290     261.628
0.296     263.144
0.302     266.201
0.308     280.406
0.313     293.668
0.319     309.338
0.325     309.338
0.331     311.130
0.337     311.130
0.342     311.130
0.348     309.338
0.354     311.130
0.360     311.130
0.366     311.130
0.372     309.338
0.377     309.338
0.383     309.338
0.389     311.130
0.395     311.130
0.401     309.338
0.406     309.338
0.412     311.130
0.418     311.130
0.424     311.130
0.430     309.338
0.435     311.130
0.441     311.130
0.447     309.338
0.453     307.556
0.459     307.556
0.464     309.338
0.470     312.932
0.476     309.338
0.482     309.338
0.488     307.556
0.493     307.556
0.499     307.556
0.505     311.130
0.511     311.130
0.517     314.745
0.522     311.130
0.528     0.000
0.534     0.000
0.540     0.000
0.546     0.000
0.551     0.000
0.557     0.000
0.563     0.000
0.569     0.000
0.575     0.000
0.580     0.000
0.586     0.000
0.592     0.000
0.598     255.652
0.604     255.652
0.610     257.133
0.615     261.628
0.621     263.144
0.627     261.628
0.633     260.121
0.639     258.623
0.644     260.121
0.650     260.121
0.656     261.628
0.662     263.144
0.668     263.144
0.673     264.668
0.679     263.144
0.685     261.628
0.691     261.628
0.697     261.628
0.702     261.628
0.708     261.628
0.714     261.628
0.720     261.628
0.726     261.628
0.731     263.144
0.737     264.668
0.743     264.668
0.749     263.144
0.755     261.628
0.760     261.628
0.766     261.628
0.772     260.121
0.778     260.121
0.784     261.628
0.789     263.144
0.795     263.144
0.801     264.668
0.807     264.668
0.813     264.668
0.819     263.144
0.824     261.628
0.830     261.628
0.836     261.628
0.842     260.121
0.848     261.628
0.853     261.628
0.859     263.144
0.865     266.201
0.871     270.854
0.877     282.030
0.882     305.785
0.888     309.338
0.894     309.338
0.900     307.556
0.906     307.556
0.911     307.556
0.917     309.338
0.923     311.130
0.929     309.338
0.935     307.556
0.940     307.556
0.946     309.338
0.952     311.130
0.958     311.130
0.964     307.556
0.969     307.556
0.975     307.556
0.981     309.338
0.987     309.338
0.993     307.556
0.998     305.785
1.004     305.785
1.010     309.338
1.016     312.932
1.022     312.932
1.027     311.130
1.033     309.338
1.039     0.000
1.045     0.000
1.051     0.000
1.057     0.000
1.062     0.000
1.068     0.000
1.074     0.000
1.080     0.000
1.086     0.000
1.091     0.000
1.097     0.000
1.103     0.000
1.109     0.000
1.115     0.000
1.120     0.000
1.126     0.000
1.132     337.336
1.138     339.290
1.144     343.232
1.149     345.221
1.155     347.221
1.161     173.610
1.167     173.610
1.173     173.610
1.178     173.610
1.184     173.610
1.190     173.610
1.196     173.610
1.202     174.615
1.207     174.615
1.213     173.610
1.219     174.615
1.225     174.615
1.231     173.610
1.236     173.610
1.242     174.615
1.248     174.615
1.254     173.610
1.260     173.610
1.265     174.615
1.271     174.615
1.277     173.610
1.283     174.615
1.289     174.615
1.295     175.627
1.300     174.615
1.306     174.615
1.312     175.627
1.318     174.615
1.324     175.627
1.329     175.627
1.335     174.615
1.341     173.610
1.347     174.615
1.353     173.610
1.358     351.255
1.364     148.539
1.370     147.684
1.376     146.833
1.382     146.833
1.387     148.539
1.393     150.265
1.399     149.400
1.405     145.988
1.411     145.988
1.416     146.833
1.422     148.539
1.428     148.539
1.434     148.539
1.440     147.684
1.445     146.833
1.451     147.684
1.457     147.684
1.463     149.400
1.469     147.684
1.474     147.684
1.480     148.539
1.486     147.684
1.492     147.684
1.498     147.684
1.503     147.684
1.509     147.684
1.515     147.684
1.521     146.833
1.527     147.684
1.533     147.684
1.538     147.684
1.544     147.684
1.550     146.833
1.556     147.684
1.562     147.684
1.567     147.684
1.573     147.684
1.579     147.684
1.585     147.684
1.591     147.684
1.596     146.833
1.602     147.684
1.608     147.684
1.614     147.684
1.620     148.539
1.625     148.539
1.631     147.684
1.637     147.684
1.643     147.684
1.649     146.833
1.654     146.833
1.660     147.684
1.666     147.684
1.672     148.539
1.678     148.539
1.683     148.539
1.689     148.539
1.695     147.684
1.701     147.684
1.707     148.539
1.712     149.400
1.718     150.265
1.724     149.400
1.730     146.833
1.736     0.000
1.741     0.000
1.747     0.000
1.753     0.000
1.759     0.000
1.765     0.000
1.771     0.000
1.776     0.000
1.782     0.000
1.788     0.000
1.794     0.000
1.800     0.000
1.805     0.000
1.811     0.000
1.817     0.000
1.823     0.000
1.829     0.000
1.834     0.000
1.840     0.000
1.846     0.000
1.852     0.000
1.858     0.000
1.863     0.000
1.869     0.000
1.875     0.000
1.881     0.000
1.887     0.000
1.892     0.000
1.898     0.000
1.904     0.000
1.910     0.000
1.916     0.000
1.921     0.000
1.927     0.000
1.933     0.000
1.939     0.000
1.945     0.000
1.950     0.000
1.956     0.000
1.962     0.000
1.968     0.000
1.974     345.221
1.980     347.221
1.985     347.221
1.991     173.610
1.997     172.610
2.003     174.615
2.009     175.627
2.014     175.627
2.020     174.615
2.026     174.615
2.032     174.615
2.038     173.610
2.043     173.610
2.049     174.615
2.055     174.615
2.061     174.615
2.067     173.610
2.072     174.615
2.078     174.615
2.084     174.615
2.090     174.615
2.096     174.615
2.101     174.615
2.107     174.615
2.113     173.610
2.119     173.610
2.125     175.627
2.130     175.627
2.136     173.610
2.142     174.615
2.148     175.627
2.154     174.615
2.159     174.615
2.165     174.615
2.171     174.615
2.177     174.615
2.183     173.610
2.188     173.610
2.194     175.627
2.200     175.627
2.206     173.610
2.212     174.615
2.218     175.627
2.223     173.610
2.229     174.615
2.235     174.615
2.241     175.627
2.247     174.615
2.252     174.615
2.258     174.615
2.264     175.627
2.270     176.644
2.276     175.627
2.281     175.627
2.287     174.615
2.293     174.615
2.299     173.610
2.305     174.615
2.310     175.627
2.316     175.627
2.322     175.627
2.328     174.615
2.334     175.627
2.339     174.615
2.345     174.615
2.351     174.615
2.357     174.615
2.363     174.615
2.368     174.615
2.374     174.615
2.380     176.644
2.386     176.644
2.392     173.610
2.397     173.610
2.403     173.610
2.409     173.610
2.415     175.627
2.421     174.615
2.426     175.627
2.432     174.615
2.438     174.615
2.444     174.615
2.450     174.615
2.456     176.644
2.461     175.627
2.467     173.610
2.473     172.610
2.479     175.627
2.485     173.610
2.490     175.627
2.496     175.627
2.502     174.615
2.508     172.610
2.514     172.610
2.519     173.610
2.525     176.644
2.531     176.644
2.537     174.615
2.543     173.610
2.548     174.615
2.554     173.610
2.560     175.627
2.566     176.644
2.572     176.644
2.577     174.615
2.583     174.615
2.589     172.610
2.595     174.615
2.601     175.627
2.606     175.627
2.612     174.615
2.618     173.610
2.624     173.610
2.630     173.610
2.635     175.627
2.641     175.627
2.647     175.627
2.653     173.610
2.659     173.610
2.664     174.615
2.670     175.627
2.676     175.627
2.682     174.615
2.688     173.610
2.694     173.610
2.699     173.610
2.705     175.627
2.711     175.627
2.717     175.627
2.723     173.610
2.728     172.610
2.734     173.610
2.740     175.627
2.746     176.644
2.752     176.644
2.757     174.615
2.763     173.610
2.769     173.610
2.775     175.627
2.781     175.627
2.786     174.615
2.792     173.610
2.798     172.610
2.804     176.644
2.810     178.697
2.815     178.697
2.821     178.697
2.827     178.697
2.833     178.697
2.839     178.697
2.844     178.697
2.850     178.697
2.856     177.668
2.862     176.644
2.868     175.627
2.873     175.627
2.879     175.627
2.885     174.615
2.891     174.615
2.897     175.627
2.902     175.627
2.908     175.627
2.914     175.627
2.920     175.627
2.926     176.644
2.932     177.668
2.937     176.644
2.943     175.627
2.949     174.615
2.955     174.615
2.961     175.627
2.966     175.627
2.972     174.615
2.978     174.615
2.984     174.615
2.990     173.610
2.995     173.610
3.001     174.615
3.007     175.627
3.013     175.627
3.019     175.627
3.024     175.627
3.030     175.627
3.036     176.644
3.042     176.644
3.048     175.627
3.053     174.615
3.059     174.615
3.065     174.615
3.071     175.627
3.077     175.627
3.082     175.627
3.088     174.615
3.094     173.610
3.100     173.610
3.106     174.615
3.111     174.615
3.117     174.615
3.123     175.627
3.129     175.627
3.135     175.627
3.140     175.627
3.146     175.627
3.152     175.627
3.158     175.627
3.164     174.615
3.170     173.610
3.175     174.615
3.181     174.615
3.187     175.627
3.193     174.615
3.199     174.615
3.204     173.610
3.210     174.615
3.216     174.615
3.222     175.627
3.228     175.627
3.233     175.627
3.239     175.627
3.245     175.627
3.251     174.615
3.257     174.615
3.262     174.615
3.268     175.627
3.274     174.615
3.280     174.615
3.286     174.615
3.291     174.615
3.297     173.610
3.303     174.615
3.309     174.615
3.315     175.627
3.320     177.668
3.326     177.668
3.332     177.668
3.338     175.627
3.344     174.615
3.349     173.610
3.355     174.615
3.361     175.627
3.367     174.615
3.373     174.615
3.379     175.627
3.384     175.627
3.390     174.615
3.396     173.610
3.402     174.615
3.408     175.627
3.413     174.615
3.419     174.615
3.425     175.627
3.431     176.644
3.437     174.615
3.442     174.615
3.448     175.627
3.454     174.615
3.460     174.615
3.466     174.615
3.471     175.627
3.477     176.644
3.483     175.627
3.489     174.615
3.495     173.610
3.500     174.615
3.506     174.615
3.512     174.615
3.518     175.627
3.524     177.668
3.529     176.644
3.535     175.627
3.541     174.615
3.547     174.615
3.553     174.615
3.558     173.610
3.564     174.615
3.570     175.627
3.576     176.644
3.582     174.615
3.587     174.615
3.593     176.644
3.599     175.627
3.605     174.615
3.611     153.778
3.617     149.400
3.622     144.311
3.628     142.653
3.634     147.684
3.640     153.778
3.646     154.668
3.651     149.400
3.657     143.480
3.663     142.653
3.669     146.833
3.675     152.011
3.680     154.668
3.686     150.265
3.692     145.147
3.698     143.480
3.704     145.988
3.709     150.265
3.715     152.892
3.721     151.136
3.727     145.988
3.733     143.480
3.738     145.147
3.744     151.136
3.750     153.778
3.756     152.892
3.762     147.684
3.767     144.311
3.773     145.147
3.779     148.539
3.785     153.778
3.791     152.011
3.796     148.539
3.802     145.147
3.808     144.311
3.814     147.684
3.820     151.136
3.825     154.668
3.831     0.000
3.837     0.000
3.843     0.000
3.849     0.000
3.855     0.000
3.860     0.000
3.866     0.000
3.872     0.000
3.878     0.000
3.884     0.000
3.889     0.000
3.895     0.000
3.901     0.000
3.907     0.000
3.913     0.000
3.918     0.000
3.924     0.000
3.930     0.000
3.936     0.000
3.942     0.000
3.947     0.000
3.953     0.000
3.959     0.000
3.965     0.000
3.971     0.000
3.976     0.000
3.982     0.000
3.988     0.000
3.994     0.000
4.000     0.000
4.005     0.000
4.011     0.000
4.017     0.000
4.023     0.000
4.029     0.000
4.034     0.000
4.040     0.000
4.046     0.000
4.052     0.000
4.058     0.000
4.063     0.000
4.069     0.000
4.075     0.000
4.081     0.000
4.087     0.000
4.093     0.000
4.098     0.000
4.104     0.000
4.110     0.000
4.116     0.000
4.122     0.000
4.127     0.000
4.133     0.000
4.139     0.000
4.145     0.000
4.151     0.000
4.156     353.290
4.162     355.337
4.168     351.255
4.174     349.232
4.180     351.255
4.185     353.290
4.191     353.290
4.197     264.668
4.203     263.144
4.209     263.144
4.214     261.628
4.220     263.144
4.226     263.144
4.232     261.628
4.238     263.144
4.243     264.668
4.249     266.201
4.255     266.201
4.261     264.668
4.267     261.628
4.272     263.144
4.278     264.668
4.284     264.668
4.290     263.144
4.296     261.628
4.301     261.628
4.307     260.121
4.313     264.668
4.319     264.668
4.325     261.628
4.331     263.144
4.336     261.628
4.342     267.743
4.348     261.628
4.354     260.121
4.360     261.628
4.365     261.628
4.371     263.144
4.377     264.668
4.383     267.743
4.389     264.668
4.394     263.144
4.400     257.133
4.406     258.623
4.412     260.121
4.418     260.121
4.423     260.121
4.429     260.121
4.435     260.121
4.441     260.121
4.447     260.121
4.452     260.121
4.458     260.121
4.464     260.121
4.470     260.121
4.476     260.121
4.481     260.121
4.487     260.121
4.493     260.121
4.499     260.121
4.505     261.628
4.510     261.628
4.516     261.628
4.522     260.121
4.528     260.121
4.534     261.628
4.540     261.628
4.545     260.121
4.551     261.628
4.557     261.628
4.563     263.144
4.569     263.144
4.574     261.628
4.580     260.121
4.586     261.628
4.592     261.628
4.598     261.628
4.603     261.628
4.609     261.628
4.615     261.628
4.621     261.628
4.627     263.144
4.632     263.144
4.638     263.144
4.644     264.668
4.650     267.743
4.656     278.791
4.661     300.532
4.667     309.338
4.673     311.130
4.679     311.130
4.685     309.338
4.690     309.338
4.696     309.338
4.702     309.338
4.708     309.338
4.714     309.338
4.719     311.130
4.725     312.932
4.731     311.130
4.737     311.130
4.743     309.338
4.748     309.338
4.754     309.338
4.760     309.338
4.766     309.338
4.772     311.130
4.778     312.932
4.783     312.932
4.789     312.932
4.795     311.130
4.801     309.338
4.807     309.338
4.812     311.130
4.818     309.338
4.824     311.130
4.830     309.338
4.836     309.338
4.841     309.338
4.847     305.785
4.853     302.273
4.859     304.024
4.865     0.000
4.870     0.000
4.876     0.000
4.882     0.000
4.888     0.000
4.894     0.000
4.899     0.000
4.905     0.000
4.911     0.000
4.917     0.000
4.923     0.000
4.928     0.000
4.934     0.000
4.940     0.000
4.946     0.000
4.952     0.000
4.957     260.121
4.963     261.628
4.969     263.144
4.975     264.668
4.981     263.144
4.986     261.628
4.992     260.121
4.998     260.121
5.004     260.121
5.010     261.628
5.016     261.628
5.021     261.628
5.027     261.628
5.033     261.628
5.039     261.628
5.045     261.628
5.050     261.628
5.056     261.628
5.062     261.628
5.068     261.628
5.074     263.144
5.079     263.144
5.085     261.628
5.091     261.628
5.097     261.628
5.103     261.628
5.108     261.628
5.114     263.144
5.120     263.144
5.126     263.144
5.132     263.144
5.137     263.144
5.143     263.144
5.149     263.144
5.155     263.144
5.161     263.144
5.166     263.144
5.172     263.144
5.178     263.144
5.184     263.144
5.190     263.144
5.195     263.144
5.201     261.628
5.207     263.144
5.213     263.144
5.219     266.201
5.224     278.791
5.230     295.369
5.236     305.785
5.242     309.338
5.248     309.338
5.254     309.338
5.259     309.338
5.265     309.338
5.271     309.338
5.277     309.338
5.283     309.338
5.288     309.338
5.294     309.338
5.300     309.338
5.306     309.338
5.312     309.338
5.317     309.338
5.323     309.338
5.329     309.338
5.335     309.338
5.341     309.338
5.346     309.338
5.352     309.338
5.358     309.338
5.364     309.338
5.370     309.338
5.375     307.556
5.381     307.556
5.387     305.785
5.393     307.556
5.399     307.556
5.404     309.338
5.410     311.130
5.416     309.338
5.422     309.338
5.428     305.785
5.433     0.000
5.439     0.000
5.445     0.000
5.451     0.000
5.457     0.000
5.462     0.000
5.468     0.000
5.474     0.000
5.480     0.000
5.486     0.000
5.492     0.000
5.497     172.610
5.503     170.627
5.509     171.615
5.515     172.610
5.521     172.610
5.526     517.248
5.532     517.248
5.538     520.244
5.544     520.244
5.550     520.244
5.555     520.244
5.561     520.244
5.567     523.258
5.573     523.258
5.579     523.258
5.584     520.244
5.590     520.244
5.596     520.244
5.602     520.244
5.608     520.244
5.613     523.258
5.619     523.258
5.625     523.258
5.631     523.258
5.637     523.258
5.642     523.258
5.648     523.258
5.654     523.258
5.660     523.258
5.666     523.258
5.671     523.258
5.677     523.258
5.683     523.258
5.689     394.271
5.695     396.555
5.700     392.000
5.706     387.497
5.712     389.742
5.718     392.000
5.724     394.271
5.730     394.271
5.735     394.271
5.741     392.000
5.747     387.497
5.753     380.840
5.759     353.290
5.764     347.221
5.770     351.255
5.776     351.255
5.782     349.232
5.788     347.221
5.793     345.221
5.799     349.232
5.805     349.232
5.811     349.232
5.817     351.255
5.822     351.255
5.828     349.232
5.834     349.232
5.840     347.221
5.846     343.232
5.851     345.221
5.857     347.221
5.863     347.221
5.869     385.266
5.875     385.266
5.880     389.742
5.886     394.271
5.892     394.271
5.898     392.000
5.904     392.000
5.909     392.000
5.915     392.000
5.921     389.742
5.927     392.000
5.933     394.271
5.939     392.000
5.944     392.000
5.950     392.000
5.956     394.271
5.962     392.000
5.968     392.000
5.973     392.000
5.979     392.000
5.985     389.742
5.991     389.742
5.997     394.271
6.002     394.271
6.008     392.000
6.014     387.497
6.020     387.497
6.026     389.742
6.031     394.271
6.037     396.555
6.043     394.271
6.049     394.271
6.055     389.742
6.060     389.742
6.066     392.000
6.072     396.555
6.078     396.555
6.084     394.271
6.089     394.271
6.095     392.000
6.101     389.742
6.107     389.742
6.113     394.271
6.118     394.271
6.124     394.271
6.130     392.000
6.136     389.742
6.142     0.000
6.147     0.000
6.153     0.000
6.159     0.000
6.165     0.000
6.171     0.000
6.177     0.000
6.182     0.000
6.188     0.000
6.194     0.000
6.200     0.000
6.206     0.000
6.211     0.000
6.217     0.000
6.223     0.000
6.229     0.000
6.235     0.000
6.240     0.000
6.246     0.000
6.252     0.000
6.258     0.000
6.264     0.000
6.269     0.000
6.275     0.000
6.281     0.000
6.287     0.000
6.293     0.000
6.298     0.000
6.304     0.000
6.310     0.000
6.316     0.000
6.322     0.000
6.327     333.461
6.333     335.393
6.339     341.256
6.345     345.221
6.351     347.221
6.356     347.221
6.362     347.221
6.368     349.232
6.374     349.232
6.380     349.232
6.385     347.221
6.391     347.221
6.397     347.221
6.403     349.232
6.409     347.221
6.415     349.232
6.420     351.255
6.426     349.232
6.432     347.221
6.438     347.221
6.444     347.221
6.449     347.221
6.455     347.221
6.461     349.232
6.467     353.290
6.473     351.255
6.478     349.232
6.484     349.232
6.490     347.221
6.496     347.221
6.502     347.221
6.507     349.232
6.513     351.255
6.519     353.290
6.525     351.255
6.531     349.232
6.536     349.232
6.542     347.221
6.548     345.221
6.554     347.221
6.560     351.255
6.565     351.255
6.571     349.232
6.577     351.255
6.583     351.255
6.589     351.255
6.594     347.221
6.600     345.221
6.606     347.221
6.612     347.221
6.618     347.221
6.623     351.255
6.629     355.337
6.635     353.290
6.641     347.221
6.647     347.221
6.653     349.232
6.658     347.221
6.664     347.221
6.670     347.221
6.676     353.290
6.682     351.255
6.687     351.255
6.693     349.232
6.699     351.255
6.705     349.232
6.711     347.221
6.716     347.221
6.722     349.232
6.728     351.255
6.734     349.232
6.740     349.232
6.745     351.255
6.751     351.255
6.757     349.232
6.763     347.221
6.769     176.644
6.774     174.615
6.780     172.610
6.786     171.615
6.792     173.610
6.798     175.627
6.803     176.644
6.809     175.627
6.815     173.610
6.821     173.610
6.827     173.610
6.832     174.615
6.838     175.627
6.844     175.627
6.850     174.615
6.856     173.610
6.861     173.610
6.867     174.615
6.873     175.627
6.879     174.615
6.885     174.615
6.891     173.610
6.896     172.610
6.902     172.610
6.908     174.615
6.914     175.627
6.920     175.627
6.925     173.610
6.931     173.610
6.937     173.610
6.943     175.627
6.949     175.627
6.954     174.615
6.960     173.610
6.966     172.610
6.972     172.610
6.978     174.615
6.983     176.644
6.989     176.644
6.995     174.615
7.001     173.610
7.007     172.610
7.012     172.610
7.018     174.615
7.024     175.627
7.030     176.644
7.036     174.615
7.041     173.610
7.047     173.610
7.053     174.615
7.059     175.627
7.065     174.615
7.070     173.610
7.076     173.610
7.082     174.615
7.088     174.615
7.094     175.627
7.100     175.627
7.105     174.615
7.111     172.610
7.117     172.610
7.123     174.615
7.129     175.627
7.134     175.627
7.140     173.610
7.146     173.610
7.152     173.610
7.158     175.627
7.163     177.668
7.169     178.697
7.175     178.697
7.181     177.668
7.187     178.697
7.192     179.732
7.198     175.627
7.204     174.615
7.210     174.615
7.216     173.610
7.221     173.610
7.227     174.615
7.233     176.644
7.239     176.644
7.245     177.668
7.250     177.668
7.256     176.644
7.262     176.644
7.268     175.627
7.274     176.644
7.279     176.644
7.285     176.644
7.291     174.615
7.297     173.610
7.303     173.610
7.308     173.610
7.314     174.615
7.320     174.615
7.326     173.610
7.332     174.615
7.338     175.627
7.343     176.644
7.349     176.644
7.355     176.644
7.361     176.644
7.367     176.644
7.372     175.627
7.378     175.627
7.384     174.615
7.390     174.615
7.396     173.610
7.401     173.610
7.407     173.610
7.413     174.615
7.419     175.627
7.425     175.627
7.430     175.627
7.436     174.615
7.442     173.610
7.448     174.615
7.454     175.627
7.459     175.627
7.465     175.627
7.471     175.627
7.477     175.627
7.483     175.627
7.488     174.615
7.494     174.615
7.500     174.615
7.506     174.615
7.512     174.615
7.517     174.615
7.523     175.627
7.529     174.615
7.535     174.615
7.541     174.615
7.546     174.615
7.552     174.615
7.558     174.615
7.564     175.627
7.570     175.627
7.576     175.627
7.581     175.627
7.587     174.615
7.593     174.615
7.599     174.615
7.605     174.615
7.610     174.615
7.616     174.615
7.622     174.615
7.628     174.615
7.634     175.627
7.639     174.615
7.645     174.615
7.651     173.610
7.657     174.615
7.663     176.644
7.668     176.644
7.674     174.615
7.680     351.255
7.686     351.255
7.692     355.337
7.697     353.290
7.703     347.221
7.709     345.221
7.715     347.221
7.721     349.232
7.726     349.232
7.732     349.232
7.738     351.255
7.744     353.290
7.750     351.255
7.755     349.232
7.761     347.221
7.767     347.221
7.773     347.221
7.779     347.221
7.784     349.232
7.790     353.290
7.796     353.290
7.802     349.232
7.808     349.232
7.814     351.255
7.819     349.232
7.825     349.232
7.831     349.232
7.837     351.255
7.843     351.255
7.848     349.232
7.854     349.232
7.860     351.255
7.866     351.255
7.872     349.232
7.877     349.232
7.883     351.255
7.889     355.337
7.895     349.232
7.901     349.232
7.906     349.232
7.912     351.255
7.918     347.221
7.924     347.221
7.930     351.255
7.935     357.395
7.941     355.337
7.947     351.255
7.953     349.232
7.959     347.221
7.964     345.221
7.970     347.221
7.976     349.232
7.982     359.465
7.988     357.395
7.993     353.290
7.999     351.255
8.005     351.255
8.011     347.221
8.017     347.221
8.022     347.221
8.028     353.290
8.034     355.337
8.040     351.255
8.046     351.255
8.052     353.290
8.057     353.290
8.063     347.221
8.069     345.221
8.075     347.221
8.081     353.290
8.086     351.255
8.092     351.255
8.098     353.290
8.104     357.395
8.110     349.232
8.115     347.221
8.121     347.221
8.127     353.290
8.133     353.290
8.139     351.255
8.144     351.255
8.150     353.290
8.156     347.221
8.162     345.221
8.168     347.221
8.173     351.255
8.179     353.290
8.185     351.255
8.191     351.255
8.197     355.337
8.202     355.337
8.208     174.615
8.214     174.615
8.220     174.615
8.226     173.610
8.231     173.610
8.237     172.610
8.243     174.615
8.249     175.627
8.255     174.615
8.260     173.610
8.266     175.627
8.272     176.644
8.278     176.644
8.284     175.627
8.290     175.627
8.295     176.644
8.301     174.615
8.307     173.610
8.313     173.610
8.319     176.644
8.324     177.668
8.330     175.627
8.336     175.627
8.342     175.627
8.348     174.615
8.353     173.610
8.359     174.615
8.365     175.627
8.371     176.644
8.377     176.644
8.382     176.644
8.388     175.627
8.394     174.615
8.400     174.615
8.406     174.615
8.411     175.627
8.417     176.644
8.423     175.627
8.429     175.627
8.435     175.627
8.440     175.627
8.446     175.627
8.452     175.627
8.458     175.627
8.464     175.627
8.469     175.627
8.475     175.627
8.481     173.610
8.487     176.644
8.493     176.644
8.499     175.627
8.504     175.627
8.510     178.697
8.516     176.644
8.522     178.697
8.528     178.697
8.533     175.627
8.539     175.627
8.545     174.615
8.551     174.615
8.557     176.644
8.562     177.668
8.568     175.627
8.574     175.627
8.580     174.615
8.586     174.615
8.591     173.610
8.597     173.610
8.603     174.615
8.609     176.644
8.615     174.615
8.620     174.615
8.626     174.615
8.632     175.627
8.638     349.232
8.644     347.221
8.649     349.232
8.655     351.255
8.661     351.255
8.667     349.232
8.673     349.232
8.678     355.337
8.684     349.232
8.690     347.221
8.696     347.221
8.702     353.290
8.707     351.255
8.713     349.232
8.719     349.232
8.725     349.232
8.731     349.232
8.737     347.221
8.742     347.221
8.748     349.232
8.754     351.255
8.760     349.232
8.766     351.255
8.771     349.232
8.777     351.255
8.783     345.221
8.789     345.221
8.795     349.232
8.800     351.255
8.806     349.232
8.812     146.833
8.818     149.400
8.824     149.400
8.829     149.400
8.835     148.539
8.841     147.684
8.847     145.988
8.853     146.833
8.858     147.684
8.864     147.684
8.870     148.539
8.876     148.539
8.882     147.684
8.887     146.833
8.893     147.684
8.899     147.684
8.905     147.684
8.911     147.684
8.916     147.684
8.922     147.684
8.928     146.833
8.934     147.684
8.940     147.684
8.945     147.684
8.951     147.684
8.957     146.833
8.963     146.833
8.969     147.684
8.975     148.539
8.980     0.000
8.986     0.000
8.992     0.000
8.998     0.000
9.004     0.000
9.009     0.000
9.015     0.000
9.021     0.000
9.027     0.000
9.033     0.000
9.038     0.000
9.044     0.000
9.050     0.000
9.056     0.000
9.062     0.000
9.067     0.000
9.073     0.000
9.079     0.000
9.085     225.144
9.091     231.741
9.096     227.760
9.102     217.475
9.108     211.284
9.114     202.911
9.120     198.277
9.125     195.999
9.131     194.870
9.137     194.870
9.143     194.870
9.149     195.999
9.154     197.135
9.160     198.277
9.166     207.654
9.172     208.857
9.178     198.277
9.183     194.870
9.189     128.566
9.195     130.060
9.201     135.427
9.207     133.100
9.213     132.333
9.218     130.060
9.224     131.571
9.230     131.571
9.236     129.311
9.242     133.100
9.247     133.871
9.253     134.647
9.259     138.592
9.265     131.571
9.271     130.813
9.276     130.060
9.282     130.813
9.288     134.647
9.294     135.427
9.300     0.000
9.305     353.290
9.311     349.232
9.317     349.232
9.323     351.255
9.329     353.290
9.334     353.290
9.340     353.290
9.346     353.290
9.352     353.290
9.358     351.255
9.363     349.232
9.369     349.232
9.375     353.290
9.381     355.337
9.387     357.395
9.392     355.337
9.398     353.290
9.404     353.290
9.410     353.290
9.416     351.255
9.421     351.255
9.427     353.290
9.433     355.337
9.439     353.290
9.445     353.290
9.451     353.290
9.456     353.290
9.462     353.290
9.468     353.290
9.474     353.290
9.480     355.337
9.485     353.290
9.491     353.290
9.497     351.255
9.503     353.290
9.509     353.290
9.514     355.337
9.520     353.290
9.526     353.290
9.532     353.290
9.538     353.290
9.543     353.290
9.549     353.290
9.555     355.337
9.561     355.337
9.567     355.337
9.572     355.337
9.578     353.290
9.584     355.337
9.590     355.337
9.596     355.337
9.601     355.337
9.607     353.290
9.613     353.290
9.619     351.255
9.625     351.255
9.630     351.255
9.636     351.255
9.642     353.290
9.648     351.255
9.654     351.255
9.660     351.255
9.665     351.255
9.671     351.255
9.677     351.255
9.683     351.255
9.689     353.290
9.694     353.290
9.700     353.290
9.706     353.290
9.712     353.290
9.718     353.290
9.723     353.290
9.729     353.290
9.735     353.290
9.741     353.290
9.747     353.290
9.752     353.290
9.758     353.290
9.764     353.290
9.770     355.337
9.776     357.395
9.781     357.395
9.787     357.395
9.793     357.395
9.799     357.395
9.805     359.465
9.810     359.465
9.816     357.395
9.822     355.337
9.828     353.290
9.834     353.290
9.839     357.395
9.845     359.465
9.851     363.642
9.857     353.290
9.863     341.256
9.868     343.232
9.874     353.290
9.880     351.255
9.886     345.221
9.892     345.221
9.898     345.221
9.903     345.221
9.909     341.256
9.915     343.232
9.921     347.221
9.927     349.232
9.932     347.221
9.938     347.221
9.944     345.221
9.950     345.221
9.956     347.221
9.961     349.232
9.967     349.232
9.973     349.232
9.979     347.221
9.985     0.000
9.990     0.000
9.996     0.000
10.002     0.000
10.008     0.000
10.014     0.000
10.019     0.000
10.025     0.000
10.031     0.000
10.037     0.000
10.043     0.000
10.048     0.000
10.054     0.000
10.060     0.000
