0.000     0.000
0.006     0.000
0.012     0.000
0.017     0.000
0.023     0.000
0.029     0.000
0.035     0.000
0.041     0.000
0.046     0.000
0.052     0.000
0.058     0.000
0.064     0.000
0.070     0.000
0.075     351.255
0.081     351.255
0.087     351.255
0.093     351.255
0.099     351.255
0.104     353.290
0.110     357.395
0.116     355.337
0.122     355.337
0.128     355.337
0.134     355.337
0.139     355.337
0.145     355.337
0.151     355.337
0.157     355.337
0.163     355.337
0.168     355.337
0.174     355.337
0.180     355.337
0.186     355.337
0.192     355.337
0.197     355.337
0.203     353.290
0.209     353.290
0.215     353.290
0.221     355.337
0.226     355.337
0.232     355.337
0.238     355.337
0.244     355.337
0.250     355.337
0.255     355.337
0.261     355.337
0.267     355.337
0.273     355.337
0.279     355.337
0.284     355.337
0.290     355.337
0.296     355.337
0.302     355.337
0.308     355.337
0.313     355.337
0.319     355.337
0.325     355.337
0.331     355.337
0.337     355.337
0.342     355.337
0.348     353.290
0.354     353.290
0.360     355.337
0.366     357.395
0.372     355.337
0.377     353.290
0.383     351.255
0.389     351.255
0.395     351.255
0.401     351.255
0.406     353.290
0.412     353.290
0.418     353.290
0.424     353.290
0.430     353.290
0.435     353.290
0.441     353.290
0.447     353.290
0.453     353.290
0.459     353.290
0.464     353.290
0.470     353.290
0.476     353.290
0.482     353.290
0.488     353.290
0.493     353.290
0.499     353.290
0.505     353.290
0.511     353.290
0.517     355.337
0.522     355.337
0.528     355.337
0.534     357.395
0.540     357.395
0.546     357.395
0.551     359.465
0.557     0.000
0.563     0.000
0.569     0.000
0.575     0.000
0.580     0.000
0.586     0.000
0.592     0.000
0.598     0.000
0.604     0.000
0.610     0.000
0.615     0.000
0.621     0.000
0.627     0.000
0.633     0.000
0.639     0.000
0.644     0.000
0.650     86.304
0.656     84.822
0.662     86.304
0.668     88.322
0.673     87.813
0.679     90.386
0.685     87.813
0.691     87.307
0.697     85.807
0.702     84.333
0.708     86.304
0.714     85.807
0.720     86.304
0.726     86.304
0.731     86.804
0.737     87.813
0.743     87.307
0.749     87.307
0.755     87.813
0.760     87.307
0.766     86.804
0.772     0.000
0.778     0.000
0.784     0.000
0.789     0.000
0.795     0.000
0.801     0.000
0.807     0.000
0.813     0.000
0.819     0.000
0.824     0.000
0.830     0.000
0.836     0.000
0.842     0.000
0.848     0.000
0.853     0.000
0.859     0.000
0.865     0.000
0.871     0.000
0.877     0.000
0.882     0.000
0.888     0.000
0.894     0.000
0.900     0.000
0.906     0.000
0.911     0.000
0.917     0.000
0.923     175.627
0.929     174.615
0.935     174.615
0.940     174.615
0.946     175.627
0.952     264.668
0.958     263.144
0.964     263.144
0.969     263.144
0.975     261.628
0.981     261.628
0.987     261.628
0.993     261.628
0.998     263.144
1.004     263.144
1.010     261.628
1.016     261.628
1.022     263.144
1.027     261.628
1.033     261.628
1.039     263.144
1.045     263.144
1.051     263.144
1.057     263.144
1.062     263.144
1.068     261.628
1.074     260.121
1.080     261.628
1.086     261.628
1.091     263.144
1.097     263.144
1.103     263.144
1.109     263.144
1.115     263.144
1.120     261.628
1.126     261.628
1.132     261.628
1.138     261.628
1.144     261.628
1.149     263.144
1.155     263.144
1.161     263.144
1.167     261.628
1.173     261.628
1.178     261.628
1.184     263.144
1.190     263.144
1.196     263.144
1.202     264.668
1.207     286.960
1.213     291.976
1.219     295.369
1.225     295.369
1.231     293.668
1.236     293.668
1.242     295.369
1.248     295.369
1.254     293.668
1.260     293.668
1.265     293.668
1.271     293.668
1.277     291.976
1.283     291.976
1.289     291.976
1.295     293.668
1.300     0.000
1.306     0.000
1.312     0.000
1.318     0.000
1.324     0.000
1.329     0.000
1.335     0.000
1.341     0.000
1.347     0.000
1.353     0.000
1.358     0.000
1.364     0.000
1.370     0.000
1.376     0.000
1.382     0.000
1.387     0.000
1.393     0.000
1.399     0.000
1.405     0.000
1.411     0.000
1.416     0.000
1.422     0.000
1.428     0.000
1.434     0.000
1.440     0.000
1.445     0.000
1.451     0.000
1.457     0.000
1.463     0.000
1.469     0.000
1.474     0.000
1.480     349.232
1.486     349.232
1.492     353.290
1.498     351.255
1.503     351.255
1.509     349.232
1.515     349.232
1.521     349.232
1.527     351.255
1.533     351.255
1.538     353.290
1.544     353.290
1.550     351.255
1.556     351.255
1.562     351.255
1.567     351.255
1.573     353.290
1.579     353.290
1.585     353.290
1.591     353.290
1.596     353.290
1.602     353.290
1.608     355.337
1.614     357.395
1.620     359.465
1.625     357.395
1.631     357.395
1.637     389.742
1.643     394.271
1.649     394.271
1.654     392.000
1.660     392.000
1.666     392.000
1.672     394.271
1.678     394.271
1.683     392.000
1.689     389.742
1.695     389.742
1.701     392.000
1.707     392.000
1.712     378.647
1.718     372.142
1.724     380.840
1.730     396.555
1.736     408.175
1.741     415.310
1.747     417.715
1.753     417.715
1.759     417.715
1.765     417.715
1.771     417.715
1.776     417.715
1.782     417.715
1.788     417.715
1.794     417.715
1.800     417.715
1.805     417.715
1.811     417.715
1.817     417.715
1.823     417.715
1.829     420.135
1.834     420.135
1.840     420.135
1.846     420.135
1.852     420.135
1.858     420.135
1.863     420.135
1.869     420.135
1.875     420.135
1.881     420.135
1.887     420.135
1.892     420.135
1.898     420.135
1.904     420.135
1.910     420.135
1.916     420.135
1.921     420.135
1.927     420.135
1.933     420.135
1.939     420.135
1.945     420.135
1.950     420.135
1.956     420.135
1.962     420.135
1.968     420.135
1.974     420.135
1.980     420.135
1.985     420.135
1.991     422.569
1.997     427.479
2.003     450.290
2.009     463.485
2.014     468.870
2.020     468.870
2.026     468.870
2.032     468.870
2.038     471.586
2.043     471.586
2.049     468.870
2.055     468.870
2.061     468.870
2.067     468.870
2.072     468.870
2.078     468.870
2.084     468.870
2.090     468.870
2.096     468.870
2.101     468.870
2.107     468.870
2.113     468.870
2.119     468.870
2.125     468.870
2.130     468.870
2.136     468.870
2.142     468.870
2.148     468.870
2.154     468.870
2.159     468.870
2.165     468.870
2.171     468.870
2.177     0.000
2.183     0.000
2.188     0.000
2.194     0.000
2.200     0.000
2.206     0.000
2.212     0.000
2.218     0.000
2.223     0.000
2.229     0.000
2.235     0.000
2.241     0.000
2.247     0.000
2.252     0.000
2.258     0.000
2.264     0.000
2.270     0.000
2.276     0.000
2.281     458.161
2.287     460.815
2.293     460.815
2.299     463.485
2.305     463.485
2.310     463.485
2.316     466.170
2.322     466.170
2.328     466.170
2.334     466.170
2.339     466.170
2.345     466.170
2.351     466.170
2.357     466.170
2.363     466.170
2.368     466.170
2.374     466.170
2.380     466.170
2.386     466.170
2.392     466.170
2.397     468.870
2.403     468.870
2.409     468.870
2.415     468.870
2.421     468.870
2.426     468.870
2.432     466.170
2.438     466.170
2.444     466.170
2.450     466.170
2.456     466.170
2.461     466.170
2.467     466.170
2.473     466.170
2.479     466.170
2.485     466.170
2.490     466.170
2.496     466.170
2.502     466.170
2.508     466.170
2.514     466.170
2.519     466.170
2.525     466.170
2.531     466.170
2.537     466.170
2.543     466.170
2.548     466.170
2.554     466.170
2.560     466.170
2.566     466.170
2.572     466.170
2.577     466.170
2.583     466.170
2.589     466.170
2.595     466.170
2.601     466.170
2.606     466.170
2.612     466.170
2.618     466.170
2.624     466.170
2.630     468.870
2.635     466.170
2.641     466.170
2.647     466.170
2.653     466.170
2.659     466.170
2.664     466.170
2.670     466.170
2.676     468.870
2.682     468.870
2.688     466.170
2.694     466.170
2.699     466.170
2.705     466.170
2.711     466.170
2.717     468.870
2.723     466.170
2.728     466.170
2.734     466.170
2.740     466.170
2.746     468.870
2.752     468.870
2.757     468.870
2.763     466.170
2.769     466.170
2.775     466.170
2.781     466.170
2.786     468.870
2.792     468.870
2.798     466.170
2.804     466.170
2.810     466.170
2.815     466.170
2.821     466.170
2.827     466.170
2.833     468.870
2.839     468.870
2.844     468.870
2.850     468.870
2.856     468.870
2.862     466.170
2.868     466.170
2.873     466.170
2.879     468.870
2.885     466.170
2.891     466.170
2.897     466.170
2.902     466.170
2.908     466.170
2.914     468.870
2.920     466.170
2.926     466.170
2.932     468.870
2.937     468.870
2.943     466.170
2.949     466.170
2.955     466.170
2.961     468.870
2.966     468.870
2.972     466.170
2.978     466.170
2.984     466.170
2.990     468.870
2.995     468.870
3.001     466.170
3.007     466.170
3.013     466.170
3.019     466.170
3.024     466.170
3.030     466.170
3.036     466.170
3.042     466.170
3.048     466.170
3.053     466.170
3.059     466.170
3.065     466.170
3.071     466.170
3.077     466.170
3.082     466.170
3.088     466.170
3.094     466.170
3.100     466.170
3.106     466.170
3.111     466.170
3.117     466.170
3.123     466.170
3.129     466.170
3.135     466.170
3.140     466.170
3.146     466.170
3.152     466.170
3.158     466.170
3.164     466.170
3.170     466.170
3.175     466.170
3.181     466.170
3.187     466.170
3.193     466.170
3.199     466.170
3.204     466.170
3.210     466.170
3.216     466.170
3.222     466.170
3.228     466.170
3.233     466.170
3.239     466.170
3.245     466.170
3.251     468.870
3.257     466.170
3.262     466.170
3.268     466.170
3.274     466.170
3.280     466.170
3.286     466.170
3.291     466.170
3.297     466.170
3.303     466.170
3.309     466.170
3.315     466.170
3.320     466.170
3.326     466.170
3.332     466.170
3.338     466.170
3.344     466.170
3.349     466.170
3.355     466.170
3.361     466.170
3.367     466.170
3.373     466.170
3.379     466.170
3.384     466.170
3.390     466.170
3.396     466.170
3.402     466.170
3.408     468.870
3.413     466.170
3.419     466.170
3.425     466.170
3.431     466.170
3.437     466.170
3.442     466.170
3.448     466.170
3.454     466.170
3.460     466.170
3.466     466.170
3.471     466.170
3.477     466.170
3.483     466.170
3.489     463.485
3.495     466.170
3.500     466.170
3.506     466.170
3.512     466.170
3.518     466.170
3.524     466.170
3.529     466.170
3.535     466.170
3.541     466.170
3.547     466.170
3.553     466.170
3.558     466.170
3.564     466.170
3.570     466.170
3.576     466.170
3.582     466.170
3.587     466.170
3.593     466.170
3.599     466.170
3.605     466.170
3.611     466.170
3.617     466.170
3.622     463.485
3.628     460.815
3.634     455.522
3.640     466.170
3.646     420.135
3.651     417.715
3.657     415.310
3.663     415.310
3.669     415.310
3.675     417.715
3.680     415.310
3.686     417.715
3.692     417.715
3.698     417.715
3.704     417.715
3.709     417.715
3.715     417.715
3.721     417.715
3.727     417.715
3.733     417.715
3.738     417.715
3.744     417.715
3.750     417.715
3.756     417.715
3.762     417.715
3.767     417.715
3.773     417.715
3.779     417.715
3.785     417.715
3.791     417.715
3.796     422.569
3.802     0.000
3.808     0.000
3.814     0.000
3.820     0.000
3.825     0.000
3.831     0.000
3.837     0.000
3.843     0.000
3.849     0.000
3.855     0.000
3.860     0.000
3.866     0.000
3.872     0.000
3.878     0.000
3.884     0.000
3.889     0.000
3.895     0.000
3.901     0.000
3.907     0.000
3.913     0.000
3.918     0.000
3.924     466.170
3.930     471.586
3.936     468.870
3.942     468.870
3.947     466.170
3.953     466.170
3.959     466.170
3.965     466.170
3.971     466.170
3.976     466.170
3.982     466.170
3.988     466.170
3.994     466.170
4.000     466.170
4.005     466.170
4.011     466.170
4.017     466.170
4.023     466.170
4.029     468.870
4.034     468.870
4.040     466.170
4.046     466.170
4.052     466.170
4.058     466.170
4.063     466.170
4.069     466.170
4.075     466.170
4.081     466.170
4.087     466.170
4.093     466.170
4.098     466.170
4.104     466.170
4.110     466.170
4.116     466.170
4.122     466.170
4.127     466.170
4.133     466.170
4.139     466.170
4.145     466.170
4.151     466.170
4.156     466.170
4.162     466.170
4.168     468.870
4.174     468.870
4.180     514.269
4.185     520.244
4.191     523.258
4.197     523.258
4.203     526.289
4.209     526.289
4.214     526.289
4.220     526.289
4.226     523.258
4.232     526.289
4.238     526.289
4.243     526.289
4.249     526.289
4.255     526.289
4.261     526.289
4.267     526.289
4.272     526.289
4.278     526.289
4.284     526.289
4.290     526.289
4.296     526.289
4.301     526.289
4.307     526.289
4.313     529.338
4.319     526.289
4.325     526.289
4.331     526.289
4.336     523.258
4.342     523.258
4.348     520.244
4.354     517.248
4.360     517.248
4.365     0.000
4.371     0.000
4.377     0.000
4.383     0.000
4.389     0.000
4.394     0.000
4.400     0.000
4.406     0.000
4.412     0.000
4.418     0.000
4.423     0.000
4.429     0.000
4.435     0.000
4.441     0.000
4.447     0.000
4.452     0.000
4.458     0.000
4.464     0.000
4.470     0.000
4.476     323.968
4.481     316.569
4.487     307.556
4.493     305.785
4.499     302.273
4.505     302.273
4.510     304.024
4.516     305.785
4.522     311.130
4.528     312.932
4.534     312.932
4.540     311.130
4.545     307.556
4.551     305.785
4.557     304.024
4.563     304.024
4.569     305.785
4.574     305.785
4.580     309.338
4.586     309.338
4.592     312.932
4.598     312.932
4.603     311.130
4.609     307.556
4.615     305.785
4.621     307.556
4.627     307.556
4.632     309.338
4.638     309.338
4.644     309.338
4.650     311.130
4.656     312.932
4.661     311.130
4.667     309.338
4.673     307.556
4.679     307.556
4.685     307.556
4.690     307.556
4.696     309.338
4.702     309.338
4.708     309.338
4.714     309.338
4.719     309.338
4.725     309.338
4.731     311.130
4.737     309.338
4.743     304.024
4.748     300.532
4.754     307.556
4.760     314.745
4.766     0.000
4.772     0.000
4.778     349.232
4.783     351.255
4.789     351.255
4.795     351.255
4.801     353.290
4.807     355.337
4.812     355.337
4.818     355.337
4.824     355.337
4.830     355.337
4.836     353.290
4.841     353.290
4.847     353.290
4.853     353.290
4.859     353.290
4.865     353.290
4.870     353.290
4.876     353.290
4.882     353.290
4.888     353.290
4.894     353.290
4.899     353.290
4.905     353.290
4.911     353.290
4.917     353.290
4.923     353.290
4.928     353.290
4.934     353.290
4.940     353.290
4.946     353.290
4.952     353.290
4.957     353.290
4.963     353.290
4.969     353.290
4.975     353.290
4.981     353.290
4.986     353.290
4.992     353.290
4.998     353.290
5.004     353.290
5.010     353.290
5.016     353.290
5.021     353.290
5.027     353.290
5.033     351.255
5.039     351.255
5.045     353.290
5.050     353.290
5.056     353.290
5.062     353.290
5.068     353.290
5.074     353.290
5.079     353.290
5.085     353.290
5.091     353.290
5.097     353.290
5.103     353.290
5.108     353.290
5.114     353.290
5.120     353.290
5.126     353.290
5.132     353.290
5.137     351.255
5.143     351.255
5.149     353.290
5.155     353.290
5.161     353.290
5.166     353.290
5.172     353.290
5.178     353.290
5.184     353.290
5.190     353.290
5.195     353.290
5.201     353.290
5.207     353.290
5.213     353.290
5.219     353.290
5.224     353.290
5.230     353.290
5.236     353.290
5.242     353.290
5.248     353.290
5.254     353.290
5.259     353.290
5.265     353.290
5.271     353.290
5.277     353.290
5.283     353.290
5.288     353.290
5.294     353.290
5.300     351.255
5.306     351.255
5.312     351.255
5.317     351.255
5.323     351.255
5.329     351.255
5.335     355.337
5.341     355.337
5.346     357.395
5.352     355.337
5.358     353.290
5.364     353.290
5.370     353.290
5.375     351.255
5.381     351.255
5.387     351.255
5.393     351.255
5.399     351.255
5.404     351.255
5.410     351.255
5.416     351.255
5.422     351.255
5.428     351.255
5.433     351.255
5.439     351.255
5.445     353.290
5.451     353.290
5.457     353.290
5.462     353.290
5.468     353.290
5.474     353.290
5.480     353.290
5.486     353.290
5.492     353.290
5.497     353.290
5.503     355.337
5.509     355.337
5.515     355.337
5.521     355.337
5.526     355.337
5.532     355.337
5.538     355.337
5.544     355.337
5.550     353.290
5.555     355.337
5.561     355.337
5.567     355.337
5.573     355.337
5.579     353.290
5.584     353.290
5.590     353.290
5.596     353.290
5.602     353.290
5.608     355.337
5.613     355.337
5.619     353.290
5.625     353.290
5.631     353.290
5.637     353.290
5.642     353.290
5.648     353.290
5.654     353.290
5.660     353.290
5.666     355.337
5.671     355.337
5.677     355.337
5.683     353.290
5.689     353.290
5.695     353.290
5.700     353.290
5.706     353.290
5.712     355.337
5.718     353.290
5.724     353.290
5.730     353.290
5.735     353.290
5.741     353.290
5.747     351.255
5.753     351.255
5.759     351.255
5.764     351.255
5.770     351.255
5.776     351.255
5.782     351.255
5.788     353.290
5.793     353.290
5.799     353.290
5.805     353.290
5.811     353.290
5.817     353.290
5.822     353.290
5.828     353.290
5.834     355.337
5.840     357.395
5.846     355.337
5.851     355.337
5.857     355.337
5.863     353.290
5.869     349.232
5.875     347.221
5.880     349.232
5.886     359.465
5.892     363.642
5.898     363.642
5.904     353.290
5.909     0.000
5.915     0.000
5.921     0.000
5.927     0.000
5.933     0.000
5.939     0.000
5.944     0.000
5.950     0.000
5.956     0.000
5.962     0.000
5.968     0.000
5.973     0.000
5.979     0.000
5.985     0.000
5.991     0.000
5.997     0.000
6.002     0.000
6.008     0.000
6.014     0.000
6.020     0.000
6.026     0.000
6.031     0.000
6.037     0.000
6.043     0.000
6.049     0.000
6.055     0.000
6.060     0.000
6.066     0.000
6.072     0.000
6.078     0.000
6.084     0.000
6.089     0.000
6.095     0.000
6.101     0.000
6.107     242.701
6.113     242.701
6.118     242.701
6.124     244.107
6.130     248.374
6.136     251.260
6.142     255.652
6.147     314.745
6.153     316.569
6.159     322.102
6.165     312.932
6.171     312.932
6.177     309.338
6.182     311.130
6.188     312.932
6.194     309.338
6.200     309.338
6.206     312.932
6.211     312.932
6.217     312.932
6.223     311.130
6.229     309.338
6.235     312.932
6.240     311.130
6.246     312.932
6.252     311.130
6.258     309.338
6.264     309.338
6.269     311.130
6.275     311.130
6.281     311.130
6.287     312.932
6.293     311.130
6.298     311.130
6.304     312.932
6.310     311.130
6.316     311.130
6.322     311.130
6.327     309.338
6.333     309.338
6.339     312.932
6.345     311.130
6.351     311.130
6.356     311.130
6.362     311.130
6.368     316.569
6.374     341.256
6.380     345.221
6.385     349.232
6.391     349.232
6.397     349.232
6.403     351.255
6.409     353.290
6.415     351.255
6.420     339.290
6.426     331.541
6.432     337.336
6.438     351.255
6.444     351.255
6.449     351.255
6.455     347.221
6.461     349.232
6.467     349.232
6.473     345.221
6.478     337.336
6.484     316.569
6.490     311.130
6.496     311.130
6.502     314.745
6.507     311.130
6.513     311.130
6.519     309.338
6.525     309.338
6.531     307.556
6.536     311.130
6.542     311.130
6.548     314.745
6.554     320.247
6.560     320.247
6.565     314.745
6.571     0.000
6.577     0.000
6.583     0.000
6.589     0.000
6.594     0.000
6.600     0.000
6.606     0.000
6.612     0.000
6.618     0.000
6.623     0.000
6.629     0.000
6.635     0.000
6.641     0.000
6.647     0.000
6.653     0.000
6.658     0.000
6.664     0.000
6.670     231.741
6.676     302.273
6.682     297.080
6.687     293.668
6.693     291.976
6.699     293.668
6.705     291.976
6.711     291.976
6.716     291.976
6.722     291.976
6.728     295.369
6.734     295.369
6.740     295.369
6.745     293.668
6.751     293.668
6.757     295.369
6.763     295.369
6.769     293.668
6.774     291.976
6.780     291.976
6.786     293.668
6.792     295.369
6.798     295.369
6.803     295.369
6.809     295.369
6.815     293.668
6.821     293.668
6.827     293.668
6.832     293.668
6.838     293.668
6.844     293.668
6.850     295.369
6.856     295.369
6.861     297.080
6.867     297.080
6.873     297.080
6.879     0.000
6.885     0.000
6.891     0.000
6.896     0.000
6.902     0.000
6.908     0.000
6.914     0.000
6.920     0.000
6.925     0.000
6.931     0.000
6.937     0.000
6.943     0.000
6.949     0.000
6.954     0.000
6.960     0.000
6.966     0.000
6.972     0.000
6.978     0.000
6.983     0.000
6.989     0.000
6.995     0.000
7.001     0.000
7.007     0.000
7.012     0.000
7.018     0.000
7.024     0.000
7.030     0.000
7.036     0.000
7.041     0.000
7.047     0.000
7.053     0.000
7.059     0.000
7.065     0.000
7.070     0.000
7.076     0.000
7.082     0.000
7.088     0.000
7.094     0.000
7.100     0.000
7.105     0.000
7.111     0.000
7.117     0.000
7.123     0.000
7.129     0.000
7.134     0.000
7.140     0.000
7.146     0.000
7.152     0.000
7.158     0.000
7.163     0.000
7.169     0.000
7.175     0.000
7.181     0.000
7.187     0.000
7.192     0.000
7.198     0.000
7.204     0.000
7.210     179.732
7.216     174.615
7.221     173.610
7.227     173.610
7.233     174.615
7.239     173.610
7.245     89.348
7.250     88.322
7.256     89.348
7.262     89.348
7.268     86.304
7.274     85.807
7.279     86.804
7.285     86.304
7.291     87.307
7.297     87.307
7.303     87.307
7.308     87.813
7.314     88.322
7.320     88.322
7.326     87.307
7.332     85.807
7.338     84.822
7.343     85.313
7.349     86.804
7.355     87.813
7.361     88.322
7.367     87.813
7.372     87.307
7.378     86.304
7.384     85.807
7.390     85.807
7.396     86.304
7.401     86.804
7.407     87.813
7.413     87.307
7.419     87.813
7.425     86.804
7.430     86.304
7.436     85.807
7.442     86.304
7.448     86.804
7.454     0.000
7.459     0.000
7.465     0.000
7.471     0.000
7.477     0.000
7.483     0.000
7.488     0.000
7.494     0.000
7.500     0.000
7.506     0.000
7.512     327.732
7.517     331.541
7.523     343.232
7.529     349.232
7.535     351.255
7.541     349.232
7.546     351.255
7.552     351.255
7.558     349.232
7.564     351.255
7.570     349.232
7.576     349.232
7.581     349.232
7.587     349.232
7.593     349.232
7.599     349.232
7.605     349.232
7.610     351.255
7.616     349.232
7.622     349.232
7.628     349.232
7.634     349.232
7.639     349.232
7.645     349.232
7.651     349.232
7.657     349.232
7.663     349.232
7.668     349.232
7.674     349.232
7.680     349.232
7.686     351.255
7.692     349.232
7.697     349.232
7.703     349.232
7.709     349.232
7.715     349.232
7.721     349.232
7.726     349.232
7.732     349.232
7.738     349.232
7.744     349.232
7.750     349.232
7.755     349.232
7.761     349.232
7.767     349.232
7.773     351.255
7.779     351.255
7.784     347.221
7.790     349.232
7.796     293.668
7.802     293.668
7.808     293.668
7.814     293.668
7.819     293.668
7.825     293.668
7.831     293.668
7.837     293.668
7.843     293.668
7.848     293.668
7.854     291.976
7.860     293.668
7.866     293.668
7.872     295.369
7.877     295.369
7.883     293.668
7.889     0.000
7.895     0.000
7.901     0.000
7.906     0.000
7.912     0.000
7.918     0.000
7.924     0.000
7.930     0.000
7.935     0.000
7.941     0.000
7.947     0.000
7.953     0.000
7.959     0.000
7.964     0.000
7.970     0.000
7.976     0.000
7.982     0.000
7.988     0.000
7.993     0.000
7.999     0.000
8.005     0.000
8.011     0.000
8.017     0.000
8.022     0.000
8.028     0.000
8.034     0.000
8.040     0.000
8.046     0.000
8.052     0.000
8.057     0.000
8.063     0.000
8.069     0.000
8.075     0.000
8.081     0.000
8.086     0.000
8.092     0.000
8.098     0.000
8.104     0.000
8.110     0.000
8.115     0.000
8.121     0.000
8.127     0.000
8.133     0.000
8.139     0.000
8.144     0.000
8.150     0.000
8.156     0.000
8.162     0.000
8.168     0.000
8.173     0.000
8.179     0.000
8.185     0.000
8.191     0.000
8.197     0.000
8.202     0.000
8.208     0.000
8.214     0.000
8.220     0.000
8.226     0.000
8.231     0.000
8.237     0.000
8.243     0.000
8.249     0.000
8.255     0.000
8.260     0.000
8.266     0.000
8.272     0.000
8.278     0.000
8.284     0.000
8.290     0.000
8.295     0.000
8.301     0.000
8.307     0.000
8.313     0.000
8.319     249.813
8.324     249.813
8.330     249.813
8.336     252.716
8.342     255.652
8.348     248.374
8.353     260.121
8.359     264.668
8.365     174.615
8.371     174.615
8.377     173.610
8.382     171.615
8.388     173.610
8.394     174.615
8.400     174.615
8.406     174.615
8.411     174.615
8.417     174.615
8.423     174.615
8.429     173.610
8.435     172.610
8.440     173.610
8.446     175.627
8.452     174.615
8.458     173.610
8.464     173.610
8.469     174.615
8.475     174.615
8.481     174.615
8.487     261.628
8.493     261.628
8.499     261.628
8.504     261.628
8.510     263.144
8.516     263.144
8.522     263.144
8.528     261.628
8.533     261.628
8.539     261.628
8.545     261.628
8.551     261.628
8.557     261.628
8.562     261.628
8.568     263.144
8.574     261.628
8.580     263.144
8.586     261.628
8.591     263.144
8.597     261.628
8.603     261.628
8.609     261.628
8.615     261.628
8.620     261.628
8.626     261.628
8.632     260.121
8.638     261.628
8.644     261.628
8.649     261.628
8.655     263.144
8.661     261.628
8.667     261.628
8.673     261.628
8.678     260.121
8.684     261.628
8.690     261.628
8.696     261.628
8.702     261.628
8.707     261.628
8.713     261.628
8.719     261.628
8.725     261.628
8.731     263.144
8.737     263.144
8.742     261.628
8.748     263.144
8.754     261.628
8.760     261.628
8.766     263.144
8.771     263.144
8.777     0.000
8.783     0.000
8.789     0.000
8.795     0.000
8.800     0.000
8.806     0.000
8.812     0.000
8.818     0.000
8.824     0.000
8.829     0.000
8.835     0.000
8.841     0.000
8.847     0.000
8.853     353.290
8.858     349.232
8.864     349.232
8.870     351.255
8.876     351.255
8.882     351.255
8.887     351.255
8.893     351.255
8.899     351.255
8.905     351.255
8.911     351.255
8.916     351.255
8.922     351.255
8.928     351.255
8.934     353.290
8.940     353.290
8.945     351.255
8.951     351.255
8.957     351.255
8.963     351.255
8.969     351.255
8.975     351.255
8.980     351.255
8.986     353.290
8.992     351.255
8.998     351.255
9.004     351.255
9.009     351.255
9.015     351.255
9.021     353.290
9.027     353.290
9.033     353.290
9.038     353.290
9.044     353.290
9.050     351.255
9.056     353.290
9.062     353.290
9.067     353.290
9.073     353.290
9.079     353.290
9.085     353.290
9.091     353.290
9.096     351.255
9.102     351.255
9.108     353.290
9.114     353.290
9.120     351.255
9.125     349.232
9.131     349.232
9.137     349.232
9.143     349.232
9.149     351.255
9.154     353.290
9.160     351.255
9.166     353.290
9.172     351.255
9.178     351.255
9.183     351.255
9.189     351.255
9.195     351.255
9.201     353.290
9.207     351.255
9.213     351.255
9.218     353.290
9.224     351.255
9.230     353.290
9.236     353.290
9.242     351.255
9.247     351.255
9.253     351.255
9.259     351.255
9.265     353.290
9.271     353.290
9.276     355.337
9.282     357.395
9.288     357.395
9.294     357.395
9.300     357.395
9.305     0.000
9.311     0.000
9.317     0.000
9.323     0.000
9.329     0.000
9.334     0.000
9.340     0.000
9.346     0.000
9.352     0.000
9.358     0.000
9.363     0.000
9.369     0.000
9.375     0.000
9.381     0.000
9.387     0.000
9.392     0.000
9.398     0.000
9.404     0.000
9.410     0.000
9.416     0.000
9.421     0.000
9.427     0.000
9.433     0.000
9.439     0.000
9.445     0.000
9.451     0.000
9.456     0.000
9.462     0.000
9.468     0.000
9.474     0.000
9.480     0.000
9.485     0.000
9.491     0.000
9.497     0.000
9.503     0.000
9.509     0.000
9.514     0.000
9.520     0.000
9.526     0.000
9.532     0.000
9.538     0.000
9.543     0.000
9.549     0.000
9.555     0.000
9.561     0.000
9.567     0.000
9.572     0.000
9.578     0.000
9.584     0.000
9.590     0.000
9.596     0.000
9.601     0.000
9.607     0.000
9.613     0.000
9.619     0.000
9.625     0.000
9.630     0.000
9.636     0.000
9.642     0.000
9.648     0.000
9.654     0.000
9.660     0.000
9.665     0.000
9.671     0.000
9.677     0.000
9.683     0.000
9.689     0.000
9.694     210.067
9.700     206.458
9.706     206.458
9.712     207.654
9.718     349.232
9.723     349.232
9.729     349.232
9.735     349.232
9.741     349.232
9.747     349.232
9.752     349.232
9.758     349.232
9.764     349.232
9.770     349.232
9.776     349.232
9.781     349.232
9.787     349.232
9.793     351.255
9.799     351.255
9.805     351.255
9.810     351.255
9.816     351.255
9.822     351.255
9.828     351.255
9.834     349.232
9.839     349.232
9.845     349.232
9.851     349.232
9.857     349.232
9.863     349.232
9.868     351.255
9.874     349.232
9.880     349.232
9.886     349.232
9.892     349.232
9.898     349.232
9.903     349.232
9.909     347.221
9.915     349.232
9.921     349.232
9.927     349.232
9.932     349.232
9.938     347.221
9.944     347.221
9.950     347.221
9.956     349.232
9.961     351.255
9.967     349.232
9.973     278.791
9.979     277.185
9.985     278.791
9.990     277.185
9.996     275.589
10.002     275.589
10.008     277.185
10.014     277.185
10.019     277.185
10.025     275.589
10.031     277.185
10.037     277.185
10.043     277.185
10.048     278.791
10.054     278.791
10.060     278.791
10.066     277.185
10.072     278.791
10.077     277.185
10.083     0.000
10.089     0.000
10.095     0.000
10.101     0.000
10.106     0.000
10.112     0.000
10.118     0.000
10.124     0.000
10.130     0.000
10.136     0.000
10.141     0.000
10.147     0.000
10.153     0.000
10.159     0.000
10.165     0.000
10.170     0.000
10.176     0.000
10.182     0.000
10.188     0.000
10.194     0.000
10.199     0.000
10.205     0.000
10.211     0.000
10.217     0.000
10.223     0.000
10.228     0.000
10.234     0.000
10.240     0.000
10.246     357.395
10.252     351.255
10.257     347.221
10.263     347.221
10.269     345.221
10.275     345.221
10.281     345.221
10.286     347.221
10.292     347.221
10.298     347.221
10.304     347.221
10.310     349.232
10.315     351.255
10.321     351.255
10.327     351.255
10.333     349.232
10.339     349.232
10.344     347.221
10.350     347.221
10.356     345.221
10.362     349.232
10.368     355.337
10.374     357.395
10.379     359.465
10.385     357.395
10.391     357.395
10.397     357.395
10.403     359.465
10.408     361.548
10.414     361.548
10.420     359.465
10.426     361.548
10.432     359.465
10.437     359.465
10.443     359.465
10.449     361.548
10.455     363.642
10.461     361.548
10.466     361.548
10.472     361.548
10.478     361.548
10.484     361.548
10.490     363.642
10.495     361.548
10.501     385.266
10.507     394.271
10.513     389.742
10.519     415.310
10.524     415.310
10.530     410.539
10.536     410.539
10.542     412.918
10.548     415.310
10.553     415.310
10.559     415.310
10.565     415.310
10.571     415.310
10.577     415.310
10.582     415.310
10.588     415.310
10.594     415.310
10.600     415.310
10.606     415.310
10.612     415.310
10.617     415.310
10.623     415.310
10.629     415.310
10.635     417.715
10.641     415.310
10.646     417.715
10.652     417.715
10.658     415.310
10.664     417.715
10.670     417.715
10.675     417.715
10.681     417.715
10.687     417.715
10.693     417.715
10.699     417.715
10.704     417.715
10.710     417.715
10.716     417.715
10.722     417.715
10.728     417.715
10.733     417.715
10.739     417.715
10.745     417.715
10.751     417.715
10.757     417.715
10.762     417.715
10.768     417.715
10.774     420.135
10.780     425.017
10.786     429.956
10.791     455.522
10.797     463.485
10.803     468.870
10.809     468.870
10.815     468.870
10.820     468.870
10.826     468.870
10.832     468.870
10.838     468.870
10.844     468.870
10.850     468.870
10.855     468.870
10.861     468.870
10.867     468.870
10.873     468.870
10.879     468.870
10.884     468.870
10.890     468.870
10.896     468.870
10.902     468.870
10.908     468.870
10.913     468.870
10.919     468.870
10.925     468.870
10.931     468.870
10.937     466.170
10.942     471.586
10.948     471.586
10.954     479.829
10.960     479.829
10.966     477.066
10.971     474.318
10.977     471.586
10.983     468.870
10.989     466.170
10.995     466.170
11.000     466.170
11.006     468.870
11.012     466.170
11.018     471.586
11.024     479.829
11.029     511.307
11.035     496.751
11.041     474.318
11.047     463.485
11.053     463.485
11.059     463.485
11.064     463.485
11.070     466.170
11.076     466.170
11.082     466.170
11.088     463.485
11.093     466.170
11.099     466.170
11.105     466.170
11.111     466.170
11.117     466.170
11.122     466.170
11.128     466.170
11.134     466.170
11.140     466.170
11.146     466.170
11.151     466.170
11.157     466.170
11.163     466.170
11.169     466.170
11.175     466.170
11.180     466.170
11.186     466.170
11.192     466.170
11.198     466.170
11.204     466.170
11.209     466.170
11.215     466.170
11.221     466.170
11.227     466.170
11.233     466.170
11.238     466.170
11.244     466.170
11.250     468.870
11.256     466.170
11.262     466.170
11.267     466.170
11.273     466.170
11.279     466.170
11.285     466.170
11.291     466.170
11.297     466.170
11.302     466.170
11.308     466.170
11.314     466.170
11.320     466.170
11.326     466.170
11.331     466.170
11.337     466.170
11.343     468.870
11.349     468.870
11.355     468.870
11.360     468.870
11.366     468.870
11.372     468.870
11.378     468.870
11.384     466.170
11.389     468.870
11.395     468.870
11.401     471.586
11.407     471.586
11.413     468.870
11.418     468.870
11.424     468.870
11.430     468.870
11.436     468.870
11.442     468.870
11.447     468.870
11.453     468.870
11.459     468.870
11.465     468.870
11.471     468.870
11.476     468.870
11.482     468.870
11.488     468.870
11.494     468.870
11.500     468.870
11.505     468.870
11.511     468.870
11.517     468.870
11.523     468.870
11.529     468.870
11.535     468.870
11.540     468.870
11.546     468.870
11.552     468.870
11.558     468.870
11.564     468.870
11.569     468.870
11.575     468.870
11.581     468.870
11.587     468.870
11.593     468.870
11.598     466.170
11.604     466.170
11.610     468.870
11.616     468.870
11.622     468.870
11.627     466.170
11.633     466.170
11.639     466.170
11.645     468.870
11.651     468.870
11.656     468.870
11.662     466.170
11.668     466.170
11.674     466.170
11.680     466.170
11.685     468.870
11.691     468.870
11.697     468.870
11.703     466.170
11.709     466.170
11.714     466.170
11.720     466.170
11.726     466.170
11.732     466.170
11.738     466.170
11.743     466.170
11.749     466.170
11.755     466.170
11.761     466.170
11.767     466.170
11.773     466.170
11.778     466.170
11.784     466.170
11.790     466.170
11.796     466.170
11.802     466.170
11.807     466.170
11.813     466.170
11.819     466.170
11.825     466.170
11.831     466.170
11.836     466.170
11.842     466.170
11.848     466.170
11.854     466.170
11.860     468.870
11.865     468.870
11.871     466.170
11.877     466.170
11.883     466.170
11.889     466.170
11.894     466.170
11.900     466.170
11.906     466.170
11.912     466.170
11.918     468.870
11.923     468.870
11.929     468.870
11.935     466.170
11.941     463.485
11.947     466.170
11.952     466.170
11.958     468.870
11.964     468.870
11.970     466.170
11.976     466.170
11.981     466.170
11.987     466.170
11.993     466.170
11.999     468.870
12.005     466.170
12.011     466.170
12.016     466.170
12.022     466.170
12.028     468.870
12.034     468.870
12.040     468.870
12.045     466.170
12.051     466.170
12.057     466.170
12.063     466.170
12.069     468.870
12.074     468.870
12.080     466.170
12.086     466.170
12.092     466.170
12.098     466.170
12.103     468.870
12.109     466.170
12.115     466.170
12.121     466.170
12.127     466.170
12.132     466.170
12.138     466.170
12.144     466.170
12.150     466.170
12.156     466.170
12.161     466.170
12.167     466.170
12.173     463.485
12.179     466.170
12.185     468.870
12.190     468.870
12.196     468.870
12.202     468.870
12.208     466.170
12.214     466.170
12.220     466.170
12.225     466.170
12.231     466.170
12.237     466.170
12.243     466.170
12.249     466.170
12.254     466.170
12.260     463.485
12.266     463.485
12.272     466.170
12.278     466.170
12.283     466.170
12.289     466.170
12.295     466.170
12.301     466.170
12.307     466.170
12.312     463.485
12.318     463.485
12.324     463.485
12.330     463.485
12.336     463.485
12.341     466.170
12.347     466.170
12.353     466.170
12.359     463.485
12.365     463.485
12.370     463.485
12.376     466.170
12.382     466.170
12.388     466.170
12.394     466.170
12.399     466.170
12.405     466.170
12.411     466.170
12.417     466.170
12.423     463.485
12.428     463.485
12.434     466.170
12.440     466.170
12.446     466.170
12.452     466.170
12.458     463.485
12.463     460.815
12.469     447.697
12.475     422.569
12.481     420.135
12.487     417.715
12.492     417.715
12.498     415.310
12.504     415.310
12.510     415.310
12.516     415.310
12.521     415.310
12.527     415.310
12.533     415.310
12.539     415.310
12.545     415.310
12.550     415.310
12.556     415.310
12.562     415.310
12.568     415.310
12.574     415.310
12.579     415.310
12.585     415.310
12.591     415.310
12.597     417.715
12.603     417.715
12.608     0.000
12.614     0.000
12.620     0.000
12.626     0.000
12.632     0.000
12.637     0.000
12.643     0.000
12.649     0.000
12.655     0.000
12.661     0.000
12.666     0.000
12.672     0.000
12.678     0.000
12.684     0.000
12.690     0.000
12.696     0.000
12.701     0.000
12.707     0.000
12.713     0.000
12.719     460.815
12.725     463.485
12.730     463.485
12.736     463.485
12.742     463.485
12.748     463.485
12.754     463.485
12.759     466.170
12.765     466.170
12.771     466.170
12.777     463.485
12.783     463.485
12.788     463.485
12.794     466.170
12.800     466.170
12.806     466.170
12.812     463.485
12.817     463.485
12.823     463.485
12.829     463.485
12.835     463.485
12.841     463.485
12.846     463.485
12.852     463.485
12.858     466.170
12.864     466.170
12.870     466.170
12.875     463.485
12.881     463.485
12.887     463.485
12.893     466.170
12.899     466.170
12.904     463.485
12.910     463.485
12.916     466.170
12.922     466.170
12.928     463.485
12.934     463.485
12.939     463.485
12.945     466.170
12.951     466.170
12.957     466.170
12.963     466.170
12.968     466.170
12.974     466.170
12.980     463.485
12.986     463.485
12.992     466.170
12.997     466.170
13.003     468.870
13.009     477.066
13.015     511.307
13.021     517.248
13.026     520.244
13.032     520.244
13.038     520.244
13.044     520.244
13.050     520.244
13.055     520.244
13.061     520.244
13.067     520.244
13.073     520.244
13.079     520.244
13.084     520.244
13.090     520.244
13.096     520.244
13.102     520.244
13.108     520.244
13.113     520.244
13.119     520.244
13.125     523.258
13.131     523.258
13.137     523.258
13.142     523.258
13.148     523.258
13.154     523.258
13.160     520.244
13.166     520.244
13.172     517.248
13.177     517.248
13.183     312.932
13.189     311.130
13.195     311.130
13.201     314.745
13.206     314.745
13.212     311.130
13.218     311.130
13.224     311.130
13.230     316.569
13.235     312.932
13.241     309.338
13.247     309.338
13.253     307.556
13.259     309.338
13.264     312.932
13.270     320.247
13.276     318.402
13.282     316.569
13.288     307.556
13.293     311.130
13.299     311.130
13.305     305.785
13.311     302.273
13.317     305.785
13.322     309.338
13.328     311.130
13.334     309.338
13.340     304.024
13.346     304.024
13.351     307.556
13.357     311.130
13.363     311.130
13.369     307.556
13.375     304.024
13.380     305.785
13.386     311.130
13.392     311.130
13.398     309.338
13.404     304.024
13.410     304.024
13.415     309.338
13.421     311.130
13.427     311.130
13.433     307.556
13.439     304.024
13.444     307.556
13.450     311.130
13.456     311.130
13.462     307.556
13.468     305.785
13.473     307.556
13.479     311.130
13.485     312.932
13.491     312.932
13.497     307.556
13.502     300.532
13.508     0.000
13.514     0.000
13.520     0.000
13.526     0.000
13.531     351.255
13.537     347.221
13.543     347.221
13.549     349.232
13.555     351.255
13.560     353.290
13.566     353.290
13.572     353.290
13.578     353.290
13.584     353.290
13.589     353.290
13.595     351.255
13.601     351.255
13.607     351.255
13.613     351.255
13.619     351.255
13.624     351.255
13.630     351.255
13.636     351.255
13.642     349.232
13.648     349.232
13.653     349.232
13.659     349.232
13.665     349.232
13.671     351.255
13.677     351.255
13.682     351.255
13.688     351.255
13.694     351.255
13.700     351.255
13.706     351.255
13.711     351.255
13.717     351.255
13.723     351.255
13.729     351.255
13.735     351.255
13.740     351.255
13.746     351.255
13.752     351.255
13.758     351.255
13.764     351.255
13.769     351.255
13.775     351.255
13.781     351.255
13.787     351.255
13.793     351.255
13.798     349.232
13.804     349.232
13.810     351.255
13.816     353.290
13.822     353.290
13.827     353.290
13.833     353.290
13.839     353.290
13.845     351.255
13.851     349.232
13.857     351.255
13.862     349.232
13.868     351.255
13.874     351.255
13.880     351.255
13.886     351.255
13.891     351.255
13.897     351.255
13.903     351.255
13.909     353.290
13.915     353.290
13.920     351.255
13.926     353.290
13.932     353.290
13.938     353.290
13.944     353.290
13.949     353.290
13.955     353.290
13.961     353.290
13.967     353.290
13.973     353.290
13.978     353.290
13.984     353.290
13.990     353.290
13.996     353.290
14.002     353.290
14.007     351.255
14.013     351.255
14.019     351.255
14.025     351.255
14.031     351.255
14.036     351.255
14.042     351.255
14.048     351.255
14.054     351.255
14.060     351.255
14.065     351.255
14.071     353.290
14.077     353.290
14.083     353.290
14.089     353.290
14.095     353.290
14.100     353.290
14.106     355.337
14.112     353.290
14.118     353.290
14.124     355.337
14.129     353.290
14.135     353.290
14.141     353.290
14.147     351.255
14.153     353.290
14.158     351.255
14.164     351.255
14.170     353.290
14.176     351.255
14.182     351.255
14.187     353.290
14.193     351.255
14.199     353.290
14.205     353.290
14.211     353.290
14.216     353.290
14.222     353.290
14.228     353.290
14.234     353.290
14.240     353.290
14.245     353.290
14.251     353.290
14.257     353.290
14.263     353.290
14.269     351.255
14.274     351.255
14.280     351.255
14.286     351.255
14.292     351.255
14.298     351.255
14.303     351.255
14.309     351.255
14.315     351.255
14.321     351.255
14.327     351.255
14.333     351.255
14.338     351.255
14.344     349.232
14.350     349.232
14.356     347.221
14.362     347.221
14.367     349.232
14.373     347.221
14.379     349.232
14.385     351.255
14.391     351.255
14.396     347.221
14.402     345.221
14.408     347.221
14.414     349.232
14.420     349.232
14.425     349.232
14.431     349.232
14.437     351.255
14.443     351.255
14.449     351.255
14.454     351.255
14.460     351.255
14.466     351.255
14.472     351.255
14.478     351.255
14.483     353.290
14.489     353.290
14.495     353.290
14.501     353.290
14.507     353.290
14.512     355.337
14.518     355.337
14.524     355.337
14.530     355.337
14.536     355.337
14.541     353.290
14.547     353.290
14.553     353.290
14.559     353.290
14.565     351.255
14.571     0.000
14.576     0.000
14.582     0.000
14.588     0.000
14.594     0.000
14.600     0.000
14.605     0.000
14.611     0.000
14.617     0.000
14.623     0.000
14.629     0.000
14.634     0.000
14.640     0.000
14.646     0.000
14.652     0.000
14.658     0.000
14.663     0.000
14.669     0.000
14.675     0.000
14.681     0.000
14.687     0.000
14.692     0.000
14.698     0.000
14.704     0.000
14.710     0.000
14.716     0.000
14.721     0.000
14.727     0.000
14.733     0.000
14.739     0.000
14.745     0.000
14.750     0.000
14.756     0.000
14.762     0.000
14.768     0.000
14.774     0.000
14.780     0.000
14.785     0.000
14.791     0.000
14.797     0.000
14.803     0.000
14.809     0.000
14.814     0.000
14.820     0.000
14.826     0.000
14.832     0.000
14.838     0.000
