0.000     0.000
0.006     0.000
0.012     0.000
0.017     0.000
0.023     0.000
0.029     0.000
0.035     0.000
0.041     0.000
0.046     0.000
0.052     0.000
0.058     0.000
0.064     0.000
0.070     0.000
0.075     0.000
0.081     0.000
0.087     291.976
0.093     291.976
0.099     293.668
0.104     293.668
0.110     293.668
0.116     295.369
0.122     295.369
0.128     295.369
0.134     295.369
0.139     295.369
0.145     295.369
0.151     295.369
0.157     295.369
0.163     293.668
0.168     293.668
0.174     293.668
0.180     293.668
0.186     293.668
0.192     293.668
0.197     291.976
0.203     291.976
0.209     291.976
0.215     291.976
0.221     293.668
0.226     291.976
0.232     293.668
0.238     293.668
0.244     293.668
0.250     293.668
0.255     293.668
0.261     293.668
0.267     293.668
0.273     293.668
0.279     291.976
0.284     291.976
0.290     291.976
0.296     291.976
0.302     291.976
0.308     291.976
0.313     291.976
0.319     291.976
0.325     291.976
0.331     291.976
0.337     291.976
0.342     291.976
0.348     291.976
0.354     291.976
0.360     291.976
0.366     291.976
0.372     291.976
0.377     291.976
0.383     291.976
0.389     291.976
0.395     291.976
0.401     293.668
0.406     293.668
0.412     293.668
0.418     293.668
0.424     293.668
0.430     293.668
0.435     293.668
0.441     291.976
0.447     291.976
0.453     291.976
0.459     291.976
0.464     293.668
0.470     293.668
0.476     293.668
0.482     293.668
0.488     291.976
0.493     291.976
0.499     291.976
0.505     291.976
0.511     291.976
0.517     291.976
0.522     291.976
0.528     291.976
0.534     290.295
0.540     290.295
0.546     290.295
0.551     288.623
0.557     288.623
0.563     290.295
0.569     290.295
0.575     290.295
0.580     285.307
0.586     283.664
0.592     286.960
0.598     291.976
0.604     293.668
0.610     293.668
0.615     293.668
0.621     293.668
0.627     293.668
0.633     293.668
0.639     295.369
0.644     293.668
0.650     293.668
0.656     293.668
0.662     293.668
0.668     293.668
0.673     293.668
0.679     293.668
0.685     293.668
0.691     293.668
0.697     293.668
0.702     293.668
0.708     293.668
0.714     293.668
0.720     291.976
0.726     291.976
0.731     291.976
0.737     291.976
0.743     291.976
0.749     291.976
0.755     291.976
0.760     291.976
0.766     291.976
0.772     291.976
0.778     291.976
0.784     291.976
0.789     291.976
0.795     291.976
0.801     291.976
0.807     291.976
0.813     291.976
0.819     291.976
0.824     291.976
0.830     291.976
0.836     291.976
0.842     291.976
0.848     291.976
0.853     291.976
0.859     291.976
0.865     291.976
0.871     291.976
0.877     291.976
0.882     291.976
0.888     291.976
0.894     291.976
0.900     291.976
0.906     291.976
0.911     291.976
0.917     291.976
0.923     291.976
0.929     291.976
0.935     291.976
0.940     291.976
0.946     293.668
0.952     291.976
0.958     291.976
0.964     291.976
0.969     291.976
0.975     291.976
0.981     291.976
0.987     291.976
0.993     291.976
0.998     291.976
1.004     291.976
1.010     146.833
1.016     145.988
1.022     145.988
1.027     145.988
1.033     145.988
1.039     145.988
1.045     145.988
1.051     145.988
1.057     145.988
1.062     146.833
1.068     146.833
1.074     146.833
1.080     146.833
1.086     146.833
1.091     145.988
1.097     145.988
1.103     145.988
1.109     145.147
1.115     145.147
1.120     145.988
1.126     145.988
1.132     146.833
1.138     146.833
1.144     146.833
1.149     146.833
1.155     146.833
1.161     146.833
1.167     146.833
1.173     146.833
1.178     146.833
1.184     146.833
1.190     146.833
1.196     146.833
1.202     146.833
1.207     146.833
1.213     146.833
1.219     146.833
1.225     146.833
1.231     146.833
1.236     146.833
1.242     146.833
1.248     146.833
1.254     146.833
1.260     146.833
1.265     146.833
1.271     146.833
1.277     146.833
1.283     146.833
1.289     367.868
1.295     367.868
1.300     367.868
1.306     367.868
1.312     367.868
1.318     367.868
1.324     367.868
1.329     367.868
1.335     367.868
1.341     367.868
1.347     367.868
1.353     369.999
1.358     367.868
1.364     369.999
1.370     367.868
1.376     369.999
1.382     369.999
1.387     369.999
1.393     369.999
1.399     369.999
1.405     369.999
1.411     369.999
1.416     369.999
1.422     369.999
1.428     369.999
1.434     369.999
1.440     369.999
1.445     369.999
1.451     369.999
1.457     369.999
1.463     369.999
1.469     369.999
1.474     369.999
1.480     369.999
1.486     369.999
1.492     369.999
1.498     369.999
1.503     369.999
1.509     369.999
1.515     369.999
1.521     369.999
1.527     369.999
1.533     0.000
1.538     0.000
1.544     0.000
1.550     0.000
1.556     0.000
1.562     0.000
1.567     0.000
1.573     0.000
1.579     0.000
1.585     0.000
1.591     0.000
1.596     0.000
1.602     0.000
1.608     0.000
1.614     0.000
1.620     0.000
1.625     0.000
1.631     0.000
1.637     442.554
1.643     442.554
1.649     440.005
1.654     437.471
1.660     437.471
1.666     437.471
1.672     437.471
1.678     437.471
1.683     440.005
1.689     440.005
1.695     440.005
1.701     437.471
1.707     437.471
1.712     437.471
1.718     440.005
1.724     440.005
1.730     440.005
1.736     440.005
1.741     440.005
1.747     437.471
1.753     437.471
1.759     437.471
1.765     437.471
1.771     437.471
1.776     437.471
1.782     437.471
1.788     437.471
1.794     437.471
1.800     440.005
1.805     440.005
1.811     440.005
1.817     440.005
1.823     440.005
1.829     440.005
1.834     440.005
1.840     440.005
1.846     440.005
1.852     440.005
1.858     440.005
1.863     440.005
1.869     440.005
1.875     440.005
1.881     440.005
1.887     440.005
1.892     440.005
1.898     440.005
1.904     440.005
1.910     440.005
1.916     440.005
1.921     440.005
1.927     440.005
1.933     440.005
1.939     440.005
1.945     440.005
1.950     440.005
1.956     440.005
1.962     440.005
1.968     440.005
1.974     440.005
1.980     440.005
1.985     440.005
1.991     440.005
1.997     440.005
2.003     440.005
2.009     440.005
2.014     440.005
2.020     440.005
2.026     440.005
2.032     440.005
2.038     440.005
2.043     440.005
2.049     440.005
2.055     440.005
2.061     440.005
2.067     440.005
2.072     440.005
2.078     440.005
2.084     440.005
2.090     440.005
2.096     440.005
2.101     440.005
2.107     440.005
2.113     440.005
2.119     440.005
2.125     440.005
2.130     440.005
2.136     440.005
2.142     440.005
2.148     440.005
2.154     440.005
2.159     440.005
2.165     440.005
2.171     440.005
2.177     440.005
2.183     440.005
2.188     440.005
2.194     440.005
2.200     440.005
2.206     440.005
2.212     440.005
2.218     440.005
2.223     440.005
2.229     440.005
2.235     440.005
2.241     440.005
2.247     440.005
2.252     440.005
2.258     440.005
2.264     440.005
2.270     440.005
2.276     440.005
2.281     440.005
2.287     440.005
2.293     440.005
2.299     440.005
2.305     440.005
2.310     440.005
2.316     440.005
2.322     440.005
2.328     440.005
2.334     440.005
2.339     440.005
2.345     440.005
2.351     440.005
2.357     440.005
2.363     440.005
2.368     440.005
2.374     440.005
2.380     440.005
2.386     440.005
2.392     440.005
2.397     440.005
2.403     440.005
2.409     440.005
2.415     440.005
2.421     440.005
2.426     440.005
2.432     440.005
2.438     440.005
2.444     440.005
2.450     440.005
2.456     440.005
2.461     440.005
2.467     146.833
2.473     0.000
2.479     0.000
2.485     0.000
2.490     0.000
2.496     0.000
2.502     0.000
2.508     0.000
2.514     0.000
2.519     0.000
2.525     0.000
2.531     0.000
2.537     0.000
2.543     0.000
2.548     0.000
2.554     0.000
2.560     0.000
2.566     0.000
2.572     0.000
2.577     0.000
2.583     0.000
2.589     0.000
2.595     0.000
2.601     0.000
2.606     0.000
2.612     0.000
2.618     0.000
2.624     0.000
2.630     0.000
2.635     0.000
2.641     0.000
2.647     0.000
2.653     0.000
2.659     0.000
2.664     0.000
2.670     0.000
2.676     0.000
2.682     0.000
2.688     0.000
2.694     0.000
2.699     0.000
2.705     367.868
2.711     367.868
2.717     367.868
2.723     367.868
2.728     367.868
2.734     369.999
2.740     369.999
2.746     369.999
2.752     369.999
2.757     369.999
2.763     369.999
2.769     369.999
2.775     369.999
2.781     369.999
2.786     367.868
2.792     367.868
2.798     367.868
2.804     367.868
2.810     367.868
2.815     367.868
2.821     367.868
2.827     367.868
2.833     367.868
2.839     367.868
2.844     367.868
2.850     367.868
2.856     367.868
2.862     367.868
2.868     367.868
2.873     367.868
2.879     367.868
2.885     367.868
2.891     367.868
2.897     367.868
2.902     367.868
2.908     367.868
2.914     367.868
2.920     367.868
2.926     367.868
2.932     369.999
2.937     369.999
2.943     369.999
2.949     369.999
2.955     369.999
2.961     369.999
2.966     369.999
2.972     369.999
2.978     369.999
2.984     369.999
2.990     369.999
2.995     369.999
3.001     369.999
3.007     369.999
3.013     369.999
3.019     369.999
3.024     369.999
3.030     367.868
3.036     369.999
3.042     367.868
3.048     369.999
3.053     367.868
3.059     369.999
3.065     369.999
3.071     369.999
3.077     369.999
3.082     369.999
3.088     369.999
3.094     369.999
3.100     369.999
3.106     369.999
3.111     369.999
3.117     369.999
3.123     369.999
3.129     369.999
3.135     369.999
3.140     369.999
3.146     369.999
3.152     369.999
3.158     369.999
3.164     369.999
3.170     367.868
3.175     365.749
3.181     363.642
3.187     363.642
3.193     363.642
3.199     365.749
3.204     367.868
3.210     367.868
3.216     367.868
3.222     367.868
3.228     367.868
3.233     367.868
3.239     367.868
3.245     367.868
3.251     367.868
3.257     369.999
3.262     440.005
3.268     440.005
3.274     440.005
3.280     437.471
3.286     437.471
3.291     437.471
3.297     437.471
3.303     437.471
3.309     437.471
3.315     437.471
3.320     437.471
3.326     437.471
3.332     437.471
3.338     437.471
3.344     437.471
3.349     437.471
3.355     440.005
3.361     437.471
3.367     437.471
3.373     437.471
3.379     437.471
3.384     437.471
3.390     440.005
3.396     440.005
3.402     440.005
3.408     440.005
3.413     440.005
3.419     440.005
3.425     440.005
3.431     440.005
3.437     440.005
3.442     440.005
3.448     440.005
3.454     440.005
3.460     440.005
3.466     440.005
3.471     440.005
3.477     440.005
3.483     440.005
3.489     440.005
3.495     440.005
3.500     440.005
3.506     440.005
3.512     440.005
3.518     440.005
3.524     440.005
3.529     440.005
3.535     440.005
3.541     440.005
3.547     440.005
3.553     440.005
3.558     440.005
3.564     440.005
3.570     440.005
3.576     440.005
3.582     440.005
3.587     440.005
3.593     440.005
3.599     440.005
3.605     440.005
3.611     440.005
3.617     440.005
3.622     440.005
3.628     440.005
3.634     440.005
3.640     440.005
3.646     440.005
3.651     440.005
3.657     440.005
3.663     437.471
3.669     437.471
3.675     0.000
3.680     0.000
3.686     0.000
3.692     0.000
3.698     0.000
3.704     0.000
3.709     0.000
3.715     0.000
3.721     0.000
3.727     0.000
3.733     0.000
3.738     0.000
3.744     0.000
3.750     0.000
3.756     0.000
3.762     0.000
3.767     0.000
3.773     0.000
3.779     0.000
3.785     293.668
3.791     293.668
3.796     293.668
3.802     293.668
3.808     293.668
3.814     293.668
3.820     293.668
3.825     291.976
3.831     291.976
3.837     293.668
3.843     293.668
3.849     293.668
3.855     293.668
3.860     293.668
3.866     293.668
3.872     293.668
3.878     293.668
3.884     293.668
3.889     293.668
3.895     293.668
3.901     293.668
3.907     293.668
3.913     293.668
3.918     293.668
3.924     293.668
3.930     293.668
3.936     293.668
3.942     293.668
3.947     293.668
3.953     293.668
3.959     293.668
3.965     293.668
3.971     293.668
3.976     293.668
3.982     293.668
3.988     293.668
3.994     293.668
4.000     293.668
4.005     293.668
4.011     293.668
4.017     293.668
4.023     293.668
4.029     293.668
4.034     293.668
4.040     293.668
4.046     293.668
4.052     293.668
4.058     293.668
4.063     293.668
4.069     293.668
4.075     293.668
4.081     293.668
4.087     293.668
4.093     293.668
4.098     291.976
4.104     291.976
4.110     583.955
4.116     0.000
4.122     0.000
4.127     0.000
4.133     0.000
4.139     0.000
4.145     0.000
4.151     0.000
4.156     0.000
4.162     0.000
4.168     0.000
4.174     0.000
4.180     0.000
4.185     0.000
4.191     0.000
4.197     0.000
4.203     0.000
4.209     0.000
4.214     0.000
4.220     0.000
4.226     493.890
4.232     491.045
4.238     491.045
4.243     491.045
4.249     493.890
4.255     493.890
4.261     493.890
4.267     493.890
4.272     493.890
4.278     493.890
4.284     491.045
4.290     491.045
4.296     491.045
4.301     493.890
4.307     493.890
4.313     493.890
4.319     493.890
4.325     491.045
4.331     491.045
4.336     491.045
4.342     491.045
4.348     491.045
4.354     491.045
4.360     491.045
4.365     491.045
4.371     491.045
4.377     491.045
4.383     491.045
4.389     491.045
4.394     493.890
4.400     493.890
4.406     493.890
4.412     493.890
4.418     493.890
4.423     493.890
4.429     493.890
4.435     493.890
4.441     493.890
4.447     493.890
4.452     493.890
4.458     493.890
4.464     493.890
4.470     493.890
4.476     493.890
4.481     493.890
4.487     493.890
4.493     493.890
4.499     493.890
4.505     493.890
4.510     493.890
4.516     493.890
4.522     493.890
4.528     493.890
4.534     493.890
4.540     493.890
4.545     493.890
4.551     493.890
4.557     493.890
4.563     493.890
4.569     493.890
4.574     493.890
4.580     493.890
4.586     493.890
4.592     493.890
4.598     493.890
4.603     493.890
4.609     493.890
4.615     493.890
4.621     493.890
4.627     493.890
4.632     493.890
4.638     493.890
4.644     0.000
4.650     0.000
4.656     0.000
4.661     0.000
4.667     0.000
4.673     0.000
4.679     0.000
4.685     0.000
4.690     0.000
4.696     0.000
4.702     0.000
4.708     0.000
4.714     0.000
4.719     0.000
4.725     442.554
4.731     442.554
4.737     442.554
4.743     440.005
4.748     437.471
4.754     437.471
4.760     437.471
4.766     437.471
4.772     437.471
4.778     440.005
4.783     440.005
4.789     440.005
4.795     437.471
4.801     437.471
4.807     437.471
4.812     440.005
4.818     440.005
4.824     440.005
4.830     440.005
4.836     440.005
4.841     437.471
4.847     437.471
4.853     437.471
4.859     437.471
4.865     437.471
4.870     437.471
4.876     437.471
4.882     437.471
4.888     437.471
4.894     440.005
4.899     440.005
4.905     440.005
4.911     440.005
4.917     440.005
4.923     440.005
4.928     440.005
4.934     440.005
4.940     440.005
4.946     440.005
4.952     440.005
4.957     440.005
4.963     440.005
4.969     440.005
4.975     440.005
4.981     440.005
4.986     440.005
4.992     440.005
4.998     440.005
5.004     440.005
5.010     440.005
5.016     440.005
5.021     440.005
5.027     440.005
5.033     440.005
5.039     440.005
5.045     440.005
5.050     440.005
5.056     440.005
5.062     440.005
5.068     440.005
5.074     440.005
5.079     440.005
5.085     440.005
5.091     440.005
5.097     440.005
5.103     440.005
5.108     440.005
5.114     440.005
5.120     440.005
5.126     440.005
5.132     440.005
5.137     440.005
5.143     440.005
5.149     440.005
5.155     440.005
5.161     440.005
5.166     440.005
5.172     440.005
5.178     440.005
5.184     440.005
5.190     440.005
5.195     440.005
5.201     440.005
5.207     440.005
5.213     440.005
5.219     440.005
5.224     440.005
5.230     440.005
5.236     440.005
5.242     440.005
5.248     440.005
5.254     440.005
5.259     440.005
5.265     440.005
5.271     440.005
5.277     440.005
5.283     440.005
5.288     440.005
5.294     440.005
5.300     440.005
5.306     440.005
5.312     440.005
5.317     440.005
5.323     440.005
5.329     440.005
5.335     440.005
5.341     440.005
5.346     440.005
5.352     440.005
5.358     440.005
5.364     440.005
5.370     440.005
5.375     440.005
5.381     440.005
5.387     440.005
5.393     440.005
5.399     440.005
5.404     440.005
5.410     440.005
5.416     440.005
5.422     440.005
5.428     440.005
5.433     440.005
5.439     440.005
5.445     440.005
5.451     440.005
5.457     440.005
5.462     440.005
5.468     440.005
5.474     440.005
5.480     440.005
5.486     440.005
5.492     440.005
5.497     440.005
5.503     440.005
5.509     440.005
5.515     440.005
5.521     440.005
5.526     440.005
5.532     440.005
5.538     440.005
5.544     440.005
5.550     440.005
5.555     440.005
5.561     146.833
5.567     0.000
5.573     0.000
5.579     0.000
5.584     0.000
5.590     0.000
5.596     0.000
5.602     0.000
5.608     0.000
5.613     0.000
5.619     0.000
5.625     0.000
5.631     0.000
5.637     0.000
5.642     0.000
5.648     0.000
5.654     0.000
5.660     0.000
5.666     0.000
5.671     0.000
5.677     0.000
5.683     0.000
5.689     0.000
5.695     0.000
5.700     0.000
5.706     0.000
5.712     0.000
5.718     0.000
5.724     0.000
5.730     0.000
5.735     0.000
5.741     0.000
5.747     0.000
5.753     0.000
5.759     0.000
5.764     0.000
5.770     0.000
5.776     0.000
5.782     0.000
5.788     367.868
5.793     367.868
5.799     367.868
5.805     367.868
5.811     367.868
5.817     367.868
5.822     367.868
5.828     369.999
5.834     369.999
5.840     369.999
5.846     369.999
5.851     369.999
5.857     369.999
5.863     369.999
5.869     369.999
5.875     367.868
5.880     367.868
5.886     367.868
5.892     367.868
5.898     367.868
5.904     367.868
5.909     367.868
5.915     367.868
5.921     367.868
5.927     367.868
5.933     367.868
5.939     367.868
5.944     367.868
5.950     367.868
5.956     367.868
5.962     367.868
5.968     367.868
5.973     367.868
5.979     367.868
5.985     367.868
5.991     367.868
5.997     367.868
6.002     367.868
6.008     367.868
6.014     367.868
6.020     367.868
6.026     367.868
6.031     369.999
6.037     369.999
6.043     369.999
6.049     369.999
6.055     369.999
6.060     369.999
6.066     369.999
6.072     369.999
6.078     369.999
6.084     369.999
6.089     369.999
6.095     369.999
6.101     369.999
6.107     369.999
6.113     369.999
6.118     369.999
6.124     369.999
6.130     367.868
6.136     369.999
6.142     367.868
6.147     369.999
6.153     367.868
6.159     369.999
6.165     369.999
6.171     369.999
6.177     369.999
6.182     369.999
6.188     0.000
6.194     0.000
6.200     0.000
6.206     0.000
6.211     0.000
6.217     0.000
6.223     0.000
6.229     0.000
6.235     0.000
6.240     0.000
6.246     0.000
6.252     0.000
6.258     0.000
6.264     0.000
6.269     0.000
6.275     0.000
6.281     0.000
6.287     0.000
6.293     0.000
6.298     440.005
6.304     437.471
6.310     437.471
6.316     437.471
6.322     437.471
6.327     440.005
6.333     440.005
6.339     442.554
6.345     442.554
6.351     442.554
6.356     440.005
6.362     437.471
6.368     437.471
6.374     437.471
6.380     437.471
6.385     440.005
6.391     440.005
6.397     440.005
6.403     437.471
6.409     437.471
6.415     437.471
6.420     437.471
6.426     437.471
6.432     437.471
6.438     437.471
6.444     437.471
6.449     437.471
6.455     437.471
6.461     437.471
6.467     440.005
6.473     437.471
6.478     437.471
6.484     437.471
6.490     437.471
6.496     437.471
6.502     440.005
6.507     440.005
6.513     440.005
6.519     440.005
6.525     440.005
6.531     440.005
6.536     440.005
6.542     440.005
6.548     440.005
6.554     440.005
6.560     440.005
6.565     440.005
6.571     440.005
6.577     440.005
6.583     440.005
6.589     440.005
6.594     440.005
6.600     440.005
6.606     440.005
6.612     440.005
6.618     440.005
6.623     440.005
6.629     440.005
6.635     440.005
6.641     440.005
6.647     440.005
6.653     440.005
6.658     440.005
6.664     440.005
6.670     440.005
6.676     440.005
6.682     440.005
6.687     440.005
6.693     437.471
6.699     437.471
6.705     437.471
6.711     437.471
6.716     437.471
6.722     437.471
6.728     437.471
6.734     437.471
6.740     434.951
6.745     434.951
6.751     432.446
6.757     432.446
6.763     434.951
6.769     434.951
6.774     437.471
6.780     434.951
6.786     440.005
6.792     445.118
6.798     432.446
6.803     425.017
6.809     394.271
6.815     392.000
6.821     389.742
6.827     387.497
6.832     387.497
6.838     387.497
6.844     387.497
6.850     389.742
6.856     389.742
6.861     389.742
6.867     493.890
6.873     491.045
6.879     493.890
6.885     493.890
6.891     493.890
6.896     493.890
6.902     493.890
6.908     491.045
6.914     491.045
6.920     491.045
6.925     491.045
6.931     491.045
6.937     491.045
6.943     491.045
6.949     491.045
6.954     491.045
6.960     491.045
6.966     491.045
6.972     491.045
6.978     491.045
6.983     491.045
6.989     493.890
6.995     493.890
7.001     493.890
7.007     493.890
7.012     493.890
7.018     493.890
7.024     493.890
7.030     493.890
7.036     493.890
7.041     493.890
7.047     493.890
7.053     493.890
7.059     493.890
7.065     493.890
7.070     493.890
7.076     493.890
7.082     493.890
7.088     493.890
7.094     493.890
7.100     493.890
7.105     493.890
7.111     493.890
7.117     493.890
7.123     493.890
7.129     493.890
7.134     493.890
7.140     493.890
7.146     493.890
7.152     493.890
7.158     493.890
7.163     493.890
7.169     493.890
7.175     493.890
7.181     493.890
7.187     493.890
7.192     493.890
7.198     493.890
7.204     493.890
7.210     493.890
7.216     493.890
7.221     493.890
7.227     493.890
7.233     491.045
7.239     146.833
7.245     146.833
7.250     146.833
7.256     146.833
7.262     146.833
7.268     146.833
7.274     146.833
7.279     146.833
7.285     146.833
7.291     146.833
7.297     146.833
7.303     146.833
7.308     146.833
7.314     147.684
7.320     447.697
7.326     442.554
7.332     440.005
7.338     437.471
7.343     437.471
7.349     437.471
7.355     440.005
7.361     440.005
7.367     442.554
7.372     442.554
7.378     442.554
7.384     440.005
7.390     437.471
7.396     437.471
7.401     440.005
7.407     440.005
7.413     440.005
7.419     440.005
7.425     440.005
7.430     437.471
7.436     437.471
7.442     437.471
7.448     437.471
7.454     437.471
7.459     437.471
7.465     437.471
7.471     437.471
7.477     437.471
7.483     440.005
7.488     440.005
7.494     440.005
7.500     440.005
7.506     440.005
7.512     440.005
7.517     437.471
7.523     440.005
7.529     440.005
7.535     440.005
7.541     440.005
7.546     440.005
7.552     440.005
7.558     440.005
7.564     440.005
7.570     440.005
7.576     440.005
7.581     440.005
7.587     440.005
7.593     440.005
7.599     440.005
7.605     440.005
7.610     440.005
7.616     440.005
7.622     440.005
7.628     440.005
7.634     440.005
7.639     440.005
7.645     440.005
7.651     440.005
7.657     440.005
7.663     440.005
7.668     440.005
7.674     440.005
7.680     440.005
7.686     440.005
7.692     440.005
7.697     440.005
7.703     440.005
7.709     440.005
7.715     440.005
7.721     437.471
7.726     437.471
7.732     437.471
7.738     0.000
7.744     0.000
7.750     0.000
7.755     0.000
7.761     0.000
7.767     0.000
7.773     0.000
7.779     0.000
7.784     0.000
7.790     0.000
7.796     0.000
7.802     0.000
7.808     0.000
7.814     0.000
7.819     0.000
7.825     0.000
7.831     0.000
7.837     0.000
7.843     0.000
7.848     394.271
7.854     392.000
7.860     389.742
7.866     387.497
7.872     389.742
7.877     389.742
7.883     392.000
7.889     392.000
7.895     392.000
7.901     394.271
7.906     394.271
7.912     392.000
7.918     392.000
7.924     389.742
7.930     389.742
7.935     392.000
7.941     392.000
7.947     392.000
7.953     392.000
7.959     392.000
7.964     392.000
7.970     389.742
7.976     389.742
7.982     389.742
7.988     389.742
7.993     389.742
7.999     389.742
8.005     389.742
8.011     392.000
8.017     389.742
8.022     389.742
8.028     392.000
8.034     389.742
8.040     392.000
8.046     392.000
8.052     389.742
8.057     389.742
8.063     389.742
8.069     389.742
8.075     392.000
8.081     389.742
8.086     392.000
8.092     392.000
8.098     389.742
8.104     392.000
8.110     392.000
8.115     389.742
8.121     392.000
8.127     392.000
8.133     392.000
8.139     392.000
8.144     392.000
8.150     392.000
8.156     392.000
8.162     392.000
8.168     392.000
8.173     392.000
8.179     389.742
8.185     392.000
8.191     392.000
8.197     392.000
8.202     392.000
8.208     392.000
8.214     392.000
8.220     392.000
8.226     392.000
8.231     392.000
8.237     392.000
8.243     389.742
8.249     392.000
8.255     392.000
8.260     392.000
8.266     392.000
8.272     392.000
8.278     392.000
8.284     392.000
8.290     392.000
8.295     392.000
8.301     392.000
8.307     392.000
8.313     392.000
8.319     392.000
8.324     392.000
8.330     392.000
8.336     392.000
8.342     392.000
8.348     392.000
8.353     392.000
8.359     392.000
8.365     392.000
8.371     392.000
8.377     392.000
8.382     392.000
8.388     392.000
8.394     392.000
8.400     392.000
8.406     392.000
8.411     392.000
8.417     392.000
8.423     392.000
8.429     392.000
8.435     392.000
8.440     392.000
8.446     392.000
8.452     392.000
8.458     392.000
8.464     392.000
8.469     392.000
8.475     392.000
8.481     392.000
8.487     392.000
8.493     392.000
8.499     392.000
8.504     392.000
8.510     392.000
8.516     392.000
8.522     392.000
8.528     392.000
8.533     392.000
8.539     392.000
8.545     392.000
8.551     392.000
8.557     392.000
8.562     392.000
8.568     392.000
8.574     392.000
8.580     392.000
8.586     392.000
8.591     392.000
8.597     392.000
8.603     392.000
8.609     392.000
8.615     392.000
8.620     392.000
8.626     392.000
8.632     392.000
8.638     392.000
8.644     392.000
8.649     392.000
8.655     392.000
8.661     392.000
8.667     392.000
8.673     392.000
8.678     392.000
8.684     0.000
8.690     0.000
8.696     0.000
8.702     0.000
8.707     0.000
8.713     0.000
8.719     0.000
8.725     0.000
8.731     0.000
8.737     0.000
8.742     0.000
8.748     0.000
8.754     0.000
8.760     0.000
8.766     0.000
8.771     0.000
8.777     0.000
8.783     0.000
8.789     0.000
8.795     0.000
8.800     0.000
8.806     0.000
8.812     0.000
8.818     0.000
8.824     0.000
8.829     0.000
8.835     0.000
8.841     0.000
8.847     0.000
8.853     0.000
8.858     0.000
8.864     0.000
8.870     0.000
8.876     0.000
8.882     0.000
8.887     327.732
8.893     327.732
8.899     329.631
8.905     329.631
8.911     329.631
8.916     327.732
8.922     327.732
8.928     327.732
8.934     327.732
8.940     329.631
8.945     329.631
8.951     329.631
8.957     329.631
8.963     329.631
8.969     329.631
8.975     329.631
8.980     329.631
8.986     327.732
8.992     327.732
8.998     327.732
9.004     327.732
9.009     327.732
9.015     327.732
9.021     327.732
9.027     327.732
9.033     327.732
9.038     327.732
9.044     327.732
9.050     327.732
9.056     327.732
9.062     327.732
9.067     327.732
9.073     327.732
9.079     327.732
9.085     327.732
9.091     327.732
9.096     327.732
9.102     327.732
9.108     327.732
9.114     327.732
9.120     327.732
9.125     327.732
9.131     327.732
9.137     327.732
9.143     327.732
9.149     327.732
9.154     327.732
9.160     327.732
9.166     327.732
9.172     327.732
9.178     327.732
9.183     327.732
9.189     327.732
9.195     327.732
9.201     327.732
9.207     327.732
9.213     327.732
9.218     327.732
9.224     329.631
9.230     329.631
9.236     329.631
9.242     329.631
9.247     329.631
9.253     329.631
9.259     329.631
9.265     329.631
9.271     329.631
9.276     329.631
9.282     329.631
9.288     329.631
9.294     329.631
9.300     329.631
9.305     329.631
9.311     329.631
9.317     329.631
9.323     329.631
9.329     329.631
9.334     329.631
9.340     329.631
9.346     329.631
9.352     329.631
9.358     329.631
9.363     327.732
9.369     327.732
9.375     329.631
9.381     329.631
9.387     329.631
9.392     329.631
9.398     329.631
9.404     329.631
9.410     329.631
9.416     329.631
9.421     329.631
9.427     329.631
9.433     329.631
9.439     329.631
9.445     329.631
9.451     329.631
9.456     329.631
9.462     329.631
9.468     329.631
9.474     329.631
9.480     329.631
9.485     329.631
9.491     329.631
9.497     329.631
9.503     329.631
9.509     329.631
9.514     329.631
9.520     329.631
9.526     329.631
9.532     329.631
9.538     329.631
9.543     329.631
9.549     329.631
9.555     329.631
9.561     329.631
9.567     329.631
9.572     329.631
9.578     329.631
9.584     329.631
9.590     329.631
9.596     329.631
9.601     329.631
9.607     329.631
9.613     329.631
9.619     329.631
9.625     329.631
9.630     329.631
9.636     329.631
9.642     329.631
9.648     329.631
9.654     329.631
9.660     329.631
9.665     329.631
9.671     329.631
9.677     329.631
9.683     329.631
9.689     329.631
9.694     329.631
9.700     329.631
9.706     327.732
9.712     0.000
9.718     0.000
9.723     0.000
9.729     0.000
9.735     0.000
9.741     0.000
9.747     0.000
9.752     0.000
9.758     0.000
9.764     0.000
9.770     0.000
9.776     0.000
9.781     0.000
9.787     0.000
9.793     0.000
9.799     0.000
9.805     0.000
9.810     0.000
9.816     0.000
9.822     0.000
9.828     0.000
9.834     0.000
9.839     0.000
9.845     0.000
9.851     0.000
9.857     0.000
9.863     0.000
9.868     0.000
9.874     0.000
9.880     0.000
9.886     0.000
9.892     0.000
9.898     0.000
9.903     0.000
9.909     442.554
9.915     440.005
9.921     437.471
9.927     437.471
9.932     437.471
9.938     437.471
9.944     440.005
9.950     440.005
9.956     440.005
9.961     440.005
9.967     440.005
9.973     440.005
9.979     437.471
9.985     437.471
9.990     437.471
9.996     440.005
10.002     440.005
10.008     440.005
10.014     440.005
10.019     437.471
10.025     437.471
10.031     437.471
10.037     437.471
10.043     437.471
10.048     437.471
10.054     437.471
10.060     437.471
10.066     437.471
10.072     437.471
10.077     440.005
10.083     440.005
10.089     440.005
10.095     440.005
10.101     437.471
10.106     440.005
10.112     440.005
10.118     440.005
10.124     440.005
10.130     440.005
10.136     440.005
10.141     440.005
10.147     440.005
10.153     440.005
10.159     440.005
10.165     440.005
10.170     440.005
10.176     440.005
10.182     440.005
10.188     440.005
10.194     440.005
10.199     440.005
10.205     440.005
10.211     440.005
10.217     440.005
10.223     440.005
10.228     440.005
10.234     440.005
10.240     440.005
10.246     440.005
10.252     440.005
10.257     440.005
10.263     440.005
10.269     440.005
10.275     440.005
10.281     440.005
10.286     440.005
10.292     440.005
10.298     440.005
10.304     440.005
10.310     440.005
10.315     437.471
10.321     437.471
10.327     110.000
10.333     110.000
10.339     110.000
10.344     110.000
10.350     110.000
10.356     110.000
10.362     110.000
10.368     110.000
10.374     110.000
10.379     110.000
10.385     110.000
10.391     110.000
10.397     110.000
10.403     109.367
10.408     110.000
10.414     110.000
10.420     110.000
10.426     110.000
10.432     110.000
10.437     109.367
10.443     110.000
10.449     109.367
10.455     109.367
10.461     110.000
10.466     110.000
10.472     110.000
10.478     110.000
10.484     110.638
10.490     110.000
10.495     110.000
10.501     110.000
10.507     110.000
10.513     110.638
10.519     110.000
10.524     110.000
10.530     110.000
10.536     110.000
10.542     110.000
10.548     110.000
10.553     110.000
10.559     110.000
10.565     110.000
10.571     110.000
10.577     110.000
10.582     110.000
10.588     110.000
10.594     109.367
10.600     110.000
10.606     110.000
10.612     109.367
10.617     109.367
10.623     110.000
10.629     109.367
10.635     109.367
10.641     110.000
10.646     109.367
10.652     110.000
10.658     110.000
10.664     110.000
10.670     110.000
10.675     110.000
10.681     0.000
10.687     0.000
10.693     392.000
10.699     389.742
10.704     389.742
10.710     389.742
10.716     389.742
10.722     392.000
10.728     392.000
10.733     394.271
10.739     394.271
10.745     394.271
10.751     394.271
10.757     392.000
10.762     389.742
10.768     389.742
10.774     392.000
10.780     392.000
10.786     392.000
10.791     392.000
10.797     392.000
10.803     392.000
10.809     389.742
10.815     389.742
10.820     389.742
10.826     389.742
10.832     389.742
10.838     389.742
10.844     392.000
10.850     392.000
10.855     389.742
10.861     389.742
10.867     389.742
10.873     389.742
10.879     389.742
10.884     389.742
10.890     389.742
10.896     389.742
10.902     389.742
10.908     389.742
10.913     389.742
10.919     387.497
10.925     380.840
10.931     369.999
10.937     359.465
10.942     359.465
10.948     363.642
10.954     365.749
10.960     367.868
10.966     367.868
10.971     369.999
10.977     367.868
10.983     367.868
10.989     367.868
10.995     367.868
11.000     367.868
11.006     369.999
11.012     369.999
11.018     369.999
11.024     369.999
11.029     369.999
11.035     367.868
11.041     367.868
11.047     367.868
11.053     367.868
11.059     367.868
11.064     367.868
11.070     367.868
11.076     367.868
11.082     367.868
11.088     367.868
11.093     367.868
11.099     367.868
11.105     367.868
11.111     367.868
11.117     367.868
11.122     367.868
11.128     367.868
11.134     367.868
11.140     367.868
11.146     367.868
11.151     367.868
11.157     367.868
11.163     367.868
11.169     367.868
11.175     367.868
11.180     367.868
11.186     367.868
11.192     367.868
11.198     367.868
11.204     367.868
11.209     367.868
11.215     369.999
11.221     369.999
11.227     369.999
11.233     369.999
11.238     369.999
11.244     367.868
11.250     367.868
11.256     369.999
11.262     369.999
11.267     369.999
11.273     369.999
11.279     369.999
11.285     369.999
11.291     367.868
11.297     367.868
11.302     367.868
11.308     369.999
11.314     369.999
11.320     369.999
11.326     369.999
11.331     367.868
11.337     367.868
11.343     367.868
11.349     367.868
11.355     369.999
11.360     369.999
11.366     369.999
11.372     369.999
11.378     369.999
11.384     369.999
11.389     369.999
11.395     369.999
11.401     369.999
11.407     369.999
11.413     369.999
11.418     369.999
11.424     369.999
11.430     369.999
11.436     369.999
11.442     369.999
11.447     369.999
11.453     369.999
11.459     369.999
11.465     369.999
11.471     369.999
11.476     369.999
11.482     369.999
11.488     369.999
11.494     369.999
11.500     369.999
11.505     369.999
11.511     369.999
11.517     369.999
11.523     369.999
11.529     369.999
11.535     369.999
11.540     369.999
11.546     369.999
11.552     369.999
11.558     369.999
11.564     369.999
11.569     369.999
11.575     369.999
11.581     369.999
11.587     369.999
11.593     369.999
11.598     369.999
11.604     369.999
11.610     369.999
11.616     369.999
11.622     369.999
11.627     369.999
11.633     369.999
11.639     369.999
11.645     369.999
11.651     369.999
11.656     369.999
11.662     369.999
11.668     369.999
11.674     369.999
11.680     369.999
11.685     369.999
11.691     369.999
11.697     369.999
11.703     369.999
11.709     369.999
11.714     369.999
11.720     369.999
11.726     369.999
11.732     369.999
11.738     369.999
11.743     369.999
11.749     369.999
11.755     369.999
11.761     369.999
11.767     369.999
11.773     369.999
11.778     0.000
11.784     0.000
11.790     0.000
11.796     0.000
11.802     0.000
11.807     0.000
11.813     0.000
11.819     0.000
11.825     0.000
11.831     0.000
11.836     0.000
11.842     0.000
11.848     0.000
11.854     0.000
11.860     0.000
11.865     0.000
11.871     0.000
11.877     0.000
11.883     0.000
11.889     0.000
11.894     0.000
11.900     0.000
11.906     0.000
11.912     0.000
11.918     0.000
11.923     0.000
11.929     0.000
11.935     0.000
11.941     0.000
11.947     0.000
11.952     0.000
11.958     0.000
11.964     0.000
11.970     0.000
11.976     0.000
11.981     0.000
11.987     0.000
11.993     0.000
11.999     0.000
12.005     0.000
12.011     0.000
12.016     0.000
12.022     0.000
12.028     0.000
12.034     0.000
12.040     0.000
12.045     0.000
12.051     0.000
12.057     0.000
12.063     0.000
12.069     0.000
12.074     0.000
12.080     0.000
12.086     0.000
12.092     0.000
12.098     0.000
12.103     0.000
12.109     0.000
12.115     0.000
12.121     0.000
12.127     0.000
12.132     0.000
12.138     0.000
12.144     0.000
12.150     0.000
12.156     0.000
12.161     0.000
12.167     0.000
12.173     0.000
12.179     0.000
12.185     0.000
12.190     0.000
12.196     0.000
12.202     0.000
12.208     0.000
12.214     0.000
12.220     0.000
12.225     0.000
12.231     0.000
12.237     0.000
12.243     0.000
12.249     0.000
12.254     0.000
12.260     0.000
12.266     0.000
12.272     0.000
12.278     0.000
12.283     0.000
12.289     0.000
12.295     0.000
12.301     0.000
12.307     0.000
12.312     0.000
12.318     0.000
12.324     0.000
12.330     0.000
12.336     0.000
12.341     0.000
12.347     0.000
12.353     0.000
12.359     0.000
12.365     0.000
12.370     0.000
12.376     0.000
12.382     0.000
12.388     0.000
12.394     0.000
12.399     0.000
12.405     0.000
12.411     0.000
12.417     0.000
12.423     0.000
12.428     0.000
12.434     0.000
12.440     0.000
12.446     0.000
12.452     0.000
12.458     0.000
12.463     0.000
12.469     0.000
12.475     0.000
12.481     0.000
12.487     0.000
12.492     0.000
12.498     0.000
12.504     0.000
12.510     367.868
12.516     367.868
12.521     367.868
12.527     367.868
12.533     367.868
12.539     367.868
12.545     367.868
12.550     369.999
12.556     369.999
12.562     369.999
12.568     369.999
12.574     369.999
12.579     369.999
12.585     369.999
12.591     369.999
12.597     369.999
12.603     367.868
12.608     367.868
12.614     367.868
12.620     367.868
12.626     367.868
12.632     367.868
12.637     367.868
12.643     367.868
12.649     367.868
12.655     367.868
12.661     367.868
12.666     367.868
12.672     367.868
12.678     367.868
12.684     367.868
12.690     367.868
12.696     367.868
12.701     367.868
12.707     367.868
12.713     367.868
12.719     367.868
12.725     367.868
12.730     367.868
12.736     367.868
12.742     367.868
12.748     367.868
12.754     367.868
12.759     369.999
12.765     369.999
12.771     369.999
12.777     369.999
12.783     369.999
12.788     369.999
12.794     369.999
12.800     369.999
12.806     369.999
12.812     369.999
12.817     369.999
12.823     369.999
12.829     369.999
12.835     369.999
12.841     369.999
12.846     369.999
12.852     369.999
12.858     367.868
12.864     367.868
12.870     367.868
12.875     367.868
12.881     369.999
12.887     369.999
12.893     369.999
12.899     369.999
12.904     369.999
12.910     369.999
12.916     369.999
12.922     0.000
12.928     0.000
12.934     0.000
12.939     0.000
12.945     0.000
12.951     0.000
12.957     0.000
12.963     0.000
12.968     0.000
12.974     0.000
12.980     0.000
12.986     0.000
12.992     0.000
12.997     0.000
13.003     0.000
13.009     0.000
13.015     0.000
13.021     0.000
13.026     0.000
13.032     0.000
13.038     0.000
13.044     367.868
13.050     367.868
13.055     367.868
13.061     367.868
13.067     367.868
13.073     369.999
13.079     369.999
13.084     369.999
13.090     369.999
13.096     369.999
13.102     369.999
13.108     369.999
13.113     367.868
13.119     369.999
13.125     367.868
13.131     367.868
13.137     367.868
13.142     367.868
13.148     367.868
13.154     367.868
13.160     367.868
13.166     367.868
13.172     367.868
13.177     367.868
13.183     367.868
13.189     367.868
13.195     367.868
13.201     367.868
13.206     367.868
13.212     367.868
13.218     367.868
13.224     367.868
13.230     367.868
13.235     367.868
13.241     367.868
13.247     367.868
13.253     367.868
13.259     367.868
13.264     367.868
13.270     367.868
13.276     369.999
13.282     369.999
13.288     369.999
13.293     369.999
13.299     369.999
13.305     369.999
13.311     369.999
13.317     369.999
13.322     369.999
13.328     369.999
13.334     369.999
13.340     369.999
13.346     369.999
13.351     369.999
13.357     369.999
13.363     369.999
13.369     369.999
13.375     369.999
13.380     367.868
13.386     369.999
13.392     367.868
13.398     369.999
13.404     369.999
13.410     369.999
13.415     369.999
13.421     369.999
13.427     369.999
13.433     369.999
13.439     369.999
13.444     369.999
13.450     0.000
13.456     0.000
13.462     0.000
13.468     0.000
13.473     0.000
13.479     0.000
13.485     0.000
13.491     0.000
13.497     0.000
13.502     0.000
13.508     0.000
13.514     146.833
13.520     147.684
13.526     147.684
13.531     445.118
13.537     440.005
13.543     437.471
13.549     437.471
13.555     437.471
13.560     437.471
13.566     440.005
13.572     442.554
13.578     442.554
13.584     442.554
13.589     442.554
13.595     440.005
13.601     437.471
13.607     437.471
13.613     440.005
13.619     440.005
13.624     440.005
13.630     440.005
13.636     440.005
13.642     437.471
13.648     437.471
13.653     437.471
13.659     437.471
13.665     437.471
13.671     437.471
13.677     437.471
13.682     437.471
13.688     437.471
13.694     440.005
13.700     440.005
13.706     440.005
13.711     440.005
13.717     440.005
13.723     440.005
13.729     437.471
13.735     440.005
13.740     440.005
13.746     440.005
13.752     440.005
13.758     440.005
13.764     440.005
13.769     440.005
13.775     440.005
13.781     440.005
13.787     440.005
13.793     440.005
13.798     440.005
13.804     440.005
13.810     440.005
13.816     440.005
13.822     440.005
13.827     440.005
13.833     440.005
13.839     440.005
13.845     440.005
13.851     440.005
13.857     440.005
13.862     440.005
13.868     440.005
13.874     440.005
13.880     440.005
13.886     440.005
13.891     440.005
13.897     440.005
13.903     440.005
13.909     440.005
13.915     440.005
13.920     440.005
13.926     437.471
13.932     437.471
13.938     437.471
13.944     0.000
13.949     0.000
13.955     0.000
13.961     0.000
13.967     0.000
13.973     0.000
13.978     0.000
13.984     0.000
13.990     0.000
13.996     0.000
14.002     0.000
14.007     0.000
14.013     0.000
14.019     0.000
14.025     0.000
14.031     0.000
14.036     0.000
14.042     0.000
14.048     0.000
14.054     0.000
14.060     392.000
14.065     389.742
14.071     387.497
14.077     385.266
14.083     387.497
14.089     387.497
14.095     387.497
14.100     389.742
14.106     389.742
14.112     389.742
14.118     389.742
14.124     389.742
14.129     389.742
14.135     389.742
14.141     392.000
14.147     392.000
14.153     389.742
14.158     389.742
14.164     389.742
14.170     389.742
14.176     389.742
14.182     389.742
14.187     389.742
14.193     392.000
14.199     389.742
14.205     389.742
14.211     389.742
14.216     389.742
14.222     389.742
14.228     389.742
14.234     389.742
14.240     389.742
14.245     389.742
14.251     389.742
14.257     389.742
14.263     389.742
14.269     389.742
14.274     389.742
14.280     389.742
14.286     389.742
14.292     389.742
14.298     389.742
14.303     389.742
14.309     389.742
14.315     389.742
14.321     389.742
14.327     389.742
14.333     389.742
14.338     392.000
14.344     392.000
14.350     392.000
14.356     392.000
14.362     389.742
14.367     389.742
14.373     392.000
14.379     389.742
14.385     392.000
14.391     392.000
14.396     392.000
14.402     392.000
14.408     389.742
14.414     389.742
14.420     392.000
14.425     389.742
14.431     389.742
14.437     392.000
14.443     389.742
14.449     392.000
14.454     392.000
14.460     389.742
14.466     392.000
14.472     389.742
14.478     389.742
14.483     392.000
14.489     392.000
14.495     392.000
14.501     392.000
14.507     392.000
14.512     392.000
14.518     392.000
14.524     392.000
14.530     392.000
14.536     392.000
14.541     392.000
14.547     392.000
14.553     392.000
14.559     392.000
14.565     392.000
14.571     392.000
14.576     392.000
14.582     392.000
14.588     392.000
14.594     392.000
14.600     392.000
14.605     392.000
14.611     392.000
14.617     392.000
14.623     392.000
14.629     392.000
14.634     392.000
14.640     392.000
14.646     392.000
14.652     392.000
14.658     392.000
14.663     392.000
14.669     392.000
14.675     392.000
14.681     392.000
14.687     392.000
14.692     392.000
14.698     392.000
14.704     392.000
14.710     392.000
14.716     392.000
14.721     392.000
14.727     392.000
14.733     392.000
14.739     392.000
14.745     392.000
14.750     392.000
14.756     392.000
14.762     392.000
14.768     392.000
14.774     392.000
14.780     392.000
14.785     392.000
14.791     392.000
14.797     392.000
14.803     392.000
14.809     392.000
14.814     392.000
14.820     392.000
14.826     392.000
14.832     392.000
14.838     392.000
14.843     392.000
14.849     392.000
14.855     392.000
14.861     392.000
14.867     392.000
14.872     392.000
14.878     0.000
14.884     0.000
14.890     0.000
14.896     0.000
14.901     0.000
14.907     0.000
14.913     0.000
14.919     0.000
14.925     0.000
14.930     0.000
14.936     0.000
14.942     0.000
14.948     0.000
14.954     0.000
14.959     0.000
14.965     0.000
14.971     0.000
14.977     0.000
14.983     0.000
14.988     0.000
14.994     0.000
15.000     0.000
15.006     0.000
15.012     0.000
15.018     0.000
15.023     0.000
15.029     0.000
15.035     0.000
15.041     0.000
15.047     0.000
15.052     0.000
15.058     0.000
15.064     0.000
15.070     0.000
15.076     0.000
15.081     0.000
15.087     0.000
15.093     0.000
15.099     325.845
15.105     327.732
15.110     329.631
15.116     329.631
15.122     329.631
15.128     327.732
15.134     327.732
15.139     327.732
15.145     327.732
15.151     329.631
15.157     329.631
15.163     329.631
15.168     329.631
15.174     329.631
15.180     329.631
15.186     329.631
15.192     329.631
15.197     329.631
15.203     327.732
15.209     327.732
15.215     327.732
15.221     327.732
15.226     327.732
15.232     327.732
15.238     327.732
15.244     327.732
15.250     327.732
15.256     327.732
15.261     327.732
15.267     327.732
15.273     327.732
15.279     327.732
15.285     327.732
15.290     327.732
15.296     327.732
15.302     327.732
15.308     327.732
15.314     327.732
15.319     327.732
15.325     327.732
15.331     327.732
15.337     327.732
15.343     327.732
15.348     327.732
15.354     327.732
15.360     327.732
15.366     327.732
15.372     327.732
15.377     327.732
15.383     327.732
15.389     327.732
15.395     327.732
15.401     327.732
15.406     327.732
15.412     327.732
15.418     327.732
15.424     327.732
15.430     329.631
15.435     329.631
15.441     329.631
15.447     329.631
15.453     329.631
15.459     329.631
15.464     329.631
15.470     329.631
15.476     329.631
15.482     329.631
15.488     329.631
15.494     327.732
15.499     327.732
15.505     327.732
15.511     329.631
15.517     0.000
15.523     0.000
15.528     0.000
15.534     0.000
15.540     0.000
15.546     0.000
15.552     0.000
15.557     0.000
15.563     0.000
15.569     0.000
15.575     0.000
15.581     0.000
15.586     0.000
15.592     0.000
15.598     0.000
15.604     0.000
15.610     394.271
15.615     394.271
15.621     389.742
15.627     389.742
15.633     389.742
15.639     389.742
15.644     392.000
15.650     392.000
15.656     392.000
15.662     394.271
15.668     394.271
15.673     392.000
15.679     392.000
15.685     389.742
15.691     389.742
15.697     389.742
15.702     392.000
15.708     392.000
15.714     392.000
15.720     392.000
15.726     392.000
15.732     389.742
15.737     389.742
15.743     389.742
15.749     389.742
15.755     389.742
15.761     389.742
15.766     389.742
15.772     392.000
15.778     389.742
15.784     389.742
15.790     392.000
15.795     389.742
15.801     389.742
15.807     392.000
15.813     389.742
15.819     389.742
15.824     389.742
15.830     389.742
15.836     392.000
15.842     392.000
15.848     389.742
15.853     392.000
15.859     389.742
15.865     392.000
15.871     392.000
15.877     389.742
15.882     392.000
15.888     392.000
15.894     389.742
15.900     392.000
15.906     392.000
15.911     392.000
15.917     392.000
15.923     392.000
15.929     392.000
15.935     392.000
15.940     392.000
15.946     392.000
15.952     392.000
15.958     392.000
15.964     392.000
15.970     392.000
15.975     392.000
15.981     392.000
15.987     392.000
15.993     392.000
15.999     392.000
16.004     392.000
16.010     392.000
16.016     392.000
16.022     0.000
16.028     0.000
16.033     0.000
16.039     0.000
16.045     0.000
16.051     0.000
16.057     0.000
16.062     0.000
16.068     0.000
16.074     0.000
16.080     0.000
16.086     0.000
16.091     0.000
16.097     0.000
16.103     0.000
16.109     0.000
16.115     0.000
16.120     0.000
16.126     392.000
16.132     389.742
16.138     385.266
16.144     385.266
16.149     387.497
16.155     389.742
16.161     389.742
16.167     387.497
16.173     387.497
16.179     389.742
16.184     392.000
16.190     392.000
16.196     389.742
16.202     387.497
16.208     387.497
16.213     389.742
16.219     394.271
16.225     394.271
16.231     394.271
16.237     389.742
16.242     387.497
16.248     387.497
16.254     389.742
16.260     394.271
16.266     396.555
16.271     396.555
16.277     389.742
16.283     387.497
16.289     387.497
16.295     389.742
16.300     394.271
16.306     396.555
16.312     394.271
16.318     389.742
16.324     385.266
16.329     387.497
16.335     392.000
16.341     394.271
16.347     394.271
16.353     392.000
16.358     387.497
16.364     387.497
16.370     387.497
16.376     392.000
16.382     394.271
16.387     394.271
16.393     394.271
16.399     389.742
16.405     387.497
16.411     387.497
16.417     392.000
16.422     396.555
16.428     396.555
16.434     394.271
16.440     389.742
16.446     385.266
16.451     385.266
16.457     392.000
16.463     398.852
16.469     398.852
16.475     396.555
16.480     389.742
16.486     385.266
16.492     387.497
16.498     392.000
16.504     396.555
16.509     398.852
16.515     396.555
16.521     138.592
16.527     139.395
16.533     139.395
16.538     137.794
16.544     137.794
16.550     137.794
16.556     138.592
16.562     138.592
16.567     138.592
16.573     138.592
16.579     138.592
16.585     138.592
16.591     138.592
16.596     137.794
16.602     137.794
16.608     137.794
16.614     137.794
16.620     137.794
16.625     137.000
16.631     137.000
16.637     491.045
16.643     491.045
16.649     491.045
16.655     491.045
16.660     493.890
16.666     493.890
16.672     493.890
16.678     496.751
16.684     496.751
16.689     493.890
16.695     493.890
16.701     491.045
16.707     493.890
16.713     493.890
16.718     493.890
16.724     493.890
16.730     493.890
16.736     491.045
16.742     491.045
16.747     491.045
16.753     491.045
16.759     491.045
16.765     491.045
16.771     491.045
16.776     491.045
16.782     491.045
16.788     491.045
16.794     491.045
16.800     491.045
16.805     491.045
16.811     491.045
16.817     491.045
16.823     493.890
16.829     493.890
16.834     493.890
16.840     493.890
16.846     493.890
16.852     493.890
16.858     493.890
16.863     493.890
16.869     493.890
16.875     493.890
16.881     493.890
16.887     493.890
16.893     493.890
16.898     493.890
16.904     493.890
16.910     493.890
16.916     493.890
16.922     493.890
16.927     493.890
16.933     493.890
16.939     493.890
16.945     493.890
16.951     493.890
16.956     493.890
16.962     493.890
16.968     493.890
16.974     493.890
16.980     493.890
16.985     493.890
16.991     493.890
16.997     493.890
17.003     493.890
17.009     493.890
17.014     493.890
17.020     493.890
17.026     493.890
17.032     493.890
17.038     493.890
17.043     493.890
17.049     493.890
17.055     493.890
17.061     0.000
17.067     0.000
17.072     0.000
17.078     0.000
17.084     0.000
17.090     0.000
17.096     0.000
17.101     0.000
17.107     0.000
17.113     0.000
17.119     0.000
17.125     0.000
17.131     0.000
17.136     0.000
17.142     0.000
17.148     442.554
17.154     440.005
17.160     440.005
17.165     440.005
17.171     437.471
17.177     437.471
17.183     437.471
17.189     437.471
17.194     440.005
17.200     440.005
17.206     440.005
17.212     437.471
17.218     437.471
17.223     437.471
17.229     437.471
17.235     440.005
17.241     442.554
17.247     440.005
17.252     440.005
17.258     440.005
17.264     437.471
17.270     437.471
17.276     437.471
17.281     437.471
17.287     437.471
17.293     437.471
17.299     437.471
17.305     437.471
17.310     437.471
17.316     440.005
17.322     440.005
17.328     440.005
17.334     440.005
17.340     440.005
17.345     440.005
17.351     440.005
17.357     440.005
17.363     440.005
17.369     440.005
17.374     440.005
17.380     440.005
17.386     440.005
17.392     440.005
17.398     440.005
17.403     440.005
17.409     440.005
17.415     440.005
17.421     440.005
17.427     440.005
17.432     440.005
17.438     440.005
17.444     440.005
17.450     440.005
17.456     440.005
17.461     440.005
17.467     440.005
17.473     440.005
17.479     440.005
17.485     440.005
17.490     440.005
17.496     440.005
17.502     440.005
17.508     440.005
17.514     440.005
17.519     440.005
17.525     440.005
17.531     440.005
17.537     440.005
17.543     440.005
17.548     440.005
17.554     440.005
17.560     440.005
17.566     440.005
17.572     440.005
17.578     440.005
17.583     440.005
17.589     440.005
17.595     440.005
17.601     440.005
17.607     440.005
17.612     440.005
17.618     440.005
17.624     440.005
17.630     440.005
17.636     440.005
17.641     440.005
17.647     440.005
17.653     440.005
17.659     440.005
17.665     440.005
17.670     440.005
17.676     440.005
17.682     440.005
17.688     440.005
17.694     440.005
17.699     440.005
17.705     440.005
17.711     440.005
17.717     440.005
17.723     440.005
17.728     440.005
17.734     440.005
17.740     440.005
17.746     440.005
17.752     440.005
17.757     440.005
17.763     440.005
17.769     440.005
17.775     440.005
17.781     440.005
17.786     440.005
17.792     440.005
17.798     440.005
17.804     440.005
17.810     440.005
17.816     440.005
17.821     440.005
17.827     440.005
17.833     440.005
17.839     440.005
17.845     440.005
17.850     440.005
17.856     440.005
17.862     440.005
17.868     440.005
17.874     440.005
17.879     440.005
17.885     440.005
17.891     440.005
17.897     440.005
17.903     440.005
17.908     440.005
17.914     440.005
17.920     440.005
17.926     440.005
17.932     440.005
17.937     440.005
17.943     440.005
17.949     440.005
17.955     440.005
17.961     440.005
17.966     440.005
17.972     440.005
17.978     440.005
17.984     146.833
17.990     0.000
17.995     0.000
18.001     0.000
18.007     0.000
18.013     0.000
18.019     0.000
18.024     0.000
18.030     0.000
18.036     0.000
18.042     0.000
18.048     0.000
18.054     0.000
18.059     0.000
18.065     0.000
18.071     0.000
18.077     0.000
18.083     0.000
18.088     0.000
18.094     0.000
18.100     0.000
18.106     0.000
18.112     0.000
18.117     0.000
18.123     0.000
18.129     0.000
18.135     0.000
18.141     0.000
18.146     0.000
18.152     0.000
18.158     0.000
18.164     0.000
18.170     0.000
18.175     0.000
18.181     0.000
18.187     0.000
18.193     0.000
18.199     0.000
18.204     0.000
18.210     367.868
18.216     367.868
18.222     367.868
18.228     367.868
18.233     367.868
18.239     369.999
18.245     369.999
18.251     369.999
18.257     369.999
18.262     369.999
18.268     369.999
18.274     369.999
18.280     369.999
18.286     367.868
18.292     367.868
18.297     367.868
18.303     367.868
18.309     367.868
18.315     367.868
18.321     367.868
18.326     367.868
18.332     367.868
18.338     367.868
18.344     367.868
18.350     367.868
18.355     367.868
18.361     367.868
18.367     367.868
18.373     367.868
18.379     367.868
18.384     367.868
18.390     367.868
18.396     367.868
18.402     367.868
18.408     367.868
18.413     367.868
18.419     367.868
18.425     367.868
18.431     367.868
18.437     369.999
18.442     369.999
18.448     369.999
18.454     369.999
18.460     369.999
18.466     369.999
18.471     369.999
18.477     369.999
18.483     369.999
18.489     369.999
18.495     369.999
18.500     369.999
18.506     369.999
18.512     369.999
18.518     369.999
18.524     369.999
18.530     369.999
18.535     369.999
18.541     367.868
18.547     367.868
18.553     367.868
18.559     367.868
18.564     369.999
18.570     369.999
18.576     369.999
18.582     369.999
18.588     369.999
18.593     369.999
18.599     369.999
18.605     369.999
18.611     369.999
18.617     369.999
18.622     0.000
18.628     0.000
18.634     0.000
18.640     0.000
18.646     0.000
18.651     0.000
18.657     0.000
18.663     0.000
18.669     0.000
18.675     0.000
18.680     0.000
18.686     0.000
18.692     0.000
18.698     0.000
18.704     0.000
18.709     0.000
18.715     0.000
18.721     0.000
18.727     0.000
18.733     367.868
18.739     367.868
18.744     367.868
18.750     367.868
18.756     367.868
18.762     369.999
18.768     369.999
18.773     369.999
18.779     369.999
18.785     369.999
18.791     369.999
18.797     369.999
18.802     369.999
18.808     369.999
18.814     367.868
18.820     367.868
18.826     367.868
18.831     367.868
18.837     367.868
18.843     367.868
18.849     367.868
18.855     367.868
18.860     367.868
18.866     367.868
18.872     367.868
18.878     367.868
18.884     367.868
18.889     367.868
18.895     367.868
18.901     367.868
18.907     367.868
18.913     367.868
18.918     367.868
18.924     367.868
18.930     367.868
18.936     367.868
18.942     367.868
18.947     367.868
18.953     367.868
18.959     369.999
18.965     369.999
18.971     369.999
18.977     369.999
18.982     369.999
18.988     369.999
18.994     369.999
19.000     369.999
19.006     369.999
19.011     369.999
19.017     369.999
19.023     369.999
19.029     369.999
19.035     369.999
19.040     369.999
19.046     369.999
19.052     369.999
19.058     369.999
19.064     369.999
19.069     367.868
19.075     367.868
19.081     367.868
19.087     369.999
19.093     369.999
19.098     369.999
19.104     369.999
19.110     369.999
19.116     369.999
19.122     0.000
19.127     0.000
19.133     0.000
19.139     0.000
19.145     0.000
19.151     0.000
19.156     0.000
19.162     0.000
19.168     0.000
19.174     0.000
19.180     0.000
19.185     0.000
19.191     0.000
19.197     0.000
19.203     0.000
19.209     0.000
19.215     0.000
19.220     0.000
19.226     0.000
19.232     0.000
19.238     0.000
19.244     367.868
19.249     367.868
19.255     367.868
19.261     367.868
19.267     367.868
19.273     367.868
19.278     367.868
19.284     369.999
19.290     369.999
19.296     369.999
19.302     369.999
19.307     369.999
19.313     369.999
19.319     369.999
19.325     369.999
19.331     367.868
19.336     367.868
19.342     367.868
19.348     367.868
19.354     367.868
19.360     367.868
19.365     367.868
19.371     367.868
19.377     367.868
19.383     367.868
19.389     367.868
19.394     367.868
19.400     367.868
19.406     367.868
19.412     367.868
19.418     367.868
19.423     367.868
19.429     367.868
19.435     367.868
19.441     367.868
19.447     367.868
19.453     367.868
19.458     367.868
19.464     367.868
19.470     367.868
19.476     367.868
19.482     367.868
19.487     367.868
19.493     369.999
19.499     369.999
19.505     367.868
19.511     367.868
19.516     367.868
19.522     369.999
19.528     367.868
19.534     369.999
19.540     369.999
19.545     369.999
19.551     369.999
19.557     369.999
19.563     369.999
19.569     369.999
19.574     369.999
19.580     369.999
19.586     369.999
19.592     369.999
19.598     369.999
19.603     369.999
19.609     369.999
19.615     369.999
19.621     369.999
19.627     369.999
19.632     369.999
19.638     369.999
19.644     184.999
19.650     184.999
19.656     184.999
19.661     184.999
19.667     184.999
19.673     184.999
19.679     184.999
19.685     184.999
19.691     184.999
19.696     184.999
19.702     184.999
19.708     184.999
19.714     184.999
19.720     184.999
19.725     184.999
19.731     183.933
19.737     183.933
19.743     442.554
19.749     437.471
19.754     434.951
19.760     434.951
19.766     434.951
19.772     434.951
19.778     437.471
19.783     437.471
19.789     437.471
19.795     437.471
19.801     437.471
19.807     437.471
19.812     437.471
19.818     440.005
19.824     440.005
19.830     440.005
19.836     437.471
19.841     437.471
19.847     437.471
19.853     437.471
19.859     437.471
19.865     437.471
19.870     437.471
19.876     437.471
19.882     437.471
19.888     437.471
19.894     437.471
19.900     437.471
19.905     437.471
19.911     437.471
19.917     437.471
19.923     437.471
19.929     437.471
19.934     437.471
19.940     437.471
19.946     437.471
19.952     437.471
19.958     437.471
19.963     437.471
19.969     437.471
19.975     437.471
19.981     437.471
19.987     437.471
19.992     440.005
19.998     437.471
20.004     440.005
20.010     440.005
20.016     437.471
20.021     437.471
20.027     437.471
20.033     437.471
20.039     437.471
20.045     440.005
20.050     440.005
20.056     440.005
20.062     440.005
20.068     440.005
20.074     440.005
20.079     440.005
20.085     440.005
20.091     440.005
20.097     437.471
20.103     437.471
20.108     437.471
20.114     437.471
20.120     440.005
20.126     437.471
20.132     437.471
20.138     440.005
20.143     437.471
20.149     0.000
20.155     0.000
20.161     0.000
20.167     0.000
20.172     0.000
20.178     0.000
20.184     0.000
20.190     0.000
20.196     0.000
20.201     0.000
20.207     0.000
20.213     0.000
20.219     0.000
20.225     0.000
20.230     0.000
20.236     0.000
20.242     0.000
20.248     0.000
20.254     394.271
20.259     394.271
20.265     392.000
20.271     389.742
20.277     387.497
20.283     389.742
20.288     389.742
20.294     392.000
20.300     392.000
20.306     394.271
20.312     394.271
20.317     394.271
20.323     392.000
20.329     392.000
20.335     389.742
20.341     389.742
20.346     392.000
20.352     392.000
20.358     392.000
20.364     392.000
20.370     392.000
20.376     392.000
20.381     389.742
20.387     389.742
20.393     389.742
20.399     389.742
20.405     389.742
20.410     389.742
20.416     392.000
20.422     392.000
20.428     389.742
20.434     389.742
20.439     389.742
20.445     389.742
20.451     392.000
20.457     392.000
20.463     389.742
20.468     389.742
20.474     389.742
20.480     389.742
20.486     392.000
20.492     389.742
20.497     392.000
20.503     392.000
20.509     389.742
20.515     392.000
20.521     392.000
20.526     389.742
20.532     392.000
20.538     392.000
20.544     392.000
20.550     392.000
20.555     392.000
20.561     392.000
20.567     392.000
20.573     392.000
20.579     392.000
20.584     392.000
20.590     389.742
20.596     392.000
20.602     392.000
20.608     392.000
20.614     392.000
20.619     392.000
20.625     392.000
20.631     392.000
20.637     392.000
20.643     392.000
20.648     392.000
20.654     392.000
20.660     392.000
20.666     392.000
20.672     392.000
20.677     392.000
20.683     392.000
20.689     392.000
20.695     392.000
20.701     392.000
20.706     392.000
20.712     392.000
20.718     392.000
20.724     392.000
20.730     392.000
20.735     392.000
20.741     392.000
20.747     392.000
20.753     392.000
20.759     392.000
20.764     392.000
20.770     392.000
20.776     392.000
20.782     392.000
20.788     392.000
20.793     392.000
20.799     392.000
20.805     392.000
20.811     392.000
20.817     392.000
20.822     392.000
20.828     392.000
20.834     392.000
20.840     392.000
20.846     392.000
20.852     392.000
20.857     392.000
20.863     392.000
20.869     392.000
20.875     392.000
20.881     392.000
20.886     392.000
20.892     392.000
20.898     392.000
20.904     392.000
20.910     392.000
20.915     392.000
20.921     392.000
20.927     392.000
20.933     392.000
20.939     392.000
20.944     392.000
20.950     392.000
20.956     392.000
20.962     392.000
20.968     392.000
20.973     392.000
20.979     392.000
20.985     392.000
20.991     392.000
20.997     392.000
21.002     392.000
21.008     392.000
21.014     392.000
21.020     392.000
21.026     392.000
21.031     392.000
21.037     392.000
21.043     392.000
21.049     392.000
21.055     392.000
21.060     392.000
21.066     392.000
21.072     392.000
21.078     392.000
21.084     392.000
21.090     0.000
21.095     0.000
21.101     0.000
21.107     0.000
21.113     0.000
21.119     0.000
21.124     0.000
21.130     0.000
21.136     0.000
21.142     0.000
21.148     0.000
21.153     0.000
21.159     0.000
21.165     0.000
21.171     0.000
21.177     0.000
21.182     0.000
21.188     0.000
21.194     0.000
21.200     0.000
21.206     0.000
21.211     0.000
21.217     0.000
21.223     0.000
21.229     0.000
21.235     0.000
21.240     0.000
21.246     0.000
21.252     0.000
21.258     0.000
21.264     0.000
21.269     0.000
21.275     0.000
21.281     0.000
21.287     0.000
21.293     0.000
21.299     0.000
21.304     0.000
21.310     0.000
21.316     0.000
21.322     329.631
21.328     329.631
21.333     329.631
21.339     327.732
21.345     327.732
21.351     327.732
21.357     327.732
21.362     329.631
21.368     329.631
21.374     329.631
21.380     329.631
21.386     329.631
21.391     329.631
21.397     329.631
21.403     327.732
21.409     327.732
21.415     327.732
21.420     327.732
21.426     327.732
21.432     327.732
21.438     327.732
21.444     327.732
21.449     327.732
21.455     327.732
21.461     327.732
21.467     327.732
21.473     327.732
21.478     327.732
21.484     327.732
21.490     327.732
21.496     327.732
21.502     327.732
21.507     327.732
21.513     327.732
21.519     327.732
21.525     327.732
21.531     327.732
21.537     327.732
21.542     327.732
21.548     327.732
21.554     327.732
21.560     327.732
21.566     327.732
21.571     327.732
21.577     327.732
21.583     327.732
21.589     327.732
21.595     327.732
21.600     327.732
21.606     327.732
21.612     327.732
21.618     327.732
21.624     327.732
21.629     327.732
21.635     327.732
21.641     329.631
21.647     329.631
21.653     329.631
21.658     329.631
21.664     329.631
21.670     329.631
21.676     329.631
21.682     329.631
21.687     329.631
21.693     329.631
21.699     329.631
21.705     329.631
21.711     329.631
21.716     329.631
21.722     329.631
21.728     329.631
21.734     329.631
21.740     329.631
21.745     329.631
21.751     329.631
21.757     329.631
21.763     329.631
21.769     329.631
21.775     329.631
21.780     327.732
21.786     327.732
21.792     329.631
21.798     329.631
21.804     329.631
21.809     329.631
21.815     329.631
21.821     329.631
21.827     329.631
21.833     329.631
21.838     329.631
21.844     329.631
21.850     329.631
21.856     329.631
21.862     329.631
21.867     329.631
21.873     329.631
21.879     329.631
21.885     329.631
21.891     329.631
21.896     329.631
21.902     329.631
21.908     329.631
21.914     329.631
21.920     329.631
21.925     329.631
21.931     329.631
21.937     329.631
21.943     329.631
21.949     329.631
21.954     329.631
21.960     329.631
21.966     329.631
21.972     329.631
21.978     329.631
21.983     329.631
21.989     329.631
21.995     329.631
22.001     329.631
22.007     329.631
22.013     329.631
22.018     329.631
22.024     329.631
22.030     329.631
22.036     329.631
22.042     329.631
22.047     329.631
22.053     329.631
22.059     329.631
22.065     329.631
22.071     329.631
22.076     329.631
22.082     329.631
22.088     329.631
22.094     329.631
22.100     329.631
22.105     329.631
22.111     329.631
22.117     0.000
22.123     0.000
22.129     0.000
22.134     0.000
22.140     0.000
22.146     0.000
22.152     0.000
22.158     0.000
22.163     0.000
22.169     0.000
22.175     0.000
22.181     0.000
22.187     0.000
22.192     0.000
22.198     0.000
22.204     0.000
22.210     0.000
22.216     0.000
22.221     0.000
22.227     0.000
22.233     0.000
22.239     0.000
22.245     0.000
22.251     0.000
22.256     0.000
22.262     0.000
22.268     0.000
22.274     0.000
22.280     0.000
22.285     0.000
22.291     0.000
22.297     0.000
22.303     0.000
22.309     0.000
22.314     0.000
22.320     442.554
22.326     440.005
22.332     437.471
22.338     434.951
22.343     437.471
22.349     440.005
22.355     440.005
22.361     442.554
22.367     440.005
22.372     440.005
22.378     440.005
22.384     440.005
22.390     437.471
22.396     437.471
22.401     440.005
22.407     440.005
22.413     440.005
22.419     440.005
22.425     440.005
22.430     440.005
22.436     437.471
22.442     437.471
22.448     437.471
22.454     437.471
22.460     437.471
22.465     437.471
22.471     437.471
22.477     437.471
22.483     440.005
22.489     440.005
22.494     440.005
22.500     440.005
22.506     440.005
22.512     440.005
22.518     440.005
22.523     440.005
22.529     440.005
22.535     440.005
22.541     440.005
22.547     440.005
22.552     440.005
22.558     440.005
22.564     440.005
22.570     440.005
22.576     440.005
22.581     440.005
22.587     440.005
22.593     440.005
22.599     440.005
22.605     440.005
22.610     440.005
22.616     440.005
22.622     440.005
22.628     440.005
22.634     440.005
22.639     440.005
22.645     440.005
22.651     440.005
22.657     440.005
22.663     440.005
22.668     440.005
22.674     440.005
22.680     440.005
22.686     440.005
22.692     440.005
22.698     440.005
22.703     440.005
22.709     440.005
22.715     440.005
22.721     437.471
22.727     437.471
22.732     437.471
22.738     437.471
22.744     437.471
22.750     437.471
22.756     437.471
22.761     437.471
22.767     437.471
22.773     437.471
22.779     437.471
22.785     437.471
22.790     437.471
22.796     437.471
22.802     437.471
22.808     437.471
22.814     437.471
22.819     440.005
22.825     440.005
22.831     440.005
22.837     442.554
22.843     442.554
22.848     440.005
22.854     437.471
22.860     437.471
22.866     437.471
22.872     437.471
22.877     440.005
22.883     440.005
22.889     440.005
22.895     442.554
22.901     442.554
22.906     440.005
22.912     440.005
22.918     437.471
22.924     440.005
22.930     440.005
22.936     440.005
22.941     440.005
22.947     440.005
22.953     440.005
22.959     437.471
22.965     437.471
22.970     437.471
22.976     437.471
22.982     437.471
22.988     437.471
22.994     437.471
22.999     437.471
23.005     437.471
23.011     437.471
23.017     440.005
23.023     437.471
23.028     437.471
23.034     437.471
23.040     437.471
23.046     437.471
23.052     437.471
23.057     437.471
23.063     437.471
23.069     218.735
23.075     110.000
23.081     110.000
23.086     109.367
23.092     109.367
23.098     110.000
23.104     110.000
23.110     389.742
23.115     389.742
23.121     389.742
23.127     389.742
23.133     389.742
23.139     392.000
23.144     392.000
23.150     392.000
23.156     394.271
23.162     394.271
23.168     394.271
23.174     392.000
23.179     392.000
23.185     389.742
23.191     389.742
23.197     392.000
23.203     392.000
23.208     392.000
23.214     392.000
23.220     392.000
23.226     389.742
23.232     389.742
23.237     389.742
23.243     389.742
23.249     389.742
23.255     389.742
23.261     392.000
23.266     392.000
23.272     389.742
23.278     389.742
23.284     389.742
23.290     389.742
23.295     389.742
23.301     389.742
23.307     389.742
23.313     389.742
23.319     0.000
23.324     0.000
23.330     0.000
23.336     0.000
23.342     0.000
23.348     0.000
23.353     0.000
23.359     0.000
23.365     0.000
23.371     0.000
23.377     0.000
23.382     0.000
23.388     0.000
23.394     369.999
23.400     369.999
23.406     369.999
23.412     369.999
23.417     369.999
23.423     369.999
23.429     369.999
23.435     369.999
23.441     369.999
23.446     369.999
23.452     369.999
23.458     369.999
23.464     369.999
23.470     369.999
23.475     369.999
23.481     367.868
23.487     367.868
23.493     367.868
23.499     367.868
23.504     367.868
23.510     367.868
23.516     367.868
23.522     369.999
23.528     367.868
23.533     367.868
23.539     367.868
23.545     367.868
23.551     367.868
23.557     367.868
23.562     367.868
23.568     367.868
23.574     367.868
23.580     367.868
23.586     367.868
23.591     367.868
23.597     367.868
23.603     367.868
23.609     367.868
23.615     369.999
23.620     369.999
23.626     369.999
23.632     367.868
23.638     367.868
23.644     367.868
23.650     367.868
23.655     367.868
23.661     369.999
23.667     369.999
23.673     369.999
23.679     367.868
23.684     367.868
23.690     367.868
23.696     367.868
23.702     367.868
23.708     367.868
23.713     367.868
23.719     367.868
23.725     367.868
23.731     367.868
23.737     367.868
23.742     367.868
23.748     367.868
23.754     367.868
23.760     369.999
23.766     367.868
23.771     367.868
23.777     367.868
23.783     367.868
23.789     367.868
23.795     367.868
23.800     369.999
23.806     369.999
23.812     369.999
23.818     367.868
23.824     367.868
23.829     367.868
23.835     367.868
23.841     369.999
23.847     369.999
23.853     369.999
23.859     369.999
23.864     369.999
23.870     369.999
23.876     369.999
23.882     369.999
23.888     369.999
23.893     369.999
23.899     369.999
23.905     369.999
23.911     369.999
23.917     369.999
23.922     369.999
23.928     369.999
23.934     369.999
23.940     369.999
23.946     369.999
23.951     369.999
23.957     369.999
23.963     369.999
23.969     369.999
23.975     369.999
23.980     369.999
23.986     369.999
23.992     369.999
23.998     369.999
24.004     369.999
24.009     369.999
24.015     369.999
24.021     369.999
24.027     369.999
24.033     369.999
24.038     369.999
24.044     369.999
24.050     369.999
24.056     369.999
24.062     369.999
24.067     369.999
24.073     369.999
24.079     369.999
24.085     369.999
24.091     367.868
24.097     367.868
24.102     367.868
24.108     367.868
24.114     367.868
24.120     369.999
24.126     369.999
24.131     369.999
24.137     369.999
24.143     369.999
24.149     369.999
24.155     369.999
24.160     369.999
24.166     369.999
24.172     369.999
24.178     369.999
24.184     369.999
24.189     369.999
24.195     369.999
24.201     369.999
24.207     369.999
24.213     369.999
24.218     369.999
24.224     369.999
24.230     369.999
24.236     369.999
24.242     369.999
24.247     369.999
24.253     369.999
24.259     369.999
24.265     369.999
24.271     369.999
24.276     372.142
24.282     372.142
24.288     369.999
24.294     369.999
24.300     369.999
24.305     369.999
24.311     369.999
24.317     369.999
24.323     369.999
24.329     367.868
24.335     367.868
24.340     367.868
24.346     367.868
24.352     367.868
24.358     367.868
24.364     367.868
24.369     367.868
24.375     367.868
24.381     367.868
24.387     367.868
24.393     367.868
24.398     369.999
24.404     369.999
24.410     369.999
24.416     369.999
24.422     369.999
24.427     369.999
24.433     369.999
24.439     369.999
24.445     369.999
24.451     369.999
24.456     369.999
24.462     369.999
24.468     369.999
24.474     369.999
24.480     369.999
24.485     367.868
24.491     367.868
24.497     367.868
24.503     367.868
24.509     367.868
24.514     367.868
24.520     369.999
24.526     369.999
24.532     369.999
24.538     369.999
24.543     369.999
24.549     369.999
24.555     369.999
24.561     369.999
24.567     369.999
24.573     369.999
24.578     369.999
24.584     369.999
24.590     369.999
24.596     369.999
24.602     372.142
24.607     372.142
24.613     0.000
24.619     0.000
24.625     0.000
24.631     0.000
24.636     0.000
24.642     0.000
24.648     0.000
24.654     0.000
24.660     0.000
24.665     0.000
24.671     0.000
24.677     0.000
24.683     0.000
24.689     0.000
24.694     0.000
24.700     0.000
24.706     0.000
24.712     0.000
24.718     0.000
24.723     0.000
24.729     0.000
24.735     0.000
24.741     0.000
24.747     0.000
24.752     0.000
24.758     0.000
24.764     0.000
24.770     0.000
24.776     0.000
24.781     0.000
24.787     0.000
24.793     0.000
24.799     0.000
24.805     0.000
24.811     0.000
24.816     0.000
24.822     0.000
24.828     0.000
24.834     0.000
24.840     0.000
24.845     0.000
24.851     0.000
24.857     0.000
24.863     0.000
24.869     0.000
24.874     0.000
24.880     0.000
24.886     0.000
24.892     0.000
24.898     0.000
24.903     0.000
24.909     0.000
24.915     0.000
24.921     0.000
24.927     0.000
24.932     0.000
24.938     0.000
24.944     0.000
24.950     0.000
24.956     0.000
24.961     0.000
24.967     0.000
24.973     0.000
24.979     0.000
24.985     0.000
24.990     0.000
24.996     0.000
25.002     0.000
25.008     0.000
25.014     0.000
25.020     0.000
25.025     0.000
25.031     0.000
25.037     0.000
25.043     0.000
25.049     0.000
25.054     0.000
25.060     0.000
25.066     0.000
25.072     0.000
25.078     0.000
25.083     0.000
25.089     0.000
25.095     0.000
25.101     0.000
25.107     0.000
25.112     0.000
25.118     0.000
25.124     0.000
25.130     0.000
25.136     0.000
25.141     0.000
25.147     0.000
25.153     0.000
25.159     0.000
25.165     0.000
25.170     0.000
25.176     0.000
25.182     0.000
25.188     0.000
25.194     0.000
25.199     0.000
25.205     0.000
25.211     0.000
25.217     0.000
25.223     0.000
25.228     0.000
25.234     0.000
25.240     0.000
25.246     0.000
25.252     0.000
25.258     0.000
25.263     0.000
25.269     0.000
25.275     0.000
25.281     0.000
25.287     0.000
25.292     0.000
25.298     0.000
25.304     0.000
25.310     0.000
25.316     0.000
25.321     0.000
25.327     0.000
25.333     0.000
25.339     0.000
25.345     0.000
25.350     0.000
25.356     0.000
25.362     0.000
25.368     0.000
25.374     0.000
25.379     0.000
25.385     0.000
25.391     0.000
25.397     0.000
25.403     0.000
