0.000     0.000
0.006     0.000
0.012     0.000
0.017     119.265
0.023     117.217
0.029     115.870
0.035     114.539
0.041     112.572
0.046     115.870
0.052     117.896
0.058     117.896
0.064     117.896
0.070     117.217
0.075     115.870
0.081     113.880
0.087     116.541
0.093     117.217
0.099     116.541
0.104     116.541
0.110     116.541
0.116     116.541
0.122     115.870
0.128     116.541
0.134     115.203
0.139     115.870
0.145     115.203
0.151     115.203
0.157     115.870
0.163     115.203
0.168     115.203
0.174     116.541
0.180     117.217
0.186     117.217
0.192     118.579
0.197     116.541
0.203     115.870
0.209     115.870
0.215     115.203
0.221     115.870
0.226     116.541
0.232     115.870
0.238     115.870
0.244     115.870
0.250     115.870
0.255     116.541
0.261     117.217
0.267     115.870
0.273     116.541
0.279     116.541
0.284     115.870
0.290     115.870
0.296     116.541
0.302     115.870
0.308     116.541
0.313     116.541
0.319     116.541
0.325     116.541
0.331     117.217
0.337     116.541
0.342     116.541
0.348     118.579
0.354     117.896
0.360     117.217
0.366     115.203
0.372     114.539
0.377     116.541
0.383     119.265
0.389     118.579
0.395     116.541
0.401     115.870
0.406     115.870
0.412     117.217
0.418     117.896
0.424     117.217
0.430     116.541
0.435     115.870
0.441     115.203
0.447     117.217
0.453     117.896
0.459     117.217
0.464     116.541
0.470     116.541
0.476     115.870
0.482     117.217
0.488     117.217
0.493     116.541
0.499     115.870
0.505     115.870
0.511     115.870
0.517     117.217
0.522     117.217
0.528     115.870
0.534     115.870
0.540     116.541
0.546     116.541
0.551     117.896
0.557     117.217
0.563     116.541
0.569     116.541
0.575     115.870
0.580     115.203
0.586     116.541
0.592     116.541
0.598     115.870
0.604     115.870
0.610     115.870
0.615     115.870
0.621     117.896
0.627     116.541
0.633     116.541
0.639     116.541
0.644     115.203
0.650     115.203
0.656     115.870
0.662     115.203
0.668     523.258
0.673     523.258
0.679     523.258
0.685     523.258
0.691     523.258
0.697     520.244
0.702     523.258
0.708     523.258
0.714     520.244
0.720     520.244
0.726     520.244
0.731     520.244
0.737     520.244
0.743     520.244
0.749     520.244
0.755     520.244
0.760     520.244
0.766     520.244
0.772     520.244
0.778     520.244
0.784     523.258
0.789     520.244
0.795     520.244
0.801     520.244
0.807     523.258
0.813     523.258
0.819     523.258
0.824     523.258
0.830     523.258
0.836     523.258
0.842     523.258
0.848     523.258
0.853     0.000
0.859     0.000
0.865     0.000
0.871     0.000
0.877     0.000
0.882     0.000
0.888     0.000
0.894     0.000
0.900     0.000
0.906     0.000
0.911     0.000
0.917     0.000
0.923     0.000
0.929     0.000
0.935     0.000
0.940     0.000
0.946     0.000
0.952     0.000
0.958     0.000
0.964     0.000
0.969     231.741
0.975     117.217
0.981     117.217
0.987     116.541
0.993     115.870
0.998     116.541
1.004     116.541
1.010     117.896
1.016     116.541
1.022     113.880
1.027     115.870
1.033     116.541
1.039     115.870
1.045     114.539
1.051     115.203
1.057     115.203
1.062     115.870
1.068     115.870
1.074     115.870
1.080     116.541
1.086     115.203
1.091     113.880
1.097     0.000
1.103     351.255
1.109     349.232
1.115     349.232
1.120     349.232
1.126     349.232
1.132     349.232
1.138     349.232
1.144     349.232
1.149     349.232
1.155     349.232
1.161     349.232
1.167     349.232
1.173     349.232
1.178     349.232
1.184     349.232
1.190     349.232
1.196     349.232
1.202     349.232
1.207     349.232
1.213     347.221
1.219     347.221
1.225     349.232
1.231     349.232
1.236     115.203
1.242     111.923
1.248     111.923
1.254     113.224
1.260     113.880
1.265     115.203
1.271     116.541
1.277     116.541
1.283     118.579
1.289     116.541
1.295     116.541
1.300     116.541
1.306     108.737
1.312     116.541
1.318     116.541
1.324     115.870
1.329     117.217
1.335     117.217
1.341     116.541
1.347     115.870
1.353     115.870
1.358     115.203
1.364     117.217
1.370     116.541
1.376     115.203
1.382     113.880
1.387     115.203
1.393     117.217
1.399     117.896
1.405     117.217
1.411     117.896
1.416     117.217
1.422     115.203
1.428     115.203
1.434     117.217
1.440     117.896
1.445     117.896
1.451     115.870
1.457     114.539
1.463     115.203
1.469     116.541
1.474     117.217
1.480     117.217
1.486     116.541
1.492     115.203
1.498     115.870
1.503     116.541
1.509     116.541
1.515     117.217
1.521     117.217
1.527     117.217
1.533     117.217
1.538     117.896
1.544     116.541
1.550     116.541
1.556     116.541
1.562     114.539
1.567     115.203
1.573     115.870
1.579     116.541
1.585     117.217
1.591     117.217
1.596     115.870
1.602     116.541
1.608     117.217
1.614     115.870
1.620     116.541
1.625     116.541
1.631     115.870
1.637     116.541
1.643     116.541
1.649     115.203
1.654     116.541
1.660     116.541
1.666     115.870
1.672     116.541
1.678     115.870
1.683     116.541
1.689     118.579
1.695     118.579
1.701     116.541
1.707     115.870
1.712     115.870
1.718     115.870
1.724     116.541
1.730     115.870
1.736     116.541
1.741     116.541
1.747     115.870
1.753     115.870
1.759     116.541
1.765     116.541
1.771     116.541
1.776     116.541
1.782     115.870
1.788     115.870
1.794     116.541
1.800     115.870
1.805     116.541
1.811     117.217
1.817     116.541
1.823     117.896
1.829     117.896
1.834     117.217
1.840     115.870
1.846     115.203
1.852     114.539
1.858     114.539
1.863     115.203
1.869     115.203
1.875     116.541
1.881     117.896
1.887     117.896
1.892     117.217
1.898     116.541
1.904     116.541
1.910     117.217
1.916     117.896
1.921     116.541
1.927     116.541
1.933     117.217
1.939     116.541
1.945     116.541
1.950     117.217
1.956     116.541
1.962     117.217
1.968     117.217
1.974     115.203
1.980     116.541
1.985     117.896
1.991     117.896
1.997     117.217
2.003     115.870
2.009     115.203
2.014     0.000
2.020     0.000
2.026     0.000
2.032     0.000
2.038     0.000
2.043     0.000
2.049     0.000
2.055     0.000
2.061     0.000
2.067     0.000
2.072     0.000
2.078     0.000
2.084     0.000
2.090     0.000
2.096     0.000
2.101     0.000
2.107     0.000
2.113     0.000
2.119     0.000
2.125     0.000
2.130     0.000
2.136     0.000
2.142     0.000
2.148     0.000
2.154     0.000
2.159     0.000
2.165     0.000
2.171     0.000
2.177     0.000
2.183     119.265
2.188     120.651
2.194     117.217
2.200     115.203
2.206     110.000
2.212     117.217
2.218     117.896
2.223     116.541
2.229     116.541
2.235     117.217
2.241     116.541
2.247     115.203
2.252     117.217
2.258     115.203
2.264     115.870
2.270     116.541
2.276     117.896
2.281     117.217
2.287     0.000
2.293     0.000
2.299     0.000
2.305     0.000
2.310     0.000
2.316     0.000
2.322     0.000
2.328     0.000
2.334     0.000
2.339     0.000
2.345     0.000
2.351     0.000
2.357     0.000
2.363     0.000
2.368     0.000
2.374     0.000
2.380     0.000
2.386     0.000
2.392     0.000
2.397     0.000
2.403     0.000
2.409     0.000
2.415     0.000
2.421     0.000
2.426     0.000
2.432     0.000
2.438     0.000
2.444     0.000
2.450     0.000
2.456     0.000
2.461     0.000
2.467     0.000
2.473     0.000
2.479     0.000
2.485     0.000
2.490     0.000
2.496     0.000
2.502     0.000
2.508     0.000
2.514     0.000
2.519     0.000
2.525     0.000
2.531     0.000
2.537     0.000
2.543     0.000
2.548     0.000
2.554     0.000
2.560     0.000
2.566     0.000
2.572     0.000
2.577     0.000
2.583     0.000
2.589     0.000
2.595     0.000
2.601     0.000
2.606     0.000
2.612     0.000
2.618     0.000
2.624     0.000
2.630     0.000
2.635     0.000
2.641     0.000
2.647     0.000
2.653     0.000
2.659     0.000
2.664     0.000
2.670     0.000
2.676     0.000
2.682     0.000
2.688     0.000
2.694     0.000
2.699     0.000
2.705     0.000
2.711     0.000
2.717     0.000
2.723     0.000
2.728     0.000
2.734     0.000
2.740     0.000
2.746     0.000
2.752     0.000
2.757     0.000
2.763     0.000
2.769     0.000
2.775     0.000
2.781     0.000
2.786     0.000
2.792     0.000
2.798     0.000
2.804     0.000
2.810     0.000
2.815     0.000
2.821     0.000
2.827     0.000
2.833     0.000
2.839     0.000
2.844     0.000
2.850     0.000
2.856     0.000
2.862     0.000
2.868     0.000
2.873     0.000
2.879     0.000
2.885     0.000
2.891     0.000
2.897     0.000
2.902     0.000
2.908     0.000
2.914     0.000
2.920     0.000
2.926     0.000
2.932     0.000
2.937     0.000
2.943     0.000
2.949     0.000
2.955     0.000
2.961     0.000
2.966     0.000
2.972     0.000
2.978     0.000
2.984     0.000
2.990     0.000
2.995     0.000
3.001     0.000
3.007     0.000
3.013     0.000
3.019     0.000
3.024     0.000
3.030     0.000
3.036     0.000
3.042     0.000
3.048     0.000
3.053     0.000
3.059     580.592
3.065     583.955
3.071     587.338
3.077     587.338
3.082     587.338
3.088     587.338
3.094     587.338
3.100     587.338
3.106     583.955
3.111     583.955
3.117     583.955
3.123     583.955
3.129     583.955
3.135     583.955
3.140     583.955
3.146     583.955
3.152     583.955
3.158     583.955
3.164     583.955
3.170     583.955
3.175     583.955
3.181     583.955
3.187     587.338
3.193     587.338
3.199     587.338
3.204     587.338
3.210     587.338
3.216     587.338
3.222     587.338
3.228     0.000
3.233     0.000
3.239     0.000
3.245     0.000
3.251     0.000
3.257     0.000
3.262     0.000
3.268     0.000
3.274     0.000
3.280     0.000
3.286     0.000
3.291     0.000
3.297     0.000
3.303     0.000
3.309     0.000
3.315     0.000
3.320     0.000
3.326     0.000
3.332     0.000
3.338     0.000
3.344     0.000
3.349     0.000
3.355     0.000
3.361     0.000
3.367     0.000
3.373     0.000
3.379     0.000
3.384     0.000
3.390     0.000
3.396     0.000
3.402     0.000
3.408     0.000
3.413     0.000
3.419     0.000
3.425     0.000
3.431     0.000
3.437     0.000
3.442     0.000
3.448     0.000
3.454     0.000
3.460     0.000
3.466     0.000
3.471     0.000
3.477     0.000
3.483     0.000
3.489     0.000
3.495     0.000
3.500     0.000
3.506     0.000
3.512     0.000
3.518     0.000
3.524     0.000
3.529     0.000
3.535     0.000
3.541     0.000
3.547     0.000
3.553     0.000
3.558     0.000
3.564     0.000
3.570     0.000
3.576     0.000
3.582     0.000
3.587     0.000
3.593     0.000
3.599     0.000
3.605     0.000
3.611     0.000
3.617     0.000
3.622     0.000
3.628     0.000
3.634     0.000
3.640     0.000
3.646     0.000
3.651     0.000
3.657     0.000
3.663     0.000
3.669     0.000
3.675     0.000
3.680     0.000
3.686     0.000
3.692     0.000
3.698     0.000
3.704     0.000
3.709     0.000
3.715     0.000
3.721     155.564
3.727     153.778
3.733     152.892
3.738     154.668
3.744     154.668
3.750     154.668
3.756     155.564
3.762     156.466
3.767     155.564
3.773     154.668
3.779     153.778
3.785     153.778
3.791     153.778
3.796     153.778
3.802     154.668
3.808     154.668
3.814     155.564
3.820     155.564
3.825     155.564
3.831     155.564
3.837     155.564
3.843     155.564
3.849     155.564
3.855     155.564
3.860     154.668
3.866     155.564
3.872     155.564
3.878     155.564
3.884     155.564
3.889     155.564
3.895     155.564
3.901     154.668
3.907     155.564
3.913     155.564
3.918     155.564
3.924     155.564
3.930     0.000
3.936     0.000
3.942     0.000
3.947     0.000
3.953     0.000
3.959     0.000
3.965     0.000
3.971     0.000
3.976     0.000
3.982     0.000
3.988     0.000
3.994     0.000
4.000     0.000
4.005     0.000
4.011     0.000
4.017     0.000
4.023     0.000
4.029     0.000
4.034     0.000
4.040     0.000
4.046     0.000
4.052     0.000
4.058     0.000
4.063     0.000
4.069     0.000
4.075     0.000
4.081     0.000
4.087     0.000
4.093     0.000
4.098     0.000
4.104     0.000
4.110     0.000
4.116     0.000
4.122     0.000
4.127     0.000
4.133     0.000
4.139     0.000
4.145     0.000
4.151     0.000
4.156     0.000
4.162     0.000
4.168     0.000
4.174     0.000
4.180     0.000
4.185     0.000
4.191     0.000
4.197     0.000
4.203     0.000
4.209     0.000
4.214     0.000
4.220     0.000
4.226     0.000
4.232     0.000
4.238     0.000
4.243     0.000
4.249     0.000
4.255     0.000
4.261     0.000
4.267     0.000
4.272     0.000
4.278     0.000
4.284     0.000
4.290     0.000
4.296     0.000
4.301     0.000
4.307     0.000
4.313     0.000
4.319     0.000
4.325     0.000
4.331     0.000
4.336     0.000
4.342     0.000
4.348     0.000
4.354     0.000
4.360     0.000
4.365     0.000
4.371     0.000
4.377     0.000
4.383     0.000
4.389     0.000
4.394     0.000
4.400     0.000
4.406     0.000
4.412     0.000
4.418     0.000
4.423     0.000
4.429     0.000
4.435     0.000
4.441     0.000
4.447     0.000
4.452     0.000
4.458     0.000
4.464     0.000
4.470     0.000
4.476     0.000
4.481     0.000
4.487     0.000
4.493     0.000
4.499     0.000
4.505     0.000
4.510     0.000
4.516     0.000
4.522     0.000
4.528     0.000
4.534     0.000
4.540     880.014
4.545     880.014
4.551     880.014
4.557     880.014
4.563     880.014
4.569     880.014
4.574     880.014
4.580     880.014
4.586     880.014
4.592     880.014
4.598     880.014
4.603     880.014
4.609     880.014
4.615     880.014
4.621     880.014
4.627     880.014
4.632     880.014
4.638     880.014
4.644     880.014
4.650     880.014
4.656     880.014
4.661     885.112
4.667     880.014
4.673     885.112
4.679     885.112
4.685     890.240
4.690     921.634
4.696     932.343
4.702     932.343
4.708     932.343
4.714     932.343
4.719     932.343
4.725     932.343
4.731     932.343
4.737     932.343
4.743     932.343
4.748     932.343
4.754     932.343
4.760     932.343
4.766     932.343
4.772     932.343
4.778     932.343
4.783     932.343
4.789     932.343
4.795     932.343
4.801     932.343
4.807     932.343
4.812     932.343
4.818     932.343
4.824     932.343
4.830     932.343
4.836     937.744
4.841     932.343
4.847     926.973
4.853     926.973
4.859     926.973
4.865     926.973
4.870     932.343
4.876     932.343
4.882     932.343
4.888     932.343
4.894     932.343
4.899     932.343
4.905     932.343
4.911     932.343
4.917     932.343
4.923     937.744
4.928     932.343
4.934     932.343
4.940     932.343
4.946     932.343
4.952     932.343
4.957     932.343
4.963     932.343
4.969     932.343
4.975     932.343
4.981     932.343
4.986     932.343
4.992     932.343
4.998     932.343
5.004     937.744
5.010     937.744
5.016     932.343
5.021     932.343
5.027     932.343
5.033     932.343
5.039     932.343
5.045     932.343
5.050     932.343
5.056     932.343
5.062     932.343
5.068     932.343
5.074     937.744
5.079     932.343
5.085     932.343
5.091     932.343
5.097     932.343
5.103     932.343
5.108     932.343
5.114     932.343
5.120     932.343
5.126     932.343
5.132     932.343
5.137     932.343
5.143     937.744
5.149     937.744
5.155     115.203
5.161     116.541
5.166     115.870
5.172     698.467
5.178     698.467
5.184     698.467
5.190     694.444
5.195     698.467
5.201     698.467
5.207     694.444
5.213     694.444
5.219     694.444
5.224     694.444
5.230     694.444
5.236     694.444
5.242     694.444
5.248     694.444
5.254     694.444
5.259     698.467
5.265     698.467
5.271     698.467
5.277     698.467
5.283     115.870
5.288     115.870
5.294     118.579
5.300     118.579
5.306     117.217
5.312     116.541
5.317     116.541
5.323     115.870
5.329     117.896
5.335     116.541
5.341     115.203
5.346     115.870
5.352     115.203
5.358     116.541
5.364     117.896
5.370     117.217
5.375     116.541
5.381     116.541
5.387     116.541
5.393     115.870
5.399     0.000
5.404     0.000
5.410     0.000
5.416     0.000
5.422     0.000
5.428     0.000
5.433     0.000
5.439     0.000
5.445     0.000
5.451     0.000
5.457     0.000
5.462     0.000
5.468     0.000
5.474     0.000
5.480     0.000
5.486     115.870
5.492     115.870
5.497     115.870
5.503     116.541
5.509     115.870
5.515     116.541
5.521     116.541
5.526     115.870
5.532     116.541
5.538     117.217
5.544     115.870
5.550     115.870
5.555     115.870
5.561     115.870
5.567     115.870
5.573     116.541
5.579     116.541
5.584     117.217
5.590     117.896
5.596     0.000
5.602     0.000
5.608     0.000
5.613     0.000
5.619     0.000
5.625     0.000
5.631     0.000
5.637     0.000
5.642     0.000
5.648     0.000
5.654     0.000
5.660     0.000
5.666     0.000
5.671     0.000
5.677     0.000
5.683     0.000
5.689     0.000
5.695     0.000
5.700     0.000
5.706     0.000
5.712     0.000
5.718     0.000
5.724     0.000
5.730     0.000
5.735     0.000
5.741     0.000
5.747     0.000
5.753     0.000
5.759     0.000
5.764     0.000
5.770     0.000
5.776     0.000
5.782     0.000
5.788     0.000
5.793     0.000
5.799     0.000
5.805     0.000
5.811     0.000
5.817     0.000
5.822     0.000
5.828     0.000
5.834     0.000
5.840     0.000
5.846     0.000
5.851     0.000
5.857     0.000
5.863     0.000
5.869     0.000
5.875     0.000
5.880     0.000
5.886     0.000
5.892     625.868
5.898     622.263
5.904     622.263
5.909     622.263
5.915     622.263
5.921     622.263
5.927     622.263
5.933     622.263
5.939     618.679
5.944     618.679
5.950     618.679
5.956     618.679
5.962     618.679
5.968     618.679
5.973     618.679
5.979     618.679
5.985     618.679
5.991     618.679
5.997     618.679
6.002     622.263
6.008     618.679
6.014     618.679
6.020     622.263
6.026     622.263
6.031     622.263
6.037     622.263
6.043     615.115
6.049     0.000
6.055     0.000
6.060     0.000
6.066     0.000
6.072     0.000
6.078     0.000
6.084     698.467
6.089     698.467
6.095     694.444
6.101     694.444
6.107     694.444
6.113     694.444
6.118     694.444
6.124     694.444
6.130     694.444
6.136     694.444
6.142     694.444
6.147     694.444
6.153     698.467
6.159     694.444
6.165     698.467
6.171     698.467
6.177     698.467
6.182     698.467
6.188     698.467
6.194     698.467
6.200     698.467
6.206     702.513
6.211     702.513
6.217     698.467
6.223     694.444
6.229     694.444
6.235     698.467
6.240     698.467
6.246     698.467
6.252     698.467
6.258     694.444
6.264     698.467
6.269     698.467
6.275     694.444
6.281     698.467
6.287     698.467
6.293     698.467
6.298     698.467
6.304     698.467
6.310     698.467
6.316     698.467
6.322     694.444
6.327     694.444
6.333     698.467
6.339     694.444
6.345     784.003
6.351     784.003
6.356     784.003
6.362     784.003
6.368     784.003
6.374     784.003
6.380     784.003
6.385     784.003
6.391     784.003
6.397     784.003
6.403     784.003
6.409     784.003
6.415     784.003
6.420     784.003
6.426     784.003
6.432     784.003
6.438     784.003
6.444     784.003
6.449     784.003
6.455     784.003
6.461     784.003
6.467     784.003
6.473     784.003
6.478     784.003
6.484     784.003
6.490     784.003
6.496     784.003
6.502     784.003
6.507     784.003
6.513     784.003
6.519     784.003
6.525     788.545
6.531     788.545
6.536     788.545
6.542     788.545
6.548     788.545
6.554     784.003
6.560     784.003
6.565     784.003
6.571     784.003
6.577     784.003
6.583     784.003
6.589     784.003
6.594     788.545
6.600     788.545
6.606     788.545
6.612     784.003
6.618     784.003
6.623     784.003
6.629     784.003
6.635     784.003
6.641     784.003
6.647     788.545
6.653     788.545
6.658     788.545
6.664     788.545
6.670     0.000
6.676     622.263
6.682     622.263
6.687     618.679
6.693     618.679
6.699     622.263
6.705     622.263
6.711     618.679
6.716     618.679
6.722     618.679
6.728     618.679
6.734     618.679
6.740     618.679
6.745     618.679
6.751     618.679
6.757     618.679
6.763     618.679
6.769     618.679
6.774     622.263
6.780     622.263
6.786     622.263
6.792     622.263
6.798     622.263
6.803     622.263
6.809     622.263
6.815     618.679
6.821     618.679
6.827     622.263
6.832     622.263
6.838     622.263
6.844     618.679
6.850     622.263
6.856     622.263
6.861     622.263
6.867     622.263
6.873     622.263
6.879     622.263
6.885     622.263
6.891     622.263
6.896     622.263
6.902     622.263
6.908     622.263
6.914     622.263
6.920     622.263
6.925     618.679
6.931     618.679
6.937     618.679
6.943     618.679
6.949     622.263
6.954     622.263
6.960     601.066
6.966     597.604
6.972     590.740
6.978     587.338
6.983     587.338
6.989     587.338
6.995     587.338
7.001     587.338
7.007     587.338
7.012     583.955
7.018     583.955
7.024     583.955
7.030     587.338
7.036     587.338
7.041     583.955
7.047     583.955
7.053     583.955
7.059     583.955
7.065     583.955
7.070     583.955
7.076     583.955
7.082     587.338
7.088     587.338
7.094     587.338
7.100     587.338
7.105     587.338
7.111     587.338
7.117     587.338
7.123     587.338
7.129     583.955
7.134     587.338
7.140     587.338
7.146     587.338
7.152     587.338
7.158     583.955
7.163     583.955
7.169     583.955
7.175     587.338
7.181     583.955
7.187     587.338
7.192     583.955
7.198     587.338
7.204     587.338
7.210     583.955
7.216     583.955
7.221     583.955
7.227     583.955
7.233     583.955
7.239     587.338
7.245     590.740
7.250     590.740
7.256     587.338
7.262     583.955
7.268     590.740
7.274     615.115
7.279     618.679
7.285     622.263
7.291     622.263
7.297     622.263
7.303     618.679
7.308     618.679
7.314     618.679
7.320     618.679
7.326     618.679
7.332     618.679
7.338     618.679
7.343     618.679
7.349     618.679
7.355     618.679
7.361     618.679
7.367     618.679
7.372     618.679
7.378     622.263
7.384     622.263
7.390     622.263
7.396     622.263
7.401     622.263
7.407     622.263
7.413     622.263
7.419     622.263
7.425     0.000
7.430     0.000
7.436     0.000
7.442     0.000
7.448     0.000
7.454     0.000
7.459     0.000
7.465     0.000
7.471     0.000
7.477     0.000
7.483     0.000
7.488     0.000
7.494     0.000
7.500     0.000
7.506     0.000
7.512     0.000
7.517     0.000
7.523     0.000
7.529     622.263
7.535     622.263
7.541     622.263
7.546     622.263
7.552     622.263
7.558     622.263
7.564     622.263
7.570     625.868
7.576     618.679
7.581     622.263
7.587     618.679
7.593     618.679
7.599     622.263
7.605     622.263
7.610     618.679
7.616     622.263
7.622     622.263
7.628     622.263
7.634     622.263
7.639     622.263
7.645     622.263
7.651     622.263
7.657     622.263
7.663     622.263
7.668     622.263
7.674     622.263
7.680     622.263
7.686     622.263
7.692     622.263
7.697     622.263
7.703     622.263
7.709     622.263
7.715     622.263
7.721     625.868
7.726     622.263
7.732     622.263
7.738     622.263
7.744     622.263
7.750     622.263
7.755     622.263
7.761     622.263
7.767     622.263
7.773     622.263
7.779     622.263
7.784     622.263
7.790     622.263
7.796     622.263
7.802     622.263
7.808     618.679
7.814     622.263
7.819     618.679
7.825     622.263
7.831     625.868
7.837     625.868
7.843     625.868
7.848     615.115
7.854     706.583
7.860     702.513
7.866     702.513
7.872     698.467
7.877     698.467
7.883     698.467
7.889     698.467
7.895     698.467
7.901     694.444
7.906     694.444
7.912     694.444
7.918     694.444
7.924     694.444
7.930     694.444
7.935     694.444
7.941     694.444
7.947     694.444
7.953     694.444
7.959     698.467
7.964     694.444
7.970     698.467
7.976     698.467
7.982     698.467
7.988     698.467
7.993     698.467
7.999     698.467
8.005     698.467
8.011     698.467
8.017     698.467
8.022     0.000
8.028     0.000
8.034     0.000
8.040     0.000
8.046     0.000
8.052     0.000
8.057     0.000
8.063     0.000
8.069     0.000
8.075     0.000
8.081     0.000
8.086     0.000
8.092     0.000
8.098     0.000
8.104     0.000
8.110     0.000
8.115     0.000
8.121     0.000
8.127     0.000
8.133     0.000
8.139     0.000
8.144     0.000
8.150     0.000
8.156     0.000
8.162     0.000
8.168     0.000
8.173     0.000
8.179     0.000
8.185     0.000
8.191     0.000
8.197     0.000
8.202     0.000
8.208     0.000
8.214     0.000
8.220     0.000
8.226     0.000
8.231     0.000
8.237     0.000
8.243     0.000
8.249     0.000
8.255     0.000
8.260     0.000
8.266     0.000
8.272     0.000
8.278     0.000
8.284     0.000
8.290     0.000
8.295     0.000
8.301     0.000
8.307     0.000
8.313     0.000
8.319     0.000
8.324     0.000
8.330     0.000
8.336     0.000
8.342     0.000
8.348     0.000
8.353     0.000
8.359     0.000
8.365     0.000
8.371     0.000
8.377     0.000
8.382     0.000
8.388     0.000
8.394     0.000
8.400     0.000
8.406     0.000
8.411     0.000
8.417     0.000
8.423     0.000
8.429     0.000
8.435     0.000
8.440     84.333
8.446     89.866
8.452     87.813
8.458     85.313
8.464     82.407
8.469     81.461
8.475     81.461
8.481     82.884
8.487     83.848
8.493     84.822
8.499     85.807
8.504     86.304
8.510     86.304
8.516     85.807
8.522     85.807
8.528     86.804
8.533     87.813
8.539     88.322
8.545     88.322
8.551     87.813
8.557     86.804
8.562     86.304
8.568     86.304
8.574     86.804
8.580     86.804
8.586     86.804
8.591     87.307
8.597     87.813
8.603     87.813
8.609     87.307
8.615     86.304
8.620     86.304
8.626     86.804
8.632     86.804
8.638     86.804
8.644     86.804
8.649     87.307
8.655     86.804
8.661     87.307
8.667     87.307
8.673     87.307
8.678     87.307
8.684     87.307
8.690     87.307
8.696     86.804
8.702     86.304
8.707     86.804
8.713     86.804
8.719     87.307
8.725     86.804
8.731     86.804
8.737     87.307
8.742     86.804
8.748     86.304
8.754     86.304
8.760     87.307
8.766     87.307
8.771     87.307
8.777     87.813
8.783     87.813
8.789     87.813
8.795     87.307
8.800     86.804
8.806     86.804
8.812     87.307
8.818     87.307
8.824     87.307
8.829     86.804
8.835     86.804
8.841     86.804
8.847     86.804
8.853     87.307
8.858     87.307
8.864     87.307
8.870     87.307
8.876     87.307
8.882     87.813
8.887     87.307
8.893     87.307
8.899     87.307
8.905     87.307
8.911     87.307
8.916     87.307
8.922     86.804
8.928     86.804
8.934     86.304
8.940     86.804
8.945     86.804
8.951     87.307
8.957     86.804
8.963     87.307
8.969     86.804
8.975     87.307
8.980     87.813
8.986     87.813
8.992     87.813
8.998     87.307
9.004     86.804
9.009     87.307
9.015     87.307
9.021     87.307
9.027     86.804
9.033     88.322
9.038     86.804
9.044     87.307
9.050     86.804
9.056     84.333
9.062     86.804
9.067     83.365
9.073     81.461
9.079     80.991
9.085     81.461
9.091     83.365
9.096     84.822
9.102     85.807
9.108     86.304
9.114     85.807
9.120     85.313
9.125     85.313
9.131     85.807
9.137     86.804
9.143     87.307
9.149     87.813
9.154     88.322
9.160     87.813
9.166     87.307
9.172     86.804
9.178     86.304
9.183     85.807
9.189     0.000
9.195     0.000
9.201     0.000
9.207     0.000
9.213     0.000
9.218     0.000
9.224     0.000
9.230     0.000
9.236     0.000
9.242     0.000
9.247     0.000
9.253     0.000
9.259     0.000
9.265     0.000
9.271     0.000
9.276     0.000
9.282     0.000
9.288     0.000
9.294     0.000
9.300     0.000
9.305     0.000
9.311     0.000
9.317     0.000
9.323     0.000
9.329     0.000
9.334     0.000
9.340     0.000
9.346     0.000
9.352     0.000
9.358     0.000
9.363     0.000
9.369     0.000
9.375     0.000
9.381     0.000
9.387     0.000
9.392     0.000
9.398     0.000
9.404     0.000
9.410     0.000
9.416     0.000
9.421     0.000
9.427     0.000
9.433     0.000
9.439     0.000
9.445     0.000
9.451     0.000
9.456     0.000
9.462     0.000
9.468     0.000
9.474     0.000
9.480     0.000
9.485     0.000
9.491     0.000
9.497     0.000
9.503     0.000
9.509     0.000
9.514     0.000
9.520     0.000
9.526     0.000
9.532     0.000
9.538     0.000
9.543     0.000
9.549     0.000
9.555     0.000
9.561     0.000
9.567     0.000
9.572     0.000
9.578     0.000
9.584     0.000
9.590     0.000
9.596     0.000
9.601     0.000
9.607     0.000
9.613     0.000
9.619     0.000
9.625     0.000
9.630     0.000
9.636     0.000
9.642     0.000
9.648     0.000
9.654     0.000
9.660     0.000
9.665     0.000
9.671     0.000
9.677     0.000
9.683     0.000
9.689     119.265
9.694     119.956
9.700     113.224
9.706     114.539
9.712     112.572
9.718     117.217
9.723     117.217
9.729     116.541
9.735     117.217
9.741     117.217
9.747     116.541
9.752     111.279
9.758     112.572
9.764     115.203
9.770     116.541
9.776     114.539
9.781     114.539
9.787     116.541
9.793     117.896
9.799     118.579
9.805     117.217
9.810     115.203
9.816     115.870
9.822     117.217
9.828     117.217
9.834     117.217
9.839     116.541
9.845     115.203
9.851     115.203
9.857     115.870
9.863     115.203
9.868     115.870
9.874     116.541
9.880     115.870
9.886     116.541
9.892     116.541
9.898     115.870
9.903     116.541
9.909     115.870
9.915     114.539
9.921     115.870
9.927     116.541
9.932     0.000
9.938     0.000
9.944     0.000
9.950     0.000
9.956     0.000
9.961     0.000
9.967     784.003
9.973     784.003
9.979     784.003
9.985     784.003
9.990     784.003
9.996     784.003
10.002     784.003
10.008     784.003
10.014     784.003
10.019     784.003
10.025     784.003
10.031     784.003
10.037     784.003
10.043     784.003
10.048     784.003
10.054     784.003
10.060     784.003
10.066     784.003
10.072     784.003
10.077     784.003
10.083     788.545
10.089     784.003
10.095     784.003
10.101     784.003
10.106     784.003
10.112     784.003
10.118     784.003
10.124     784.003
10.130     784.003
10.136     784.003
10.141     788.545
10.147     788.545
10.153     788.545
10.159     788.545
10.165     788.545
10.170     784.003
10.176     784.003
10.182     784.003
10.188     784.003
10.194     784.003
10.199     784.003
10.205     784.003
10.211     784.003
10.217     784.003
10.223     784.003
10.228     779.488
10.234     779.488
10.240     784.003
10.246     784.003
10.252     788.545
10.257     788.545
10.263     788.545
10.269     784.003
10.275     784.003
10.281     784.003
10.286     784.003
10.292     784.003
10.298     784.003
10.304     788.545
10.310     788.545
10.315     788.545
10.321     788.545
10.327     788.545
10.333     788.545
10.339     788.545
10.344     784.003
10.350     784.003
10.356     784.003
10.362     784.003
10.368     784.003
10.374     784.003
10.379     784.003
10.385     784.003
10.391     784.003
10.397     784.003
10.403     784.003
10.408     784.003
10.414     784.003
10.420     784.003
10.426     784.003
10.432     784.003
10.437     784.003
10.443     788.545
10.449     784.003
10.455     784.003
10.461     784.003
10.466     784.003
10.472     784.003
10.478     784.003
10.484     788.545
10.490     788.545
10.495     0.000
10.501     0.000
10.507     0.000
10.513     0.000
10.519     0.000
10.524     0.000
10.530     0.000
10.536     0.000
10.542     0.000
10.548     0.000
10.553     0.000
10.559     0.000
10.565     0.000
10.571     0.000
10.577     0.000
10.582     0.000
10.588     0.000
10.594     0.000
10.600     0.000
10.606     0.000
10.612     0.000
10.617     0.000
10.623     0.000
10.629     0.000
10.635     0.000
10.641     0.000
10.646     0.000
10.652     0.000
10.658     0.000
10.664     0.000
10.670     0.000
10.675     0.000
10.681     0.000
10.687     0.000
10.693     0.000
10.699     0.000
10.704     0.000
10.710     0.000
10.716     0.000
10.722     0.000
10.728     0.000
10.733     0.000
10.739     0.000
10.745     0.000
10.751     0.000
10.757     0.000
10.762     0.000
10.768     0.000
10.774     0.000
10.780     0.000
10.786     0.000
10.791     0.000
10.797     0.000
10.803     0.000
10.809     0.000
10.815     0.000
10.820     0.000
10.826     0.000
10.832     0.000
10.838     0.000
10.844     0.000
10.850     0.000
10.855     0.000
10.861     0.000
10.867     0.000
10.873     0.000
10.879     0.000
10.884     0.000
10.890     83.365
10.896     88.833
10.902     91.436
10.908     93.035
10.913     95.209
10.919     97.435
10.925     100.290
10.931     100.290
10.937     97.435
10.942     92.499
10.948     90.910
10.954     92.499
10.960     95.761
10.966     96.874
10.971     98.567
10.977     97.999
10.983     96.316
10.989     95.761
10.995     96.874
11.000     97.435
11.006     98.567
11.012     96.874
11.018     96.874
11.024     96.874
11.029     97.435
11.035     98.567
11.041     99.138
11.047     97.999
11.053     97.435
11.059     97.435
11.064     96.316
11.070     96.316
11.076     96.316
11.082     98.567
11.088     99.138
11.093     98.567
11.099     97.435
11.105     96.874
11.111     96.874
11.117     96.874
11.122     97.435
11.128     95.209
11.134     96.874
11.140     97.999
11.146     100.290
11.151     99.138
11.157     98.567
11.163     97.435
11.169     97.435
11.175     98.567
11.180     98.567
11.186     97.999
11.192     96.874
11.198     90.910
11.204     94.116
11.209     96.316
11.215     98.567
11.221     99.712
11.227     100.290
11.233     96.316
11.238     92.499
11.244     92.499
11.250     95.761
11.256     97.435
11.262     99.138
11.267     99.138
11.273     97.435
11.279     96.874
11.285     96.874
11.291     97.999
11.297     98.567
11.302     98.567
11.308     98.567
11.314     97.435
11.320     96.874
11.326     97.999
11.331     97.999
11.337     97.435
11.343     97.435
11.349     97.435
11.355     97.435
11.360     97.435
11.366     97.999
11.372     97.435
11.378     97.435
11.384     97.435
11.389     97.999
11.395     97.999
11.401     97.435
11.407     97.999
11.413     97.999
11.418     97.435
11.424     97.999
11.430     587.338
11.436     587.338
11.442     587.338
11.447     580.592
11.453     577.247
11.459     580.592
11.465     583.955
11.471     587.338
11.476     0.000
11.482     0.000
11.488     0.000
11.494     0.000
11.500     0.000
11.505     0.000
11.511     0.000
11.517     0.000
11.523     0.000
11.529     0.000
11.535     0.000
11.540     0.000
11.546     0.000
11.552     0.000
11.558     0.000
11.564     0.000
11.569     0.000
11.575     0.000
11.581     0.000
11.587     0.000
11.593     0.000
11.598     0.000
11.604     0.000
11.610     0.000
11.616     0.000
11.622     0.000
11.627     0.000
11.633     0.000
11.639     0.000
11.645     0.000
11.651     0.000
11.656     0.000
11.662     0.000
11.668     0.000
11.674     0.000
11.680     0.000
11.685     0.000
11.691     0.000
11.697     0.000
11.703     0.000
11.709     0.000
11.714     0.000
11.720     0.000
11.726     0.000
11.732     0.000
11.738     0.000
11.743     0.000
11.749     0.000
11.755     0.000
11.761     0.000
11.767     0.000
11.773     0.000
11.778     0.000
11.784     0.000
11.790     0.000
11.796     468.870
11.802     466.170
11.807     468.870
11.813     466.170
11.819     468.870
11.825     468.870
11.831     468.870
11.836     466.170
11.842     466.170
11.848     466.170
11.854     466.170
11.860     466.170
11.865     466.170
11.871     468.870
11.877     468.870
11.883     468.870
11.889     468.870
11.894     468.870
11.900     466.170
11.906     466.170
11.912     468.870
11.918     468.870
11.923     158.284
11.929     0.000
11.935     0.000
11.941     0.000
11.947     0.000
11.952     0.000
11.958     0.000
11.964     0.000
11.970     0.000
11.976     0.000
11.981     0.000
11.987     0.000
11.993     0.000
11.999     0.000
12.005     0.000
12.011     0.000
12.016     0.000
12.022     0.000
12.028     0.000
12.034     0.000
12.040     0.000
12.045     0.000
12.051     104.428
12.057     105.033
12.063     104.428
12.069     105.033
12.074     107.488
12.080     108.111
12.086     107.488
12.092     108.111
12.098     111.279
12.103     523.258
12.109     523.258
12.115     520.244
12.121     520.244
12.127     520.244
12.132     520.244
12.138     520.244
12.144     520.244
12.150     520.244
12.156     520.244
12.161     520.244
12.167     520.244
12.173     517.248
12.179     517.248
12.185     520.244
12.190     520.244
12.196     520.244
12.202     523.258
12.208     523.258
12.214     523.258
12.220     523.258
12.225     523.258
12.231     523.258
12.237     523.258
12.243     523.258
12.249     523.258
12.254     523.258
12.260     523.258
12.266     523.258
12.272     523.258
12.278     523.258
12.283     523.258
12.289     523.258
12.295     523.258
12.301     523.258
12.307     523.258
12.312     523.258
12.318     523.258
12.324     523.258
12.330     526.289
12.336     526.289
12.341     526.289
12.347     526.289
12.353     523.258
12.359     523.258
12.365     523.258
12.370     523.258
12.376     523.258
12.382     523.258
12.388     523.258
12.394     523.258
12.399     523.258
12.405     523.258
12.411     523.258
12.417     523.258
12.423     523.258
12.428     523.258
12.434     523.258
12.440     520.244
12.446     517.248
12.452     517.248
12.458     517.248
12.463     520.244
12.469     520.244
12.475     523.258
12.481     523.258
12.487     523.258
12.492     523.258
12.498     523.258
12.504     523.258
12.510     523.258
12.516     523.258
12.521     523.258
12.527     523.258
12.533     523.258
12.539     523.258
12.545     523.258
12.550     523.258
12.556     523.258
12.562     523.258
12.568     523.258
12.574     523.258
12.579     526.289
12.585     526.289
12.591     526.289
12.597     526.289
12.603     526.289
12.608     526.289
12.614     529.338
12.620     526.289
12.626     526.289
12.632     535.489
12.637     535.489
12.643     538.591
12.649     260.121
12.655     252.716
12.661     257.133
12.666     264.668
12.672     270.854
12.678     110.000
12.684     110.000
12.690     109.367
12.696     108.111
12.701     0.000
12.707     0.000
12.713     0.000
12.719     0.000
12.725     0.000
12.730     0.000
12.736     0.000
12.742     0.000
12.748     0.000
12.754     0.000
12.759     0.000
12.765     0.000
12.771     0.000
12.777     0.000
12.783     0.000
12.788     0.000
12.794     0.000
12.800     0.000
12.806     0.000
12.812     0.000
12.817     0.000
12.823     0.000
12.829     0.000
12.835     0.000
12.841     0.000
12.846     0.000
12.852     0.000
12.858     0.000
12.864     0.000
12.870     0.000
12.875     0.000
12.881     0.000
12.887     0.000
12.893     0.000
12.899     0.000
12.904     0.000
12.910     0.000
12.916     0.000
12.922     0.000
12.928     548.005
12.934     551.180
12.939     554.373
12.945     554.373
12.951     554.373
12.957     554.373
12.963     554.373
12.968     551.180
12.974     554.373
12.980     554.373
12.986     557.584
12.992     577.247
12.997     587.338
13.003     587.338
13.009     587.338
13.015     587.338
13.021     587.338
13.026     587.338
13.032     583.955
13.038     583.955
13.044     583.955
13.050     583.955
13.055     583.955
13.061     583.955
13.067     583.955
13.073     583.955
13.079     583.955
13.084     580.592
13.090     583.955
13.096     583.955
13.102     583.955
13.108     583.955
13.113     587.338
13.119     587.338
13.125     587.338
13.131     587.338
13.137     587.338
13.142     587.338
13.148     587.338
13.154     587.338
13.160     583.955
13.166     587.338
13.172     587.338
13.177     587.338
13.183     583.955
13.189     587.338
13.195     587.338
13.201     587.338
13.206     587.338
13.212     587.338
13.218     587.338
13.224     587.338
13.230     587.338
13.235     583.955
13.241     587.338
13.247     587.338
13.253     0.000
13.259     0.000
13.264     0.000
13.270     0.000
13.276     0.000
13.282     0.000
13.288     0.000
13.293     0.000
13.299     0.000
13.305     0.000
13.311     0.000
13.317     0.000
13.322     0.000
13.328     0.000
13.334     0.000
13.340     0.000
13.346     0.000
13.351     0.000
13.357     0.000
13.363     0.000
13.369     0.000
13.375     0.000
13.380     0.000
13.386     0.000
13.392     0.000
13.398     0.000
13.404     0.000
13.410     0.000
13.415     0.000
13.421     0.000
13.427     0.000
13.433     0.000
13.439     0.000
13.444     0.000
13.450     0.000
13.456     0.000
13.462     0.000
13.468     0.000
13.473     0.000
13.479     0.000
13.485     0.000
13.491     0.000
13.497     0.000
13.502     0.000
13.508     0.000
13.514     0.000
13.520     0.000
13.526     0.000
13.531     0.000
13.537     0.000
13.543     0.000
13.549     0.000
13.555     0.000
13.560     0.000
13.566     0.000
13.572     0.000
13.578     0.000
13.584     0.000
13.589     0.000
13.595     0.000
13.601     0.000
13.607     0.000
13.613     0.000
13.619     0.000
13.624     0.000
13.630     0.000
13.636     0.000
13.642     0.000
13.648     0.000
13.653     0.000
13.659     0.000
13.665     0.000
13.671     0.000
13.677     0.000
13.682     0.000
13.688     0.000
13.694     0.000
13.700     0.000
13.706     0.000
13.711     0.000
13.717     0.000
13.723     0.000
13.729     0.000
13.735     0.000
13.740     0.000
13.746     0.000
13.752     0.000
13.758     0.000
13.764     0.000
13.769     0.000
13.775     0.000
13.781     0.000
13.787     0.000
13.793     0.000
13.798     0.000
13.804     0.000
13.810     0.000
13.816     0.000
13.822     0.000
13.827     0.000
13.833     0.000
13.839     0.000
13.845     0.000
13.851     0.000
13.857     0.000
13.862     0.000
13.868     0.000
13.874     0.000
13.880     0.000
13.886     0.000
13.891     0.000
13.897     0.000
13.903     0.000
13.909     0.000
13.915     0.000
13.920     0.000
13.926     0.000
13.932     0.000
13.938     0.000
13.944     0.000
13.949     0.000
13.955     0.000
13.961     0.000
13.967     0.000
13.973     0.000
13.978     0.000
13.984     0.000
13.990     0.000
13.996     0.000
14.002     0.000
14.007     0.000
14.013     0.000
14.019     0.000
14.025     0.000
14.031     0.000
14.036     0.000
14.042     0.000
14.048     0.000
14.054     0.000
14.060     0.000
14.065     0.000
14.071     0.000
14.077     0.000
14.083     0.000
14.089     0.000
14.095     0.000
14.100     0.000
14.106     0.000
14.112     0.000
14.118     0.000
14.124     0.000
14.129     0.000
14.135     0.000
14.141     0.000
14.147     227.760
14.153     230.407
14.158     230.407
14.164     235.792
14.170     235.792
14.176     234.434
14.182     229.080
14.187     217.475
14.193     218.735
14.199     218.735
14.205     218.735
14.211     221.276
14.216     220.002
14.222     217.475
14.228     217.475
14.234     217.475
14.240     218.735
14.245     218.735
14.251     218.735
14.257     218.735
14.263     218.735
14.269     221.276
14.274     218.735
14.280     216.222
14.286     213.739
14.292     109.367
14.298     110.638
14.303     110.638
14.309     109.367
14.315     109.367
14.321     109.367
14.327     109.367
14.333     109.367
14.338     110.000
14.344     110.000
14.350     110.000
14.356     109.367
14.362     108.737
14.367     108.737
14.373     109.367
14.379     110.000
14.385     110.000
14.391     110.000
14.396     109.367
14.402     109.367
14.408     109.367
14.414     109.367
14.420     109.367
14.425     109.367
14.431     109.367
14.437     110.000
14.443     109.367
14.449     103.827
14.454     97.999
14.460     89.866
14.466     82.407
14.472     88.322
14.478     91.436
14.483     99.138
14.489     97.999
14.495     97.999
14.501     89.866
14.507     91.436
14.512     93.574
14.518     95.761
14.524     97.999
14.530     100.290
14.536     99.712
14.541     97.435
14.547     92.499
14.553     91.966
14.559     94.661
14.565     96.316
14.571     97.435
14.576     97.999
14.582     98.567
14.588     96.316
14.594     96.874
14.600     96.316
14.605     96.316
14.611     96.874
14.617     97.435
14.623     97.435
14.629     97.435
14.634     97.999
14.640     99.138
14.646     99.138
14.652     97.999
14.658     97.435
14.663     96.874
14.669     96.316
14.675     95.761
14.681     97.435
14.687     98.567
14.692     98.567
14.698     98.567
14.704     96.874
14.710     96.316
14.716     96.316
14.721     97.435
14.727     96.874
14.733     98.567
14.739     99.138
14.745     98.567
14.750     99.712
14.756     97.435
14.762     95.761
14.768     96.316
14.774     96.874
14.780     96.874
14.785     97.435
14.791     96.874
14.797     97.999
14.803     97.999
14.809     99.138
14.814     97.435
14.820     96.316
14.826     97.435
14.832     98.567
14.838     97.999
14.843     97.999
14.849     97.999
14.855     97.999
14.861     97.435
14.867     97.435
14.872     97.435
14.878     97.435
14.884     97.435
14.890     97.435
14.896     97.435
14.901     97.435
14.907     99.712
14.913     99.138
14.919     97.435
14.925     96.874
14.930     97.999
14.936     98.567
14.942     98.567
14.948     97.999
14.954     97.999
14.959     97.435
14.965     97.435
14.971     98.567
14.977     96.874
14.983     96.874
14.988     97.999
14.994     98.567
15.000     97.999
15.006     97.999
15.012     97.999
15.018     97.999
15.023     97.435
15.029     96.874
15.035     97.999
15.041     97.435
15.047     99.138
15.052     96.316
15.058     96.316
15.064     97.999
15.070     97.435
15.076     97.435
15.081     98.567
15.087     97.435
15.093     97.999
15.099     98.567
15.105     97.435
15.110     97.435
15.116     97.999
15.122     97.435
15.128     97.999
15.134     98.567
15.139     97.435
15.145     97.435
15.151     97.999
15.157     98.567
15.163     97.999
15.168     97.435
15.174     97.435
15.180     0.000
15.186     0.000
15.192     0.000
15.197     0.000
15.203     0.000
15.209     0.000
15.215     0.000
15.221     0.000
15.226     0.000
15.232     0.000
15.238     0.000
15.244     0.000
15.250     0.000
15.256     0.000
15.261     0.000
15.267     0.000
15.273     0.000
15.279     0.000
15.285     0.000
15.290     0.000
15.296     0.000
15.302     0.000
15.308     0.000
15.314     0.000
15.319     0.000
15.325     0.000
15.331     0.000
15.337     0.000
15.343     0.000
15.348     97.435
15.354     91.436
15.360     84.333
15.366     86.304
15.372     88.322
15.377     89.348
15.383     87.813
15.389     84.822
15.395     90.386
15.401     92.499
15.406     94.116
15.412     95.761
15.418     97.435
15.424     99.712
15.430     99.712
15.435     97.999
15.441     94.116
15.447     91.966
15.453     94.116
15.459     96.316
15.464     97.435
15.470     98.567
15.476     99.138
15.482     97.435
15.488     96.316
15.494     96.874
15.499     96.316
15.505     96.874
15.511     97.435
15.517     97.999
15.523     97.999
15.528     97.435
15.534     97.999
15.540     97.999
15.546     97.999
15.552     97.999
15.557     97.435
15.563     96.316
15.569     96.316
15.575     97.435
15.581     98.567
15.586     97.999
15.592     97.435
15.598     97.999
15.604     97.999
15.610     96.874
15.615     96.316
15.621     97.435
15.627     97.435
15.633     95.209
15.639     93.574
15.644     95.209
15.650     96.316
15.656     0.000
15.662     0.000
15.668     0.000
15.673     0.000
15.679     0.000
15.685     0.000
15.691     0.000
15.697     0.000
15.702     0.000
15.708     0.000
15.714     0.000
15.720     0.000
15.726     0.000
15.732     0.000
15.737     0.000
15.743     0.000
15.749     0.000
15.755     0.000
15.761     0.000
15.766     0.000
15.772     0.000
15.778     0.000
15.784     0.000
15.790     0.000
15.795     0.000
15.801     0.000
15.807     0.000
15.813     0.000
15.819     0.000
15.824     0.000
15.830     0.000
15.836     0.000
15.842     0.000
15.848     0.000
15.853     0.000
15.859     0.000
15.865     0.000
15.871     0.000
15.877     0.000
15.882     0.000
15.888     0.000
15.894     0.000
15.900     0.000
15.906     0.000
15.911     0.000
15.917     0.000
15.923     0.000
15.929     0.000
15.935     0.000
15.940     0.000
15.946     0.000
15.952     0.000
15.958     0.000
15.964     0.000
15.970     0.000
15.975     0.000
15.981     0.000
15.987     0.000
15.993     0.000
15.999     0.000
16.004     0.000
16.010     0.000
16.016     0.000
16.022     0.000
16.028     0.000
16.033     0.000
16.039     0.000
16.045     0.000
16.051     0.000
16.057     0.000
16.062     0.000
16.068     0.000
16.074     0.000
16.080     0.000
16.086     0.000
16.091     0.000
16.097     0.000
16.103     0.000
16.109     0.000
16.115     0.000
16.120     0.000
16.126     0.000
16.132     0.000
16.138     0.000
16.144     0.000
16.149     0.000
16.155     0.000
16.161     0.000
16.167     0.000
16.173     0.000
16.179     0.000
16.184     0.000
16.190     0.000
16.196     0.000
16.202     0.000
16.208     0.000
16.213     0.000
16.219     0.000
16.225     0.000
16.231     0.000
16.237     0.000
16.242     0.000
16.248     0.000
16.254     0.000
16.260     0.000
16.266     0.000
16.271     0.000
16.277     0.000
16.283     0.000
16.289     0.000
16.295     0.000
16.300     0.000
16.306     0.000
16.312     0.000
16.318     0.000
16.324     0.000
16.329     0.000
16.335     0.000
16.341     0.000
16.347     0.000
16.353     0.000
16.358     0.000
16.364     0.000
16.370     0.000
16.376     0.000
16.382     0.000
16.387     0.000
16.393     0.000
16.399     0.000
16.405     529.338
16.411     523.258
16.417     523.258
16.422     523.258
16.428     523.258
16.434     523.258
16.440     523.258
16.446     523.258
16.451     523.258
16.457     523.258
16.463     523.258
16.469     523.258
16.475     520.244
16.480     520.244
16.486     520.244
16.492     520.244
16.498     520.244
16.504     520.244
16.509     520.244
16.515     520.244
16.521     520.244
16.527     520.244
16.533     520.244
16.538     520.244
16.544     520.244
16.550     520.244
16.556     523.258
16.562     523.258
16.567     0.000
16.573     0.000
16.579     0.000
16.585     0.000
16.591     0.000
16.596     0.000
16.602     0.000
16.608     0.000
16.614     0.000
16.620     0.000
16.625     0.000
16.631     0.000
16.637     0.000
16.643     0.000
16.649     0.000
16.655     0.000
16.660     0.000
16.666     0.000
16.672     0.000
16.678     0.000
16.684     0.000
16.689     0.000
16.695     0.000
16.701     0.000
16.707     0.000
16.713     0.000
16.718     0.000
16.724     0.000
16.730     0.000
16.736     0.000
16.742     0.000
16.747     0.000
16.753     0.000
16.759     0.000
16.765     0.000
16.771     0.000
16.776     0.000
16.782     0.000
16.788     0.000
16.794     0.000
16.800     0.000
16.805     0.000
16.811     0.000
16.817     0.000
16.823     0.000
16.829     0.000
16.834     0.000
16.840     0.000
16.846     0.000
16.852     0.000
16.858     0.000
16.863     0.000
16.869     0.000
16.875     0.000
16.881     0.000
16.887     0.000
16.893     0.000
16.898     523.258
16.904     523.258
16.910     520.244
16.916     520.244
16.922     520.244
16.927     520.244
16.933     520.244
16.939     520.244
16.945     520.244
16.951     520.244
16.956     520.244
16.962     520.244
16.968     520.244
16.974     520.244
16.980     520.244
16.985     520.244
16.991     520.244
16.997     520.244
17.003     523.258
17.009     523.258
17.014     523.258
17.020     523.258
17.026     523.258
17.032     523.258
17.038     523.258
17.043     523.258
17.049     523.258
17.055     523.258
17.061     523.258
17.067     523.258
17.072     523.258
17.078     523.258
17.084     523.258
17.090     523.258
17.096     523.258
17.101     523.258
17.107     523.258
17.113     523.258
17.119     523.258
17.125     523.258
17.131     523.258
17.136     526.289
17.142     523.258
17.148     526.289
17.154     526.289
17.160     523.258
17.165     520.244
17.171     520.244
17.177     523.258
17.183     520.244
17.189     520.244
17.194     523.258
17.200     523.258
17.206     523.258
17.212     523.258
17.218     523.258
17.223     523.258
17.229     523.258
17.235     520.244
17.241     520.244
17.247     517.248
17.252     517.248
17.258     517.248
17.264     520.244
17.270     520.244
17.276     523.258
17.281     523.258
17.287     523.258
17.293     523.258
17.299     523.258
17.305     523.258
17.310     523.258
17.316     523.258
17.322     523.258
17.328     523.258
17.334     523.258
17.340     523.258
17.345     523.258
17.351     523.258
17.357     523.258
17.363     523.258
17.369     523.258
17.374     526.289
17.380     526.289
17.386     526.289
17.392     526.289
17.398     526.289
17.403     529.338
17.409     529.338
17.415     529.338
17.421     529.338
17.427     529.338
17.432     532.404
17.438     535.489
17.444     532.404
17.450     526.289
17.456     511.307
17.461     517.248
17.467     523.258
17.473     526.289
17.479     523.258
17.485     523.258
17.490     523.258
17.496     523.258
17.502     520.244
17.508     523.258
17.514     523.258
17.519     523.258
17.525     523.258
17.531     523.258
17.537     520.244
17.543     523.258
17.548     523.258
17.554     523.258
17.560     523.258
17.566     523.258
17.572     523.258
17.578     523.258
17.583     523.258
17.589     523.258
17.595     523.258
17.601     523.258
17.607     523.258
17.612     523.258
17.618     523.258
17.624     523.258
17.630     523.258
17.636     523.258
17.641     523.258
17.647     523.258
17.653     523.258
17.659     0.000
17.665     0.000
17.670     0.000
17.676     0.000
17.682     0.000
17.688     0.000
17.694     0.000
17.699     0.000
17.705     0.000
17.711     0.000
17.717     0.000
17.723     0.000
17.728     0.000
17.734     0.000
17.740     557.584
17.746     557.584
17.752     557.584
17.757     557.584
17.763     554.373
17.769     554.373
17.775     551.180
17.781     551.180
17.786     551.180
17.792     554.373
17.798     557.584
17.804     587.338
17.810     587.338
17.816     587.338
17.821     587.338
17.827     587.338
17.833     587.338
17.839     587.338
17.845     583.955
17.850     583.955
17.856     583.955
17.862     583.955
17.868     587.338
17.874     583.955
17.879     583.955
17.885     583.955
17.891     583.955
17.897     583.955
17.903     580.592
17.908     583.955
17.914     587.338
17.920     587.338
17.926     587.338
17.932     587.338
17.937     587.338
17.943     587.338
17.949     587.338
17.955     587.338
17.961     587.338
17.966     587.338
17.972     587.338
17.978     583.955
17.984     587.338
17.990     587.338
17.995     587.338
18.001     587.338
18.007     587.338
18.013     587.338
18.019     587.338
18.024     587.338
18.030     587.338
18.036     583.955
18.042     587.338
18.048     587.338
18.054     0.000
18.059     0.000
18.065     0.000
18.071     0.000
18.077     293.668
18.083     293.668
18.088     293.668
18.094     291.976
18.100     291.976
18.106     291.976
18.112     291.976
18.117     291.976
18.123     291.976
18.129     291.976
18.135     291.976
18.141     293.668
18.146     293.668
18.152     291.976
18.158     290.295
18.164     291.976
18.170     293.668
18.175     291.976
18.181     288.623
18.187     285.307
18.193     288.623
18.199     297.080
18.204     0.000
18.210     0.000
18.216     0.000
18.222     0.000
18.228     0.000
18.233     0.000
18.239     0.000
18.245     0.000
18.251     0.000
18.257     0.000
18.262     0.000
18.268     0.000
18.274     0.000
18.280     0.000
18.286     0.000
18.292     0.000
18.297     0.000
18.303     0.000
18.309     0.000
18.315     0.000
18.321     0.000
18.326     0.000
18.332     0.000
18.338     0.000
18.344     0.000
18.350     0.000
18.355     0.000
18.361     0.000
18.367     0.000
18.373     0.000
18.379     0.000
18.384     0.000
18.390     0.000
18.396     0.000
18.402     0.000
18.408     0.000
18.413     0.000
18.419     0.000
18.425     0.000
18.431     0.000
18.437     0.000
18.442     0.000
18.448     0.000
18.454     0.000
18.460     0.000
18.466     0.000
18.471     0.000
18.477     0.000
18.483     0.000
18.489     0.000
18.495     0.000
18.500     0.000
18.506     0.000
18.512     0.000
18.518     0.000
18.524     0.000
18.530     0.000
18.535     0.000
18.541     0.000
18.547     0.000
18.553     0.000
18.559     0.000
18.564     0.000
18.570     0.000
18.576     0.000
18.582     0.000
18.588     0.000
18.593     0.000
18.599     0.000
18.605     0.000
18.611     0.000
18.617     0.000
18.622     0.000
18.628     0.000
18.634     0.000
18.640     0.000
18.646     0.000
18.651     0.000
18.657     0.000
18.663     0.000
18.669     0.000
18.675     0.000
18.680     0.000
18.686     0.000
18.692     0.000
18.698     0.000
18.704     0.000
18.709     0.000
18.715     0.000
18.721     0.000
18.727     0.000
18.733     0.000
18.739     0.000
18.744     0.000
18.750     0.000
18.756     0.000
18.762     0.000
18.768     0.000
18.773     0.000
18.779     0.000
18.785     0.000
18.791     0.000
18.797     0.000
18.802     0.000
18.808     0.000
18.814     0.000
18.820     0.000
18.826     0.000
18.831     0.000
18.837     0.000
18.843     0.000
18.849     0.000
18.855     0.000
18.860     0.000
18.866     0.000
18.872     0.000
18.878     0.000
18.884     0.000
18.889     0.000
18.895     0.000
18.901     0.000
18.907     0.000
18.913     0.000
18.918     0.000
18.924     0.000
18.930     0.000
18.936     0.000
18.942     199.425
18.947     217.475
18.953     229.080
18.959     233.084
18.965     227.760
18.971     222.558
18.977     225.144
18.982     231.741
18.988     230.407
18.994     233.084
19.000     233.084
19.006     233.084
19.011     233.084
19.017     231.741
19.023     231.741
19.029     231.741
19.035     231.741
19.040     231.741
19.046     230.407
19.052     231.741
19.058     116.541
19.064     115.870
19.069     115.870
19.075     115.870
19.081     115.870
19.087     115.870
19.093     115.870
19.098     116.541
19.104     115.870
19.110     115.870
19.116     115.870
19.122     116.541
19.127     116.541
19.133     116.541
19.139     115.870
19.145     115.870
19.151     115.870
19.156     116.541
19.162     116.541
19.168     116.541
19.174     116.541
19.180     115.870
19.185     115.870
19.191     115.870
19.197     116.541
19.203     116.541
19.209     115.870
19.215     115.870
19.220     115.870
19.226     116.541
19.232     116.541
19.238     0.000
