0.000     0.000
0.006     0.000
0.012     0.000
0.017     0.000
0.023     0.000
0.029     0.000
0.035     0.000
0.041     0.000
0.046     0.000
0.052     0.000
0.058     174.615
0.064     347.221
0.070     349.232
0.075     347.221
0.081     349.232
0.087     349.232
0.093     349.232
0.099     347.221
0.104     347.221
0.110     347.221
0.116     347.221
0.122     347.221
0.128     347.221
0.134     347.221
0.139     347.221
0.145     347.221
0.151     347.221
0.157     347.221
0.163     347.221
0.168     347.221
0.174     347.221
0.180     347.221
0.186     347.221
0.192     347.221
0.197     347.221
0.203     347.221
0.209     347.221
0.215     347.221
0.221     347.221
0.226     347.221
0.232     347.221
0.238     347.221
0.244     347.221
0.250     347.221
0.255     347.221
0.261     347.221
0.267     347.221
0.273     347.221
0.279     347.221
0.284     347.221
0.290     347.221
0.296     347.221
0.302     347.221
0.308     347.221
0.313     347.221
0.319     347.221
0.325     347.221
0.331     347.221
0.337     349.232
0.342     347.221
0.348     349.232
0.354     349.232
0.360     349.232
0.366     349.232
0.372     349.232
0.377     349.232
0.383     349.232
0.389     349.232
0.395     349.232
0.401     349.232
0.406     349.232
0.412     349.232
0.418     349.232
0.424     349.232
0.430     349.232
0.435     349.232
0.441     349.232
0.447     349.232
0.453     349.232
0.459     349.232
0.464     349.232
0.470     349.232
0.476     349.232
0.482     349.232
0.488     349.232
0.493     349.232
0.499     349.232
0.505     349.232
0.511     349.232
0.517     349.232
0.522     349.232
0.528     349.232
0.534     349.232
0.540     349.232
0.546     349.232
0.551     349.232
0.557     349.232
0.563     349.232
0.569     349.232
0.575     349.232
0.580     349.232
0.586     349.232
0.592     349.232
0.598     349.232
0.604     0.000
0.610     0.000
0.615     0.000
0.621     0.000
0.627     0.000
0.633     0.000
0.639     0.000
0.644     0.000
0.650     0.000
0.656     0.000
0.662     0.000
0.668     394.271
0.673     392.000
0.679     392.000
0.685     392.000
0.691     392.000
0.697     389.742
0.702     389.742
0.708     392.000
0.714     392.000
0.720     392.000
0.726     389.742
0.731     389.742
0.737     389.742
0.743     389.742
0.749     389.742
0.755     389.742
0.760     389.742
0.766     392.000
0.772     389.742
0.778     389.742
0.784     389.742
0.789     392.000
0.795     389.742
0.801     389.742
0.807     389.742
0.813     392.000
0.819     389.742
0.824     389.742
0.830     389.742
0.836     392.000
0.842     392.000
0.848     389.742
0.853     389.742
0.859     392.000
0.865     392.000
0.871     389.742
0.877     389.742
0.882     392.000
0.888     392.000
0.894     389.742
0.900     389.742
0.906     392.000
0.911     392.000
0.917     389.742
0.923     389.742
0.929     392.000
0.935     392.000
0.940     389.742
0.946     389.742
0.952     392.000
0.958     392.000
0.964     392.000
0.969     389.742
0.975     392.000
0.981     392.000
0.987     392.000
0.993     389.742
0.998     392.000
1.004     392.000
1.010     392.000
1.016     389.742
1.022     392.000
1.027     392.000
1.033     392.000
1.039     389.742
1.045     392.000
1.051     392.000
1.057     392.000
1.062     392.000
1.068     392.000
1.074     392.000
1.080     392.000
1.086     392.000
1.091     392.000
1.097     392.000
1.103     392.000
1.109     392.000
1.115     392.000
1.120     392.000
1.126     392.000
1.132     392.000
1.138     392.000
1.144     392.000
1.149     392.000
1.155     389.742
1.161     392.000
1.167     392.000
1.173     392.000
1.178     389.742
1.184     392.000
1.190     392.000
1.196     392.000
1.202     389.742
1.207     392.000
1.213     0.000
1.219     0.000
1.225     0.000
1.231     0.000
1.236     0.000
1.242     347.221
1.248     347.221
1.254     349.232
1.260     347.221
1.265     347.221
1.271     349.232
1.277     349.232
1.283     349.232
1.289     349.232
1.295     349.232
1.300     349.232
1.306     345.221
1.312     347.221
1.318     347.221
1.324     347.221
1.329     347.221
1.335     347.221
1.341     347.221
1.347     347.221
1.353     347.221
1.358     347.221
1.364     347.221
1.370     347.221
1.376     347.221
1.382     347.221
1.387     347.221
1.393     347.221
1.399     347.221
1.405     347.221
1.411     347.221
1.416     345.221
1.422     347.221
1.428     347.221
1.434     347.221
1.440     347.221
1.445     347.221
1.451     347.221
1.457     347.221
1.463     347.221
1.469     347.221
1.474     347.221
1.480     349.232
1.486     347.221
1.492     347.221
1.498     349.232
1.503     349.232
1.509     347.221
1.515     347.221
1.521     347.221
1.527     347.221
1.533     349.232
1.538     349.232
1.544     349.232
1.550     349.232
1.556     349.232
1.562     347.221
1.567     349.232
1.573     349.232
1.579     349.232
1.585     349.232
1.591     349.232
1.596     349.232
1.602     349.232
1.608     349.232
1.614     347.221
1.620     349.232
1.625     349.232
1.631     349.232
1.637     349.232
1.643     349.232
1.649     349.232
1.654     349.232
1.660     349.232
1.666     349.232
1.672     349.232
1.678     349.232
1.683     349.232
1.689     349.232
1.695     349.232
1.701     349.232
1.707     349.232
1.712     349.232
1.718     349.232
1.724     349.232
1.730     349.232
1.736     349.232
1.741     347.221
1.747     349.232
1.753     349.232
1.759     349.232
1.765     349.232
1.771     349.232
1.776     349.232
1.782     349.232
1.788     349.232
1.794     347.221
1.800     349.232
1.805     0.000
1.811     0.000
1.817     0.000
1.823     0.000
1.829     0.000
1.834     0.000
1.840     0.000
1.846     0.000
1.852     0.000
1.858     466.170
1.863     466.170
1.869     466.170
1.875     463.485
1.881     463.485
1.887     463.485
1.892     463.485
1.898     466.170
1.904     463.485
1.910     463.485
1.916     463.485
1.921     463.485
1.927     463.485
1.933     463.485
1.939     463.485
1.945     463.485
1.950     463.485
1.956     463.485
1.962     463.485
1.968     463.485
1.974     463.485
1.980     463.485
1.985     463.485
1.991     463.485
1.997     463.485
2.003     463.485
2.009     463.485
2.014     463.485
2.020     463.485
2.026     463.485
2.032     463.485
2.038     463.485
2.043     463.485
2.049     466.170
2.055     466.170
2.061     466.170
2.067     466.170
2.072     466.170
2.078     466.170
2.084     466.170
2.090     466.170
2.096     466.170
2.101     466.170
2.107     466.170
2.113     466.170
2.119     466.170
2.125     466.170
2.130     466.170
2.136     466.170
2.142     463.485
2.148     463.485
2.154     466.170
2.159     466.170
2.165     466.170
2.171     466.170
2.177     463.485
2.183     463.485
2.188     466.170
2.194     466.170
2.200     466.170
2.206     466.170
2.212     466.170
2.218     466.170
2.223     466.170
2.229     466.170
2.235     466.170
2.241     466.170
2.247     466.170
2.252     466.170
2.258     466.170
2.264     466.170
2.270     466.170
2.276     466.170
2.281     466.170
2.287     466.170
2.293     466.170
2.299     466.170
2.305     466.170
2.310     466.170
2.316     466.170
2.322     466.170
2.328     466.170
2.334     466.170
2.339     466.170
2.345     466.170
2.351     466.170
2.357     466.170
2.363     466.170
2.368     466.170
2.374     466.170
2.380     466.170
2.386     466.170
2.392     466.170
2.397     466.170
2.403     468.870
2.409     466.170
2.415     460.815
2.421     455.522
2.426     447.697
2.432     442.554
2.438     437.471
2.444     437.471
2.450     437.471
2.456     442.554
2.461     442.554
2.467     442.554
2.473     440.005
2.479     440.005
2.485     437.471
2.490     437.471
2.496     437.471
2.502     440.005
2.508     440.005
2.514     440.005
2.519     437.471
2.525     437.471
2.531     437.471
2.537     437.471
2.543     437.471
2.548     437.471
2.554     437.471
2.560     437.471
2.566     437.471
2.572     437.471
2.577     437.471
2.583     437.471
2.589     437.471
2.595     437.471
2.601     437.471
2.606     437.471
2.612     437.471
2.618     440.005
2.624     437.471
2.630     440.005
2.635     437.471
2.641     437.471
2.647     437.471
2.653     440.005
2.659     440.005
2.664     440.005
2.670     440.005
2.676     440.005
2.682     437.471
2.688     440.005
2.694     440.005
2.699     440.005
2.705     440.005
2.711     440.005
2.717     437.471
2.723     440.005
2.728     440.005
2.734     440.005
2.740     440.005
2.746     440.005
2.752     437.471
2.757     437.471
2.763     440.005
2.769     440.005
2.775     440.005
2.781     440.005
2.786     440.005
2.792     440.005
2.798     440.005
2.804     440.005
2.810     440.005
2.815     440.005
2.821     440.005
2.827     440.005
2.833     440.005
2.839     440.005
2.844     440.005
2.850     440.005
2.856     440.005
2.862     440.005
2.868     440.005
2.873     440.005
2.879     440.005
2.885     440.005
2.891     440.005
2.897     440.005
2.902     440.005
2.908     440.005
2.914     440.005
2.920     440.005
2.926     440.005
2.932     440.005
2.937     440.005
2.943     440.005
2.949     440.005
2.955     440.005
2.961     440.005
2.966     440.005
2.972     440.005
2.978     440.005
2.984     440.005
2.990     437.471
2.995     440.005
3.001     442.554
3.007     0.000
3.013     0.000
3.019     0.000
3.024     0.000
3.030     0.000
3.036     0.000
3.042     0.000
3.048     0.000
3.053     0.000
3.059     0.000
3.065     0.000
3.071     0.000
3.077     0.000
3.082     0.000
3.088     0.000
3.094     0.000
3.100     0.000
3.106     0.000
3.111     0.000
3.117     389.742
3.123     392.000
3.129     392.000
3.135     389.742
3.140     387.497
3.146     389.742
3.152     389.742
3.158     389.742
3.164     389.742
3.170     389.742
3.175     392.000
3.181     389.742
3.187     389.742
3.193     389.742
3.199     392.000
3.204     389.742
3.210     389.742
3.216     389.742
3.222     392.000
3.228     389.742
3.233     389.742
3.239     389.742
3.245     392.000
3.251     392.000
3.257     389.742
3.262     392.000
3.268     392.000
3.274     392.000
3.280     389.742
3.286     389.742
3.291     392.000
3.297     392.000
3.303     389.742
3.309     392.000
3.315     392.000
3.320     392.000
3.326     389.742
3.332     392.000
3.338     392.000
3.344     392.000
3.349     389.742
3.355     392.000
3.361     392.000
3.367     392.000
3.373     392.000
3.379     392.000
3.384     392.000
3.390     392.000
3.396     392.000
3.402     392.000
3.408     392.000
3.413     392.000
3.419     392.000
3.425     392.000
3.431     392.000
3.437     392.000
3.442     392.000
3.448     392.000
3.454     392.000
3.460     392.000
3.466     392.000
3.471     392.000
3.477     392.000
3.483     392.000
3.489     392.000
3.495     392.000
3.500     392.000
3.506     392.000
3.512     392.000
3.518     392.000
3.524     392.000
3.529     392.000
3.535     392.000
3.541     392.000
3.547     392.000
3.553     392.000
3.558     392.000
3.564     392.000
3.570     392.000
3.576     392.000
3.582     392.000
3.587     392.000
3.593     392.000
3.599     392.000
3.605     392.000
3.611     392.000
3.617     392.000
3.622     392.000
3.628     392.000
3.634     392.000
3.640     392.000
3.646     392.000
3.651     392.000
3.657     392.000
3.663     392.000
3.669     392.000
3.675     392.000
3.680     392.000
3.686     392.000
3.692     392.000
3.698     392.000
3.704     392.000
3.709     392.000
3.715     392.000
3.721     392.000
3.727     392.000
3.733     392.000
3.738     392.000
3.744     392.000
3.750     392.000
3.756     392.000
3.762     392.000
3.767     392.000
3.773     392.000
3.779     392.000
3.785     392.000
3.791     392.000
3.796     392.000
3.802     392.000
3.808     392.000
3.814     392.000
3.820     392.000
3.825     392.000
3.831     392.000
3.837     392.000
3.843     392.000
3.849     392.000
3.855     392.000
3.860     392.000
3.866     392.000
3.872     392.000
3.878     392.000
3.884     392.000
3.889     392.000
3.895     392.000
3.901     392.000
3.907     392.000
3.913     392.000
3.918     392.000
3.924     392.000
3.930     392.000
3.936     392.000
3.942     392.000
3.947     389.742
3.953     389.742
3.959     389.742
3.965     389.742
3.971     389.742
3.976     389.742
3.982     389.742
3.988     392.000
3.994     392.000
4.000     392.000
4.005     392.000
4.011     392.000
4.017     392.000
4.023     392.000
4.029     392.000
4.034     392.000
4.040     392.000
4.046     392.000
4.052     392.000
4.058     392.000
4.063     392.000
4.069     392.000
4.075     392.000
4.081     392.000
4.087     392.000
4.093     392.000
4.098     392.000
4.104     392.000
4.110     392.000
4.116     392.000
4.122     392.000
4.127     0.000
4.133     0.000
4.139     0.000
4.145     0.000
4.151     0.000
4.156     0.000
4.162     0.000
4.168     0.000
4.174     0.000
4.180     0.000
4.185     0.000
4.191     0.000
4.197     0.000
4.203     0.000
4.209     0.000
4.214     0.000
4.220     0.000
4.226     0.000
4.232     0.000
4.238     0.000
4.243     0.000
4.249     347.221
4.255     345.221
4.261     347.221
4.267     347.221
4.272     349.232
4.278     349.232
4.284     349.232
4.290     349.232
4.296     347.221
4.301     347.221
4.307     347.221
4.313     347.221
4.319     347.221
4.325     349.232
4.331     349.232
4.336     349.232
4.342     347.221
4.348     347.221
4.354     347.221
4.360     347.221
4.365     347.221
4.371     347.221
4.377     349.232
4.383     349.232
4.389     345.221
4.394     347.221
4.400     347.221
4.406     347.221
4.412     347.221
4.418     347.221
4.423     349.232
4.429     349.232
4.435     349.232
4.441     349.232
4.447     347.221
4.452     347.221
4.458     347.221
4.464     347.221
4.470     347.221
4.476     349.232
4.481     349.232
4.487     349.232
4.493     349.232
4.499     347.221
4.505     347.221
4.510     347.221
4.516     347.221
4.522     349.232
4.528     349.232
4.534     349.232
4.540     349.232
4.545     349.232
4.551     347.221
4.557     347.221
4.563     347.221
4.569     349.232
4.574     349.232
4.580     349.232
4.586     349.232
4.592     349.232
4.598     349.232
4.603     349.232
4.609     349.232
4.615     349.232
4.621     349.232
4.627     349.232
4.632     349.232
4.638     349.232
4.644     349.232
4.650     349.232
4.656     349.232
4.661     349.232
4.667     349.232
4.673     349.232
4.679     349.232
4.685     349.232
4.690     349.232
4.696     349.232
4.702     349.232
4.708     349.232
4.714     349.232
4.719     349.232
4.725     349.232
4.731     349.232
4.737     349.232
4.743     349.232
4.748     349.232
4.754     349.232
4.760     349.232
4.766     349.232
4.772     349.232
4.778     349.232
4.783     349.232
4.789     347.221
4.795     347.221
4.801     0.000
4.807     0.000
4.812     0.000
4.818     0.000
4.824     0.000
4.830     0.000
4.836     0.000
4.841     0.000
4.847     0.000
4.853     0.000
4.859     440.005
4.865     440.005
4.870     440.005
4.876     440.005
4.882     437.471
4.888     437.471
4.894     440.005
4.899     440.005
4.905     440.005
4.911     440.005
4.917     437.471
4.923     437.471
4.928     437.471
4.934     437.471
4.940     437.471
4.946     437.471
4.952     437.471
4.957     437.471
4.963     437.471
4.969     437.471
4.975     437.471
4.981     437.471
4.986     437.471
4.992     437.471
4.998     437.471
5.004     437.471
5.010     437.471
5.016     440.005
5.021     437.471
5.027     437.471
5.033     440.005
5.039     440.005
5.045     437.471
5.050     440.005
5.056     440.005
5.062     437.471
5.068     440.005
5.074     440.005
5.079     440.005
5.085     440.005
5.091     440.005
5.097     440.005
5.103     440.005
5.108     440.005
5.114     437.471
5.120     437.471
5.126     440.005
5.132     440.005
5.137     437.471
5.143     440.005
5.149     440.005
5.155     440.005
5.161     440.005
5.166     440.005
5.172     437.471
5.178     440.005
5.184     440.005
5.190     440.005
5.195     440.005
5.201     440.005
5.207     437.471
5.213     440.005
5.219     440.005
5.224     440.005
5.230     440.005
5.236     440.005
5.242     440.005
5.248     440.005
5.254     440.005
5.259     440.005
5.265     440.005
5.271     440.005
5.277     440.005
5.283     440.005
5.288     440.005
5.294     440.005
5.300     440.005
5.306     440.005
5.312     440.005
5.317     440.005
5.323     440.005
5.329     440.005
5.335     440.005
5.341     440.005
5.346     440.005
5.352     440.005
5.358     440.005
5.364     440.005
5.370     440.005
5.375     440.005
5.381     440.005
5.387     440.005
5.393     440.005
5.399     442.554
5.404     442.554
5.410     445.118
5.416     442.554
5.422     445.118
5.428     442.554
5.433     442.554
5.439     445.118
5.445     442.554
5.451     442.554
5.457     442.554
5.462     442.554
5.468     440.005
5.474     440.005
5.480     437.471
5.486     437.471
5.492     437.471
5.497     440.005
5.503     440.005
5.509     440.005
5.515     437.471
5.521     437.471
5.526     437.471
5.532     437.471
5.538     437.471
5.544     437.471
5.550     437.471
5.555     437.471
5.561     437.471
5.567     437.471
5.573     437.471
5.579     437.471
5.584     437.471
5.590     437.471
5.596     437.471
5.602     437.471
5.608     437.471
5.613     437.471
5.619     437.471
5.625     437.471
5.631     440.005
5.637     437.471
5.642     440.005
5.648     437.471
5.654     440.005
5.660     440.005
5.666     440.005
5.671     440.005
5.677     440.005
5.683     440.005
5.689     440.005
5.695     440.005
5.700     440.005
5.706     440.005
5.712     440.005
5.718     440.005
5.724     440.005
5.730     440.005
5.735     437.471
5.741     437.471
5.747     440.005
5.753     440.005
5.759     440.005
5.764     440.005
5.770     440.005
5.776     440.005
5.782     440.005
5.788     440.005
5.793     440.005
5.799     440.005
5.805     440.005
5.811     440.005
5.817     440.005
5.822     440.005
5.828     440.005
5.834     440.005
5.840     440.005
5.846     440.005
5.851     440.005
5.857     440.005
5.863     440.005
5.869     440.005
5.875     440.005
5.880     440.005
5.886     440.005
5.892     440.005
5.898     440.005
5.904     440.005
5.909     440.005
5.915     440.005
5.921     440.005
5.927     440.005
5.933     440.005
5.939     440.005
5.944     440.005
5.950     440.005
5.956     440.005
5.962     440.005
5.968     440.005
5.973     440.005
5.979     440.005
5.985     440.005
5.991     437.471
5.997     437.471
6.002     437.471
6.008     437.471
6.014     437.471
6.020     437.471
6.026     437.471
6.031     437.471
6.037     440.005
6.043     440.005
6.049     440.005
6.055     440.005
6.060     440.005
6.066     440.005
6.072     440.005
6.078     437.471
6.084     437.471
6.089     437.471
6.095     440.005
6.101     440.005
6.107     440.005
6.113     440.005
6.118     437.471
6.124     437.471
6.130     437.471
6.136     437.471
6.142     437.471
6.147     437.471
6.153     437.471
6.159     437.471
6.165     437.471
6.171     437.471
6.177     437.471
6.182     437.471
6.188     437.471
6.194     437.471
6.200     437.471
6.206     437.471
6.211     437.471
6.217     437.471
6.223     437.471
6.229     437.471
6.235     437.471
6.240     437.471
6.246     440.005
6.252     440.005
6.258     440.005
6.264     440.005
6.269     440.005
6.275     440.005
6.281     440.005
6.287     440.005
6.293     440.005
6.298     437.471
6.304     440.005
6.310     440.005
6.316     440.005
6.322     440.005
6.327     440.005
6.333     437.471
6.339     437.471
6.345     440.005
6.351     440.005
6.356     437.471
6.362     437.471
6.368     440.005
6.374     440.005
6.380     440.005
6.385     440.005
6.391     440.005
6.397     440.005
6.403     440.005
6.409     440.005
6.415     440.005
6.420     440.005
6.426     440.005
6.432     440.005
6.438     440.005
6.444     440.005
6.449     440.005
6.455     440.005
6.461     440.005
6.467     440.005
6.473     440.005
6.478     440.005
6.484     440.005
6.490     440.005
6.496     440.005
6.502     440.005
6.507     440.005
6.513     440.005
6.519     440.005
6.525     440.005
6.531     437.471
6.536     440.005
6.542     440.005
6.548     440.005
6.554     440.005
6.560     440.005
6.565     440.005
6.571     440.005
6.577     440.005
6.583     440.005
6.589     440.005
6.594     440.005
6.600     440.005
6.606     440.005
6.612     0.000
6.618     0.000
6.623     0.000
6.629     0.000
6.635     0.000
6.641     0.000
6.647     0.000
6.653     0.000
6.658     0.000
6.664     0.000
6.670     145.988
6.676     146.833
6.682     293.668
6.687     293.668
6.693     291.976
6.699     583.955
6.705     583.955
6.711     583.955
6.716     583.955
6.722     583.955
6.728     583.955
6.734     583.955
6.740     583.955
6.745     583.955
6.751     583.955
6.757     587.338
6.763     587.338
6.769     587.338
6.774     587.338
6.780     587.338
6.786     587.338
6.792     587.338
6.798     587.338
6.803     587.338
6.809     587.338
6.815     587.338
6.821     587.338
6.827     587.338
6.832     587.338
6.838     587.338
6.844     587.338
6.850     587.338
6.856     587.338
6.861     587.338
6.867     587.338
6.873     587.338
6.879     587.338
6.885     587.338
6.891     587.338
6.896     587.338
6.902     587.338
6.908     587.338
6.914     587.338
6.920     587.338
6.925     587.338
6.931     587.338
6.937     587.338
6.943     587.338
6.949     587.338
6.954     587.338
6.960     587.338
6.966     587.338
6.972     587.338
6.978     587.338
6.983     587.338
6.989     587.338
6.995     587.338
7.001     587.338
7.007     587.338
7.012     587.338
7.018     587.338
7.024     587.338
7.030     587.338
7.036     587.338
7.041     587.338
7.047     587.338
7.053     587.338
7.059     587.338
7.065     587.338
7.070     587.338
7.076     587.338
7.082     587.338
7.088     587.338
7.094     587.338
7.100     587.338
7.105     587.338
7.111     587.338
7.117     587.338
7.123     587.338
7.129     587.338
7.134     587.338
7.140     587.338
7.146     587.338
7.152     587.338
7.158     587.338
7.163     587.338
7.169     587.338
7.175     587.338
7.181     587.338
7.187     587.338
7.192     587.338
7.198     587.338
7.204     587.338
7.210     0.000
7.216     0.000
7.221     0.000
7.227     0.000
7.233     0.000
7.239     0.000
7.245     0.000
7.250     0.000
7.256     523.258
7.262     523.258
7.268     520.244
7.274     520.244
7.279     520.244
7.285     523.258
7.291     523.258
7.297     520.244
7.303     520.244
7.308     520.244
7.314     520.244
7.320     523.258
7.326     523.258
7.332     520.244
7.338     520.244
7.343     520.244
7.349     520.244
7.355     523.258
7.361     523.258
7.367     520.244
7.372     520.244
7.378     520.244
7.384     523.258
7.390     523.258
7.396     523.258
7.401     523.258
7.407     520.244
7.413     520.244
7.419     523.258
7.425     523.258
7.430     523.258
7.436     523.258
7.442     520.244
7.448     520.244
7.454     523.258
7.459     523.258
7.465     523.258
7.471     523.258
7.477     523.258
7.483     520.244
7.488     520.244
7.494     523.258
7.500     523.258
7.506     523.258
7.512     523.258
7.517     520.244
7.523     520.244
7.529     523.258
7.535     523.258
7.541     523.258
7.546     523.258
7.552     520.244
7.558     520.244
7.564     523.258
7.570     523.258
7.576     523.258
7.581     523.258
7.587     523.258
7.593     520.244
7.599     520.244
7.605     523.258
7.610     523.258
7.616     523.258
7.622     523.258
7.628     520.244
7.634     520.244
7.639     523.258
7.645     523.258
7.651     523.258
7.657     523.258
7.663     520.244
7.668     520.244
7.674     523.258
7.680     523.258
7.686     523.258
7.692     523.258
7.697     523.258
7.703     520.244
7.709     520.244
7.715     523.258
7.721     523.258
7.726     523.258
7.732     523.258
7.738     520.244
7.744     520.244
7.750     523.258
7.755     523.258
7.761     523.258
7.767     523.258
7.773     523.258
7.779     520.244
7.784     520.244
7.790     520.244
7.796     523.258
7.802     523.258
7.808     0.000
7.814     0.000
7.819     0.000
7.825     0.000
7.831     0.000
7.837     0.000
7.843     0.000
7.848     0.000
7.854     0.000
7.860     0.000
7.866     466.170
7.872     463.485
7.877     463.485
7.883     463.485
7.889     463.485
7.895     463.485
7.901     463.485
7.906     463.485
7.912     463.485
7.918     463.485
7.924     463.485
7.930     463.485
7.935     463.485
7.941     463.485
7.947     463.485
7.953     463.485
7.959     463.485
7.964     463.485
7.970     463.485
7.976     463.485
7.982     463.485
7.988     466.170
7.993     463.485
7.999     463.485
8.005     466.170
8.011     463.485
8.017     463.485
8.022     466.170
8.028     463.485
8.034     466.170
8.040     466.170
8.046     463.485
8.052     466.170
8.057     466.170
8.063     466.170
8.069     466.170
8.075     466.170
8.081     463.485
8.086     466.170
8.092     463.485
8.098     463.485
8.104     466.170
8.110     466.170
8.115     463.485
8.121     466.170
8.127     466.170
8.133     463.485
8.139     466.170
8.144     463.485
8.150     463.485
8.156     466.170
8.162     466.170
8.168     466.170
8.173     466.170
8.179     466.170
8.185     466.170
8.191     466.170
8.197     466.170
8.202     466.170
8.208     466.170
8.214     466.170
8.220     466.170
8.226     466.170
8.231     466.170
8.237     466.170
8.243     466.170
8.249     466.170
8.255     466.170
8.260     466.170
8.266     466.170
8.272     466.170
8.278     466.170
8.284     466.170
8.290     466.170
8.295     466.170
8.301     466.170
8.307     466.170
8.313     466.170
8.319     466.170
8.324     466.170
8.330     466.170
8.336     466.170
8.342     466.170
8.348     466.170
8.353     466.170
8.359     466.170
8.365     466.170
8.371     466.170
8.377     466.170
8.382     466.170
8.388     466.170
8.394     466.170
8.400     466.170
8.406     466.170
8.411     466.170
8.417     466.170
8.423     463.485
8.429     466.170
8.435     466.170
8.440     466.170
8.446     466.170
8.452     466.170
8.458     466.170
8.464     466.170
8.469     466.170
8.475     466.170
8.481     466.170
8.487     466.170
8.493     466.170
8.499     466.170
8.504     466.170
8.510     466.170
8.516     466.170
8.522     466.170
8.528     466.170
8.533     466.170
8.539     466.170
8.545     466.170
8.551     466.170
8.557     466.170
8.562     466.170
8.568     466.170
8.574     466.170
8.580     466.170
8.586     466.170
8.591     463.485
8.597     466.170
8.603     466.170
8.609     463.485
8.615     466.170
8.620     466.170
8.626     463.485
8.632     466.170
8.638     466.170
8.644     463.485
8.649     466.170
8.655     466.170
8.661     466.170
8.667     466.170
8.673     466.170
8.678     466.170
8.684     466.170
8.690     466.170
8.696     463.485
8.702     466.170
8.707     466.170
8.713     466.170
8.719     466.170
8.725     466.170
8.731     466.170
8.737     466.170
8.742     466.170
8.748     463.485
8.754     463.485
8.760     463.485
8.766     466.170
8.771     466.170
8.777     466.170
8.783     463.485
8.789     463.485
8.795     463.485
8.800     466.170
8.806     466.170
8.812     466.170
8.818     466.170
8.824     463.485
8.829     463.485
8.835     466.170
8.841     466.170
8.847     466.170
8.853     466.170
8.858     463.485
8.864     463.485
8.870     466.170
8.876     466.170
8.882     466.170
8.887     466.170
8.893     463.485
8.899     463.485
8.905     466.170
8.911     466.170
8.916     468.870
8.922     466.170
8.928     0.000
8.934     0.000
8.940     0.000
8.945     0.000
8.951     0.000
8.957     0.000
8.963     0.000
8.969     0.000
8.975     0.000
8.980     0.000
8.986     0.000
8.992     0.000
8.998     0.000
9.004     0.000
9.009     0.000
9.015     0.000
9.021     0.000
9.027     0.000
9.033     0.000
9.038     0.000
9.044     0.000
9.050     0.000
9.056     0.000
9.062     0.000
9.067     0.000
9.073     0.000
9.079     0.000
9.085     0.000
9.091     0.000
9.096     440.005
9.102     440.005
9.108     440.005
9.114     440.005
9.120     437.471
9.125     437.471
9.131     437.471
9.137     437.471
9.143     437.471
9.149     440.005
9.154     437.471
9.160     437.471
9.166     437.471
9.172     437.471
9.178     437.471
9.183     437.471
9.189     437.471
9.195     437.471
9.201     437.471
9.207     437.471
9.213     437.471
9.218     437.471
9.224     437.471
9.230     437.471
9.236     437.471
9.242     437.471
9.247     437.471
9.253     437.471
9.259     437.471
9.265     437.471
9.271     437.471
9.276     437.471
9.282     437.471
9.288     440.005
9.294     440.005
9.300     440.005
9.305     437.471
9.311     437.471
9.317     437.471
9.323     437.471
9.329     437.471
9.334     437.471
9.340     437.471
9.346     437.471
9.352     437.471
9.358     437.471
9.363     437.471
9.369     437.471
9.375     437.471
9.381     437.471
9.387     437.471
9.392     440.005
9.398     440.005
9.404     440.005
9.410     440.005
9.416     440.005
9.421     440.005
9.427     440.005
9.433     440.005
9.439     440.005
9.445     440.005
9.451     440.005
9.456     440.005
9.462     440.005
9.468     440.005
9.474     440.005
9.480     440.005
9.485     440.005
9.491     440.005
9.497     440.005
9.503     440.005
9.509     440.005
9.514     440.005
9.520     440.005
9.526     440.005
9.532     440.005
9.538     440.005
9.543     440.005
9.549     440.005
9.555     440.005
9.561     440.005
9.567     440.005
9.572     440.005
9.578     440.005
9.584     440.005
9.590     440.005
9.596     442.554
9.601     442.554
9.607     445.118
9.613     447.697
9.619     445.118
9.625     445.118
9.630     442.554
9.636     442.554
9.642     442.554
9.648     442.554
9.654     442.554
9.660     442.554
9.665     442.554
9.671     437.471
9.677     437.471
9.683     437.471
9.689     437.471
9.694     440.005
9.700     440.005
9.706     437.471
9.712     437.471
9.718     437.471
9.723     437.471
9.729     437.471
9.735     437.471
9.741     437.471
9.747     434.951
9.752     434.951
9.758     437.471
9.764     437.471
9.770     440.005
9.776     437.471
9.781     437.471
9.787     437.471
9.793     437.471
9.799     440.005
9.805     440.005
9.810     440.005
9.816     437.471
9.822     437.471
9.828     437.471
9.834     440.005
9.839     440.005
9.845     440.005
9.851     440.005
9.857     437.471
9.863     437.471
9.868     440.005
9.874     440.005
9.880     440.005
9.886     440.005
9.892     437.471
9.898     437.471
9.903     437.471
9.909     440.005
9.915     440.005
9.921     440.005
9.927     440.005
9.932     437.471
9.938     437.471
9.944     440.005
9.950     440.005
9.956     440.005
9.961     440.005
9.967     440.005
9.973     437.471
9.979     440.005
9.985     440.005
9.990     440.005
9.996     440.005
10.002     440.005
10.008     440.005
10.014     440.005
10.019     440.005
10.025     440.005
10.031     440.005
10.037     440.005
10.043     440.005
10.048     440.005
10.054     440.005
10.060     440.005
10.066     440.005
10.072     440.005
10.077     440.005
10.083     440.005
10.089     440.005
10.095     440.005
10.101     440.005
10.106     440.005
10.112     440.005
10.118     440.005
10.124     440.005
10.130     440.005
10.136     440.005
10.141     440.005
10.147     440.005
10.153     440.005
10.159     440.005
10.165     440.005
10.170     440.005
10.176     440.005
10.182     440.005
10.188     437.471
10.194     437.471
10.199     437.471
10.205     437.471
10.211     437.471
10.217     437.471
10.223     437.471
10.228     437.471
10.234     440.005
10.240     440.005
10.246     440.005
10.252     440.005
10.257     440.005
10.263     440.005
10.269     440.005
10.275     437.471
10.281     437.471
10.286     437.471
10.292     437.471
10.298     437.471
10.304     437.471
10.310     440.005
10.315     437.471
10.321     437.471
10.327     437.471
10.333     437.471
10.339     437.471
10.344     437.471
10.350     437.471
10.356     437.471
10.362     437.471
10.368     437.471
10.374     437.471
10.379     437.471
10.385     440.005
10.391     437.471
10.397     437.471
10.403     437.471
10.408     437.471
10.414     437.471
10.420     440.005
10.426     437.471
10.432     440.005
10.437     440.005
10.443     440.005
10.449     440.005
10.455     440.005
10.461     440.005
10.466     440.005
10.472     440.005
10.478     440.005
10.484     440.005
10.490     440.005
10.495     440.005
10.501     440.005
10.507     440.005
10.513     440.005
10.519     440.005
10.524     440.005
10.530     440.005
10.536     440.005
10.542     440.005
10.548     440.005
10.553     440.005
10.559     440.005
10.565     440.005
10.571     440.005
10.577     440.005
10.582     440.005
10.588     440.005
10.594     440.005
10.600     440.005
10.606     440.005
10.612     440.005
10.617     440.005
10.623     440.005
10.629     440.005
10.635     440.005
10.641     440.005
10.646     440.005
10.652     440.005
10.658     440.005
10.664     440.005
10.670     440.005
10.675     440.005
10.681     440.005
10.687     440.005
10.693     440.005
10.699     440.005
10.704     440.005
10.710     440.005
10.716     440.005
10.722     440.005
10.728     440.005
10.733     440.005
10.739     440.005
10.745     440.005
10.751     440.005
10.757     440.005
10.762     440.005
10.768     440.005
10.774     440.005
10.780     440.005
10.786     440.005
10.791     440.005
10.797     442.554
10.803     442.554
10.809     445.118
10.815     442.554
10.820     442.554
10.826     445.118
10.832     442.554
10.838     442.554
10.844     442.554
10.850     442.554
10.855     445.118
10.861     445.118
10.867     442.554
10.873     440.005
10.879     437.471
10.884     437.471
10.890     440.005
10.896     440.005
10.902     437.471
10.908     437.471
10.913     437.471
10.919     437.471
10.925     440.005
10.931     440.005
10.937     437.471
10.942     434.951
10.948     434.951
10.954     437.471
10.960     440.005
10.966     440.005
10.971     437.471
10.977     437.471
10.983     437.471
10.989     437.471
10.995     440.005
11.000     440.005
11.006     440.005
11.012     437.471
11.018     437.471
11.024     437.471
11.029     440.005
11.035     440.005
11.041     440.005
11.047     440.005
11.053     437.471
11.059     437.471
11.064     437.471
11.070     437.471
11.076     440.005
11.082     440.005
11.088     440.005
11.093     440.005
11.099     437.471
11.105     437.471
11.111     440.005
11.117     440.005
11.122     440.005
11.128     440.005
11.134     437.471
11.140     440.005
11.146     440.005
11.151     437.471
11.157     437.471
11.163     437.471
11.169     440.005
11.175     440.005
11.180     437.471
11.186     440.005
11.192     440.005
11.198     440.005
11.204     437.471
11.209     440.005
11.215     440.005
11.221     440.005
11.227     440.005
11.233     440.005
11.238     440.005
11.244     440.005
11.250     440.005
11.256     440.005
11.262     440.005
11.267     440.005
11.273     440.005
11.279     440.005
11.285     440.005
11.291     440.005
11.297     440.005
11.302     440.005
11.308     440.005
11.314     440.005
11.320     440.005
11.326     440.005
11.331     437.471
11.337     437.471
11.343     440.005
11.349     440.005
11.355     440.005
11.360     440.005
11.366     440.005
11.372     440.005
11.378     440.005
11.384     440.005
11.389     440.005
11.395     440.005
11.401     442.554
11.407     445.118
11.413     437.471
11.418     432.446
11.424     434.951
11.430     434.951
11.436     460.815
11.442     460.815
11.447     463.485
11.453     466.170
11.459     466.170
11.465     466.170
11.471     468.870
11.476     466.170
11.482     466.170
11.488     463.485
11.494     460.815
11.500     460.815
11.505     463.485
11.511     466.170
11.517     466.170
11.523     466.170
11.529     460.815
11.535     460.815
11.540     460.815
11.546     463.485
11.552     466.170
11.558     466.170
11.564     466.170
11.569     463.485
11.575     460.815
11.581     460.815
11.587     463.485
11.593     466.170
11.598     466.170
11.604     466.170
11.610     463.485
11.616     463.485
11.622     463.485
11.627     463.485
11.633     466.170
11.639     466.170
11.645     466.170
11.651     466.170
11.656     463.485
11.662     463.485
11.668     463.485
11.674     463.485
11.680     463.485
11.685     466.170
11.691     466.170
11.697     466.170
11.703     466.170
11.709     466.170
11.714     463.485
11.720     463.485
11.726     463.485
11.732     466.170
11.738     466.170
11.743     466.170
11.749     463.485
11.755     463.485
11.761     463.485
11.767     463.485
11.773     466.170
11.778     466.170
11.784     466.170
11.790     463.485
11.796     463.485
11.802     463.485
11.807     466.170
11.813     466.170
11.819     466.170
11.825     463.485
11.831     463.485
11.836     463.485
11.842     466.170
11.848     466.170
11.854     466.170
11.860     466.170
11.865     463.485
11.871     463.485
11.877     466.170
11.883     466.170
11.889     466.170
11.894     466.170
11.900     463.485
11.906     463.485
11.912     466.170
11.918     466.170
11.923     466.170
11.929     466.170
11.935     463.485
11.941     463.485
11.947     463.485
11.952     466.170
11.958     466.170
11.964     466.170
11.970     466.170
11.976     466.170
11.981     466.170
11.987     466.170
11.993     466.170
11.999     468.870
12.005     468.870
12.011     466.170
12.016     458.161
12.022     452.899
12.028     447.697
12.034     442.554
12.040     437.471
12.045     437.471
12.051     440.005
12.057     442.554
12.063     442.554
12.069     442.554
12.074     440.005
12.080     437.471
12.086     437.471
12.092     437.471
12.098     440.005
12.103     440.005
12.109     440.005
12.115     437.471
12.121     437.471
12.127     437.471
12.132     437.471
12.138     437.471
12.144     437.471
12.150     437.471
12.156     437.471
12.161     437.471
12.167     437.471
12.173     437.471
12.179     437.471
12.185     437.471
12.190     437.471
12.196     437.471
12.202     437.471
12.208     437.471
12.214     437.471
12.220     440.005
12.225     437.471
12.231     440.005
12.237     437.471
12.243     437.471
12.249     437.471
12.254     440.005
12.260     440.005
12.266     440.005
12.272     437.471
12.278     440.005
12.283     437.471
12.289     440.005
12.295     440.005
12.301     440.005
12.307     440.005
12.312     440.005
12.318     437.471
12.324     440.005
12.330     440.005
12.336     440.005
12.341     440.005
12.347     440.005
12.353     437.471
12.359     437.471
12.365     440.005
12.370     440.005
12.376     440.005
12.382     440.005
12.388     440.005
12.394     440.005
12.399     440.005
12.405     440.005
12.411     440.005
12.417     440.005
12.423     440.005
12.428     440.005
12.434     440.005
12.440     440.005
12.446     440.005
12.452     440.005
12.458     440.005
12.463     440.005
12.469     440.005
12.475     440.005
12.481     440.005
12.487     440.005
12.492     440.005
12.498     440.005
12.504     440.005
12.510     440.005
12.516     440.005
12.521     440.005
12.527     440.005
12.533     440.005
12.539     440.005
12.545     440.005
12.550     440.005
12.556     440.005
12.562     440.005
12.568     440.005
12.574     440.005
12.579     440.005
12.585     437.471
12.591     437.471
12.597     440.005
12.603     440.005
12.608     0.000
12.614     0.000
12.620     0.000
12.626     0.000
12.632     0.000
12.637     0.000
12.643     0.000
12.649     0.000
12.655     0.000
12.661     0.000
12.666     0.000
12.672     0.000
12.678     0.000
12.684     130.060
12.690     130.060
12.696     130.813
12.701     130.060
12.707     389.742
12.713     392.000
12.719     392.000
12.725     389.742
12.730     389.742
12.736     389.742
12.742     389.742
12.748     389.742
12.754     387.497
12.759     389.742
12.765     389.742
12.771     389.742
12.777     389.742
12.783     389.742
12.788     392.000
12.794     389.742
12.800     389.742
12.806     389.742
12.812     392.000
12.817     392.000
12.823     389.742
12.829     389.742
12.835     392.000
12.841     392.000
12.846     389.742
12.852     389.742
12.858     392.000
12.864     392.000
12.870     389.742
12.875     389.742
12.881     392.000
12.887     392.000
12.893     392.000
12.899     389.742
12.904     392.000
12.910     392.000
12.916     389.742
12.922     389.742
12.928     392.000
12.934     392.000
12.939     392.000
12.945     389.742
12.951     392.000
12.957     392.000
12.963     392.000
12.968     392.000
12.974     392.000
12.980     392.000
12.986     392.000
12.992     392.000
12.997     392.000
13.003     392.000
13.009     392.000
13.015     392.000
13.021     392.000
13.026     392.000
13.032     392.000
13.038     392.000
13.044     392.000
13.050     392.000
13.055     392.000
13.061     392.000
13.067     392.000
13.073     392.000
13.079     392.000
13.084     392.000
13.090     392.000
13.096     392.000
13.102     392.000
13.108     392.000
13.113     392.000
13.119     392.000
13.125     392.000
13.131     392.000
13.137     392.000
13.142     392.000
13.148     392.000
13.154     392.000
13.160     392.000
13.166     392.000
13.172     392.000
13.177     392.000
13.183     392.000
13.189     389.742
13.195     389.742
13.201     387.497
13.206     383.047
13.212     385.266
13.218     385.266
13.224     387.497
13.230     387.497
13.235     389.742
13.241     389.742
13.247     389.742
13.253     389.742
13.259     389.742
13.264     389.742
13.270     392.000
13.276     389.742
13.282     389.742
13.288     389.742
13.293     389.742
13.299     389.742
13.305     389.742
13.311     389.742
13.317     392.000
13.322     392.000
13.328     389.742
13.334     389.742
13.340     389.742
13.346     389.742
13.351     389.742
13.357     389.742
13.363     389.742
13.369     389.742
13.375     389.742
13.380     389.742
13.386     389.742
13.392     389.742
13.398     389.742
13.404     389.742
13.410     389.742
13.415     389.742
13.421     389.742
13.427     389.742
13.433     389.742
13.439     389.742
13.444     389.742
13.450     392.000
13.456     392.000
13.462     392.000
13.468     392.000
13.473     389.742
13.479     392.000
13.485     392.000
13.491     389.742
13.497     392.000
13.502     392.000
13.508     392.000
13.514     392.000
13.520     392.000
13.526     392.000
13.531     392.000
13.537     392.000
13.543     392.000
13.549     392.000
13.555     392.000
13.560     392.000
13.566     392.000
13.572     392.000
13.578     392.000
13.584     392.000
13.589     392.000
13.595     392.000
13.601     392.000
13.607     392.000
13.613     392.000
13.619     392.000
13.624     392.000
13.630     392.000
13.636     392.000
13.642     392.000
13.648     392.000
13.653     392.000
13.659     392.000
13.665     392.000
13.671     392.000
13.677     392.000
13.682     392.000
13.688     392.000
13.694     392.000
13.700     392.000
13.706     392.000
13.711     392.000
13.717     392.000
13.723     392.000
13.729     392.000
13.735     392.000
13.740     392.000
13.746     392.000
13.752     392.000
13.758     392.000
13.764     392.000
13.769     392.000
13.775     392.000
13.781     392.000
13.787     392.000
13.793     389.742
13.798     389.742
13.804     392.000
13.810     0.000
13.816     0.000
13.822     0.000
13.827     0.000
13.833     0.000
13.839     0.000
13.845     347.221
13.851     347.221
13.857     347.221
13.862     345.221
13.868     347.221
13.874     347.221
13.880     349.232
13.886     349.232
13.891     349.232
13.897     349.232
13.903     347.221
13.909     347.221
13.915     347.221
13.920     347.221
13.926     347.221
13.932     349.232
13.938     349.232
13.944     347.221
13.949     347.221
13.955     347.221
13.961     347.221
13.967     347.221
13.973     347.221
13.978     347.221
13.984     347.221
13.990     347.221
13.996     347.221
14.002     347.221
14.007     347.221
14.013     347.221
14.019     347.221
14.025     347.221
14.031     347.221
14.036     347.221
14.042     347.221
14.048     347.221
14.054     347.221
14.060     347.221
14.065     347.221
14.071     347.221
14.077     347.221
14.083     347.221
14.089     347.221
14.095     347.221
14.100     347.221
14.106     347.221
14.112     347.221
14.118     347.221
14.124     349.232
14.129     347.221
14.135     347.221
14.141     347.221
14.147     347.221
14.153     349.232
14.158     347.221
14.164     347.221
14.170     349.232
14.176     349.232
14.182     349.232
14.187     349.232
14.193     349.232
14.199     349.232
14.205     349.232
14.211     349.232
14.216     349.232
14.222     349.232
14.228     349.232
14.234     349.232
14.240     349.232
14.245     349.232
14.251     349.232
14.257     349.232
14.263     349.232
14.269     349.232
14.274     349.232
14.280     349.232
14.286     349.232
14.292     349.232
14.298     349.232
14.303     349.232
14.309     349.232
14.315     349.232
14.321     349.232
14.327     349.232
14.333     349.232
14.338     349.232
14.344     349.232
14.350     349.232
14.356     349.232
14.362     349.232
14.367     349.232
14.373     349.232
14.379     349.232
14.385     349.232
14.391     349.232
14.396     349.232
14.402     349.232
14.408     349.232
14.414     349.232
14.420     349.232
14.425     349.232
14.431     349.232
14.437     349.232
14.443     349.232
14.449     349.232
14.454     347.221
14.460     347.221
14.466     347.221
14.472     347.221
14.478     347.221
14.483     347.221
14.489     347.221
14.495     347.221
14.501     347.221
14.507     347.221
14.512     349.232
14.518     349.232
14.524     349.232
14.530     349.232
14.536     349.232
14.541     347.221
14.547     349.232
14.553     349.232
14.559     349.232
14.565     349.232
14.571     349.232
14.576     349.232
14.582     349.232
14.588     349.232
14.594     349.232
14.600     349.232
14.605     349.232
14.611     349.232
14.617     349.232
14.623     349.232
14.629     349.232
14.634     349.232
14.640     349.232
14.646     349.232
14.652     349.232
14.658     349.232
14.663     349.232
14.669     349.232
14.675     349.232
14.681     349.232
14.687     349.232
14.692     349.232
14.698     349.232
14.704     349.232
14.710     349.232
14.716     349.232
14.721     349.232
14.727     349.232
14.733     349.232
14.739     349.232
14.745     349.232
14.750     349.232
14.756     349.232
14.762     349.232
14.768     349.232
14.774     349.232
14.780     349.232
14.785     349.232
14.791     349.232
14.797     349.232
14.803     349.232
14.809     349.232
14.814     349.232
14.820     349.232
14.826     349.232
14.832     349.232
14.838     349.232
14.843     349.232
14.849     349.232
14.855     349.232
14.861     349.232
14.867     349.232
14.872     349.232
14.878     349.232
14.884     349.232
14.890     349.232
14.896     349.232
14.901     349.232
14.907     349.232
14.913     349.232
14.919     347.221
14.925     347.221
14.930     349.232
14.936     349.232
14.942     349.232
14.948     349.232
14.954     349.232
14.959     349.232
14.965     349.232
14.971     349.232
14.977     349.232
14.983     349.232
14.988     349.232
14.994     351.255
15.000     351.255
15.006     349.232
15.012     349.232
15.018     347.221
15.023     349.232
15.029     349.232
15.035     349.232
15.041     349.232
15.047     349.232
15.052     349.232
15.058     349.232
15.064     349.232
15.070     349.232
15.076     349.232
15.081     349.232
15.087     349.232
15.093     349.232
15.099     347.221
15.105     349.232
15.110     349.232
15.116     349.232
15.122     347.221
15.128     349.232
15.134     349.232
15.139     349.232
15.145     347.221
15.151     349.232
15.157     349.232
15.163     349.232
15.168     347.221
15.174     349.232
15.180     349.232
15.186     349.232
15.192     347.221
15.197     349.232
15.203     349.232
15.209     349.232
15.215     347.221
15.221     349.232
15.226     349.232
15.232     349.232
15.238     349.232
15.244     349.232
15.250     349.232
15.256     349.232
15.261     347.221
15.267     349.232
15.273     349.232
15.279     349.232
15.285     347.221
15.290     349.232
15.296     349.232
15.302     349.232
15.308     347.221
15.314     349.232
15.319     349.232
15.325     349.232
15.331     347.221
15.337     349.232
15.343     349.232
15.348     349.232
15.354     347.221
15.360     349.232
15.366     349.232
15.372     349.232
15.377     347.221
15.383     349.232
15.389     349.232
15.395     349.232
15.401     349.232
15.406     349.232
15.412     349.232
15.418     349.232
15.424     349.232
15.430     349.232
15.435     349.232
15.441     349.232
15.447     349.232
15.453     349.232
15.459     349.232
15.464     349.232
15.470     349.232
15.476     349.232
15.482     349.232
15.488     349.232
15.494     347.221
15.499     349.232
15.505     349.232
15.511     349.232
15.517     347.221
15.523     349.232
15.528     349.232
15.534     349.232
15.540     347.221
15.546     349.232
15.552     349.232
15.557     349.232
15.563     347.221
15.569     349.232
15.575     349.232
15.581     349.232
15.586     347.221
15.592     349.232
15.598     349.232
15.604     349.232
15.610     349.232
15.615     349.232
15.621     349.232
15.627     349.232
15.633     349.232
15.639     349.232
15.644     349.232
15.650     349.232
15.656     349.232
15.662     349.232
15.668     349.232
15.673     349.232
15.679     349.232
15.685     349.232
15.691     349.232
15.697     349.232
15.702     347.221
15.708     349.232
15.714     349.232
15.720     349.232
15.726     347.221
15.732     349.232
15.737     349.232
15.743     349.232
15.749     347.221
15.755     349.232
15.761     349.232
15.766     349.232
15.772     347.221
15.778     349.232
15.784     349.232
15.790     349.232
15.795     349.232
15.801     349.232
15.807     349.232
15.813     349.232
15.819     349.232
15.824     349.232
15.830     349.232
15.836     349.232
15.842     349.232
15.848     349.232
15.853     349.232
15.859     349.232
15.865     349.232
15.871     349.232
15.877     349.232
15.882     349.232
15.888     349.232
15.894     349.232
15.900     349.232
15.906     349.232
15.911     347.221
15.917     349.232
15.923     349.232
15.929     349.232
15.935     347.221
15.940     349.232
15.946     349.232
15.952     349.232
15.958     347.221
15.964     349.232
15.970     349.232
15.975     349.232
15.981     349.232
15.987     349.232
15.993     349.232
15.999     349.232
16.004     349.232
16.010     349.232
16.016     349.232
16.022     349.232
16.028     349.232
16.033     349.232
16.039     349.232
16.045     349.232
16.051     349.232
16.057     349.232
16.062     349.232
16.068     349.232
16.074     349.232
16.080     349.232
16.086     349.232
16.091     349.232
16.097     349.232
16.103     349.232
16.109     349.232
16.115     349.232
16.120     347.221
16.126     349.232
16.132     349.232
16.138     349.232
16.144     347.221
16.149     349.232
16.155     349.232
16.161     349.232
16.167     347.221
16.173     349.232
16.179     349.232
16.184     349.232
16.190     347.221
16.196     349.232
16.202     349.232
16.208     349.232
16.213     0.000
16.219     0.000
16.225     0.000
16.231     0.000
16.237     0.000
16.242     0.000
16.248     0.000
16.254     0.000
16.260     0.000
16.266     0.000
16.271     0.000
16.277     0.000
16.283     0.000
16.289     0.000
16.295     0.000
16.300     0.000
16.306     0.000
16.312     0.000
16.318     0.000
16.324     0.000
16.329     0.000
16.335     0.000
16.341     0.000
16.347     0.000
16.353     0.000
16.358     0.000
16.364     0.000
16.370     0.000
16.376     0.000
16.382     0.000
16.387     0.000
16.393     0.000
16.399     0.000
16.405     0.000
16.411     0.000
16.417     0.000
16.422     0.000
16.428     0.000
16.434     0.000
16.440     0.000
16.446     0.000
16.451     0.000
16.457     0.000
16.463     0.000
16.469     0.000
16.475     0.000
16.480     0.000
16.486     0.000
16.492     0.000
16.498     0.000
16.504     0.000
16.509     0.000
16.515     0.000
16.521     0.000
16.527     0.000
16.533     0.000
16.538     0.000
16.544     0.000
16.550     0.000
16.556     0.000
16.562     0.000
16.567     0.000
16.573     0.000
16.579     0.000
16.585     0.000
16.591     0.000
16.596     0.000
16.602     0.000
16.608     0.000
16.614     0.000
16.620     0.000
