0.000     0.000
0.006     0.000
0.012     0.000
0.017     0.000
0.023     0.000
0.029     0.000
0.035     0.000
0.041     0.000
0.046     0.000
0.052     0.000
0.058     0.000
0.064     0.000
0.070     87.307
0.075     91.436
0.081     93.035
0.087     94.661
0.093     96.316
0.099     98.567
0.104     100.290
0.110     99.712
0.116     96.316
0.122     93.035
0.128     92.499
0.134     95.209
0.139     96.874
0.145     97.435
0.151     98.567
0.157     97.999
0.163     97.435
0.168     96.316
0.174     96.874
0.180     97.999
0.186     97.435
0.192     97.435
0.197     97.435
0.203     97.435
0.209     97.435
0.215     97.999
0.221     98.567
0.226     97.435
0.232     97.435
0.238     97.435
0.244     96.874
0.250     96.874
0.255     97.435
0.261     97.999
0.267     97.999
0.273     97.999
0.279     97.435
0.284     96.874
0.290     96.874
0.296     97.435
0.302     97.435
0.308     98.567
0.313     97.999
0.319     99.138
0.325     99.712
0.331     100.871
0.337     96.316
0.342     95.761
0.348     96.316
0.354     96.874
0.360     97.999
0.366     97.999
0.372     97.999
0.377     99.138
0.383     99.138
0.389     97.435
0.395     96.874
0.401     96.874
0.406     97.435
0.412     96.874
0.418     97.999
0.424     98.567
0.430     98.567
0.435     98.567
0.441     97.999
0.447     97.435
0.453     97.435
0.459     97.435
0.464     97.435
0.470     97.435
0.476     97.999
0.482     99.712
0.488     98.567
0.493     97.435
0.499     96.874
0.505     97.435
0.511     97.999
0.517     97.999
0.522     97.999
0.528     97.999
0.534     97.435
0.540     97.999
0.546     97.999
0.551     96.874
0.557     96.874
0.563     97.999
0.569     98.567
0.575     97.999
0.580     97.435
0.586     97.435
0.592     97.435
0.598     97.435
0.604     99.138
0.610     99.712
0.615     932.343
0.621     926.973
0.627     932.343
0.633     932.343
0.639     932.343
0.644     932.343
0.650     932.343
0.656     932.343
0.662     932.343
0.668     932.343
0.673     932.343
0.679     932.343
0.685     932.343
0.691     932.343
0.697     932.343
0.702     932.343
0.708     932.343
0.714     932.343
0.720     932.343
0.726     932.343
0.731     932.343
0.737     932.343
0.743     932.343
0.749     932.343
0.755     932.343
0.760     932.343
0.766     932.343
0.772     937.744
0.778     932.343
0.784     937.744
0.789     932.343
0.795     932.343
0.801     932.343
0.807     932.343
0.813     932.343
0.819     932.343
0.824     932.343
0.830     932.343
0.836     937.744
0.842     937.744
0.848     932.343
0.853     932.343
0.859     932.343
0.865     932.343
0.871     932.343
0.877     932.343
0.882     932.343
0.888     932.343
0.894     932.343
0.900     932.343
0.906     880.014
0.911     880.014
0.917     880.014
0.923     880.014
0.929     880.014
0.935     880.014
0.940     880.014
0.946     880.014
0.952     880.014
0.958     880.014
0.964     880.014
0.969     880.014
0.975     885.112
0.981     880.014
0.987     880.014
0.993     880.014
0.998     880.014
1.004     880.014
1.010     880.014
1.016     885.112
1.022     880.014
1.027     880.014
1.033     880.014
1.039     0.000
1.045     0.000
1.051     0.000
1.057     0.000
1.062     0.000
1.068     0.000
1.074     0.000
1.080     0.000
1.086     0.000
1.091     0.000
1.097     0.000
1.103     0.000
1.109     0.000
1.115     0.000
1.120     0.000
1.126     0.000
1.132     0.000
1.138     0.000
1.144     0.000
1.149     0.000
1.155     0.000
1.161     0.000
1.167     0.000
1.173     0.000
1.178     0.000
1.184     0.000
1.190     0.000
1.196     0.000
1.202     0.000
1.207     0.000
1.213     0.000
1.219     0.000
1.225     0.000
1.231     0.000
1.236     0.000
1.242     0.000
1.248     0.000
1.254     0.000
1.260     0.000
1.265     0.000
1.271     0.000
1.277     0.000
1.283     0.000
1.289     0.000
1.295     0.000
1.300     784.003
1.306     784.003
1.312     784.003
1.318     784.003
1.324     784.003
1.329     784.003
1.335     784.003
1.341     784.003
1.347     784.003
1.353     784.003
1.358     788.545
1.364     784.003
1.370     784.003
1.376     784.003
1.382     784.003
1.387     784.003
1.393     784.003
1.399     784.003
1.405     784.003
1.411     788.545
1.416     788.545
1.422     788.545
1.428     788.545
1.434     784.003
1.440     788.545
1.445     784.003
1.451     784.003
1.457     784.003
1.463     784.003
1.469     784.003
1.474     784.003
1.480     784.003
1.486     784.003
1.492     784.003
1.498     779.488
1.503     784.003
1.509     784.003
1.515     784.003
1.521     784.003
1.527     583.955
1.533     587.338
1.538     587.338
1.544     587.338
1.550     587.338
1.556     587.338
1.562     587.338
1.567     587.338
1.573     583.955
1.579     583.955
1.585     583.955
1.591     583.955
1.596     583.955
1.602     583.955
1.608     583.955
1.614     583.955
1.620     583.955
1.625     583.955
1.631     587.338
1.637     587.338
1.643     583.955
1.649     587.338
1.654     587.338
1.660     587.338
1.666     587.338
1.672     587.338
1.678     587.338
1.683     587.338
1.689     587.338
1.695     587.338
1.701     587.338
1.707     587.338
1.712     587.338
1.718     587.338
1.724     587.338
1.730     587.338
1.736     587.338
1.741     587.338
1.747     587.338
1.753     587.338
1.759     587.338
1.765     587.338
1.771     587.338
1.776     587.338
1.782     587.338
1.788     587.338
1.794     587.338
1.800     587.338
1.805     583.955
1.811     580.592
1.817     580.592
1.823     587.338
1.829     587.338
1.834     590.740
1.840     587.338
1.846     587.338
1.852     587.338
1.858     587.338
1.863     583.955
1.869     580.592
1.875     583.955
1.881     583.955
1.887     583.955
1.892     583.955
1.898     587.338
1.904     587.338
1.910     587.338
1.916     587.338
1.921     587.338
1.927     587.338
1.933     587.338
1.939     587.338
1.945     587.338
1.950     583.955
1.956     587.338
1.962     587.338
1.968     587.338
1.974     587.338
1.980     587.338
1.985     587.338
1.991     587.338
1.997     587.338
2.003     590.740
2.009     590.740
2.014     587.338
2.020     587.338
2.026     587.338
2.032     587.338
2.038     587.338
2.043     587.338
2.049     587.338
2.055     587.338
2.061     587.338
2.067     587.338
2.072     583.955
2.078     583.955
2.084     583.955
2.090     583.955
2.096     583.955
2.101     583.955
2.107     587.338
2.113     587.338
2.119     583.955
2.125     523.258
2.130     523.258
2.136     523.258
2.142     523.258
2.148     523.258
2.154     523.258
2.159     523.258
2.165     523.258
2.171     523.258
2.177     523.258
2.183     523.258
2.188     520.244
2.194     520.244
2.200     520.244
2.206     520.244
2.212     520.244
2.218     520.244
2.223     520.244
2.229     520.244
2.235     520.244
2.241     520.244
2.247     520.244
2.252     520.244
2.258     520.244
2.264     520.244
2.270     523.258
2.276     523.258
2.281     523.258
2.287     523.258
2.293     523.258
2.299     0.000
2.305     0.000
2.310     0.000
2.316     0.000
2.322     0.000
2.328     0.000
2.334     0.000
2.339     0.000
2.345     0.000
2.351     0.000
2.357     0.000
2.363     0.000
2.368     0.000
2.374     0.000
2.380     0.000
2.386     0.000
2.392     0.000
2.397     0.000
2.403     0.000
2.409     0.000
2.415     0.000
2.421     103.229
2.426     96.316
2.432     90.386
2.438     83.848
2.444     84.822
2.450     82.884
2.456     523.258
2.461     523.258
2.467     523.258
2.473     523.258
2.479     520.244
2.485     520.244
2.490     520.244
2.496     520.244
2.502     520.244
2.508     520.244
2.514     520.244
2.519     520.244
2.525     520.244
2.531     520.244
2.537     520.244
2.543     520.244
2.548     520.244
2.554     520.244
2.560     520.244
2.566     520.244
2.572     520.244
2.577     523.258
2.583     523.258
2.589     523.258
2.595     523.258
2.601     523.258
2.606     523.258
2.612     523.258
2.618     523.258
2.624     523.258
2.630     523.258
2.635     523.258
2.641     526.289
2.647     523.258
2.653     523.258
2.659     523.258
2.664     523.258
2.670     523.258
2.676     523.258
2.682     523.258
2.688     523.258
2.694     523.258
2.699     523.258
2.705     523.258
2.711     526.289
2.717     526.289
2.723     523.258
2.728     523.258
2.734     523.258
2.740     523.258
2.746     523.258
2.752     523.258
2.757     520.244
2.763     523.258
2.769     523.258
2.775     523.258
2.781     523.258
2.786     523.258
2.792     523.258
2.798     523.258
2.804     523.258
2.810     520.244
2.815     520.244
2.821     517.248
2.827     517.248
2.833     517.248
2.839     520.244
2.844     520.244
2.850     523.258
2.856     523.258
2.862     523.258
2.868     523.258
2.873     523.258
2.879     523.258
2.885     523.258
2.891     523.258
2.897     523.258
2.902     523.258
2.908     523.258
2.914     523.258
2.920     523.258
2.926     523.258
2.932     523.258
2.937     523.258
2.943     523.258
2.949     526.289
2.955     526.289
2.961     526.289
2.966     526.289
2.972     0.000
2.978     0.000
2.984     0.000
2.990     0.000
2.995     0.000
3.001     0.000
3.007     0.000
3.013     0.000
3.019     0.000
3.024     0.000
3.030     0.000
3.036     0.000
3.042     0.000
3.048     0.000
3.053     0.000
3.059     0.000
3.065     0.000
3.071     0.000
3.077     0.000
3.082     0.000
3.088     0.000
3.094     0.000
3.100     0.000
3.106     0.000
3.111     0.000
3.117     0.000
3.123     0.000
3.129     0.000
3.135     0.000
3.140     0.000
3.146     0.000
3.152     0.000
3.158     0.000
3.164     0.000
3.170     0.000
3.175     0.000
3.181     0.000
3.187     0.000
3.193     0.000
3.199     0.000
3.204     0.000
3.210     0.000
3.216     0.000
3.222     0.000
3.228     0.000
3.233     0.000
3.239     0.000
3.245     0.000
3.251     0.000
3.257     0.000
3.262     0.000
3.268     0.000
3.274     0.000
3.280     0.000
3.286     0.000
3.291     0.000
3.297     0.000
3.303     0.000
3.309     517.248
3.315     520.244
3.320     523.258
3.326     523.258
3.332     523.258
3.338     523.258
3.344     523.258
3.349     523.258
3.355     523.258
3.361     523.258
3.367     523.258
3.373     520.244
3.379     520.244
3.384     520.244
3.390     520.244
3.396     520.244
3.402     520.244
3.408     520.244
3.413     520.244
3.419     520.244
3.425     520.244
3.431     517.248
3.437     520.244
3.442     520.244
3.448     517.248
3.454     520.244
3.460     523.258
3.466     523.258
3.471     523.258
3.477     523.258
3.483     523.258
3.489     523.258
3.495     523.258
3.500     523.258
3.506     523.258
3.512     523.258
3.518     523.258
3.524     523.258
3.529     523.258
3.535     523.258
3.541     523.258
3.547     523.258
3.553     523.258
3.558     523.258
3.564     523.258
3.570     523.258
3.576     523.258
3.582     523.258
3.587     523.258
3.593     526.289
3.599     523.258
3.605     523.258
3.611     523.258
3.617     523.258
3.622     0.000
3.628     0.000
3.634     0.000
3.640     0.000
3.646     0.000
3.651     0.000
3.657     0.000
3.663     0.000
3.669     0.000
3.675     0.000
3.680     0.000
3.686     0.000
3.692     0.000
3.698     0.000
3.704     0.000
3.709     0.000
3.715     0.000
3.721     0.000
3.727     0.000
3.733     523.258
3.738     523.258
3.744     523.258
3.750     523.258
3.756     523.258
3.762     523.258
3.767     523.258
3.773     523.258
3.779     523.258
3.785     523.258
3.791     523.258
3.796     523.258
3.802     523.258
3.808     523.258
3.814     523.258
3.820     523.258
3.825     523.258
3.831     526.289
3.837     526.289
3.843     526.289
3.849     526.289
3.855     0.000
3.860     0.000
3.866     0.000
3.872     0.000
3.878     0.000
3.884     0.000
3.889     0.000
3.895     0.000
3.901     0.000
3.907     0.000
3.913     0.000
3.918     0.000
3.924     587.338
3.930     587.338
3.936     587.338
3.942     587.338
3.947     587.338
3.953     587.338
3.959     587.338
3.965     587.338
3.971     587.338
3.976     587.338
3.982     583.955
3.988     583.955
3.994     583.955
4.000     583.955
4.005     583.955
4.011     583.955
4.017     583.955
4.023     583.955
4.029     587.338
4.034     587.338
4.040     583.955
4.046     587.338
4.052     587.338
4.058     587.338
4.063     587.338
4.069     587.338
4.075     587.338
4.081     587.338
4.087     587.338
4.093     583.955
4.098     583.955
4.104     583.955
4.110     587.338
4.116     587.338
4.122     587.338
4.127     587.338
4.133     587.338
4.139     587.338
4.145     587.338
4.151     587.338
4.156     587.338
4.162     587.338
4.168     587.338
4.174     587.338
4.180     587.338
4.185     587.338
4.191     583.955
4.197     587.338
4.203     587.338
4.209     590.740
4.214     587.338
4.220     583.955
4.226     577.247
4.232     580.592
4.238     583.955
4.243     587.338
4.249     587.338
4.255     587.338
4.261     583.955
4.267     583.955
4.272     580.592
4.278     580.592
4.284     580.592
4.290     583.955
4.296     583.955
4.301     587.338
4.307     587.338
4.313     587.338
4.319     587.338
4.325     587.338
4.331     587.338
4.336     587.338
4.342     587.338
4.348     587.338
4.354     587.338
4.360     587.338
4.365     587.338
4.371     587.338
4.377     587.338
4.383     587.338
4.389     587.338
4.394     587.338
4.400     587.338
4.406     587.338
4.412     587.338
4.418     587.338
4.423     587.338
4.429     587.338
4.435     587.338
4.441     587.338
4.447     587.338
4.452     587.338
4.458     587.338
4.464     587.338
4.470     587.338
4.476     587.338
4.481     587.338
4.487     587.338
4.493     587.338
4.499     583.955
4.505     583.955
4.510     583.955
4.516     583.955
4.522     0.000
4.528     0.000
4.534     0.000
4.540     0.000
4.545     0.000
4.551     0.000
4.557     0.000
4.563     0.000
4.569     0.000
4.574     0.000
4.580     0.000
4.586     0.000
4.592     0.000
4.598     0.000
4.603     0.000
4.609     0.000
4.615     0.000
4.621     0.000
4.627     0.000
4.632     0.000
4.638     0.000
4.644     0.000
4.650     0.000
4.656     0.000
4.661     0.000
4.667     0.000
4.673     0.000
4.679     0.000
4.685     0.000
4.690     0.000
4.696     0.000
4.702     0.000
4.708     0.000
4.714     0.000
4.719     0.000
4.725     0.000
4.731     0.000
4.737     0.000
4.743     0.000
4.748     0.000
4.754     0.000
4.760     0.000
4.766     0.000
4.772     0.000
4.778     0.000
4.783     0.000
4.789     0.000
4.795     0.000
4.801     0.000
4.807     0.000
4.812     0.000
4.818     0.000
4.824     0.000
4.830     0.000
4.836     0.000
4.841     0.000
4.847     0.000
4.853     0.000
4.859     0.000
4.865     0.000
4.870     0.000
4.876     0.000
4.882     0.000
4.888     0.000
4.894     0.000
4.899     0.000
4.905     0.000
4.911     0.000
4.917     0.000
4.923     0.000
4.928     0.000
4.934     0.000
4.940     0.000
4.946     0.000
4.952     0.000
4.957     0.000
4.963     0.000
4.969     0.000
4.975     0.000
4.981     0.000
4.986     0.000
4.992     0.000
4.998     0.000
5.004     0.000
5.010     0.000
5.016     0.000
5.021     0.000
5.027     0.000
5.033     0.000
5.039     0.000
5.045     0.000
5.050     0.000
5.056     0.000
5.062     0.000
5.068     0.000
5.074     0.000
5.079     0.000
5.085     0.000
5.091     0.000
5.097     0.000
5.103     0.000
5.108     0.000
5.114     0.000
5.120     0.000
5.126     0.000
5.132     0.000
5.137     0.000
5.143     0.000
5.149     0.000
5.155     0.000
5.161     0.000
5.166     0.000
5.172     0.000
5.178     0.000
5.184     0.000
5.190     0.000
5.195     0.000
5.201     0.000
5.207     0.000
5.213     0.000
5.219     0.000
5.224     0.000
5.230     0.000
5.236     0.000
5.242     0.000
5.248     0.000
5.254     0.000
5.259     0.000
5.265     0.000
5.271     0.000
5.277     0.000
5.283     0.000
5.288     0.000
5.294     0.000
5.300     0.000
5.306     0.000
5.312     0.000
5.317     0.000
5.323     0.000
5.329     0.000
5.335     0.000
5.341     0.000
5.346     0.000
5.352     0.000
5.358     0.000
5.364     0.000
5.370     0.000
5.375     0.000
5.381     0.000
5.387     0.000
5.393     0.000
5.399     0.000
5.404     0.000
5.410     0.000
5.416     0.000
5.422     784.003
5.428     784.003
5.433     784.003
5.439     784.003
5.445     784.003
5.451     784.003
5.457     784.003
5.462     784.003
5.468     784.003
5.474     784.003
5.480     784.003
5.486     784.003
5.492     784.003
5.497     784.003
5.503     784.003
5.509     784.003
5.515     784.003
5.521     784.003
5.526     784.003
5.532     784.003
5.538     784.003
5.544     784.003
5.550     784.003
5.555     784.003
5.561     784.003
5.567     784.003
5.573     784.003
5.579     784.003
5.584     784.003
5.590     784.003
5.596     784.003
5.602     788.545
5.608     0.000
5.613     0.000
5.619     0.000
5.625     0.000
5.631     0.000
5.637     0.000
5.642     0.000
5.648     0.000
5.654     0.000
5.660     0.000
5.666     0.000
5.671     0.000
5.677     0.000
5.683     0.000
5.689     0.000
5.695     874.946
5.700     874.946
5.706     880.014
5.712     880.014
5.718     880.014
5.724     874.946
5.730     880.014
5.735     880.014
5.741     880.014
5.747     880.014
5.753     880.014
5.759     880.014
5.764     880.014
5.770     880.014
5.776     885.112
5.782     880.014
5.788     880.014
5.793     880.014
5.799     880.014
5.805     880.014
5.811     880.014
5.817     880.014
5.822     880.014
5.828     880.014
5.834     880.014
5.840     880.014
5.846     880.014
5.851     880.014
5.857     880.014
5.863     880.014
5.869     885.112
5.875     0.000
5.880     0.000
5.886     0.000
5.892     0.000
5.898     0.000
5.904     0.000
5.909     0.000
5.915     0.000
5.921     0.000
5.927     0.000
5.933     0.000
5.939     0.000
5.944     0.000
5.950     0.000
5.956     0.000
5.962     0.000
5.968     0.000
5.973     0.000
5.979     0.000
5.985     0.000
5.991     0.000
5.997     0.000
6.002     0.000
6.008     921.634
6.014     932.343
6.020     932.343
6.026     932.343
6.031     932.343
6.037     926.973
6.043     932.343
6.049     932.343
6.055     932.343
6.060     932.343
6.066     932.343
6.072     932.343
6.078     932.343
6.084     932.343
6.089     932.343
6.095     932.343
6.101     932.343
6.107     932.343
6.113     932.343
6.118     932.343
6.124     932.343
6.130     932.343
6.136     932.343
6.142     932.343
6.147     932.343
6.153     932.343
6.159     932.343
6.165     932.343
6.171     937.744
6.177     937.744
6.182     932.343
6.188     932.343
6.194     932.343
6.200     932.343
6.206     932.343
6.211     932.343
6.217     932.343
6.223     932.343
6.229     937.744
6.235     937.744
6.240     937.744
6.246     932.343
6.252     932.343
6.258     932.343
6.264     932.343
6.269     932.343
6.275     932.343
6.281     932.343
6.287     932.343
6.293     0.000
6.298     1046.520
6.304     1046.520
6.310     1046.520
6.316     1046.520
6.322     1046.520
6.327     1046.520
6.333     1046.520
6.339     1046.520
6.345     1046.520
6.351     1046.520
6.356     1046.520
6.362     1052.583
6.368     1046.520
6.374     1046.520
6.380     1046.520
6.385     1046.520
6.391     1046.520
6.397     1052.583
6.403     1046.520
6.409     1046.520
6.415     1046.520
6.420     1046.520
6.426     1046.520
6.432     1046.520
6.438     1052.583
6.444     1052.583
6.449     1046.520
6.455     1046.520
6.461     1046.520
6.467     1046.520
6.473     1046.520
6.478     1046.520
6.484     1046.520
6.490     1046.520
6.496     1046.520
6.502     1052.583
6.507     1046.520
6.513     1046.520
6.519     1046.520
6.525     1046.520
6.531     1046.520
6.536     1046.520
6.542     1046.520
6.548     1046.520
6.554     1046.520
6.560     1052.583
6.565     1052.583
6.571     1052.583
6.577     1052.583
6.583     1052.583
6.589     1052.583
6.594     1052.583
6.600     1052.583
6.606     1046.520
6.612     1046.520
6.618     1046.520
6.623     880.014
6.629     880.014
6.635     880.014
6.641     880.014
6.647     880.014
6.653     880.014
6.658     880.014
6.664     880.014
6.670     880.014
6.676     880.014
6.682     880.014
6.687     885.112
6.693     880.014
6.699     880.014
6.705     880.014
6.711     880.014
6.716     880.014
6.722     880.014
6.728     880.014
6.734     880.014
6.740     880.014
6.745     880.014
6.751     880.014
6.757     880.014
6.763     880.014
6.769     880.014
6.774     880.014
6.780     885.112
6.786     880.014
6.792     885.112
6.798     880.014
6.803     880.014
6.809     880.014
6.815     880.014
6.821     784.003
6.827     784.003
6.832     784.003
6.838     784.003
6.844     784.003
6.850     784.003
6.856     784.003
6.861     784.003
6.867     784.003
6.873     784.003
6.879     784.003
6.885     784.003
6.891     784.003
6.896     784.003
6.902     784.003
6.908     784.003
6.914     784.003
6.920     784.003
6.925     784.003
6.931     784.003
6.937     784.003
6.943     784.003
6.949     788.545
6.954     784.003
6.960     784.003
6.966     784.003
6.972     784.003
6.978     784.003
6.983     784.003
6.989     784.003
6.995     784.003
7.001     788.545
7.007     788.545
7.012     788.545
7.018     788.545
7.024     784.003
7.030     784.003
7.036     784.003
7.041     784.003
7.047     784.003
7.053     784.003
7.059     784.003
7.065     784.003
7.070     779.488
7.076     784.003
7.082     784.003
7.088     779.488
7.094     784.003
7.100     784.003
7.105     784.003
7.111     784.003
7.117     784.003
7.123     784.003
7.129     784.003
7.134     784.003
7.140     784.003
7.146     784.003
7.152     784.003
7.158     784.003
7.163     788.545
7.169     788.545
7.175     788.545
7.181     788.545
7.187     788.545
7.192     788.545
7.198     784.003
7.204     784.003
7.210     784.003
7.216     0.000
7.221     0.000
7.227     0.000
7.233     0.000
7.239     0.000
7.245     0.000
7.250     0.000
7.256     0.000
7.262     0.000
7.268     0.000
7.274     0.000
7.279     0.000
7.285     0.000
7.291     0.000
7.297     0.000
7.303     0.000
7.308     0.000
7.314     0.000
7.320     0.000
7.326     0.000
7.332     0.000
7.338     0.000
7.343     0.000
7.349     0.000
7.355     0.000
7.361     0.000
7.367     0.000
7.372     0.000
7.378     0.000
7.384     0.000
7.390     0.000
7.396     0.000
7.401     0.000
7.407     0.000
7.413     0.000
7.419     0.000
7.425     0.000
7.430     0.000
7.436     0.000
7.442     0.000
7.448     0.000
7.454     0.000
7.459     0.000
7.465     0.000
7.471     0.000
7.477     0.000
7.483     0.000
7.488     0.000
7.494     0.000
7.500     0.000
7.506     0.000
7.512     0.000
7.517     0.000
7.523     0.000
7.529     0.000
7.535     0.000
7.541     0.000
7.546     0.000
7.552     0.000
7.558     0.000
7.564     0.000
7.570     0.000
7.576     0.000
7.581     0.000
7.587     0.000
7.593     0.000
7.599     0.000
7.605     0.000
7.610     0.000
7.616     0.000
7.622     0.000
7.628     0.000
7.634     0.000
7.639     0.000
7.645     0.000
7.651     0.000
7.657     0.000
7.663     0.000
7.668     0.000
7.674     0.000
7.680     0.000
7.686     0.000
7.692     0.000
7.697     0.000
7.703     0.000
7.709     0.000
7.715     0.000
7.721     0.000
7.726     0.000
7.732     0.000
7.738     0.000
7.744     0.000
7.750     0.000
7.755     0.000
7.761     0.000
7.767     0.000
7.773     0.000
7.779     0.000
7.784     0.000
7.790     0.000
7.796     0.000
7.802     0.000
7.808     0.000
7.814     0.000
7.819     0.000
7.825     0.000
7.831     0.000
7.837     0.000
7.843     0.000
7.848     0.000
7.854     0.000
7.860     0.000
7.866     0.000
7.872     0.000
7.877     0.000
7.883     0.000
7.889     0.000
7.895     0.000
7.901     0.000
7.906     0.000
7.912     0.000
7.918     0.000
7.924     0.000
7.930     0.000
7.935     0.000
7.941     0.000
7.947     0.000
7.953     0.000
7.959     0.000
7.964     0.000
7.970     0.000
7.976     0.000
7.982     0.000
7.988     0.000
7.993     0.000
7.999     0.000
8.005     0.000
8.011     0.000
8.017     0.000
8.022     0.000
8.028     0.000
8.034     0.000
8.040     0.000
8.046     0.000
8.052     0.000
8.057     0.000
8.063     0.000
8.069     0.000
8.075     0.000
8.081     0.000
8.086     0.000
8.092     0.000
8.098     0.000
8.104     0.000
8.110     291.976
8.115     290.295
8.121     291.976
8.127     293.668
8.133     293.668
8.139     295.369
8.144     295.369
8.150     295.369
8.156     295.369
8.162     97.999
8.168     97.435
8.173     97.435
8.179     97.435
8.185     97.999
8.191     97.999
8.197     97.999
8.202     97.435
8.208     98.567
8.214     97.999
8.220     98.567
8.226     96.874
8.231     97.999
8.237     96.874
8.243     96.874
8.249     97.435
8.255     97.999
8.260     98.567
8.266     97.999
8.272     97.999
8.278     97.999
8.284     97.999
8.290     97.999
8.295     97.435
8.301     97.435
8.307     97.435
8.313     97.999
8.319     97.999
8.324     98.567
8.330     97.999
8.336     97.999
8.342     97.435
8.348     97.435
8.353     97.435
8.359     97.435
8.365     97.999
8.371     97.999
8.377     97.999
8.382     97.435
8.388     96.874
8.394     96.316
8.400     95.761
8.406     95.761
8.411     97.435
8.417     94.116
8.423     93.574
8.429     90.386
8.435     86.804
8.440     84.822
8.446     84.333
8.452     84.822
8.458     86.804
8.464     91.436
8.469     98.567
8.475     97.435
8.481     96.874
8.487     97.435
8.493     97.435
8.499     97.435
8.504     97.435
8.510     96.874
8.516     97.999
8.522     97.999
8.528     98.567
8.533     96.316
8.539     95.761
8.545     96.316
8.551     97.435
8.557     97.999
8.562     97.999
8.568     97.435
8.574     97.999
8.580     97.999
8.586     97.999
8.591     97.999
8.597     96.874
8.603     97.435
8.609     97.435
8.615     97.435
8.620     97.999
8.626     98.567
8.632     98.567
8.638     98.567
8.644     97.999
8.649     97.435
8.655     97.435
8.661     97.435
8.667     97.999
8.673     97.999
8.678     97.999
8.684     97.999
8.690     97.999
8.696     97.435
8.702     96.874
8.707     96.874
8.713     97.435
8.719     98.567
8.725     98.567
8.731     97.999
8.737     97.999
8.742     97.435
8.748     97.435
8.754     97.435
8.760     97.435
8.766     97.999
8.771     97.435
8.777     97.435
8.783     97.999
8.789     97.999
8.795     97.999
8.800     97.999
8.806     97.435
8.812     97.435
8.818     97.999
8.824     97.999
8.829     97.999
8.835     97.435
8.841     97.999
8.847     97.999
8.853     97.999
8.858     97.435
8.864     97.999
8.870     97.999
8.876     98.567
8.882     97.999
8.887     97.435
8.893     97.435
8.899     97.999
8.905     98.567
8.911     97.999
8.916     97.435
8.922     97.999
8.928     98.567
8.934     98.567
8.940     97.999
8.945     97.435
8.951     97.435
8.957     97.999
8.963     97.999
8.969     97.999
8.975     97.999
8.980     97.999
8.986     98.567
8.992     97.999
8.998     97.435
9.004     99.138
9.009     97.435
9.015     96.316
9.021     95.761
9.027     96.874
9.033     97.999
9.038     99.138
9.044     99.712
9.050     99.712
9.056     97.999
9.062     97.435
9.067     91.436
9.073     95.209
9.079     97.435
9.085     99.138
9.091     99.138
9.096     99.138
9.102     97.999
9.108     96.316
9.114     96.316
9.120     97.435
9.125     98.567
9.131     98.567
9.137     98.567
9.143     97.999
9.149     97.435
9.154     96.874
9.160     97.435
9.166     97.435
9.172     97.435
9.178     97.435
9.183     97.435
9.189     97.999
9.195     97.999
9.201     97.999
9.207     97.999
9.213     97.435
9.218     97.435
9.224     97.435
9.230     97.999
9.236     97.999
9.242     97.999
9.247     97.999
9.253     97.999
9.259     97.999
9.265     97.999
9.271     97.999
9.276     97.999
9.282     97.999
9.288     97.999
9.294     97.999
9.300     97.435
9.305     99.138
9.311     104.428
9.317     100.290
9.323     95.209
9.329     0.000
9.334     0.000
9.340     0.000
9.346     0.000
9.352     0.000
9.358     0.000
9.363     0.000
9.369     0.000
9.375     0.000
9.381     0.000
9.387     0.000
9.392     0.000
9.398     0.000
9.404     0.000
9.410     0.000
9.416     0.000
9.421     0.000
9.427     0.000
9.433     0.000
9.439     0.000
9.445     0.000
9.451     0.000
9.456     0.000
9.462     0.000
9.468     0.000
9.474     0.000
9.480     0.000
9.485     0.000
9.491     0.000
9.497     0.000
9.503     0.000
9.509     0.000
9.514     0.000
9.520     0.000
9.526     0.000
9.532     0.000
9.538     0.000
9.543     0.000
9.549     0.000
9.555     0.000
9.561     0.000
9.567     0.000
9.572     0.000
9.578     0.000
9.584     0.000
9.590     0.000
9.596     0.000
9.601     0.000
9.607     0.000
9.613     0.000
9.619     0.000
9.625     0.000
9.630     0.000
9.636     0.000
9.642     0.000
9.648     0.000
9.654     0.000
9.660     0.000
9.665     0.000
9.671     0.000
9.677     0.000
9.683     0.000
9.689     0.000
9.694     0.000
9.700     0.000
9.706     0.000
9.712     0.000
9.718     0.000
9.723     0.000
9.729     0.000
9.735     0.000
9.741     0.000
9.747     0.000
9.752     0.000
9.758     0.000
9.764     0.000
9.770     0.000
9.776     0.000
9.781     0.000
9.787     0.000
9.793     0.000
9.799     0.000
9.805     0.000
9.810     0.000
9.816     0.000
9.822     0.000
9.828     0.000
9.834     0.000
9.839     0.000
9.845     0.000
9.851     0.000
9.857     0.000
9.863     0.000
9.868     0.000
9.874     0.000
9.880     0.000
9.886     0.000
9.892     0.000
9.898     0.000
9.903     0.000
9.909     0.000
9.915     0.000
9.921     0.000
9.927     0.000
9.932     0.000
9.938     0.000
9.944     0.000
9.950     0.000
9.956     0.000
9.961     0.000
9.967     0.000
9.973     0.000
9.979     0.000
9.985     0.000
9.990     0.000
9.996     0.000
10.002     0.000
10.008     0.000
10.014     0.000
10.019     0.000
10.025     0.000
10.031     0.000
10.037     0.000
10.043     0.000
10.048     0.000
10.054     0.000
10.060     0.000
10.066     0.000
10.072     0.000
10.077     0.000
10.083     0.000
10.089     0.000
10.095     0.000
10.101     0.000
10.106     0.000
10.112     0.000
10.118     0.000
10.124     0.000
10.130     0.000
10.136     0.000
10.141     0.000
10.147     0.000
10.153     0.000
10.159     0.000
10.165     0.000
10.170     0.000
10.176     0.000
10.182     0.000
10.188     0.000
10.194     0.000
10.199     0.000
10.205     0.000
10.211     0.000
10.217     0.000
10.223     0.000
10.228     0.000
10.234     0.000
10.240     0.000
10.246     0.000
10.252     0.000
10.257     0.000
10.263     0.000
10.269     0.000
10.275     0.000
10.281     0.000
10.286     0.000
10.292     0.000
10.298     0.000
10.304     0.000
10.310     0.000
10.315     0.000
10.321     0.000
10.327     0.000
10.333     0.000
10.339     0.000
10.344     0.000
10.350     0.000
10.356     0.000
10.362     0.000
10.368     0.000
10.374     622.263
10.379     622.263
10.385     622.263
10.391     622.263
10.397     622.263
10.403     622.263
10.408     622.263
10.414     622.263
10.420     622.263
10.426     622.263
10.432     618.679
10.437     618.679
10.443     618.679
10.449     618.679
10.455     618.679
10.461     618.679
10.466     618.679
10.472     618.679
10.478     618.679
10.484     618.679
10.490     618.679
10.495     618.679
10.501     622.263
10.507     622.263
10.513     622.263
10.519     0.000
10.524     0.000
10.530     0.000
10.536     0.000
10.542     698.467
10.548     698.467
10.553     698.467
10.559     698.467
10.565     698.467
10.571     694.444
10.577     694.444
10.582     698.467
10.588     694.444
10.594     694.444
10.600     694.444
10.606     694.444
10.612     694.444
10.617     694.444
10.623     694.444
10.629     694.444
10.635     694.444
10.641     694.444
10.646     698.467
10.652     698.467
10.658     698.467
10.664     698.467
10.670     698.467
10.675     698.467
10.681     784.003
10.687     784.003
10.693     784.003
10.699     784.003
10.704     784.003
10.710     784.003
10.716     784.003
10.722     784.003
10.728     784.003
10.733     784.003
10.739     784.003
10.745     784.003
10.751     784.003
10.757     788.545
10.762     784.003
10.768     784.003
10.774     784.003
10.780     784.003
10.786     784.003
10.791     784.003
10.797     784.003
10.803     788.545
10.809     784.003
10.815     788.545
10.820     788.545
10.826     0.000
10.832     0.000
10.838     0.000
10.844     0.000
10.850     0.000
10.855     0.000
10.861     0.000
10.867     0.000
10.873     0.000
10.879     0.000
10.884     0.000
10.890     0.000
10.896     0.000
10.902     0.000
10.908     0.000
10.913     0.000
10.919     0.000
10.925     0.000
10.931     0.000
10.937     0.000
10.942     0.000
10.948     0.000
10.954     0.000
10.960     0.000
10.966     0.000
10.971     0.000
10.977     0.000
10.983     0.000
10.989     0.000
10.995     0.000
11.000     0.000
11.006     0.000
11.012     0.000
11.018     0.000
11.024     0.000
11.029     0.000
11.035     0.000
11.041     0.000
11.047     0.000
11.053     0.000
11.059     0.000
11.064     0.000
11.070     0.000
11.076     0.000
11.082     0.000
11.088     0.000
11.093     0.000
11.099     0.000
11.105     0.000
11.111     0.000
11.117     0.000
11.122     880.014
11.128     880.014
11.134     880.014
11.140     880.014
11.146     880.014
11.151     880.014
11.157     880.014
11.163     880.014
11.169     880.014
11.175     880.014
11.180     880.014
11.186     880.014
11.192     880.014
11.198     880.014
11.204     880.014
11.209     880.014
11.215     880.014
11.221     880.014
11.227     880.014
11.233     880.014
11.238     880.014
11.244     880.014
11.250     880.014
11.256     880.014
11.262     880.014
11.267     880.014
11.273     880.014
11.279     885.112
11.285     885.112
11.291     0.000
11.297     0.000
11.302     0.000
11.308     0.000
11.314     0.000
11.320     0.000
11.326     0.000
11.331     0.000
11.337     0.000
11.343     0.000
11.349     0.000
11.355     0.000
11.360     0.000
11.366     0.000
11.372     0.000
11.378     0.000
11.384     0.000
11.389     0.000
11.395     0.000
11.401     0.000
11.407     0.000
11.413     0.000
11.418     0.000
11.424     0.000
11.430     0.000
11.436     932.343
11.442     932.343
11.447     932.343
11.453     932.343
11.459     932.343
11.465     932.343
11.471     932.343
11.476     937.744
11.482     932.343
11.488     932.343
11.494     937.744
11.500     932.343
11.505     932.343
11.511     932.343
11.517     932.343
11.523     932.343
11.529     932.343
11.535     932.343
11.540     932.343
11.546     932.343
11.552     932.343
11.558     932.343
11.564     932.343
11.569     932.343
11.575     937.744
11.581     937.744
11.587     932.343
11.593     932.343
11.598     932.343
11.604     932.343
11.610     932.343
11.616     932.343
11.622     932.343
11.627     932.343
11.633     932.343
11.639     932.343
11.645     937.744
11.651     937.744
11.656     932.343
11.662     932.343
11.668     932.343
11.674     932.343
11.680     932.343
11.685     0.000
11.691     0.000
11.697     0.000
11.703     0.000
11.709     0.000
11.714     0.000
11.720     1040.493
11.726     1040.493
11.732     1046.520
11.738     1046.520
11.743     1046.520
11.749     1046.520
11.755     1046.520
11.761     1046.520
11.767     1046.520
11.773     1046.520
11.778     1052.583
11.784     1046.520
11.790     1046.520
11.796     1046.520
11.802     1046.520
11.807     1046.520
11.813     1052.583
11.819     1046.520
11.825     1046.520
11.831     1046.520
11.836     1046.520
11.842     1046.520
11.848     1046.520
11.854     1052.583
11.860     1052.583
11.865     1046.520
11.871     1046.520
11.877     1046.520
11.883     1046.520
11.889     1046.520
11.894     1046.520
11.900     1046.520
11.906     1046.520
11.912     1046.520
11.918     1052.583
11.923     1046.520
11.929     1046.520
11.935     1046.520
11.941     1046.520
11.947     1046.520
11.952     1046.520
11.958     1046.520
11.964     1046.520
11.970     1046.520
11.976     0.000
11.981     0.000
11.987     0.000
11.993     0.000
11.999     0.000
12.005     0.000
12.011     0.000
12.016     0.000
12.022     0.000
12.028     0.000
12.034     926.973
12.040     932.343
12.045     932.343
12.051     932.343
12.057     932.343
12.063     932.343
12.069     932.343
12.074     932.343
12.080     932.343
12.086     115.870
12.092     117.896
12.098     116.541
12.103     116.541
12.109     117.217
12.115     116.541
12.121     116.541
12.127     113.224
12.132     113.224
12.138     115.870
12.144     116.541
12.150     115.870
12.156     115.203
12.161     115.203
12.167     115.203
12.173     117.217
12.179     118.579
12.185     117.217
12.190     116.541
12.196     115.870
12.202     115.870
12.208     117.217
12.214     116.541
12.220     115.870
12.225     116.541
12.231     115.870
12.237     115.203
12.243     115.870
12.249     116.541
12.254     116.541
12.260     116.541
12.266     115.870
12.272     115.870
12.278     116.541
12.283     116.541
12.289     115.870
12.295     116.541
12.301     117.217
12.307     117.896
12.312     119.956
12.318     119.265
12.324     115.870
12.330     118.579
12.336     115.870
12.341     118.579
12.347     119.265
12.353     118.579
12.359     115.870
12.365     116.541
12.370     115.870
12.376     117.896
12.382     117.896
12.388     117.217
12.394     115.870
12.399     116.541
12.405     115.870
12.411     116.541
12.417     117.217
12.423     116.541
12.428     115.870
12.434     115.870
12.440     115.870
12.446     116.541
12.452     117.896
12.458     118.579
12.463     117.896
12.469     116.541
12.475     114.539
12.481     114.539
12.487     117.217
12.492     117.217
12.498     117.217
12.504     116.541
12.510     115.203
12.516     115.870
12.521     117.217
12.527     116.541
12.533     116.541
12.539     116.541
12.545     115.870
12.550     115.870
12.556     116.541
12.562     116.541
12.568     116.541
12.574     116.541
12.579     115.203
12.585     116.541
12.591     116.541
12.597     116.541
12.603     117.217
12.608     117.217
12.614     118.579
12.620     117.896
12.626     116.541
12.632     115.870
12.637     117.217
12.643     117.217
12.649     115.870
12.655     115.870
12.661     117.217
12.666     116.541
12.672     116.541
12.678     115.870
12.684     115.870
12.690     116.541
12.696     116.541
12.701     116.541
12.707     117.217
12.713     116.541
12.719     115.870
12.725     117.217
12.730     116.541
12.736     115.870
12.742     116.541
12.748     116.541
12.754     116.541
12.759     117.217
12.765     116.541
12.771     0.000
12.777     0.000
12.783     0.000
12.788     0.000
12.794     0.000
12.800     0.000
12.806     0.000
12.812     0.000
12.817     0.000
12.823     0.000
12.829     0.000
12.835     0.000
12.841     0.000
12.846     0.000
12.852     0.000
12.858     0.000
12.864     0.000
12.870     0.000
12.875     0.000
12.881     0.000
12.887     0.000
12.893     0.000
12.899     0.000
12.904     0.000
12.910     0.000
12.916     0.000
12.922     702.513
12.928     698.467
12.934     698.467
12.939     698.467
12.945     698.467
12.951     698.467
12.957     698.467
12.963     694.444
12.968     698.467
12.974     694.444
12.980     694.444
12.986     694.444
12.992     694.444
12.997     694.444
13.003     694.444
13.009     694.444
13.015     694.444
13.021     698.467
13.026     694.444
13.032     698.467
13.038     698.467
13.044     698.467
13.050     698.467
13.055     698.467
13.061     698.467
13.067     698.467
13.073     698.467
13.079     698.467
13.084     698.467
13.090     698.467
13.096     698.467
13.102     698.467
13.108     698.467
13.113     698.467
13.119     698.467
13.125     698.467
13.131     698.467
13.137     698.467
13.142     698.467
13.148     698.467
13.154     698.467
13.160     698.467
13.166     698.467
13.172     698.467
13.177     698.467
13.183     698.467
13.189     694.444
13.195     694.444
13.201     694.444
13.206     694.444
13.212     690.444
13.218     690.444
13.224     690.444
13.230     694.444
13.235     694.444
13.241     694.444
13.247     694.444
13.253     698.467
13.259     698.467
13.264     698.467
13.270     698.467
13.276     698.467
13.282     698.467
13.288     698.467
13.293     698.467
13.299     698.467
13.305     698.467
13.311     702.513
13.317     702.513
13.322     702.513
13.328     698.467
13.334     702.513
13.340     702.513
13.346     702.513
13.351     702.513
13.357     702.513
13.363     698.467
13.369     694.444
13.375     694.444
13.380     698.467
13.386     698.467
13.392     698.467
13.398     698.467
13.404     698.467
13.410     694.444
13.415     694.444
13.421     694.444
13.427     694.444
13.433     694.444
13.439     694.444
13.444     694.444
13.450     694.444
13.456     694.444
13.462     694.444
13.468     694.444
13.473     698.467
13.479     698.467
13.485     698.467
13.491     117.217
13.497     115.870
13.502     115.203
13.508     116.541
13.514     587.338
13.520     587.338
13.526     587.338
13.531     587.338
13.537     587.338
13.543     587.338
13.549     587.338
13.555     587.338
13.560     587.338
13.566     587.338
13.572     587.338
13.578     583.955
13.584     583.955
13.589     583.955
13.595     583.955
13.601     583.955
13.607     583.955
13.613     583.955
13.619     583.955
13.624     583.955
13.630     587.338
13.636     583.955
13.642     587.338
13.648     587.338
13.653     587.338
13.659     587.338
13.665     587.338
13.671     587.338
13.677     587.338
13.682     587.338
13.688     587.338
13.694     587.338
13.700     587.338
13.706     587.338
13.711     587.338
13.717     587.338
13.723     587.338
13.729     587.338
13.735     587.338
13.740     587.338
13.746     587.338
13.752     587.338
13.758     587.338
13.764     587.338
13.769     587.338
13.775     587.338
13.781     587.338
13.787     587.338
13.793     587.338
13.798     587.338
13.804     583.955
13.810     587.338
13.816     583.955
13.822     587.338
13.827     587.338
13.833     587.338
13.839     587.338
13.845     583.955
13.851     587.338
13.857     583.955
13.862     583.955
13.868     580.592
13.874     583.955
13.880     583.955
13.886     583.955
13.891     587.338
13.897     587.338
13.903     587.338
13.909     587.338
13.915     587.338
13.920     587.338
13.926     587.338
13.932     587.338
13.938     587.338
13.944     587.338
13.949     587.338
13.955     583.955
13.961     587.338
13.967     590.740
13.973     590.740
13.978     587.338
13.984     587.338
13.990     587.338
13.996     587.338
14.002     0.000
14.007     0.000
14.013     0.000
14.019     0.000
14.025     0.000
14.031     0.000
14.036     0.000
14.042     0.000
14.048     0.000
14.054     0.000
14.060     0.000
14.065     0.000
14.071     0.000
14.077     0.000
14.083     0.000
14.089     0.000
14.095     0.000
14.100     0.000
14.106     0.000
14.112     0.000
14.118     237.158
14.124     235.792
14.129     230.407
14.135     229.080
14.141     231.741
14.147     235.792
14.153     238.532
14.158     237.158
14.164     234.434
14.170     231.741
14.176     231.741
14.182     234.434
14.187     235.792
14.193     234.434
14.199     233.084
14.205     231.741
14.211     231.741
14.216     234.434
14.222     234.434
14.228     0.000
14.234     0.000
14.240     0.000
14.245     0.000
14.251     0.000
14.257     0.000
14.263     0.000
14.269     0.000
14.274     0.000
14.280     0.000
14.286     0.000
14.292     0.000
14.298     0.000
14.303     0.000
14.309     0.000
14.315     0.000
14.321     0.000
14.327     0.000
14.333     0.000
14.338     0.000
14.344     0.000
14.350     0.000
14.356     0.000
14.362     0.000
14.367     0.000
14.373     0.000
14.379     0.000
14.385     0.000
14.391     0.000
14.396     0.000
14.402     0.000
14.408     0.000
14.414     0.000
14.420     784.003
14.425     784.003
14.431     784.003
14.437     784.003
14.443     784.003
14.449     784.003
14.454     784.003
14.460     784.003
14.466     784.003
14.472     784.003
14.478     784.003
14.483     784.003
14.489     784.003
14.495     784.003
14.501     784.003
14.507     784.003
14.512     784.003
14.518     784.003
14.524     784.003
14.530     784.003
14.536     784.003
14.541     784.003
14.547     784.003
14.553     788.545
14.559     788.545
14.565     784.003
14.571     784.003
14.576     784.003
14.582     784.003
14.588     784.003
14.594     784.003
14.600     784.003
14.605     784.003
14.611     788.545
14.617     788.545
14.623     788.545
14.629     788.545
14.634     788.545
14.640     784.003
14.646     784.003
14.652     784.003
14.658     784.003
14.663     784.003
14.669     784.003
14.675     784.003
14.681     784.003
14.687     779.488
14.692     784.003
14.698     779.488
14.704     779.488
14.710     784.003
14.716     784.003
14.721     784.003
14.727     784.003
14.733     784.003
14.739     784.003
14.745     784.003
14.750     784.003
14.756     784.003
14.762     784.003
14.768     784.003
14.774     788.545
14.780     788.545
14.785     788.545
14.791     788.545
14.797     788.545
14.803     788.545
14.809     784.003
14.814     784.003
14.820     784.003
14.826     784.003
14.832     784.003
14.838     784.003
14.843     0.000
14.849     0.000
14.855     0.000
14.861     0.000
14.867     0.000
14.872     0.000
14.878     0.000
14.884     0.000
14.890     0.000
14.896     0.000
14.901     0.000
14.907     0.000
14.913     0.000
14.919     0.000
14.925     0.000
14.930     0.000
14.936     0.000
14.942     0.000
14.948     0.000
14.954     0.000
14.959     0.000
14.965     0.000
14.971     0.000
14.977     0.000
14.983     0.000
14.988     0.000
14.994     0.000
15.000     0.000
15.006     0.000
15.012     0.000
15.018     0.000
15.023     0.000
15.029     0.000
15.035     0.000
15.041     0.000
15.047     0.000
15.052     0.000
15.058     0.000
15.064     0.000
15.070     0.000
15.076     0.000
15.081     0.000
15.087     0.000
15.093     0.000
15.099     0.000
15.105     0.000
15.110     0.000
15.116     0.000
15.122     0.000
15.128     0.000
15.134     0.000
15.139     0.000
15.145     0.000
15.151     0.000
15.157     0.000
15.163     0.000
15.168     0.000
15.174     0.000
15.180     0.000
15.186     0.000
15.192     0.000
15.197     0.000
15.203     0.000
15.209     0.000
15.215     0.000
15.221     0.000
15.226     0.000
15.232     0.000
15.238     0.000
15.244     0.000
15.250     0.000
15.256     0.000
15.261     0.000
15.267     0.000
15.273     0.000
15.279     0.000
15.285     0.000
15.290     0.000
15.296     0.000
15.302     0.000
15.308     0.000
15.314     0.000
15.319     0.000
15.325     0.000
15.331     0.000
15.337     0.000
15.343     0.000
15.348     0.000
15.354     0.000
15.360     0.000
15.366     0.000
15.372     0.000
15.377     0.000
15.383     0.000
15.389     0.000
15.395     0.000
15.401     0.000
15.406     0.000
15.412     0.000
15.418     0.000
15.424     0.000
15.430     0.000
15.435     0.000
15.441     0.000
15.447     0.000
15.453     0.000
15.459     0.000
15.464     0.000
15.470     0.000
15.476     583.955
15.482     587.338
15.488     587.338
15.494     587.338
15.499     587.338
15.505     587.338
15.511     587.338
15.517     587.338
15.523     587.338
15.528     587.338
15.534     583.955
15.540     583.955
15.546     583.955
15.552     583.955
15.557     583.955
15.563     583.955
15.569     583.955
15.575     583.955
15.581     583.955
15.586     583.955
15.592     583.955
15.598     583.955
15.604     587.338
15.610     587.338
15.615     587.338
15.621     0.000
15.627     0.000
15.633     0.000
15.639     784.003
15.644     784.003
15.650     784.003
15.656     784.003
15.662     784.003
15.668     784.003
15.673     784.003
15.679     784.003
15.685     784.003
15.691     784.003
15.697     784.003
15.702     784.003
15.708     784.003
15.714     784.003
15.720     784.003
15.726     784.003
15.732     784.003
15.737     784.003
15.743     0.000
15.749     0.000
15.755     0.000
15.761     0.000
15.766     0.000
15.772     0.000
15.778     0.000
15.784     0.000
15.790     0.000
15.795     0.000
15.801     0.000
15.807     0.000
15.813     0.000
15.819     0.000
15.824     0.000
15.830     0.000
15.836     0.000
15.842     0.000
15.848     0.000
15.853     0.000
15.859     0.000
15.865     0.000
15.871     0.000
15.877     0.000
15.882     0.000
15.888     0.000
15.894     0.000
15.900     0.000
15.906     0.000
15.911     0.000
15.917     0.000
15.923     0.000
15.929     0.000
15.935     0.000
15.940     0.000
15.946     0.000
15.952     0.000
15.958     0.000
15.964     0.000
15.970     0.000
15.975     0.000
15.981     0.000
15.987     0.000
15.993     0.000
15.999     0.000
16.004     0.000
16.010     0.000
16.016     0.000
16.022     0.000
16.028     0.000
16.033     0.000
16.039     0.000
16.045     0.000
16.051     0.000
16.057     0.000
16.062     0.000
16.068     0.000
16.074     0.000
16.080     0.000
16.086     0.000
16.091     0.000
16.097     0.000
16.103     0.000
16.109     0.000
16.115     0.000
16.120     0.000
16.126     0.000
16.132     0.000
16.138     0.000
16.144     0.000
16.149     0.000
16.155     0.000
16.161     0.000
16.167     0.000
16.173     0.000
16.179     0.000
16.184     0.000
16.190     0.000
16.196     0.000
16.202     0.000
16.208     0.000
16.213     0.000
16.219     0.000
16.225     0.000
16.231     0.000
16.237     0.000
16.242     0.000
16.248     0.000
16.254     0.000
16.260     0.000
16.266     0.000
16.271     0.000
16.277     0.000
16.283     0.000
16.289     0.000
16.295     0.000
16.300     0.000
16.306     0.000
16.312     0.000
16.318     0.000
16.324     0.000
16.329     0.000
16.335     0.000
16.341     0.000
16.347     0.000
16.353     0.000
16.358     0.000
16.364     0.000
16.370     0.000
16.376     0.000
16.382     0.000
16.387     0.000
16.393     0.000
16.399     0.000
16.405     0.000
16.411     0.000
16.417     0.000
16.422     0.000
16.428     0.000
16.434     0.000
16.440     0.000
16.446     0.000
16.451     0.000
16.457     0.000
16.463     0.000
16.469     0.000
16.475     0.000
16.480     0.000
16.486     0.000
16.492     0.000
16.498     0.000
16.504     0.000
16.509     0.000
16.515     0.000
16.521     0.000
16.527     0.000
16.533     0.000
16.538     0.000
16.544     0.000
16.550     0.000
16.556     0.000
16.562     0.000
16.567     0.000
16.573     0.000
16.579     0.000
16.585     0.000
16.591     0.000
16.596     0.000
16.602     0.000
16.608     0.000
16.614     0.000
16.620     0.000
16.625     0.000
16.631     0.000
16.637     0.000
16.643     0.000
16.649     0.000
16.655     0.000
16.660     0.000
16.666     0.000
16.672     0.000
16.678     0.000
16.684     0.000
16.689     0.000
16.695     0.000
16.701     0.000
16.707     0.000
16.713     0.000
16.718     0.000
16.724     0.000
16.730     0.000
16.736     0.000
16.742     0.000
16.747     0.000
16.753     0.000
16.759     0.000
16.765     0.000
16.771     0.000
16.776     0.000
16.782     0.000
16.788     0.000
16.794     0.000
16.800     0.000
16.805     0.000
16.811     0.000
16.817     0.000
16.823     0.000
16.829     0.000
16.834     0.000
16.840     0.000
16.846     784.003
16.852     784.003
16.858     784.003
16.863     784.003
16.869     784.003
16.875     784.003
16.881     784.003
16.887     784.003
16.893     784.003
16.898     784.003
16.904     784.003
16.910     784.003
16.916     784.003
16.922     784.003
16.927     784.003
16.933     784.003
16.939     784.003
16.945     784.003
16.951     788.545
16.956     788.545
16.962     784.003
16.968     784.003
16.974     784.003
16.980     784.003
16.985     0.000
16.991     0.000
16.997     0.000
17.003     0.000
17.009     0.000
17.014     0.000
17.020     0.000
17.026     0.000
17.032     0.000
17.038     0.000
17.043     0.000
17.049     0.000
17.055     0.000
17.061     0.000
17.067     0.000
17.072     0.000
17.078     0.000
17.084     0.000
17.090     0.000
17.096     0.000
17.101     0.000
17.107     0.000
17.113     0.000
17.119     0.000
17.125     0.000
17.131     0.000
17.136     0.000
17.142     0.000
17.148     0.000
17.154     0.000
17.160     0.000
17.165     0.000
17.171     0.000
17.177     0.000
17.183     0.000
17.189     0.000
17.194     0.000
17.200     0.000
17.206     0.000
17.212     0.000
17.218     0.000
17.223     0.000
17.229     0.000
17.235     0.000
17.241     0.000
17.247     0.000
17.252     0.000
17.258     0.000
17.264     0.000
17.270     0.000
17.276     0.000
17.281     0.000
17.287     0.000
17.293     0.000
17.299     0.000
17.305     0.000
17.310     0.000
17.316     0.000
17.322     0.000
17.328     0.000
17.334     0.000
17.340     0.000
17.345     0.000
17.351     0.000
17.357     0.000
17.363     0.000
17.369     0.000
17.374     0.000
17.380     0.000
17.386     0.000
17.392     0.000
17.398     0.000
17.403     0.000
17.409     0.000
17.415     0.000
17.421     0.000
17.427     706.583
17.432     702.513
17.438     702.513
17.444     698.467
17.450     698.467
17.456     698.467
17.461     698.467
17.467     698.467
17.473     698.467
17.479     694.444
17.485     694.444
17.490     694.444
17.496     694.444
17.502     694.444
17.508     694.444
17.514     694.444
17.519     694.444
17.525     694.444
17.531     694.444
17.537     694.444
17.543     698.467
17.548     698.467
17.554     698.467
17.560     698.467
17.566     698.467
17.572     698.467
17.578     698.467
17.583     698.467
17.589     698.467
17.595     698.467
17.601     698.467
17.607     698.467
17.612     698.467
17.618     698.467
17.624     698.467
17.630     698.467
17.636     698.467
17.641     698.467
17.647     698.467
17.653     698.467
17.659     698.467
17.665     698.467
17.670     698.467
17.676     698.467
17.682     698.467
17.688     698.467
17.694     698.467
17.699     698.467
17.705     698.467
17.711     694.444
17.717     698.467
17.723     0.000
17.728     0.000
17.734     0.000
17.740     0.000
17.746     0.000
17.752     0.000
17.757     0.000
17.763     0.000
17.769     0.000
17.775     0.000
17.781     0.000
17.786     0.000
17.792     0.000
17.798     0.000
17.804     0.000
17.810     0.000
17.816     0.000
17.821     0.000
17.827     0.000
17.833     0.000
17.839     0.000
17.845     0.000
17.850     0.000
17.856     0.000
17.862     0.000
17.868     0.000
17.874     0.000
17.879     0.000
17.885     0.000
17.891     0.000
17.897     0.000
17.903     0.000
17.908     0.000
17.914     0.000
17.920     0.000
17.926     0.000
17.932     0.000
17.937     0.000
17.943     0.000
17.949     0.000
17.955     0.000
17.961     0.000
17.966     0.000
17.972     0.000
17.978     0.000
17.984     0.000
17.990     0.000
17.995     0.000
18.001     0.000
18.007     0.000
18.013     95.209
18.019     96.874
18.024     93.574
18.030     87.813
18.036     82.884
18.042     81.932
18.048     83.365
18.054     85.807
18.059     89.348
18.065     91.436
18.071     90.910
18.077     90.910
18.083     90.386
18.088     89.866
18.094     90.386
18.100     89.348
18.106     88.322
18.112     86.304
18.117     85.313
18.123     84.822
18.129     84.822
18.135     85.313
18.141     86.804
18.146     87.307
18.152     86.804
18.158     86.804
18.164     86.804
18.170     86.304
18.175     85.807
18.181     86.304
18.187     87.307
18.193     86.804
18.199     87.307
18.204     86.304
18.210     86.804
18.216     86.804
18.222     86.804
18.228     87.307
18.233     87.813
18.239     87.813
18.245     86.804
18.251     86.304
18.257     86.304
18.262     86.304
18.268     85.807
18.274     86.804
18.280     87.813
18.286     88.322
18.292     86.804
18.297     85.807
18.303     85.807
18.309     85.313
18.315     85.807
18.321     85.807
18.326     86.804
18.332     88.322
18.338     87.307
18.344     86.304
18.350     86.804
18.355     87.307
18.361     87.307
18.367     86.804
18.373     86.804
18.379     87.813
18.384     86.304
18.390     86.304
18.396     86.804
18.402     86.804
18.408     86.804
18.413     86.804
18.419     87.307
18.425     87.813
18.431     86.804
18.437     86.304
18.442     86.804
18.448     87.307
18.454     86.804
18.460     86.804
18.466     86.804
18.471     88.322
18.477     86.304
18.483     86.304
18.489     85.807
18.495     86.804
18.500     86.304
18.506     86.804
18.512     87.813
18.518     87.307
18.524     86.804
18.530     86.804
18.535     87.307
18.541     87.813
18.547     86.804
18.553     86.804
18.559     87.813
18.564     87.307
18.570     86.304
18.576     86.304
18.582     87.307
18.588     86.804
18.593     86.304
18.599     86.804
18.605     88.322
18.611     86.804
18.617     85.807
18.622     86.304
18.628     83.365
18.634     82.884
18.640     85.807
18.646     85.313
18.651     87.307
18.657     87.307
18.663     85.807
18.669     86.304
18.675     87.813
18.680     87.813
18.686     86.804
18.692     86.804
18.698     87.813
18.704     86.804
18.709     85.807
18.715     86.304
18.721     87.813
18.727     87.307
18.733     86.804
18.739     87.307
18.744     88.322
18.750     87.813
18.756     85.807
18.762     86.304
18.768     88.833
18.773     86.304
18.779     84.822
18.785     0.000
18.791     0.000
18.797     0.000
18.802     0.000
18.808     0.000
18.814     0.000
18.820     0.000
18.826     0.000
18.831     0.000
18.837     0.000
18.843     0.000
18.849     0.000
18.855     0.000
18.860     0.000
18.866     0.000
18.872     0.000
18.878     0.000
18.884     0.000
18.889     0.000
18.895     0.000
18.901     0.000
18.907     0.000
18.913     0.000
18.918     0.000
18.924     0.000
18.930     93.035
18.936     88.833
18.942     85.807
18.947     83.365
18.953     83.848
18.959     85.313
18.965     87.813
18.971     89.348
18.977     90.910
18.982     89.348
18.988     89.348
18.994     89.348
19.000     89.348
19.006     89.348
19.011     88.322
19.017     87.307
19.023     86.304
19.029     85.807
19.035     85.313
19.040     84.822
19.046     84.822
19.052     84.822
19.058     84.822
19.064     85.313
19.069     86.304
19.075     84.822
19.081     0.000
19.087     0.000
19.093     0.000
19.098     0.000
19.104     0.000
19.110     0.000
19.116     0.000
19.122     0.000
19.127     0.000
19.133     0.000
19.139     0.000
19.145     0.000
19.151     0.000
19.156     0.000
19.162     0.000
19.168     0.000
19.174     0.000
19.180     0.000
19.185     0.000
19.191     0.000
19.197     0.000
19.203     0.000
19.209     0.000
19.215     0.000
19.220     0.000
