0.000     0.000
0.006     0.000
0.012     0.000
0.017     0.000
0.023     0.000
0.029     0.000
0.035     0.000
0.041     0.000
0.046     0.000
0.052     0.000
0.058     0.000
0.064     0.000
0.070     0.000
0.075     0.000
0.081     0.000
0.087     0.000
0.093     0.000
0.099     0.000
0.104     0.000
0.110     0.000
0.116     0.000
0.122     0.000
0.128     0.000
0.134     0.000
0.139     0.000
0.145     0.000
0.151     0.000
0.157     0.000
0.163     0.000
0.168     0.000
0.174     0.000
0.180     0.000
0.186     0.000
0.192     0.000
0.197     0.000
0.203     0.000
0.209     0.000
0.215     0.000
0.221     0.000
0.226     0.000
0.232     0.000
0.238     0.000
0.244     0.000
0.250     0.000
0.255     0.000
0.261     0.000
0.267     0.000
0.273     0.000
0.279     0.000
0.284     0.000
0.290     0.000
0.296     0.000
0.302     0.000
0.308     0.000
0.313     0.000
0.319     0.000
0.325     0.000
0.331     0.000
0.337     0.000
0.342     0.000
0.348     0.000
0.354     0.000
0.360     0.000
0.366     0.000
0.372     0.000
0.377     0.000
0.383     0.000
0.389     0.000
0.395     0.000
0.401     0.000
0.406     0.000
0.412     0.000
0.418     0.000
0.424     0.000
0.430     0.000
0.435     0.000
0.441     0.000
0.447     0.000
0.453     0.000
0.459     0.000
0.464     0.000
0.470     0.000
0.476     0.000
0.482     0.000
0.488     0.000
0.493     0.000
0.499     0.000
0.505     0.000
0.511     0.000
0.517     0.000
0.522     0.000
0.528     0.000
0.534     0.000
0.540     0.000
0.546     0.000
0.551     0.000
0.557     0.000
0.563     188.232
0.569     188.232
0.575     187.148
0.580     186.070
0.586     184.999
0.592     183.933
0.598     183.933
0.604     182.874
0.610     182.874
0.615     182.874
0.621     182.874
0.627     182.874
0.633     182.874
0.639     183.933
0.644     184.999
0.650     184.999
0.656     183.933
0.662     184.999
0.668     184.999
0.673     184.999
0.679     184.999
0.685     184.999
0.691     184.999
0.697     184.999
0.702     184.999
0.708     186.070
0.714     186.070
0.720     188.232
0.726     188.232
0.731     188.232
0.737     188.232
0.743     188.232
0.749     188.232
0.755     187.148
0.760     187.148
0.766     187.148
0.772     187.148
0.778     186.070
0.784     186.070
0.789     184.999
0.795     183.933
0.801     182.874
0.807     180.773
0.813     179.732
0.819     178.697
0.824     178.697
0.830     179.732
0.836     179.732
0.842     179.732
0.848     181.820
0.853     181.820
0.859     182.874
0.865     182.874
0.871     183.933
0.877     186.070
0.882     188.232
0.888     189.323
0.894     191.523
0.900     192.632
0.906     194.870
0.911     197.135
0.917     197.135
0.923     198.277
0.929     198.277
0.935     197.135
0.940     195.999
0.946     194.870
0.952     192.632
0.958     190.419
0.964     187.148
0.969     184.999
0.975     182.874
0.981     178.697
0.987     175.627
0.993     173.610
0.998     172.610
1.004     171.615
1.010     170.627
1.016     170.627
1.022     170.627
1.027     171.615
1.033     172.610
1.039     174.615
1.045     176.644
1.051     180.773
1.057     184.999
1.062     187.148
1.068     190.419
1.074     193.748
1.080     195.999
1.086     199.425
1.091     201.742
1.097     204.087
1.103     206.458
1.109     206.458
1.115     205.269
1.120     204.087
1.126     202.911
1.132     200.580
1.138     198.277
1.144     194.870
1.149     190.419
1.155     186.070
1.161     180.773
1.167     175.627
1.173     172.610
1.178     171.615
1.184     170.627
1.190     169.644
1.196     168.667
1.202     168.667
1.207     169.644
1.213     172.610
1.219     174.615
1.225     179.732
1.231     184.999
1.236     187.148
1.242     190.419
1.248     194.870
1.254     198.277
1.260     201.742
1.265     204.087
1.271     205.269
1.277     205.269
1.283     202.911
1.289     200.580
1.295     198.277
1.300     194.870
1.306     192.632
1.312     191.523
1.318     189.323
1.324     188.232
1.329     186.070
1.335     183.933
1.341     181.820
1.347     180.773
1.353     179.732
1.358     178.697
1.364     178.697
1.370     179.732
1.376     181.820
1.382     182.874
1.387     184.999
1.393     186.070
1.399     187.148
1.405     188.232
1.411     189.323
1.416     191.523
1.422     191.523
1.428     191.523
1.434     191.523
1.440     191.523
1.445     190.419
1.451     189.323
1.457     188.232
1.463     187.148
1.469     187.148
1.474     186.070
1.480     184.999
1.486     182.874
1.492     181.820
1.498     179.732
1.503     178.697
1.509     178.697
1.515     178.697
1.521     178.697
1.527     178.697
1.533     178.697
1.538     179.732
1.544     180.773
1.550     181.820
1.556     182.874
1.562     183.933
1.567     186.070
1.573     187.148
1.579     188.232
1.585     188.232
1.591     188.232
1.596     188.232
1.602     188.232
1.608     188.232
1.614     188.232
1.620     188.232
1.625     187.148
1.631     186.070
1.637     184.999
1.643     183.933
1.649     182.874
1.654     181.820
1.660     180.773
1.666     180.773
1.672     180.773
1.678     179.732
1.683     179.732
1.689     179.732
1.695     179.732
1.701     178.697
1.707     178.697
1.712     178.697
1.718     178.697
1.724     179.732
1.730     180.773
1.736     180.773
1.741     180.773
1.747     181.820
1.753     181.820
1.759     181.820
1.765     181.820
1.771     182.874
1.776     183.933
1.782     184.999
1.788     186.070
1.794     186.070
1.800     184.999
1.805     184.999
1.811     184.999
1.817     184.999
1.823     186.070
1.829     186.070
1.834     186.070
1.840     186.070
1.846     186.070
1.852     186.070
1.858     184.999
1.863     186.070
1.869     186.070
1.875     186.070
1.881     187.148
1.887     188.232
1.892     188.232
1.898     189.323
1.904     190.419
1.910     190.419
1.916     191.523
1.921     191.523
1.927     190.419
1.933     190.419
1.939     189.323
1.945     189.323
1.950     189.323
1.956     188.232
1.962     187.148
1.968     186.070
1.974     188.232
1.980     188.232
1.985     187.148
1.991     188.232
1.997     184.999
2.003     201.742
2.009     200.580
2.014     193.748
2.020     197.135
2.026     199.425
2.032     201.742
2.038     202.911
2.043     204.087
2.049     204.087
2.055     202.911
2.061     201.742
2.067     199.425
2.072     198.277
2.078     199.425
2.084     197.135
2.090     194.870
2.096     195.999
2.101     199.425
2.107     197.135
2.113     195.999
2.119     194.870
2.125     193.748
2.130     190.419
2.136     191.523
2.142     193.748
2.148     199.425
2.154     202.911
2.159     204.087
2.165     205.269
2.171     205.269
2.177     206.458
2.183     210.067
2.188     211.284
2.194     214.977
2.200     214.977
2.206     214.977
2.212     212.508
2.218     210.067
2.223     206.458
2.229     201.742
2.235     198.277
2.241     192.632
2.247     189.323
2.252     184.999
2.258     179.732
2.264     176.644
2.270     172.610
2.276     170.627
2.281     169.644
2.287     168.667
2.293     169.644
2.299     171.615
2.305     173.610
2.310     180.773
2.316     187.148
2.322     193.748
2.328     199.425
2.334     205.269
2.339     212.508
2.345     217.475
2.351     220.002
2.357     222.558
2.363     222.558
2.368     221.276
2.374     220.002
2.380     217.475
2.386     214.977
2.392     211.284
2.397     206.458
2.403     199.425
2.409     193.748
2.415     187.148
2.421     178.697
2.426     173.610
2.432     170.627
2.438     168.667
2.444     167.696
2.450     169.644
2.456     171.615
2.461     176.644
2.467     182.874
2.473     189.323
2.479     194.870
2.485     198.277
2.490     204.087
2.496     207.654
2.502     211.284
2.508     213.739
2.514     214.977
2.519     214.977
2.525     214.977
2.531     213.739
2.537     212.508
2.543     207.654
2.548     0.000
2.554     0.000
2.560     0.000
2.566     0.000
2.572     0.000
2.577     0.000
2.583     0.000
2.589     0.000
2.595     0.000
2.601     0.000
2.606     0.000
2.612     0.000
2.618     0.000
2.624     0.000
2.630     0.000
2.635     0.000
2.641     0.000
2.647     0.000
2.653     0.000
2.659     0.000
2.664     0.000
2.670     0.000
2.676     0.000
2.682     0.000
2.688     0.000
2.694     0.000
2.699     0.000
2.705     0.000
2.711     0.000
2.717     0.000
2.723     0.000
2.728     0.000
2.734     0.000
2.740     0.000
2.746     0.000
2.752     0.000
2.757     0.000
2.763     0.000
2.769     0.000
2.775     0.000
2.781     0.000
2.786     0.000
2.792     0.000
2.798     0.000
2.804     0.000
2.810     146.833
2.815     148.539
2.821     151.136
2.827     153.778
2.833     161.983
2.839     168.667
2.844     170.627
2.850     172.610
2.856     175.627
2.862     177.668
2.868     177.668
2.873     177.668
2.879     176.644
2.885     175.627
2.891     171.615
2.897     168.667
2.902     164.815
2.908     156.466
2.914     154.668
2.920     152.011
2.926     149.400
2.932     146.833
2.937     145.147
2.943     144.311
2.949     143.480
2.955     143.480
2.961     144.311
2.966     145.147
2.972     147.684
2.978     149.400
2.984     152.011
2.990     156.466
2.995     160.123
3.001     168.667
3.007     174.615
3.013     179.732
3.019     182.874
3.024     186.070
3.030     188.232
3.036     189.323
3.042     189.323
3.048     188.232
3.053     187.148
3.059     0.000
3.065     0.000
3.071     0.000
3.077     0.000
3.082     0.000
3.088     0.000
3.094     0.000
3.100     0.000
3.106     0.000
3.111     0.000
3.117     0.000
3.123     0.000
3.129     0.000
3.135     0.000
3.140     0.000
3.146     0.000
3.152     0.000
3.158     0.000
3.164     0.000
3.170     0.000
3.175     0.000
3.181     0.000
3.187     0.000
3.193     0.000
3.199     0.000
3.204     0.000
3.210     0.000
3.216     0.000
3.222     0.000
3.228     0.000
3.233     0.000
3.239     0.000
3.245     0.000
3.251     0.000
3.257     0.000
3.262     0.000
3.268     0.000
3.274     0.000
3.280     0.000
3.286     0.000
3.291     0.000
3.297     0.000
3.303     0.000
3.309     0.000
3.315     0.000
3.320     0.000
3.326     0.000
3.332     0.000
3.338     0.000
3.344     0.000
3.349     0.000
3.355     0.000
3.361     0.000
3.367     0.000
3.373     0.000
3.379     0.000
3.384     0.000
3.390     0.000
3.396     0.000
3.402     0.000
3.408     0.000
3.413     0.000
3.419     0.000
3.425     0.000
3.431     0.000
3.437     0.000
3.442     0.000
3.448     0.000
3.454     0.000
3.460     0.000
3.466     0.000
3.471     0.000
3.477     0.000
3.483     0.000
3.489     0.000
3.495     0.000
3.500     0.000
3.506     0.000
3.512     0.000
3.518     0.000
3.524     0.000
3.529     0.000
3.535     0.000
3.541     0.000
3.547     0.000
3.553     0.000
3.558     0.000
3.564     0.000
3.570     0.000
3.576     0.000
3.582     0.000
3.587     0.000
3.593     0.000
3.599     0.000
3.605     0.000
3.611     0.000
3.617     0.000
3.622     0.000
3.628     0.000
3.634     0.000
3.640     0.000
3.646     0.000
3.651     0.000
3.657     0.000
3.663     0.000
3.669     0.000
3.675     297.080
3.680     297.080
3.686     295.369
3.692     295.369
3.698     297.080
3.704     298.801
3.709     298.801
3.715     297.080
3.721     295.369
3.727     293.668
3.733     293.668
3.738     295.369
3.744     298.801
3.750     302.273
3.756     293.668
3.762     291.976
3.767     298.801
3.773     325.845
3.779     327.732
3.785     0.000
3.791     0.000
3.796     0.000
3.802     0.000
3.808     0.000
3.814     0.000
3.820     0.000
3.825     0.000
3.831     0.000
3.837     0.000
3.843     0.000
3.849     0.000
3.855     0.000
3.860     0.000
3.866     0.000
3.872     0.000
3.878     0.000
3.884     0.000
3.889     0.000
3.895     0.000
3.901     0.000
3.907     0.000
3.913     0.000
3.918     0.000
3.924     0.000
3.930     0.000
3.936     0.000
3.942     0.000
3.947     0.000
3.953     0.000
3.959     0.000
3.965     0.000
3.971     0.000
3.976     0.000
3.982     0.000
3.988     0.000
3.994     0.000
4.000     0.000
4.005     0.000
4.011     0.000
4.017     0.000
4.023     0.000
4.029     0.000
4.034     0.000
4.040     0.000
4.046     0.000
4.052     0.000
4.058     0.000
4.063     0.000
4.069     0.000
4.075     0.000
4.081     0.000
4.087     0.000
4.093     0.000
4.098     0.000
4.104     0.000
4.110     0.000
4.116     0.000
4.122     0.000
4.127     0.000
4.133     0.000
4.139     0.000
4.145     0.000
4.151     0.000
4.156     0.000
4.162     0.000
4.168     0.000
4.174     0.000
4.180     0.000
4.185     0.000
4.191     0.000
4.197     0.000
4.203     0.000
4.209     0.000
4.214     0.000
4.220     0.000
4.226     0.000
4.232     0.000
4.238     0.000
4.243     0.000
4.249     0.000
4.255     0.000
4.261     0.000
4.267     0.000
4.272     0.000
4.278     0.000
4.284     0.000
4.290     0.000
4.296     0.000
4.301     0.000
4.307     0.000
4.313     0.000
4.319     0.000
4.325     0.000
4.331     0.000
4.336     0.000
4.342     190.419
4.348     191.523
4.354     191.523
4.360     192.632
4.365     192.632
4.371     193.748
4.377     193.748
4.383     194.870
4.389     195.999
4.394     195.999
4.400     195.999
4.406     197.135
4.412     198.277
4.418     199.425
4.423     199.425
4.429     199.425
4.435     199.425
4.441     199.425
4.447     198.277
4.452     197.135
4.458     197.135
4.464     195.999
4.470     194.870
4.476     194.870
4.481     192.632
4.487     192.632
4.493     192.632
4.499     192.632
4.505     193.748
4.510     193.748
4.516     193.748
4.522     193.748
4.528     194.870
4.534     194.870
4.540     194.870
4.545     194.870
4.551     194.870
4.557     194.870
4.563     195.999
4.569     195.999
4.574     197.135
4.580     197.135
4.586     197.135
4.592     197.135
4.598     197.135
4.603     197.135
4.609     195.999
4.615     195.999
4.621     195.999
4.627     194.870
4.632     195.999
4.638     195.999
4.644     195.999
4.650     197.135
4.656     195.999
4.661     195.999
4.667     197.135
4.673     197.135
4.679     197.135
4.685     197.135
4.690     197.135
4.696     197.135
4.702     197.135
4.708     198.277
4.714     198.277
4.719     198.277
4.725     198.277
4.731     198.277
4.737     198.277
4.743     197.135
4.748     197.135
4.754     197.135
4.760     197.135
4.766     195.999
4.772     195.999
4.778     194.870
4.783     194.870
4.789     194.870
4.795     193.748
4.801     193.748
4.807     192.632
4.812     192.632
4.818     191.523
4.824     191.523
4.830     191.523
4.836     191.523
4.841     190.419
4.847     191.523
4.853     191.523
4.859     192.632
4.865     193.748
4.870     194.870
4.876     197.135
4.882     198.277
4.888     200.580
4.894     201.742
4.899     204.087
4.905     205.269
4.911     206.458
4.917     206.458
4.923     207.654
4.928     207.654
4.934     207.654
4.940     206.458
4.946     205.269
4.952     202.911
4.957     201.742
4.963     199.425
4.969     195.999
4.975     192.632
4.981     190.419
4.986     188.232
4.992     186.070
4.998     183.933
5.004     181.820
5.010     180.773
5.016     180.773
5.021     181.820
5.027     182.874
5.033     183.933
5.039     186.070
5.045     187.148
5.050     189.323
5.056     190.419
5.062     192.632
5.068     194.870
5.074     198.277
5.079     202.911
5.085     205.269
5.091     207.654
5.097     208.857
5.103     210.067
5.108     210.067
5.114     211.284
5.120     211.284
5.126     210.067
5.132     208.857
5.137     206.458
5.143     204.087
5.149     201.742
5.155     199.425
5.161     198.277
5.166     195.999
5.172     194.870
5.178     193.748
5.184     191.523
5.190     189.323
5.195     187.148
5.201     184.999
5.207     183.933
5.213     182.874
5.219     183.933
5.224     184.999
5.230     186.070
5.236     187.148
5.242     188.232
5.248     190.419
5.254     192.632
5.259     195.999
5.265     198.277
5.271     200.580
5.277     202.911
5.283     204.087
5.288     206.458
5.294     206.458
5.300     206.458
5.306     206.458
5.312     206.458
5.317     205.269
5.323     204.087
5.329     202.911
5.335     201.742
5.341     199.425
5.346     198.277
5.352     195.999
5.358     193.748
5.364     191.523
5.370     189.323
5.375     188.232
5.381     186.070
5.387     182.874
5.393     179.732
5.399     178.697
5.404     178.697
5.410     178.697
5.416     178.697
5.422     179.732
5.428     180.773
5.433     183.933
5.439     187.148
5.445     189.323
5.451     191.523
5.457     191.523
5.462     192.632
5.468     194.870
5.474     198.277
5.480     201.742
5.486     204.087
5.492     205.269
5.497     205.269
5.503     205.269
5.509     204.087
5.515     204.087
5.521     202.911
5.526     201.742
5.532     200.580
5.538     198.277
5.544     195.999
5.550     193.748
5.555     190.419
5.561     188.232
5.567     186.070
5.573     184.999
5.579     182.874
5.584     179.732
5.590     179.732
5.596     179.732
5.602     179.732
5.608     180.773
5.613     182.874
5.619     183.933
5.625     186.070
5.631     189.323
5.637     192.632
5.642     194.870
5.648     195.999
5.654     197.135
5.660     199.425
5.666     201.742
5.671     202.911
5.677     204.087
5.683     204.087
5.689     204.087
5.695     202.911
5.700     201.742
5.706     200.580
5.712     198.277
5.718     195.999
5.724     193.748
5.730     191.523
5.735     189.323
5.741     187.148
5.747     184.999
5.753     183.933
5.759     182.874
5.764     181.820
5.770     181.820
5.776     182.874
5.782     184.999
5.788     187.148
5.793     188.232
5.799     190.419
5.805     191.523
5.811     193.748
5.817     194.870
5.822     195.999
5.828     197.135
5.834     198.277
5.840     199.425
5.846     198.277
5.851     198.277
5.857     197.135
5.863     195.999
5.869     194.870
5.875     194.870
5.880     194.870
5.886     193.748
5.892     192.632
5.898     191.523
5.904     190.419
5.909     190.419
5.915     189.323
5.921     190.419
5.927     190.419
5.933     191.523
5.939     192.632
5.944     193.748
5.950     194.870
5.956     197.135
5.962     199.425
5.968     200.580
5.973     200.580
5.979     200.580
5.985     200.580
5.991     200.580
5.997     199.425
6.002     198.277
6.008     198.277
6.014     198.277
6.020     198.277
6.026     197.135
6.031     197.135
6.037     197.135
6.043     197.135
6.049     197.135
6.055     197.135
6.060     197.135
6.066     198.277
6.072     198.277
6.078     198.277
6.084     198.277
6.089     198.277
6.095     198.277
6.101     198.277
6.107     198.277
6.113     198.277
6.118     198.277
6.124     197.135
6.130     195.999
6.136     194.870
6.142     192.632
6.147     190.419
6.153     189.323
6.159     0.000
6.165     0.000
6.171     0.000
6.177     0.000
6.182     0.000
6.188     0.000
6.194     0.000
6.200     0.000
6.206     0.000
6.211     0.000
6.217     0.000
6.223     0.000
6.229     0.000
6.235     0.000
6.240     0.000
6.246     0.000
6.252     0.000
6.258     0.000
6.264     0.000
6.269     0.000
6.275     0.000
6.281     0.000
6.287     0.000
6.293     0.000
6.298     0.000
6.304     0.000
6.310     0.000
6.316     0.000
6.322     0.000
6.327     0.000
6.333     0.000
6.339     0.000
6.345     0.000
6.351     0.000
6.356     0.000
6.362     0.000
6.368     0.000
6.374     0.000
6.380     0.000
6.385     0.000
6.391     0.000
6.397     0.000
6.403     0.000
6.409     0.000
6.415     0.000
6.420     0.000
6.426     0.000
6.432     0.000
6.438     0.000
6.444     0.000
6.449     0.000
6.455     0.000
6.461     216.222
6.467     217.475
6.473     217.475
6.478     220.002
6.484     222.558
6.490     225.144
6.496     230.407
6.502     233.084
6.507     235.792
6.513     235.792
6.519     234.434
6.525     231.741
6.531     229.080
6.536     223.847
6.542     217.475
6.548     210.067
6.554     205.269
6.560     199.425
6.565     195.999
6.571     193.748
6.577     192.632
6.583     191.523
6.589     191.523
6.594     192.632
6.600     194.870
6.606     197.135
6.612     201.742
6.618     206.458
6.623     213.739
6.629     221.276
6.635     229.080
6.641     235.792
6.647     244.107
6.653     248.374
6.658     249.813
6.664     251.260
6.670     249.813
6.676     248.374
6.682     245.522
6.687     242.701
6.693     238.532
6.699     233.084
6.705     227.760
6.711     222.558
6.716     217.475
6.722     212.508
6.728     208.857
6.734     205.269
6.740     202.911
6.745     201.742
6.751     200.580
6.757     200.580
6.763     201.742
6.769     202.911
6.774     205.269
6.780     207.654
6.786     211.284
6.792     214.977
6.798     225.144
6.803     235.792
6.809     241.304
6.815     245.522
6.821     249.813
6.827     251.260
6.832     252.716
6.838     252.716
6.844     251.260
6.850     249.813
6.856     248.374
6.861     244.107
6.867     239.914
6.873     234.434
6.879     229.080
6.885     221.276
6.891     216.222
6.896     213.739
6.902     210.067
6.908     206.458
6.914     204.087
6.920     202.911
6.925     201.742
6.931     202.911
6.937     205.269
6.943     208.857
6.949     212.508
6.954     217.475
6.960     222.558
6.966     227.760
6.972     231.741
6.978     237.158
6.983     241.304
6.989     244.107
6.995     245.522
7.001     245.522
7.007     244.107
7.012     242.701
7.018     239.914
7.024     237.158
7.030     233.084
7.036     229.080
7.041     225.144
7.047     222.558
7.053     220.002
7.059     218.735
7.065     218.735
7.070     218.735
7.076     218.735
7.082     146.833
7.088     146.833
7.094     145.988
7.100     146.833
7.105     147.684
7.111     147.684
7.117     147.684
7.123     147.684
7.129     147.684
7.134     147.684
7.140     147.684
7.146     147.684
7.152     148.539
7.158     150.265
7.163     155.564
7.169     155.564
7.175     477.066
7.181     477.066
7.187     482.609
7.192     491.045
7.198     502.523
7.204     511.307
7.210     523.258
7.216     535.489
7.221     551.180
7.227     567.331
7.233     580.592
7.239     587.338
7.245     587.338
7.250     587.338
7.256     583.955
7.262     577.247
7.268     564.063
7.274     551.180
7.279     538.591
7.285     523.258
7.291     502.523
7.297     488.217
7.303     474.318
7.308     458.161
7.314     452.899
7.320     445.118
7.326     440.005
7.332     440.005
7.338     440.005
7.343     447.697
7.349     455.522
7.355     471.586
7.361     482.609
7.367     502.523
7.372     523.258
7.378     541.711
7.384     567.331
7.390     580.592
7.396     590.740
7.401     601.066
7.407     608.050
7.413     611.573
7.419     611.573
7.425     604.548
7.430     597.604
7.436     587.338
7.442     573.923
7.448     564.063
7.454     548.005
7.459     526.289
7.465     514.269
7.471     502.523
7.477     496.751
7.483     491.045
7.488     488.217
7.494     488.217
7.500     493.890
7.506     496.751
7.512     502.523
7.517     511.307
7.523     523.258
7.529     535.489
7.535     544.849
7.541     570.617
7.546     583.955
7.552     590.740
7.558     597.604
7.564     604.548
7.570     604.548
7.576     597.604
7.581     594.162
7.587     0.000
7.593     0.000
7.599     0.000
7.605     0.000
7.610     0.000
7.616     0.000
7.622     0.000
7.628     0.000
7.634     0.000
7.639     0.000
7.645     0.000
7.651     0.000
7.657     0.000
7.663     0.000
7.668     0.000
7.674     0.000
7.680     0.000
7.686     0.000
7.692     0.000
7.697     0.000
7.703     0.000
7.709     0.000
7.715     0.000
7.721     0.000
7.726     0.000
7.732     0.000
7.738     0.000
7.744     0.000
7.750     0.000
7.755     0.000
7.761     0.000
7.767     0.000
7.773     0.000
7.779     0.000
7.784     0.000
7.790     0.000
7.796     0.000
7.802     0.000
7.808     0.000
7.814     0.000
7.819     0.000
7.825     0.000
7.831     0.000
7.837     297.080
7.843     297.080
7.848     297.080
7.854     297.080
7.860     297.080
7.866     297.080
7.872     297.080
7.877     297.080
7.883     295.369
7.889     297.080
7.895     297.080
7.901     297.080
7.906     297.080
7.912     297.080
7.918     297.080
7.924     297.080
7.930     297.080
7.935     297.080
7.941     297.080
7.947     297.080
7.953     297.080
7.959     297.080
7.964     297.080
7.970     295.369
7.976     295.369
7.982     295.369
7.988     295.369
7.993     295.369
7.999     295.369
8.005     295.369
8.011     295.369
8.017     295.369
8.022     295.369
8.028     295.369
8.034     295.369
8.040     295.369
8.046     295.369
8.052     293.668
8.057     295.369
8.063     295.369
8.069     295.369
8.075     295.369
8.081     295.369
8.086     295.369
8.092     297.080
8.098     297.080
8.104     297.080
8.110     295.369
8.115     295.369
8.121     295.369
8.127     297.080
8.133     295.369
8.139     297.080
8.144     295.369
8.150     295.369
8.156     297.080
8.162     297.080
8.168     297.080
8.173     295.369
8.179     295.369
8.185     297.080
8.191     297.080
8.197     297.080
8.202     295.369
8.208     295.369
8.214     295.369
8.220     297.080
8.226     297.080
8.231     297.080
8.237     295.369
8.243     295.369
8.249     295.369
8.255     297.080
8.260     297.080
8.266     297.080
8.272     295.369
8.278     295.369
8.284     297.080
8.290     297.080
8.295     297.080
8.301     297.080
8.307     297.080
8.313     297.080
8.319     297.080
8.324     297.080
8.330     297.080
8.336     297.080
8.342     297.080
8.348     297.080
8.353     297.080
8.359     297.080
8.365     297.080
8.371     295.369
8.377     297.080
8.382     297.080
8.388     297.080
8.394     295.369
8.400     295.369
8.406     295.369
8.411     295.369
8.417     297.080
8.423     295.369
8.429     295.369
8.435     295.369
8.440     295.369
8.446     295.369
8.452     297.080
8.458     297.080
8.464     297.080
8.469     295.369
8.475     295.369
8.481     295.369
8.487     295.369
8.493     295.369
8.499     297.080
8.504     297.080
8.510     297.080
8.516     297.080
8.522     298.801
8.528     298.801
8.533     298.801
8.539     298.801
8.545     298.801
8.551     298.801
8.557     298.801
8.562     297.080
8.568     295.369
8.574     295.369
8.580     295.369
8.586     295.369
8.591     295.369
8.597     295.369
8.603     295.369
8.609     295.369
8.615     295.369
8.620     297.080
8.626     295.369
8.632     295.369
8.638     295.369
8.644     297.080
8.649     295.369
8.655     295.369
8.661     293.668
8.667     293.668
8.673     295.369
8.678     295.369
8.684     295.369
8.690     295.369
8.696     295.369
8.702     295.369
8.707     295.369
8.713     295.369
8.719     295.369
8.725     295.369
8.731     295.369
8.737     295.369
8.742     295.369
8.748     195.999
8.754     197.135
8.760     197.135
8.766     198.277
8.771     199.425
8.777     200.580
8.783     200.580
8.789     201.742
8.795     202.911
8.800     410.539
8.806     410.539
8.812     410.539
8.818     412.918
8.824     415.310
8.829     417.715
8.835     420.135
8.841     422.569
8.847     422.569
8.853     422.569
8.858     425.017
8.864     427.479
8.870     429.956
8.876     432.446
8.882     432.446
8.887     434.951
8.893     434.951
8.899     437.471
8.905     437.471
8.911     440.005
8.916     440.005
8.922     440.005
8.928     440.005
8.934     442.554
8.940     442.554
8.945     442.554
8.951     442.554
8.957     442.554
8.963     442.554
8.969     445.118
8.975     445.118
8.980     445.118
8.986     445.118
8.992     445.118
8.998     445.118
9.004     445.118
9.009     447.697
9.015     447.697
9.021     447.697
9.027     447.697
9.033     445.118
9.038     445.118
9.044     442.554
9.050     442.554
9.056     442.554
9.062     442.554
9.067     442.554
9.073     442.554
9.079     442.554
9.085     442.554
9.091     442.554
9.096     442.554
9.102     442.554
9.108     445.118
9.114     445.118
9.120     445.118
9.125     445.118
9.131     447.697
9.137     447.697
9.143     447.697
9.149     447.697
9.154     447.697
9.160     447.697
9.166     445.118
9.172     445.118
9.178     442.554
9.183     442.554
9.189     442.554
9.195     440.005
9.201     440.005
9.207     440.005
9.213     440.005
9.218     440.005
9.224     442.554
9.230     442.554
9.236     442.554
9.242     445.118
9.247     445.118
9.253     447.697
9.259     450.290
9.265     452.899
9.271     455.522
9.276     455.522
9.282     458.161
9.288     458.161
9.294     455.522
9.300     455.522
9.305     455.522
9.311     455.522
9.317     452.899
9.323     452.899
9.329     452.899
9.334     450.290
9.340     447.697
9.346     445.118
9.352     442.554
9.358     440.005
9.363     440.005
9.369     437.471
9.375     437.471
9.381     437.471
9.387     437.471
9.392     437.471
9.398     437.471
9.404     437.471
9.410     440.005
9.416     445.118
9.421     450.290
9.427     455.522
9.433     460.815
9.439     463.485
9.445     466.170
9.451     468.870
9.456     471.586
9.462     474.318
9.468     477.066
9.474     477.066
9.480     479.829
9.485     477.066
9.491     477.066
9.497     474.318
9.503     471.586
9.509     466.170
9.514     460.815
9.520     458.161
9.526     452.899
9.532     447.697
9.538     440.005
9.543     429.956
9.549     425.017
9.555     422.569
9.561     420.135
9.567     417.715
9.572     415.310
9.578     415.310
9.584     420.135
9.590     427.479
9.596     432.446
9.601     437.471
9.607     442.554
9.613     447.697
9.619     455.522
9.625     463.485
9.630     468.870
9.636     471.586
9.642     474.318
9.648     477.066
9.654     482.609
9.660     485.405
9.665     485.405
9.671     485.405
9.677     482.609
9.683     479.829
9.689     474.318
9.694     468.870
9.700     463.485
9.706     458.161
9.712     450.290
9.718     442.554
9.723     437.471
9.729     425.017
9.735     417.715
9.741     412.918
9.747     410.539
9.752     408.175
9.758     410.539
9.764     412.918
9.770     415.310
9.776     420.135
9.781     425.017
9.787     429.956
9.793     440.005
9.799     447.697
9.805     450.290
9.810     452.899
9.816     458.161
9.822     460.815
9.828     466.170
9.834     468.870
9.839     471.586
9.845     471.586
9.851     471.586
9.857     468.870
9.863     468.870
9.868     466.170
9.874     460.815
9.880     458.161
9.886     452.899
9.892     447.697
9.898     442.554
9.903     434.951
9.909     429.956
9.915     427.479
9.921     422.569
9.927     420.135
9.932     420.135
9.938     422.569
9.944     425.017
9.950     429.956
9.956     434.951
9.961     437.471
9.967     442.554
9.973     445.118
9.979     450.290
9.985     455.522
9.990     460.815
9.996     466.170
10.002     468.870
10.008     471.586
10.014     471.586
10.019     474.318
10.025     471.586
10.031     471.586
10.037     466.170
10.043     460.815
10.048     458.161
10.054     452.899
10.060     447.697
10.066     445.118
10.072     447.697
10.077     445.118
10.083     445.118
10.089     445.118
10.095     445.118
10.101     442.554
10.106     440.005
10.112     440.005
10.118     440.005
10.124     437.471
10.130     434.951
10.136     434.951
10.141     434.951
10.147     434.951
10.153     434.951
10.159     434.951
10.165     434.951
10.170     434.951
10.176     432.446
10.182     429.956
10.188     429.956
10.194     427.479
10.199     427.479
10.205     427.479
10.211     429.956
10.217     437.471
10.223     445.118
10.228     447.697
10.234     447.697
10.240     445.118
10.246     445.118
10.252     445.118
10.257     445.118
10.263     442.554
10.269     442.554
10.275     442.554
10.281     442.554
10.286     442.554
10.292     442.554
10.298     442.554
10.304     442.554
10.310     442.554
10.315     442.554
10.321     442.554
10.327     442.554
10.333     445.118
10.339     445.118
10.344     445.118
10.350     445.118
10.356     445.118
10.362     445.118
10.368     445.118
10.374     447.697
10.379     447.697
10.385     447.697
10.391     223.847
10.397     223.847
10.403     225.144
10.408     225.144
10.414     225.144
10.420     225.144
10.426     225.144
10.432     225.144
10.437     223.847
10.443     223.847
10.449     223.847
10.455     223.847
10.461     223.847
10.466     223.847
10.472     223.847
10.478     223.847
10.484     223.847
10.490     223.847
10.495     223.847
10.501     222.558
10.507     222.558
10.513     222.558
10.519     221.276
10.524     221.276
10.530     221.276
10.536     220.002
10.542     220.002
10.548     218.735
10.553     218.735
10.559     218.735
10.565     218.735
10.571     218.735
10.577     218.735
10.582     218.735
10.588     220.002
10.594     220.002
10.600     220.002
10.606     218.735
10.612     218.735
10.617     218.735
10.623     220.002
10.629     220.002
10.635     221.276
10.641     221.276
10.646     222.558
10.652     222.558
10.658     223.847
10.664     223.847
10.670     225.144
10.675     225.144
10.681     226.448
10.687     226.448
10.693     226.448
10.699     226.448
10.704     225.144
10.710     223.847
10.716     222.558
10.722     221.276
10.728     218.735
10.733     220.002
10.739     220.002
10.745     222.558
10.751     218.735
10.757     221.276
10.762     225.144
10.768     226.448
10.774     230.407
10.780     229.080
10.786     225.144
10.791     233.084
10.797     246.944
10.803     252.716
10.809     255.652
10.815     255.652
10.820     257.133
10.826     257.133
10.832     257.133
10.838     255.652
10.844     255.652
10.850     252.716
10.855     249.813
10.861     248.374
10.867     248.374
10.873     248.374
10.879     246.944
10.884     248.374
10.890     249.813
10.896     248.374
10.902     248.374
10.908     246.944
10.913     246.944
10.919     246.944
10.925     248.374
10.931     249.813
10.937     251.260
10.942     251.260
10.948     251.260
10.954     251.260
10.960     251.260
10.966     502.523
10.971     499.628
10.977     499.628
10.983     499.628
10.989     499.628
10.995     496.751
11.000     496.751
11.006     496.751
11.012     496.751
11.018     496.751
11.024     493.890
11.029     493.890
11.035     491.045
11.041     491.045
11.047     491.045
11.053     491.045
11.059     491.045
11.064     491.045
11.070     491.045
11.076     493.890
11.082     493.890
11.088     493.890
11.093     496.751
11.099     496.751
11.105     496.751
11.111     496.751
11.117     496.751
11.122     496.751
11.128     496.751
11.134     496.751
11.140     496.751
11.146     496.751
11.151     496.751
11.157     496.751
11.163     493.890
11.169     493.890
11.175     491.045
11.180     491.045
11.186     491.045
11.192     488.217
11.198     488.217
11.204     488.217
11.209     488.217
11.215     488.217
11.221     488.217
11.227     488.217
11.233     488.217
11.238     488.217
11.244     491.045
11.250     491.045
11.256     493.890
11.262     493.890
11.267     496.751
11.273     496.751
11.279     499.628
11.285     502.523
11.291     505.434
11.297     505.434
11.302     508.362
11.308     508.362
11.314     508.362
11.320     505.434
11.326     502.523
11.331     502.523
11.337     499.628
11.343     496.751
11.349     493.890
11.355     491.045
11.360     488.217
11.366     485.405
11.372     482.609
11.378     482.609
11.384     479.829
11.389     479.829
11.395     479.829
11.401     479.829
11.407     479.829
11.413     482.609
11.418     485.405
11.424     488.217
11.430     491.045
11.436     496.751
11.442     502.523
11.447     508.362
11.453     517.248
11.459     523.258
11.465     526.289
11.471     529.338
11.476     529.338
11.482     529.338
11.488     529.338
11.494     529.338
11.500     526.289
11.505     526.289
11.511     523.258
11.517     520.244
11.523     517.248
11.529     514.269
11.535     511.307
11.540     502.523
11.546     496.751
11.552     491.045
11.558     485.405
11.564     477.066
11.569     466.170
11.575     460.815
11.581     458.161
11.587     455.522
11.593     458.161
11.598     458.161
11.604     460.815
11.610     466.170
11.616     474.318
11.622     479.829
11.627     488.217
11.633     499.628
11.639     502.523
11.645     511.307
11.651     520.244
11.656     529.338
11.662     532.404
11.668     538.591
11.674     541.711
11.680     544.849
11.685     548.005
11.691     548.005
11.697     548.005
11.703     544.849
11.709     541.711
11.714     538.591
11.720     532.404
11.726     529.338
11.732     526.289
11.738     520.244
11.743     514.269
11.749     508.362
11.755     499.628
11.761     493.890
11.767     488.217
11.773     479.829
11.778     474.318
11.784     468.870
11.790     463.485
11.796     463.485
11.802     463.485
11.807     466.170
11.813     468.870
11.819     474.318
11.825     479.829
11.831     491.045
11.836     496.751
11.842     502.523
11.848     511.307
11.854     523.258
11.860     529.338
11.865     532.404
11.871     538.591
11.877     541.711
11.883     544.849
11.889     544.849
11.894     544.849
11.900     541.711
11.906     538.591
11.912     532.404
11.918     529.338
11.923     526.289
11.929     520.244
11.935     514.269
11.941     505.434
11.947     496.751
11.952     488.217
11.958     477.066
11.964     466.170
11.970     458.161
11.976     452.899
11.981     452.899
11.987     452.899
11.993     452.899
11.999     455.522
12.005     460.815
12.011     468.870
12.016     479.829
12.022     488.217
12.028     496.751
12.034     502.523
12.040     508.362
12.045     520.244
12.051     526.289
12.057     532.404
12.063     538.591
12.069     538.591
12.074     538.591
12.080     538.591
12.086     538.591
12.092     535.489
12.098     529.338
12.103     523.258
12.109     517.248
12.115     511.307
12.121     496.751
12.127     485.405
12.132     474.318
12.138     466.170
12.144     460.815
12.150     458.161
12.156     458.161
12.161     458.161
12.167     460.815
12.173     463.485
12.179     468.870
12.185     477.066
12.190     485.405
12.196     493.890
12.202     252.716
12.208     252.716
12.214     252.716
12.220     260.121
12.225     263.144
12.231     255.652
12.237     254.180
12.243     252.716
12.249     252.716
12.254     252.716
12.260     251.260
12.266     249.813
12.272     248.374
12.278     246.944
12.283     246.944
12.289     245.522
12.295     245.522
12.301     244.107
12.307     244.107
12.312     239.914
12.318     239.914
12.324     241.304
12.330     242.701
12.336     244.107
12.341     245.522
12.347     245.522
12.353     245.522
12.359     245.522
12.365     244.107
12.370     239.914
12.376     252.716
12.382     255.652
12.388     254.180
12.394     251.260
12.399     249.813
12.405     246.944
12.411     246.944
12.417     241.304
12.423     238.532
12.428     238.532
12.434     239.914
12.440     482.609
12.446     488.217
12.452     496.751
12.458     505.434
12.463     514.269
12.469     523.258
12.475     529.338
12.481     541.711
12.487     548.005
12.492     551.180
12.498     551.180
12.504     548.005
12.510     544.849
12.516     538.591
12.521     535.489
12.527     523.258
12.533     514.269
12.539     502.523
12.545     491.045
12.550     482.609
12.556     474.318
12.562     466.170
12.568     458.161
12.574     450.290
12.579     447.697
12.585     445.118
12.591     447.697
12.597     450.290
12.603     455.522
12.608     463.485
12.614     468.870
12.620     477.066
12.626     482.609
12.632     491.045
12.637     535.489
12.643     548.005
12.649     557.584
12.655     567.331
12.661     570.617
12.666     570.617
12.672     573.923
12.678     573.923
12.684     570.617
12.690     564.063
12.696     554.373
12.701     544.849
12.707     532.404
12.713     517.248
12.719     505.434
12.725     488.217
12.730     479.829
12.736     471.586
12.742     466.170
12.748     460.815
12.754     458.161
12.759     460.815
12.765     463.485
12.771     466.170
12.777     468.870
12.783     474.318
12.788     482.609
12.794     491.045
12.800     523.258
12.806     535.489
12.812     541.711
12.817     544.849
12.823     538.591
12.829     532.404
12.835     523.258
12.841     511.307
12.846     499.628
12.852     485.405
12.858     477.066
12.864     442.554
12.870     0.000
12.875     0.000
12.881     0.000
12.887     0.000
12.893     0.000
12.899     0.000
12.904     0.000
12.910     0.000
12.916     0.000
12.922     0.000
12.928     0.000
12.934     0.000
12.939     0.000
12.945     0.000
12.951     0.000
12.957     0.000
12.963     0.000
12.968     0.000
12.974     0.000
12.980     0.000
12.986     0.000
12.992     0.000
12.997     0.000
13.003     0.000
13.009     0.000
13.015     0.000
13.021     0.000
13.026     0.000
13.032     0.000
13.038     0.000
13.044     0.000
13.050     0.000
13.055     0.000
13.061     0.000
13.067     0.000
13.073     0.000
13.079     0.000
13.084     0.000
13.090     0.000
13.096     0.000
13.102     0.000
13.108     0.000
13.113     0.000
13.119     0.000
13.125     0.000
13.131     0.000
13.137     270.854
13.142     269.294
13.148     267.743
13.154     272.423
13.160     280.406
13.166     285.307
13.172     290.295
13.177     291.976
13.183     293.668
13.189     293.668
13.195     293.668
13.201     291.976
13.206     291.976
13.212     290.295
13.218     285.307
13.224     282.030
13.230     277.185
13.235     272.423
13.241     269.294
13.247     267.743
13.253     267.743
13.259     267.743
13.264     270.854
13.270     275.589
13.276     278.791
13.282     282.030
13.288     283.664
13.293     283.664
13.299     283.664
13.305     560.814
13.311     560.814
13.317     560.814
13.322     560.814
13.328     560.814
13.334     560.814
13.340     557.584
13.346     557.584
13.351     557.584
13.357     557.584
13.363     554.373
13.369     554.373
13.375     554.373
13.380     551.180
13.386     551.180
13.392     551.180
13.398     551.180
13.404     551.180
13.410     551.180
13.415     551.180
13.421     551.180
13.427     551.180
13.433     551.180
13.439     551.180
13.444     551.180
13.450     554.373
13.456     554.373
13.462     557.584
13.468     557.584
13.473     557.584
13.479     557.584
13.485     557.584
13.491     554.373
13.497     554.373
13.502     554.373
13.508     554.373
13.514     554.373
13.520     554.373
13.526     554.373
13.531     554.373
13.537     554.373
13.543     554.373
13.549     557.584
13.555     557.584
13.560     557.584
13.566     557.584
13.572     560.814
13.578     560.814
13.584     560.814
13.589     564.063
13.595     564.063
13.601     564.063
13.607     567.331
13.613     570.617
13.619     570.617
13.624     570.617
13.630     567.331
13.636     567.331
13.642     564.063
13.648     564.063
13.653     564.063
13.659     564.063
13.665     564.063
13.671     560.814
13.677     560.814
13.682     560.814
13.688     557.584
13.694     557.584
13.700     554.373
13.706     551.180
13.711     551.180
13.717     548.005
13.723     548.005
13.729     548.005
13.735     548.005
13.740     548.005
13.746     548.005
13.752     548.005
13.758     548.005
13.764     551.180
13.769     551.180
13.775     554.373
13.781     557.584
13.787     560.814
13.793     564.063
13.798     567.331
13.804     567.331
13.810     570.617
13.816     573.923
13.822     573.923
13.827     573.923
13.833     573.923
13.839     573.923
13.845     577.247
13.851     573.923
13.857     573.923
13.862     573.923
13.868     570.617
13.874     570.617
13.880     567.331
13.886     564.063
13.891     560.814
13.897     554.373
13.903     551.180
13.909     544.849
13.915     541.711
13.920     541.711
13.926     541.711
13.932     541.711
13.938     541.711
13.944     541.711
13.949     544.849
13.955     544.849
13.961     551.180
13.967     554.373
13.973     560.814
13.978     564.063
13.984     567.331
13.990     570.617
13.996     573.923
14.002     577.247
14.007     580.592
14.013     580.592
14.019     583.955
14.025     587.338
14.031     587.338
14.036     587.338
14.042     583.955
14.048     580.592
14.054     580.592
14.060     580.592
14.065     577.247
14.071     573.923
14.077     570.617
14.083     564.063
14.089     560.814
14.095     554.373
14.100     551.180
14.106     548.005
14.112     541.711
14.118     538.591
14.124     538.591
14.129     535.489
14.135     535.489
14.141     532.404
14.147     532.404
14.153     535.489
14.158     538.591
14.164     541.711
14.170     541.711
14.176     548.005
14.182     551.180
14.187     554.373
14.193     564.063
14.199     570.617
14.205     573.923
14.211     577.247
14.216     580.592
14.222     583.955
14.228     587.338
14.234     587.338
14.240     590.740
14.245     590.740
14.251     590.740
14.257     587.338
14.263     583.955
14.269     583.955
14.274     580.592
14.280     577.247
14.286     573.923
14.292     570.617
14.298     567.331
14.303     560.814
14.309     554.373
14.315     548.005
14.321     544.849
14.327     541.711
14.333     538.591
14.338     538.591
14.344     538.591
14.350     538.591
14.356     538.591
14.362     538.591
14.367     541.711
14.373     544.849
14.379     548.005
14.385     551.180
14.391     557.584
14.396     564.063
14.402     570.617
14.408     573.923
14.414     577.247
14.420     583.955
14.425     590.740
14.431     594.162
14.437     601.066
14.443     604.548
14.449     604.548
14.454     604.548
14.460     601.066
14.466     597.604
14.472     590.740
14.478     583.955
14.483     580.592
14.489     573.923
14.495     570.617
14.501     564.063
14.507     557.584
14.512     554.373
14.518     548.005
14.524     544.849
14.530     541.711
14.536     538.591
14.541     538.591
14.547     538.591
14.553     538.591
14.559     541.711
14.565     541.711
14.571     551.180
14.576     557.584
14.582     567.331
14.588     573.923
14.594     577.247
14.600     580.592
14.605     583.955
14.611     587.338
14.617     590.740
14.623     590.740
14.629     590.740
14.634     587.338
14.640     583.955
14.646     577.247
14.652     570.617
14.658     564.063
14.663     551.180
14.669     541.711
14.675     529.338
14.681     523.258
14.687     517.248
14.692     511.307
14.698     511.307
14.704     511.307
14.710     514.269
14.716     520.244
14.721     526.289
14.727     532.404
14.733     541.711
14.739     554.373
14.745     567.331
14.750     573.923
14.756     577.247
14.762     580.592
14.768     583.955
14.774     587.338
14.780     587.338
14.785     587.338
14.791     583.955
14.797     580.592
14.803     570.617
14.809     560.814
14.814     554.373
14.820     551.180
14.826     544.849
14.832     538.591
14.838     535.489
14.843     532.404
14.849     532.404
14.855     532.404
14.861     532.404
14.867     532.404
14.872     535.489
14.878     535.489
14.884     538.591
14.890     544.849
14.896     551.180
14.901     557.584
14.907     567.331
14.913     573.923
14.919     577.247
14.925     577.247
14.930     580.592
14.936     583.955
14.942     583.955
14.948     583.955
14.954     580.592
14.959     580.592
14.965     580.592
14.971     573.923
14.977     567.331
14.983     564.063
14.988     560.814
14.994     557.584
15.000     554.373
15.006     551.180
15.012     548.005
15.018     548.005
15.023     548.005
15.029     548.005
15.035     554.373
15.041     564.063
15.047     567.331
15.052     570.617
15.058     573.923
15.064     580.592
15.070     583.955
15.076     587.338
15.081     587.338
15.087     587.338
15.093     587.338
15.099     590.740
15.105     587.338
15.110     590.740
15.116     590.740
15.122     594.162
15.128     597.604
15.134     554.373
15.139     564.063
15.145     570.617
15.151     567.331
15.157     557.584
15.163     590.740
15.168     597.604
15.174     594.162
15.180     594.162
15.186     548.005
15.192     517.248
15.197     508.362
15.203     499.628
15.209     499.628
15.215     499.628
15.221     505.434
15.226     508.362
15.232     511.307
15.238     499.628
15.244     499.628
15.250     499.628
15.256     502.523
15.261     502.523
15.267     0.000
15.273     0.000
15.279     0.000
15.285     0.000
15.290     0.000
15.296     0.000
15.302     0.000
15.308     0.000
15.314     0.000
15.319     0.000
15.325     0.000
15.331     0.000
15.337     0.000
15.343     0.000
15.348     0.000
15.354     0.000
15.360     254.180
15.366     255.652
15.372     255.652
15.377     254.180
15.383     255.652
15.389     257.133
15.395     263.144
15.401     272.423
15.406     280.406
15.412     286.960
15.418     291.976
15.424     295.369
15.430     297.080
15.435     298.801
15.441     300.532
15.447     300.532
15.453     302.273
15.459     305.785
15.464     309.338
15.470     311.130
15.476     309.338
15.482     305.785
15.488     302.273
15.494     298.801
15.499     295.369
15.505     290.295
15.511     283.664
15.517     278.791
15.523     275.589
15.528     272.423
15.534     272.423
15.540     274.001
15.546     275.589
15.552     275.589
15.557     277.185
15.563     280.406
15.569     283.664
15.575     288.623
15.581     291.976
15.586     293.668
15.592     297.080
15.598     302.273
15.604     305.785
15.610     312.932
15.615     316.569
15.621     318.402
15.627     320.247
15.633     323.968
15.639     323.968
15.644     323.968
15.650     323.968
15.656     320.247
15.662     316.569
15.668     312.932
15.673     307.556
15.679     304.024
15.685     300.532
15.691     297.080
15.697     293.668
15.702     290.295
15.708     286.960
15.714     283.664
15.720     282.030
15.726     280.406
15.732     278.791
15.737     278.791
15.743     278.791
15.749     280.406
15.755     283.664
15.761     285.307
15.766     286.960
15.772     288.623
15.778     291.976
15.784     293.668
15.790     297.080
15.795     300.532
15.801     304.024
15.807     307.556
15.813     311.130
15.819     311.130
15.824     312.932
15.830     314.745
15.836     316.569
15.842     316.569
15.848     316.569
15.853     314.745
15.859     314.745
15.865     312.932
15.871     309.338
15.877     305.785
15.882     300.532
15.888     297.080
15.894     293.668
15.900     290.295
15.906     288.623
15.911     285.307
15.917     282.030
15.923     280.406
15.929     278.791
15.935     278.791
15.940     280.406
15.946     282.030
15.952     282.030
15.958     280.406
15.964     282.030
15.970     283.664
15.975     286.960
15.981     290.295
15.987     291.976
15.993     295.369
15.999     297.080
16.004     300.532
16.010     302.273
16.016     305.785
16.022     311.130
16.028     314.745
16.033     314.745
16.039     314.745
16.045     314.745
16.051     314.745
16.057     314.745
16.062     312.932
16.068     311.130
16.074     307.556
16.080     304.024
16.086     302.273
16.091     298.801
16.097     295.369
16.103     291.976
16.109     290.295
16.115     288.623
16.120     285.307
16.126     282.030
16.132     282.030
16.138     280.406
16.144     282.030
16.149     282.030
16.155     282.030
16.161     282.030
16.167     283.664
16.173     285.307
16.179     288.623
16.184     290.295
16.190     291.976
16.196     293.668
16.202     297.080
16.208     300.532
16.213     302.273
16.219     305.785
16.225     309.338
16.231     311.130
16.237     312.932
16.242     314.745
16.248     314.745
16.254     314.745
16.260     314.745
16.266     314.745
16.271     314.745
16.277     312.932
16.283     311.130
16.289     309.338
16.295     307.556
16.300     304.024
16.306     300.532
16.312     297.080
16.318     293.668
16.324     290.295
16.329     288.623
16.335     286.960
16.341     285.307
16.347     283.664
16.353     280.406
16.358     278.791
16.364     280.406
16.370     280.406
16.376     282.030
16.382     282.030
16.387     283.664
16.393     285.307
16.399     286.960
16.405     290.295
16.411     291.976
16.417     293.668
16.422     297.080
16.428     300.532
16.434     304.024
16.440     305.785
16.446     311.130
16.451     314.745
16.457     316.569
16.463     320.247
16.469     320.247
16.475     320.247
16.480     320.247
16.486     320.247
16.492     320.247
16.498     318.402
16.504     314.745
16.509     312.932
16.515     309.338
16.521     305.785
16.527     302.273
16.533     297.080
16.538     293.668
16.544     291.976
16.550     290.295
16.556     286.960
16.562     285.307
16.567     283.664
16.573     282.030
16.579     282.030
16.585     282.030
16.591     283.664
16.596     285.307
16.602     285.307
16.608     286.960
16.614     288.623
16.620     290.295
16.625     293.668
16.631     295.369
16.637     298.801
16.643     300.532
16.649     302.273
16.655     305.785
16.660     309.338
16.666     311.130
16.672     314.745
16.678     316.569
16.684     318.402
16.689     318.402
16.695     320.247
16.701     320.247
16.707     320.247
16.713     318.402
16.718     316.569
16.724     314.745
16.730     311.130
16.736     307.556
16.742     305.785
16.747     302.273
16.753     298.801
16.759     295.369
16.765     291.976
16.771     288.623
16.776     286.960
16.782     285.307
16.788     283.664
16.794     282.030
16.800     282.030
16.805     283.664
16.811     283.664
16.817     285.307
16.823     286.960
16.829     288.623
16.834     290.295
16.840     293.668
16.846     295.369
16.852     298.801
16.858     300.532
16.863     302.273
16.869     304.024
16.875     307.556
16.881     309.338
16.887     309.338
16.893     309.338
16.898     309.338
16.904     309.338
16.910     309.338
16.916     307.556
16.922     307.556
16.927     305.785
16.933     304.024
16.939     302.273
16.945     300.532
16.951     298.801
16.956     297.080
16.962     295.369
16.968     293.668
16.974     293.668
16.980     291.976
16.985     291.976
16.991     291.976
16.997     290.295
17.003     290.295
17.009     290.295
17.014     290.295
17.020     290.295
17.026     290.295
17.032     290.295
17.038     291.976
17.043     291.976
17.049     293.668
17.055     293.668
17.061     295.369
17.067     297.080
17.072     297.080
17.078     298.801
17.084     300.532
17.090     300.532
17.096     302.273
17.101     304.024
17.107     305.785
17.113     307.556
17.119     307.556
17.125     309.338
17.131     309.338
17.136     307.556
17.142     307.556
17.148     305.785
17.154     304.024
17.160     300.532
17.165     297.080
17.171     293.668
17.177     290.295
17.183     288.623
17.189     286.960
17.194     285.307
17.200     285.307
17.206     285.307
17.212     285.307
17.218     285.307
17.223     285.307
17.229     285.307
17.235     286.960
17.241     288.623
17.247     290.295
17.252     291.976
17.258     293.668
17.264     297.080
17.270     298.801
17.276     300.532
17.281     302.273
17.287     304.024
17.293     307.556
17.299     309.338
17.305     311.130
17.310     312.932
17.316     314.745
17.322     314.745
17.328     316.569
17.334     314.745
17.340     312.932
17.345     311.130
17.351     307.556
17.357     304.024
17.363     302.273
17.369     298.801
17.374     297.080
17.380     295.369
17.386     293.668
17.392     291.976
17.398     290.295
17.403     286.960
17.409     285.307
17.415     283.664
17.421     282.030
17.427     283.664
17.432     285.307
17.438     285.307
17.444     285.307
17.450     286.960
17.456     288.623
17.461     288.623
17.467     290.295
17.473     291.976
17.479     293.668
17.485     295.369
17.490     297.080
17.496     298.801
17.502     302.273
17.508     304.024
17.514     309.338
17.519     311.130
17.525     314.745
17.531     316.569
17.537     318.402
17.543     320.247
17.548     318.402
17.554     316.569
17.560     314.745
17.566     312.932
17.572     311.130
17.578     309.338
17.583     305.785
17.589     304.024
17.595     300.532
17.601     297.080
17.607     293.668
17.612     291.976
17.618     291.976
17.624     290.295
17.630     288.623
17.636     288.623
17.641     286.960
17.647     286.960
17.653     286.960
17.659     286.960
17.665     288.623
17.670     288.623
17.676     290.295
17.682     293.668
17.688     295.369
17.694     297.080
17.699     298.801
17.705     298.801
17.711     300.532
17.717     304.024
17.723     304.024
17.728     307.556
17.734     309.338
17.740     312.932
17.746     316.569
17.752     316.569
17.757     316.569
17.763     316.569
17.769     314.745
17.775     312.932
17.781     311.130
17.786     311.130
17.792     309.338
17.798     307.556
17.804     305.785
17.810     302.273
17.816     298.801
17.821     295.369
17.827     293.668
17.833     291.976
17.839     291.976
17.845     290.295
17.850     290.295
17.856     290.295
17.862     290.295
17.868     288.623
17.874     288.623
17.879     290.295
17.885     290.295
17.891     290.295
17.897     291.976
17.903     293.668
17.908     295.369
17.914     295.369
17.920     297.080
17.926     298.801
17.932     300.532
17.937     302.273
17.943     304.024
17.949     305.785
17.955     305.785
17.961     305.785
17.966     307.556
17.972     307.556
17.978     309.338
17.984     311.130
17.990     312.932
17.995     311.130
18.001     311.130
18.007     305.785
18.013     304.024
18.019     302.273
18.024     300.532
18.030     298.801
18.036     298.801
18.042     297.080
18.048     295.369
18.054     293.668
18.059     293.668
18.065     291.976
18.071     291.976
18.077     290.295
18.083     290.295
18.088     290.295
18.094     288.623
18.100     290.295
18.106     290.295
18.112     291.976
18.117     293.668
18.123     295.369
18.129     297.080
18.135     297.080
18.141     298.801
18.146     300.532
18.152     304.024
18.158     307.556
18.164     309.338
18.170     311.130
18.175     312.932
18.181     312.932
18.187     312.932
18.193     314.745
18.199     314.745
18.204     314.745
18.210     312.932
18.216     311.130
18.222     307.556
18.228     305.785
18.233     302.273
18.239     298.801
18.245     297.080
18.251     295.369
18.257     293.668
18.262     293.668
18.268     291.976
18.274     290.295
18.280     290.295
18.286     288.623
18.292     288.623
18.297     286.960
18.303     286.960
18.309     286.960
18.315     288.623
18.321     288.623
18.326     288.623
18.332     290.295
18.338     291.976
18.344     293.668
18.350     295.369
18.355     297.080
18.361     298.801
18.367     300.532
18.373     304.024
18.379     307.556
18.384     311.130
18.390     314.745
18.396     314.745
18.402     314.745
18.408     316.569
18.413     316.569
18.419     316.569
18.425     316.569
18.431     314.745
18.437     312.932
18.442     311.130
18.448     309.338
18.454     307.556
18.460     304.024
18.466     300.532
18.471     298.801
18.477     295.369
18.483     293.668
18.489     293.668
18.495     291.976
18.500     291.976
18.506     291.976
18.512     290.295
18.518     290.295
18.524     288.623
18.530     288.623
18.535     288.623
18.541     290.295
18.547     291.976
18.553     293.668
18.559     295.369
18.564     298.801
18.570     300.532
18.576     302.273
18.582     304.024
18.588     305.785
18.593     307.556
18.599     307.556
18.605     307.556
18.611     309.338
18.617     309.338
18.622     311.130
18.628     312.932
18.634     312.932
18.640     312.932
18.646     311.130
18.651     309.338
18.657     307.556
18.663     305.785
18.669     302.273
18.675     300.532
18.680     298.801
18.686     295.369
18.692     293.668
18.698     291.976
18.704     291.976
18.709     290.295
18.715     290.295
18.721     288.623
18.727     286.960
18.733     286.960
18.739     286.960
18.744     286.960
18.750     286.960
18.756     286.960
18.762     288.623
18.768     290.295
18.773     291.976
18.779     295.369
18.785     298.801
18.791     300.532
18.797     304.024
18.802     307.556
18.808     311.130
18.814     312.932
18.820     316.569
18.826     318.402
18.831     320.247
18.837     322.102
18.843     322.102
18.849     323.968
18.855     323.968
18.860     322.102
18.866     320.247
18.872     320.247
18.878     318.402
18.884     314.745
18.889     309.338
18.895     305.785
18.901     300.532
18.907     297.080
18.913     291.976
18.918     288.623
18.924     285.307
18.930     282.030
18.936     278.791
18.942     278.791
18.947     277.185
18.953     277.185
18.959     275.589
18.965     275.589
18.971     275.589
18.977     278.791
18.982     280.406
18.988     283.664
18.994     286.960
19.000     286.960
19.006     288.623
19.011     291.976
19.017     295.369
19.023     297.080
19.029     300.532
19.035     304.024
19.040     309.338
19.046     311.130
19.052     314.745
19.058     316.569
19.064     318.402
19.069     318.402
19.075     318.402
19.081     316.569
19.087     314.745
19.093     312.932
19.098     311.130
19.104     307.556
19.110     305.785
19.116     302.273
19.122     300.532
19.127     297.080
19.133     293.668
19.139     291.976
19.145     290.295
19.151     288.623
19.156     286.960
19.162     286.960
19.168     285.307
19.174     285.307
19.180     285.307
19.185     285.307
19.191     288.623
19.197     290.295
19.203     291.976
19.209     291.976
19.215     295.369
19.220     297.080
19.226     300.532
19.232     304.024
19.238     307.556
19.244     311.130
19.249     312.932
19.255     316.569
19.261     320.247
19.267     323.968
19.273     325.845
19.278     323.968
19.284     322.102
19.290     323.968
19.296     323.968
19.302     323.968
19.307     323.968
19.313     318.402
19.319     314.745
19.325     309.338
19.331     305.785
19.336     302.273
19.342     298.801
19.348     295.369
19.354     291.976
19.360     288.623
19.365     286.960
19.371     283.664
19.377     280.406
19.383     280.406
19.389     280.406
19.394     282.030
19.400     285.307
19.406     286.960
19.412     290.295
19.418     290.295
19.423     291.976
19.429     291.976
19.435     295.369
19.441     295.369
19.447     298.801
19.453     300.532
19.458     302.273
19.464     304.024
19.470     307.556
19.476     309.338
19.482     311.130
19.487     312.932
19.493     312.932
19.499     312.932
19.505     312.932
19.511     312.932
19.516     311.130
19.522     309.338
19.528     307.556
19.534     305.785
19.540     302.273
19.545     300.532
19.551     298.801
19.557     297.080
19.563     295.369
19.569     295.369
19.574     293.668
19.580     291.976
19.586     291.976
19.592     290.295
19.598     290.295
19.603     288.623
19.609     288.623
19.615     288.623
19.621     288.623
19.627     288.623
19.632     290.295
19.638     291.976
19.644     293.668
19.650     295.369
19.656     297.080
19.661     300.532
19.667     304.024
19.673     307.556
19.679     309.338
19.685     312.932
19.691     314.745
19.696     314.745
19.702     314.745
19.708     316.569
19.714     314.745
19.720     314.745
19.725     316.569
19.731     314.745
19.737     312.932
19.743     312.932
19.749     309.338
19.754     305.785
19.760     302.273
19.766     300.532
19.772     298.801
19.778     297.080
19.783     293.668
19.789     293.668
19.795     291.976
19.801     290.295
19.807     288.623
19.812     286.960
19.818     285.307
19.824     286.960
19.830     286.960
19.836     288.623
19.841     290.295
19.847     291.976
19.853     295.369
19.859     297.080
19.865     298.801
19.870     302.273
19.876     305.785
19.882     311.130
19.888     314.745
19.894     316.569
19.900     318.402
19.905     318.402
19.911     318.402
19.917     320.247
19.923     320.247
19.929     318.402
19.934     318.402
19.940     318.402
19.946     316.569
19.952     312.932
19.958     309.338
19.963     304.024
19.969     300.532
19.975     297.080
19.981     291.976
19.987     288.623
19.992     285.307
19.998     282.030
20.004     278.791
20.010     277.185
20.016     275.589
20.021     275.589
20.027     275.589
20.033     275.589
20.039     277.185
20.045     278.791
20.050     282.030
20.056     285.307
20.062     288.623
20.068     290.295
20.074     293.668
20.079     297.080
20.085     298.801
20.091     304.024
20.097     307.556
20.103     311.130
20.108     312.932
20.114     316.569
20.120     316.569
20.126     318.402
20.132     318.402
20.138     316.569
20.143     314.745
20.149     311.130
20.155     309.338
20.161     307.556
20.167     304.024
20.172     302.273
20.178     298.801
20.184     297.080
20.190     293.668
20.196     291.976
20.201     290.295
20.207     288.623
20.213     286.960
20.219     286.960
20.225     285.307
20.230     285.307
20.236     285.307
20.242     285.307
20.248     288.623
20.254     288.623
20.259     290.295
20.265     291.976
20.271     295.369
20.277     297.080
20.283     298.801
20.288     300.532
20.294     302.273
20.300     304.024
20.306     307.556
20.312     312.932
20.317     314.745
20.323     314.745
20.329     312.932
20.335     312.932
20.341     311.130
20.346     311.130
20.352     309.338
20.358     305.785
20.364     302.273
20.370     298.801
20.376     297.080
20.381     293.668
20.387     293.668
20.393     291.976
20.399     288.623
20.405     288.623
20.410     286.960
20.416     286.960
20.422     288.623
20.428     288.623
20.434     290.295
20.439     291.976
20.445     290.295
20.451     291.976
20.457     291.976
20.463     293.668
20.468     293.668
20.474     295.369
20.480     295.369
20.486     297.080
20.492     298.801
20.497     300.532
20.503     302.273
20.509     304.024
20.515     305.785
20.521     305.785
20.526     305.785
20.532     300.532
20.538     300.532
20.544     297.080
20.550     297.080
20.555     297.080
20.561     295.369
20.567     295.369
20.573     295.369
20.579     295.369
20.584     297.080
20.590     297.080
20.596     298.801
20.602     298.801
20.608     300.532
20.614     302.273
20.619     305.785
20.625     309.338
20.631     309.338
20.637     309.338
20.643     307.556
20.648     307.556
20.654     307.556
20.660     309.338
20.666     309.338
20.672     309.338
20.677     311.130
20.683     309.338
20.689     307.556
20.695     305.785
20.701     304.024
20.706     300.532
20.712     297.080
20.718     285.307
20.724     297.080
20.730     297.080
20.735     297.080
20.741     298.801
20.747     298.801
20.753     297.080
20.759     297.080
20.764     297.080
20.770     297.080
20.776     297.080
20.782     297.080
20.788     297.080
20.793     297.080
20.799     297.080
20.805     297.080
20.811     297.080
20.817     297.080
20.822     297.080
20.828     298.801
20.834     297.080
20.840     297.080
20.846     297.080
20.852     298.801
20.857     297.080
20.863     297.080
20.869     297.080
20.875     298.801
20.881     297.080
20.886     297.080
20.892     295.369
20.898     297.080
20.904     298.801
20.910     298.801
20.915     297.080
20.921     295.369
20.927     295.369
20.933     293.668
20.939     295.369
20.944     295.369
20.950     297.080
20.956     297.080
20.962     297.080
20.968     297.080
20.973     297.080
20.979     297.080
20.985     297.080
20.991     295.369
20.997     295.369
21.002     293.668
21.008     291.976
21.014     288.623
21.020     285.307
21.026     280.406
21.031     278.791
21.037     278.791
21.043     274.001
21.049     275.589
21.055     277.185
21.060     278.791
21.066     278.791
21.072     297.080
21.078     288.623
21.084     290.295
21.090     290.295
21.095     291.976
21.101     293.668
21.107     295.369
21.113     295.369
21.119     297.080
21.124     297.080
21.130     298.801
21.136     298.801
21.142     298.801
21.148     300.532
21.153     300.532
21.159     300.532
21.165     300.532
21.171     300.532
21.177     298.801
21.182     297.080
21.188     295.369
21.194     293.668
21.200     290.295
21.206     288.623
21.211     291.976
21.217     295.369
21.223     298.801
21.229     298.801
21.235     297.080
21.240     291.976
21.246     291.976
21.252     295.369
21.258     300.532
21.264     300.532
21.269     297.080
21.275     286.960
21.281     291.976
21.287     293.668
21.293     297.080
21.299     300.532
21.304     152.011
21.310     154.668
21.316     156.466
21.322     158.284
21.328     158.284
21.333     158.284
21.339     157.372
21.345     155.564
21.351     153.778
21.357     0.000
21.362     0.000
21.368     0.000
21.374     0.000
21.380     0.000
21.386     0.000
21.391     0.000
21.397     0.000
21.403     0.000
21.409     0.000
21.415     0.000
21.420     0.000
21.426     0.000
21.432     0.000
21.438     0.000
21.444     0.000
21.449     0.000
21.455     0.000
21.461     0.000
21.467     0.000
21.473     0.000
21.478     0.000
21.484     0.000
21.490     0.000
21.496     0.000
21.502     0.000
21.507     0.000
21.513     0.000
21.519     0.000
21.525     0.000
21.531     0.000
21.537     0.000
21.542     0.000
21.548     0.000
21.554     0.000
21.560     0.000
21.566     0.000
21.571     0.000
21.577     0.000
21.583     0.000
21.589     0.000
21.595     0.000
21.600     0.000
21.606     0.000
21.612     0.000
21.618     0.000
21.624     0.000
21.629     0.000
21.635     0.000
21.641     0.000
21.647     0.000
21.653     0.000
21.658     0.000
21.664     0.000
21.670     0.000
21.676     0.000
21.682     0.000
21.687     0.000
21.693     0.000
21.699     0.000
21.705     0.000
21.711     0.000
21.716     0.000
21.722     0.000
21.728     0.000
21.734     0.000
21.740     0.000
21.745     0.000
21.751     0.000
21.757     0.000
21.763     0.000
21.769     0.000
21.775     0.000
21.780     0.000
21.786     0.000
21.792     0.000
21.798     0.000
21.804     0.000
21.809     0.000
21.815     0.000
21.821     0.000
21.827     0.000
21.833     0.000
21.838     0.000
21.844     0.000
21.850     0.000
21.856     0.000
21.862     0.000
21.867     0.000
21.873     0.000
21.879     0.000
21.885     0.000
21.891     0.000
21.896     0.000
21.902     0.000
21.908     0.000
21.914     0.000
21.920     0.000
21.925     0.000
21.931     0.000
21.937     0.000
21.943     0.000
21.949     0.000
21.954     0.000
21.960     0.000
21.966     0.000
21.972     0.000
21.978     0.000
21.983     0.000
21.989     0.000
21.995     0.000
22.001     0.000
22.007     0.000
22.013     0.000
22.018     0.000
22.024     0.000
22.030     0.000
22.036     0.000
22.042     0.000
22.047     0.000
22.053     0.000
22.059     0.000
22.065     0.000
22.071     0.000
22.076     0.000
22.082     0.000
22.088     0.000
22.094     0.000
22.100     0.000
22.105     0.000
22.111     0.000
22.117     0.000
22.123     0.000
22.129     0.000
22.134     0.000
22.140     0.000
22.146     0.000
22.152     0.000
22.158     0.000
22.163     0.000
22.169     0.000
22.175     0.000
22.181     0.000
