0.000     0.000
0.006     312.932
0.012     322.102
0.017     331.541
0.023     333.461
0.029     333.461
0.035     329.631
0.041     329.631
0.046     331.541
0.052     333.461
0.058     331.541
0.064     331.541
0.070     333.461
0.075     333.461
0.081     333.461
0.087     331.541
0.093     331.541
0.099     333.461
0.104     331.541
0.110     327.732
0.116     327.732
0.122     331.541
0.128     329.631
0.134     325.845
0.139     322.102
0.145     322.102
0.151     325.845
0.157     327.732
0.163     327.732
0.168     329.631
0.174     329.631
0.180     329.631
0.186     329.631
0.192     327.732
0.197     327.732
0.203     329.631
0.209     331.541
0.215     331.541
0.221     666.925
0.226     670.789
0.232     670.789
0.238     670.789
0.244     670.789
0.250     666.925
0.255     663.084
0.261     655.468
0.267     640.497
0.273     622.263
0.279     604.548
0.284     594.162
0.290     587.338
0.296     580.592
0.302     580.592
0.308     580.592
0.313     583.955
0.319     587.338
0.325     594.162
0.331     608.050
0.337     633.140
0.342     651.692
0.348     663.084
0.354     670.789
0.360     678.583
0.366     682.514
0.372     678.583
0.377     674.674
0.383     670.789
0.389     663.084
0.395     655.468
0.401     655.468
0.406     651.692
0.412     166.730
0.418     166.730
0.424     166.730
0.430     166.730
0.435     166.730
0.441     166.730
0.447     166.730
0.453     166.730
0.459     166.730
0.464     166.730
0.470     166.730
0.476     166.730
0.482     166.730
0.488     166.730
0.493     167.696
0.499     166.730
0.505     166.730
0.511     165.770
0.517     570.617
0.522     577.247
0.528     587.338
0.534     594.162
0.540     608.050
0.546     622.263
0.551     625.868
0.557     633.140
0.563     636.808
0.569     636.808
0.575     633.140
0.580     629.493
0.586     622.263
0.592     615.115
0.598     608.050
0.604     597.604
0.610     580.592
0.615     567.331
0.621     560.814
0.627     557.584
0.633     557.584
0.639     560.814
0.644     564.063
0.650     570.617
0.656     580.592
0.662     587.338
0.668     597.604
0.673     604.548
0.679     618.679
0.685     633.140
0.691     640.497
0.697     655.468
0.702     659.265
0.708     659.265
0.714     659.265
0.720     655.468
0.726     651.692
0.731     644.207
0.737     636.808
0.743     625.868
0.749     615.115
0.755     604.548
0.760     587.338
0.766     577.247
0.772     573.923
0.778     567.331
0.784     567.331
0.789     567.331
0.795     573.923
0.801     580.592
0.807     590.740
0.813     601.066
0.819     618.679
0.824     633.140
0.830     655.468
0.836     674.674
0.842     682.514
0.848     690.444
0.853     694.444
0.859     698.467
0.865     698.467
0.871     694.444
0.877     690.444
0.882     682.514
0.888     674.674
0.894     663.084
0.900     651.692
0.906     640.497
0.911     629.493
0.917     622.263
0.923     615.115
0.929     611.573
0.935     608.050
0.940     611.573
0.946     615.115
0.952     622.263
0.958     633.140
0.964     640.497
0.969     663.084
0.975     678.583
0.981     690.444
0.987     698.467
0.993     702.513
0.998     702.513
1.004     698.467
1.010     698.467
1.016     690.444
1.022     686.468
1.027     670.789
1.033     659.265
1.039     659.265
1.045     659.265
1.051     659.265
1.057     678.583
1.062     682.514
1.068     686.468
1.074     690.444
1.080     690.444
1.086     690.444
1.091     690.444
1.097     694.444
1.103     706.583
1.109     706.583
1.115     702.513
1.120     682.514
1.126     686.468
1.132     682.514
1.138     678.583
1.144     686.468
1.149     702.513
1.155     757.297
1.161     761.684
1.167     766.096
1.173     766.096
1.178     766.096
1.184     766.096
1.190     757.297
1.196     752.935
1.202     735.738
1.207     723.098
1.213     714.793
1.219     706.583
1.225     706.583
1.231     702.513
1.236     706.583
1.242     702.513
1.248     706.583
1.254     706.583
1.260     710.676
1.265     714.793
1.271     723.098
1.277     740.000
1.283     761.684
1.289     774.998
1.295     784.003
1.300     793.113
1.306     793.113
1.312     788.545
1.318     784.003
1.324     774.998
1.329     757.297
1.335     735.738
1.341     718.934
1.347     706.583
1.353     690.444
1.358     678.583
1.364     670.789
1.370     663.084
1.376     659.265
1.382     659.265
1.387     663.084
1.393     666.925
1.399     674.674
1.405     678.583
1.411     690.444
1.416     702.513
1.422     710.676
1.428     718.934
1.434     727.287
1.440     731.500
1.445     735.738
1.451     735.738
1.457     731.500
1.463     723.098
1.469     714.793
1.474     710.676
1.480     694.444
1.486     682.514
1.492     659.265
1.498     615.115
1.503     601.066
1.509     590.740
1.515     590.740
1.521     590.740
1.527     597.604
1.533     611.573
1.538     625.868
1.544     633.140
1.550     644.207
1.556     655.468
1.562     666.925
1.567     670.789
1.573     678.583
1.579     682.514
1.585     682.514
1.591     686.468
1.596     682.514
1.602     678.583
1.608     666.925
1.614     655.468
1.620     640.497
1.625     629.493
1.631     618.679
1.637     608.050
1.643     601.066
1.649     597.604
1.654     597.604
1.660     601.066
1.666     608.050
1.672     618.679
1.678     629.493
1.683     644.207
1.689     655.468
1.695     666.925
1.701     670.789
1.707     670.789
1.712     670.789
1.718     666.925
1.724     663.084
1.730     655.468
1.736     640.497
1.741     629.493
1.747     625.868
1.753     629.493
1.759     651.692
1.765     655.468
1.771     663.084
1.776     666.925
1.782     670.789
1.788     674.674
1.794     670.789
1.800     666.925
1.805     659.265
1.811     659.265
1.817     618.679
1.823     608.050
1.829     615.115
1.834     618.679
1.840     629.493
1.846     640.497
1.852     644.207
1.858     644.207
1.863     644.207
1.869     644.207
1.875     640.497
1.881     636.808
1.887     629.493
1.892     622.263
1.898     615.115
1.904     601.066
1.910     587.338
1.916     580.592
1.921     570.617
1.927     564.063
1.933     564.063
1.939     564.063
1.945     567.331
1.950     573.923
1.956     577.247
1.962     587.338
1.968     590.740
1.974     601.066
1.980     611.573
1.985     622.263
1.991     633.140
1.997     640.497
2.003     647.939
2.009     651.692
2.014     651.692
2.020     647.939
2.026     644.207
2.032     636.808
2.038     629.493
2.043     622.263
2.049     615.115
2.055     618.679
2.061     629.493
2.067     629.493
2.072     611.573
2.078     608.050
2.084     608.050
2.090     611.573
2.096     618.679
2.101     625.868
2.107     633.140
2.113     655.468
2.119     670.789
2.125     682.514
2.130     694.444
2.136     698.467
2.142     698.467
2.148     698.467
2.154     694.444
2.159     686.468
2.165     674.674
2.171     666.925
2.177     663.084
2.183     663.084
2.188     0.000
2.194     0.000
2.200     0.000
2.206     0.000
2.212     0.000
2.218     0.000
2.223     0.000
2.229     0.000
2.235     0.000
2.241     0.000
2.247     0.000
2.252     0.000
2.258     0.000
2.264     0.000
2.270     0.000
2.276     0.000
2.281     0.000
2.287     0.000
2.293     0.000
2.299     0.000
2.305     0.000
2.310     0.000
2.316     0.000
2.322     0.000
2.328     0.000
2.334     0.000
2.339     0.000
2.345     0.000
2.351     0.000
2.357     0.000
2.363     0.000
2.368     611.573
2.374     608.050
2.380     611.573
2.386     611.573
2.392     615.115
2.397     618.679
2.403     622.263
2.409     625.868
2.415     625.868
2.421     625.868
2.426     622.263
2.432     622.263
2.438     618.679
2.444     611.573
2.450     604.548
2.456     594.162
2.461     580.592
2.467     573.923
2.473     564.063
2.479     554.373
2.485     551.180
2.490     551.180
2.496     551.180
2.502     554.373
2.508     560.814
2.514     567.331
2.519     577.247
2.525     587.338
2.531     594.162
2.537     601.066
2.543     604.548
2.548     608.050
2.554     615.115
2.560     615.115
2.566     615.115
2.572     611.573
2.577     608.050
2.583     601.066
2.589     594.162
2.595     583.955
2.601     587.338
2.606     601.066
2.612     615.115
2.618     615.115
2.624     615.115
2.630     611.573
2.635     0.000
2.641     0.000
2.647     420.135
2.653     432.446
2.659     450.290
2.664     466.170
2.670     479.829
2.676     491.045
2.682     493.890
2.688     499.628
2.694     505.434
2.699     508.362
2.705     508.362
2.711     508.362
2.717     505.434
2.723     502.523
2.728     499.628
2.734     496.751
2.740     491.045
2.746     485.405
2.752     482.609
2.757     474.318
2.763     471.586
2.769     471.586
2.775     471.586
2.781     474.318
2.786     477.066
2.792     477.066
2.798     482.609
2.804     488.217
2.810     493.890
2.815     499.628
2.821     505.434
2.827     508.362
2.833     511.307
2.839     514.269
2.844     517.248
2.850     517.248
2.856     514.269
2.862     508.362
2.868     502.523
2.873     493.890
2.879     488.217
2.885     485.405
2.891     493.890
2.897     0.000
2.902     0.000
2.908     0.000
2.914     0.000
2.920     0.000
2.926     0.000
2.932     0.000
2.937     0.000
2.943     0.000
2.949     0.000
2.955     0.000
2.961     0.000
2.966     0.000
2.972     557.584
2.978     564.063
2.984     573.923
2.990     577.247
2.995     580.592
3.001     580.592
3.007     580.592
3.013     577.247
3.019     573.923
3.024     570.617
3.030     567.331
3.036     557.584
3.042     548.005
3.048     541.711
3.053     535.489
3.059     532.404
3.065     529.338
3.071     529.338
3.077     529.338
3.082     526.289
3.088     526.289
3.094     529.338
3.100     538.591
3.106     551.180
3.111     557.584
3.117     567.331
3.123     573.923
3.129     580.592
3.135     590.740
3.140     590.740
3.146     590.740
3.152     594.162
3.158     597.604
3.164     597.604
3.170     590.740
3.175     583.955
3.181     580.592
3.187     567.331
3.193     557.584
3.199     544.849
3.204     538.591
3.210     532.404
3.216     523.258
3.222     517.248
3.228     514.269
3.233     517.248
3.239     523.258
3.245     526.289
3.251     532.404
3.257     541.711
3.262     557.584
3.268     570.617
3.274     583.955
3.280     590.740
3.286     601.066
3.291     608.050
3.297     611.573
3.303     611.573
3.309     611.573
3.315     608.050
3.320     601.066
3.326     590.740
3.332     580.592
3.338     577.247
3.344     590.740
3.349     611.573
3.355     629.493
3.361     618.679
3.367     611.573
3.373     604.548
3.379     604.548
3.384     608.050
3.390     608.050
3.396     615.115
3.402     611.573
3.408     604.548
3.413     615.115
3.419     611.573
3.425     608.050
3.431     557.584
3.437     554.373
3.442     551.180
3.448     551.180
3.454     554.373
3.460     557.584
3.466     557.584
3.471     557.584
3.477     557.584
3.483     557.584
3.489     557.584
3.495     560.814
3.500     560.814
3.506     557.584
3.512     557.584
3.518     557.584
3.524     557.584
3.529     557.584
3.535     557.584
3.541     557.584
3.547     554.373
3.553     551.180
3.558     554.373
3.564     557.584
3.570     557.584
3.576     557.584
3.582     557.584
3.587     557.584
3.593     557.584
3.599     554.373
3.605     551.180
3.611     554.373
3.617     564.063
3.622     570.617
3.628     577.247
3.634     583.955
3.640     590.740
3.646     590.740
3.651     587.338
3.657     577.247
3.663     570.617
3.669     560.814
3.675     554.373
3.680     548.005
3.686     548.005
3.692     505.434
3.698     499.628
3.704     493.890
3.709     493.890
3.715     493.890
3.721     496.751
3.727     502.523
3.733     511.307
3.738     541.711
3.744     541.711
3.750     548.005
3.756     557.584
3.762     567.331
3.767     573.923
3.773     587.338
3.779     597.604
3.785     601.066
3.791     601.066
3.796     604.548
3.802     604.548
3.808     601.066
3.814     590.740
3.820     583.955
3.825     573.923
3.831     564.063
3.837     554.373
3.843     548.005
3.849     544.849
3.855     551.180
3.860     554.373
3.866     560.814
3.872     557.584
3.878     560.814
3.884     554.373
3.889     551.180
3.895     544.849
3.901     538.591
3.907     548.005
3.913     557.584
3.918     570.617
3.924     580.592
3.930     594.162
3.936     601.066
3.942     608.050
3.947     611.573
3.953     615.115
3.959     615.115
3.965     611.573
3.971     608.050
3.976     601.066
3.982     573.923
3.988     164.815
3.994     167.696
4.000     167.696
4.005     166.730
4.011     166.730
4.017     165.770
4.023     166.730
4.029     166.730
4.034     331.541
4.040     331.541
4.046     331.541
4.052     331.541
4.058     331.541
4.063     331.541
4.069     331.541
4.075     329.631
4.081     331.541
4.087     331.541
4.093     331.541
4.098     331.541
4.104     331.541
4.110     331.541
4.116     331.541
4.122     331.541
4.127     331.541
4.133     331.541
4.139     331.541
4.145     331.541
4.151     329.631
4.156     329.631
4.162     329.631
4.168     329.631
4.174     329.631
4.180     327.732
4.185     329.631
4.191     329.631
4.197     329.631
4.203     329.631
4.209     329.631
4.214     331.541
4.220     331.541
4.226     331.541
4.232     333.461
4.238     333.461
4.243     333.461
4.249     331.541
4.255     331.541
4.261     331.541
4.267     331.541
4.272     331.541
4.278     331.541
4.284     331.541
4.290     331.541
4.296     331.541
4.301     331.541
4.307     331.541
4.313     331.541
4.319     331.541
4.325     331.541
4.331     331.541
4.336     331.541
4.342     331.541
4.348     331.541
4.354     331.541
4.360     331.541
4.365     331.541
4.371     333.461
4.377     333.461
4.383     331.541
4.389     331.541
4.394     331.541
4.400     331.541
4.406     331.541
4.412     323.968
4.418     335.393
4.423     333.461
4.429     331.541
4.435     333.461
4.441     331.541
4.447     329.631
4.452     327.732
4.458     329.631
4.464     331.541
4.470     331.541
4.476     327.732
4.481     327.732
4.487     329.631
4.493     331.541
4.499     331.541
4.505     329.631
4.510     329.631
4.516     331.541
4.522     331.541
4.528     329.631
4.534     329.631
4.540     329.631
4.545     331.541
4.551     331.541
4.557     331.541
4.563     164.815
4.569     165.770
4.574     165.770
4.580     164.815
4.586     163.866
4.592     164.815
4.598     165.770
4.603     165.770
4.609     164.815
4.615     165.770
4.621     165.770
4.627     165.770
4.632     164.815
4.638     164.815
4.644     164.815
4.650     165.770
4.656     165.770
4.661     165.770
4.667     164.815
4.673     164.815
4.679     166.730
4.685     166.730
4.690     166.730
4.696     165.770
4.702     165.770
4.708     167.696
4.714     167.696
4.719     331.541
4.725     327.732
4.731     329.631
4.737     333.461
4.743     333.461
4.748     331.541
4.754     327.732
4.760     329.631
4.766     331.541
4.772     333.461
4.778     329.631
4.783     327.732
4.789     329.631
4.795     331.541
4.801     331.541
4.807     329.631
4.812     327.732
4.818     327.732
4.824     329.631
4.830     331.541
4.836     331.541
4.841     329.631
4.847     327.732
4.853     329.631
4.859     333.461
4.865     333.461
4.870     331.541
4.876     329.631
4.882     331.541
4.888     167.696
4.894     167.696
4.899     166.730
4.905     165.770
4.911     165.770
4.917     166.730
4.923     166.730
4.928     166.730
4.934     166.730
4.940     166.730
4.946     165.770
4.952     163.866
4.957     162.922
4.963     165.770
4.969     167.696
4.975     167.696
4.981     166.730
4.986     164.815
4.992     163.866
4.998     163.866
5.004     164.815
5.010     165.770
5.016     165.770
5.021     165.770
5.027     163.866
5.033     164.815
5.039     164.815
5.045     165.770
5.050     165.770
5.056     164.815
5.062     165.770
5.068     165.770
5.074     165.770
5.079     164.815
5.085     164.815
5.091     164.815
5.097     165.770
5.103     165.770
5.108     166.730
5.114     166.730
5.120     166.730
5.126     165.770
5.132     166.730
5.137     166.730
5.143     166.730
5.149     166.730
5.155     166.730
5.161     166.730
5.166     166.730
5.172     166.730
5.178     166.730
5.184     166.730
5.190     166.730
5.195     166.730
5.201     166.730
5.207     327.732
5.213     323.968
5.219     323.968
5.224     327.732
5.230     329.631
5.236     329.631
5.242     329.631
5.248     329.631
5.254     329.631
5.259     329.631
5.265     329.631
5.271     329.631
5.277     331.541
5.283     331.541
5.288     331.541
5.294     323.968
5.300     322.102
5.306     333.461
5.312     335.393
5.317     333.461
5.323     322.102
5.329     325.845
5.335     331.541
5.341     333.461
5.346     333.461
5.352     333.461
5.358     329.631
5.364     327.732
5.370     327.732
5.375     329.631
5.381     329.631
5.387     329.631
5.393     329.631
5.399     329.631
5.404     329.631
5.410     329.631
5.416     329.631
5.422     327.732
5.428     325.845
5.433     327.732
5.439     327.732
5.445     329.631
5.451     327.732
5.457     325.845
5.462     323.968
5.468     323.968
5.474     325.845
5.480     327.732
5.486     327.732
5.492     327.732
5.497     327.732
5.503     327.732
5.509     327.732
5.515     327.732
5.521     327.732
5.526     327.732
5.532     327.732
5.538     327.732
5.544     327.732
5.550     327.732
5.555     327.732
5.561     329.631
5.567     329.631
5.573     329.631
5.579     329.631
5.584     329.631
5.590     329.631
5.596     329.631
5.602     329.631
5.608     329.631
5.613     329.631
5.619     327.732
5.625     327.732
5.631     647.939
5.637     647.939
5.642     647.939
5.648     647.939
5.654     647.939
5.660     647.939
5.666     647.939
5.671     651.692
5.677     651.692
5.683     655.468
5.689     659.265
5.695     663.084
5.700     666.925
5.706     674.674
5.712     678.583
5.718     678.583
5.724     682.514
5.730     682.514
5.735     682.514
5.741     682.514
5.747     678.583
5.753     674.674
5.759     666.925
5.764     659.265
5.770     647.939
5.776     640.497
5.782     633.140
5.788     625.868
5.793     618.679
5.799     615.115
5.805     615.115
5.811     615.115
5.817     622.263
5.822     625.868
5.828     633.140
5.834     640.497
5.840     655.468
5.846     670.789
5.851     682.514
5.857     690.444
5.863     702.513
5.869     710.676
5.875     714.793
5.880     718.934
5.886     723.098
5.892     718.934
5.898     718.934
5.904     710.676
5.909     702.513
5.915     690.444
5.921     678.583
5.927     659.265
5.933     633.140
5.939     622.263
5.944     604.548
5.950     594.162
5.956     590.740
5.962     587.338
5.968     594.162
5.973     601.066
5.979     611.573
5.985     629.493
5.991     647.939
5.997     666.925
6.002     678.583
6.008     686.468
6.014     694.444
6.020     702.513
6.026     706.583
6.031     710.676
6.037     706.583
6.043     706.583
6.049     702.513
6.055     698.467
6.060     323.968
6.066     325.845
6.072     329.631
6.078     331.541
6.084     333.461
6.089     333.461
6.095     331.541
6.101     331.541
6.107     359.465
6.113     353.290
6.118     347.221
6.124     349.232
6.130     347.221
6.136     341.256
6.142     339.290
6.147     323.968
6.153     349.232
6.159     347.221
6.165     343.232
6.171     341.256
6.177     337.336
6.182     335.393
6.188     663.084
6.194     666.925
6.200     666.925
6.206     670.789
6.211     674.674
6.217     674.674
6.223     670.789
6.229     666.925
6.235     663.084
6.240     655.468
6.246     636.808
6.252     622.263
6.258     608.050
6.264     601.066
6.269     597.604
6.275     594.162
6.281     594.162
6.287     597.604
6.293     601.066
6.298     608.050
6.304     618.679
6.310     629.493
6.316     644.207
6.322     659.265
6.327     674.674
6.333     682.514
6.339     690.444
6.345     694.444
6.351     694.444
6.356     690.444
6.362     690.444
6.368     686.468
6.374     678.583
6.380     674.674
6.385     678.583
6.391     666.925
6.397     663.084
6.403     655.468
6.409     651.692
6.415     647.939
6.420     647.939
6.426     647.939
6.432     647.939
6.438     651.692
6.444     659.265
6.449     663.084
6.455     670.789
6.461     678.583
6.467     686.468
6.473     690.444
6.478     690.444
6.484     690.444
6.490     686.468
6.496     682.514
6.502     678.583
6.507     674.674
6.513     670.789
6.519     663.084
6.525     659.265
6.531     651.692
6.536     640.497
6.542     636.808
6.548     686.468
6.554     678.583
6.560     674.674
6.565     690.444
6.571     694.444
6.577     690.444
6.583     690.444
6.589     686.468
6.594     659.265
6.600     663.084
6.606     678.583
6.612     682.514
6.618     682.514
6.623     0.000
6.629     0.000
6.635     0.000
6.641     0.000
6.647     0.000
6.653     0.000
6.658     0.000
6.664     0.000
6.670     0.000
6.676     0.000
6.682     0.000
6.687     0.000
6.693     0.000
6.699     0.000
6.705     0.000
6.711     0.000
6.716     0.000
6.722     0.000
6.728     625.868
6.734     629.493
6.740     633.140
6.745     633.140
6.751     633.140
6.757     636.808
6.763     636.808
6.769     640.497
6.774     636.808
6.780     633.140
6.786     625.868
6.792     618.679
6.798     608.050
6.803     601.066
6.809     594.162
6.815     587.338
6.821     583.955
6.827     580.592
6.832     580.592
6.838     580.592
6.844     583.955
6.850     587.338
6.856     590.740
6.861     597.604
6.867     604.548
6.873     615.115
6.879     622.263
6.885     633.140
6.891     640.497
6.896     647.939
6.902     655.468
6.908     659.265
6.914     663.084
6.920     663.084
6.925     663.084
6.931     659.265
6.937     655.468
6.943     644.207
6.949     633.140
6.954     625.868
6.960     615.115
6.966     597.604
6.972     587.338
6.978     583.955
6.983     580.592
6.989     577.247
6.995     577.247
7.001     580.592
7.007     583.955
7.012     590.740
7.018     597.604
7.024     608.050
7.030     618.679
7.036     633.140
7.041     647.939
7.047     655.468
7.053     666.925
7.059     670.789
7.065     678.583
7.070     682.514
7.076     682.514
7.082     682.514
7.088     682.514
7.094     678.583
7.100     674.674
7.105     666.925
7.111     659.265
7.117     651.692
7.123     640.497
7.129     633.140
7.134     629.493
7.140     625.868
7.146     622.263
7.152     622.263
7.158     622.263
7.163     625.868
7.169     633.140
7.175     636.808
7.181     640.497
7.187     636.808
7.192     615.115
7.198     608.050
7.204     618.679
7.210     629.493
7.216     625.868
7.221     633.140
7.227     633.140
7.233     633.140
7.239     625.868
7.245     608.050
7.250     601.066
7.256     587.338
7.262     583.955
7.268     587.338
7.274     590.740
7.279     590.740
7.285     590.740
7.291     625.868
7.297     636.808
7.303     651.692
7.308     659.265
7.314     663.084
7.320     659.265
7.326     640.497
7.332     618.679
7.338     608.050
7.343     597.604
7.349     587.338
7.355     583.955
7.361     587.338
7.367     590.740
7.372     590.740
7.378     590.740
7.384     590.740
7.390     594.162
7.396     597.604
7.401     597.604
7.407     590.740
7.413     590.740
7.419     590.740
7.425     590.740
7.430     590.740
7.436     587.338
7.442     587.338
7.448     587.338
7.454     580.592
7.459     570.617
7.465     564.063
7.471     557.584
7.477     560.814
7.483     570.617
7.488     583.955
7.494     587.338
7.500     590.740
7.506     594.162
7.512     601.066
7.517     608.050
7.523     611.573
7.529     615.115
7.535     615.115
7.541     615.115
7.546     611.573
7.552     608.050
7.558     604.548
7.564     601.066
7.570     594.162
7.576     587.338
7.581     577.247
7.587     567.331
7.593     564.063
7.599     557.584
7.605     557.584
7.610     557.584
7.616     557.584
7.622     560.814
7.628     570.617
7.634     587.338
7.639     597.604
7.645     604.548
7.651     615.115
7.657     629.493
7.663     640.497
7.668     651.692
7.674     663.084
7.680     666.925
7.686     674.674
7.692     678.583
7.697     678.583
7.703     678.583
7.709     674.674
7.715     674.674
7.721     670.789
7.726     663.084
7.732     655.468
7.738     644.207
7.744     636.808
7.750     625.868
7.755     618.679
7.761     611.573
7.767     604.548
7.773     601.066
7.779     601.066
7.784     601.066
7.790     601.066
7.796     611.573
7.802     629.493
7.808     640.497
7.814     651.692
7.819     663.084
7.825     670.789
7.831     674.674
7.837     678.583
7.843     674.674
7.848     670.789
7.854     666.925
7.860     663.084
7.866     615.115
7.872     601.066
7.877     597.604
7.883     604.548
7.889     604.548
7.895     601.066
7.901     604.548
7.906     587.338
7.912     590.740
7.918     587.338
7.924     594.162
7.930     594.162
7.935     590.740
7.941     590.740
7.947     590.740
7.953     590.740
7.959     587.338
7.964     587.338
7.970     587.338
7.976     587.338
7.982     590.740
7.988     590.740
7.993     644.207
7.999     659.265
8.005     655.468
8.011     663.084
8.017     674.674
8.022     682.514
8.028     682.514
8.034     682.514
8.040     682.514
8.046     686.468
8.052     690.444
8.057     690.444
8.063     694.444
8.069     694.444
8.075     686.468
8.081     678.583
8.086     666.925
8.092     647.939
8.098     625.868
8.104     611.573
8.110     601.066
8.115     590.740
8.121     583.955
8.127     580.592
8.133     577.247
8.139     580.592
8.144     583.955
8.150     590.740
8.156     604.548
8.162     622.263
8.168     640.497
8.173     663.084
8.179     678.583
8.185     690.444
8.191     702.513
8.197     714.793
8.202     718.934
8.208     723.098
8.214     723.098
8.220     723.098
8.226     718.934
8.231     714.793
8.237     706.583
8.243     694.444
8.249     674.674
8.255     659.265
8.260     636.808
8.266     615.115
8.272     601.066
8.278     587.338
8.284     580.592
8.290     577.247
8.295     573.923
8.301     577.247
8.307     580.592
8.313     590.740
8.319     601.066
8.324     618.679
8.330     633.140
8.336     651.692
8.342     663.084
8.348     670.789
8.353     678.583
8.359     682.514
8.365     682.514
8.371     678.583
8.377     674.674
8.382     663.084
8.388     651.692
8.394     625.868
8.400     611.573
8.406     601.066
8.411     554.373
8.417     551.180
8.423     551.180
8.429     560.814
8.435     567.331
8.440     573.923
8.446     580.592
8.452     577.247
8.458     573.923
8.464     532.404
8.469     541.711
8.475     551.180
8.481     560.814
8.487     567.331
8.493     567.331
8.499     570.617
8.504     577.247
8.510     580.592
8.516     573.923
8.522     567.331
8.528     560.814
8.533     557.584
8.539     557.584
8.545     557.584
8.551     554.373
8.557     548.005
8.562     538.591
8.568     538.591
8.574     538.591
8.580     544.849
8.586     554.373
8.591     560.814
8.597     560.814
8.603     564.063
8.609     564.063
8.615     560.814
8.620     557.584
8.626     554.373
8.632     551.180
8.638     554.373
8.644     557.584
8.649     557.584
8.655     554.373
8.661     544.849
8.667     535.489
8.673     517.248
8.678     520.244
8.684     541.711
8.690     548.005
8.696     560.814
8.702     560.814
8.707     560.814
8.713     560.814
8.719     560.814
8.725     560.814
8.731     564.063
8.737     564.063
8.742     564.063
8.748     564.063
8.754     560.814
8.760     554.373
8.766     548.005
8.771     538.591
8.777     529.338
8.783     517.248
8.789     502.523
8.795     485.405
8.800     460.815
8.806     0.000
8.812     0.000
8.818     0.000
8.824     0.000
8.829     0.000
8.835     0.000
8.841     0.000
8.847     0.000
8.853     0.000
8.858     0.000
8.864     0.000
8.870     0.000
8.876     0.000
8.882     0.000
8.887     0.000
8.893     0.000
8.899     0.000
8.905     0.000
8.911     0.000
8.916     0.000
8.922     0.000
8.928     0.000
8.934     0.000
8.940     0.000
8.945     0.000
8.951     0.000
8.957     0.000
8.963     0.000
8.969     0.000
8.975     0.000
8.980     0.000
8.986     0.000
8.992     0.000
8.998     0.000
9.004     0.000
9.009     0.000
9.015     0.000
9.021     0.000
9.027     0.000
9.033     0.000
9.038     0.000
9.044     0.000
9.050     0.000
9.056     0.000
9.062     0.000
9.067     587.338
9.073     597.604
9.079     601.066
9.085     601.066
9.091     601.066
9.096     594.162
9.102     590.740
9.108     577.247
9.114     583.955
9.120     538.591
9.125     529.338
9.131     526.289
9.137     520.244
9.143     520.244
9.149     523.258
9.154     532.404
9.160     544.849
9.166     551.180
9.172     560.814
9.178     567.331
9.183     573.923
9.189     580.592
9.195     587.338
9.201     590.740
9.207     590.740
9.213     587.338
9.218     587.338
9.224     583.955
9.230     583.955
9.236     0.000
9.242     0.000
9.247     0.000
9.253     0.000
9.259     0.000
9.265     0.000
9.271     0.000
9.276     0.000
9.282     0.000
9.288     0.000
9.294     0.000
9.300     0.000
9.305     0.000
9.311     0.000
9.317     0.000
9.323     0.000
9.329     0.000
9.334     0.000
9.340     0.000
9.346     0.000
9.352     0.000
9.358     0.000
9.363     0.000
9.369     0.000
9.375     0.000
9.381     0.000
9.387     0.000
9.392     0.000
9.398     0.000
9.404     0.000
9.410     0.000
9.416     508.362
9.421     514.269
9.427     517.248
9.433     520.244
9.439     523.258
9.445     526.289
9.451     526.289
9.456     526.289
9.462     523.258
9.468     520.244
9.474     514.269
9.480     505.434
9.485     493.890
9.491     485.405
9.497     474.318
9.503     468.870
9.509     468.870
9.514     468.870
9.520     474.318
9.526     479.829
9.532     488.217
9.538     491.045
9.543     499.628
9.549     505.434
9.555     514.269
9.561     526.289
9.567     535.489
9.572     541.711
9.578     548.005
9.584     551.180
9.590     551.180
9.596     548.005
9.601     548.005
9.607     541.711
9.613     535.489
9.619     529.338
9.625     523.258
9.630     514.269
9.636     508.362
9.642     499.628
9.648     493.890
9.654     482.609
9.660     479.829
9.665     479.829
9.671     485.405
9.677     491.045
9.683     502.523
9.689     511.307
9.694     517.248
9.700     535.489
9.706     548.005
9.712     573.923
9.718     583.955
9.723     594.162
9.729     597.604
9.735     601.066
9.741     601.066
9.747     601.066
9.752     597.604
9.758     590.740
9.764     583.955
9.770     573.923
9.776     567.331
9.781     541.711
9.787     535.489
9.793     526.289
9.799     520.244
9.805     514.269
9.810     511.307
9.816     511.307
9.822     508.362
9.828     508.362
9.834     508.362
9.839     514.269
9.845     508.362
9.851     502.523
9.857     493.890
9.863     493.890
9.868     496.751
9.874     499.628
9.880     502.523
9.886     499.628
9.892     496.751
9.898     496.751
9.903     496.751
9.909     502.523
9.915     502.523
9.921     508.362
9.927     502.523
9.932     508.362
9.938     505.434
9.944     502.523
9.950     499.628
9.956     496.751
9.961     493.890
9.967     493.890
9.973     496.751
9.979     496.751
9.985     496.751
9.990     496.751
9.996     496.751
10.002     499.628
10.008     496.751
10.014     0.000
10.019     427.479
10.025     445.118
10.031     452.899
10.037     466.170
10.043     477.066
10.048     485.405
10.054     493.890
10.060     502.523
10.066     508.362
10.072     511.307
10.077     511.307
10.083     511.307
10.089     508.362
10.095     505.434
10.101     502.523
10.106     496.751
10.112     493.890
10.118     488.217
10.124     482.609
10.130     474.318
10.136     468.870
10.141     463.485
10.147     463.485
10.153     466.170
10.159     471.586
10.165     474.318
10.170     479.829
10.176     485.405
10.182     491.045
10.188     496.751
10.194     502.523
10.199     508.362
10.205     514.269
10.211     517.248
10.217     523.258
10.223     526.289
10.228     526.289
10.234     526.289
10.240     526.289
10.246     526.289
10.252     523.258
10.257     517.248
10.263     508.362
10.269     502.523
10.275     496.751
10.281     496.751
10.286     493.890
10.292     463.485
10.298     468.870
10.304     477.066
10.310     482.609
10.315     488.217
10.321     496.751
10.327     502.523
10.333     508.362
10.339     526.289
10.344     538.591
10.350     551.180
10.356     564.063
10.362     577.247
10.368     583.955
10.374     587.338
10.379     587.338
10.385     587.338
10.391     587.338
10.397     587.338
10.403     583.955
10.408     573.923
10.414     564.063
10.420     548.005
10.426     538.591
10.432     529.338
10.437     526.289
10.443     517.248
10.449     508.362
10.455     508.362
10.461     505.434
10.466     508.362
10.472     514.269
10.478     523.258
10.484     532.404
10.490     541.711
10.495     554.373
10.501     567.331
10.507     577.247
10.513     583.955
10.519     583.955
10.524     583.955
10.530     580.592
10.536     580.592
10.542     583.955
10.548     175.627
10.553     176.644
10.559     177.668
10.565     176.644
10.571     175.627
10.577     175.627
10.582     176.644
10.588     176.644
10.594     176.644
10.600     176.644
10.606     175.627
10.612     175.627
10.617     176.644
10.623     177.668
10.629     176.644
10.635     176.644
10.641     176.644
10.646     176.644
10.652     176.644
10.658     176.644
10.664     176.644
10.670     176.644
10.675     176.644
10.681     176.644
10.687     177.668
10.693     177.668
10.699     176.644
10.704     175.627
10.710     554.373
10.716     560.814
10.722     567.331
10.728     577.247
10.733     580.592
10.739     580.592
10.745     580.592
10.751     577.247
10.757     573.923
10.762     567.331
10.768     557.584
10.774     548.005
10.780     541.711
10.786     535.489
10.791     529.338
10.797     523.258
10.803     514.269
10.809     505.434
10.815     505.434
10.820     508.362
10.826     511.307
10.832     520.244
10.838     532.404
10.844     538.591
10.850     548.005
10.855     554.373
10.861     567.331
10.867     577.247
10.873     587.338
10.879     590.740
10.884     594.162
10.890     597.604
10.896     597.604
10.902     597.604
10.908     590.740
10.913     587.338
10.919     580.592
10.925     570.617
10.931     554.373
10.937     544.849
10.942     535.489
10.948     526.289
10.954     508.362
10.960     502.523
10.966     499.628
10.971     502.523
10.977     505.434
10.983     511.307
10.989     520.244
10.995     532.404
11.000     538.591
11.006     548.005
11.012     557.584
11.018     567.331
11.024     577.247
11.029     577.247
11.035     580.592
11.041     577.247
11.047     573.923
11.053     570.617
11.059     564.063
11.064     554.373
11.070     554.373
11.076     544.849
11.082     499.628
11.088     442.554
11.093     432.446
11.099     410.539
11.105     403.486
11.111     403.486
11.117     405.824
11.122     410.539
11.128     417.715
11.134     425.017
11.140     434.951
11.146     440.005
11.151     442.554
11.157     445.118
11.163     445.118
11.169     445.118
11.175     442.554
11.180     442.554
11.186     447.697
11.192     447.697
11.198     434.951
11.204     432.446
11.209     440.005
11.215     442.554
11.221     405.824
11.227     412.918
11.233     415.310
11.238     412.918
11.244     410.539
11.250     410.539
11.256     415.310
11.262     432.446
11.267     440.005
11.273     442.554
11.279     447.697
11.285     452.899
11.291     460.815
11.297     466.170
11.302     466.170
11.308     466.170
11.314     460.815
11.320     455.522
11.326     450.290
11.331     445.118
11.337     442.554
11.343     445.118
11.349     445.118
11.355     447.697
11.360     447.697
11.366     445.118
11.372     442.554
11.378     440.005
11.384     440.005
11.389     445.118
11.395     450.290
11.401     447.697
11.407     442.554
11.413     427.479
11.418     425.017
11.424     427.479
11.430     437.471
11.436     445.118
11.442     455.522
11.447     460.815
11.453     466.170
11.459     466.170
11.465     466.170
11.471     463.485
11.476     458.161
11.482     452.899
11.488     442.554
11.494     429.956
11.500     410.539
11.505     398.852
11.511     392.000
11.517     385.266
11.523     0.000
11.529     0.000
11.535     0.000
11.540     0.000
11.546     0.000
11.552     0.000
11.558     0.000
11.564     0.000
11.569     0.000
11.575     0.000
11.581     0.000
11.587     0.000
11.593     0.000
11.598     0.000
11.604     0.000
11.610     0.000
11.616     0.000
11.622     0.000
11.627     0.000
11.633     0.000
11.639     0.000
11.645     0.000
11.651     0.000
11.656     0.000
11.662     0.000
11.668     0.000
11.674     0.000
11.680     0.000
11.685     0.000
11.691     0.000
11.697     0.000
11.703     0.000
11.709     0.000
11.714     0.000
11.720     0.000
11.726     0.000
11.732     0.000
11.738     0.000
11.743     0.000
11.749     0.000
11.755     0.000
11.761     0.000
11.767     0.000
11.773     0.000
11.778     0.000
11.784     0.000
11.790     0.000
11.796     0.000
11.802     0.000
11.807     0.000
11.813     0.000
11.819     403.486
11.825     412.918
11.831     425.017
11.836     440.005
11.842     452.899
11.848     458.161
11.854     460.815
11.860     460.815
11.865     458.161
11.871     452.899
11.877     445.118
11.883     442.554
11.889     440.005
11.894     440.005
11.900     440.005
11.906     440.005
11.912     442.554
11.918     445.118
11.923     450.290
11.929     455.522
11.935     463.485
11.941     477.066
11.947     482.609
11.952     485.405
11.958     491.045
11.964     491.045
11.970     491.045
11.976     491.045
11.981     485.405
11.987     482.609
11.993     474.318
11.999     466.170
12.005     460.815
12.011     455.522
12.016     450.290
12.022     442.554
12.028     0.000
12.034     0.000
12.040     0.000
12.045     0.000
12.051     0.000
12.057     0.000
12.063     0.000
12.069     0.000
12.074     0.000
12.080     0.000
12.086     0.000
12.092     0.000
12.098     0.000
12.103     0.000
12.109     0.000
12.115     0.000
12.121     0.000
12.127     0.000
12.132     0.000
12.138     0.000
12.144     0.000
12.150     0.000
12.156     0.000
12.161     0.000
12.167     0.000
12.173     0.000
12.179     0.000
12.185     0.000
12.190     0.000
12.196     0.000
12.202     0.000
12.208     0.000
12.214     0.000
12.220     0.000
12.225     0.000
12.231     0.000
12.237     0.000
12.243     0.000
12.249     410.539
12.254     412.918
12.260     417.715
12.266     420.135
12.272     422.569
12.278     422.569
12.283     420.135
12.289     417.715
12.295     412.918
12.301     403.486
12.307     398.852
12.312     392.000
12.318     383.047
12.324     376.466
12.330     369.999
12.336     367.868
12.341     365.749
12.347     367.868
12.353     369.999
12.359     376.466
12.365     380.840
12.370     387.497
12.376     396.555
12.382     405.824
12.388     415.310
12.394     425.017
12.399     432.446
12.405     437.471
12.411     440.005
12.417     442.554
12.423     442.554
12.428     440.005
12.434     434.951
12.440     429.956
12.446     420.135
12.452     412.918
12.458     405.824
12.463     398.852
12.469     389.742
12.475     380.840
12.481     372.142
12.487     367.868
12.492     365.749
12.498     365.749
12.504     369.999
12.510     372.142
12.516     380.840
12.521     385.266
12.527     398.852
12.533     405.824
12.539     417.715
12.545     429.956
12.550     440.005
12.556     447.697
12.562     458.161
12.568     468.870
12.574     474.318
12.579     471.586
12.585     471.586
12.591     466.170
12.597     463.485
12.603     460.815
12.608     455.522
12.614     445.118
12.620     437.471
12.626     427.479
12.632     420.135
12.637     415.310
12.643     403.486
12.649     401.163
12.655     398.852
12.661     403.486
12.666     405.824
12.672     408.175
12.678     410.539
12.684     415.310
12.690     427.479
12.696     437.471
12.701     442.554
12.707     447.697
12.713     447.697
12.719     447.697
12.725     445.118
12.730     437.471
12.736     434.951
12.742     437.471
12.748     445.118
12.754     450.290
12.759     447.697
12.765     447.697
12.771     442.554
12.777     440.005
12.783     434.951
12.788     429.956
12.794     410.539
12.800     405.824
12.806     408.175
12.812     415.310
12.817     417.715
12.823     415.310
12.829     405.824
12.835     403.486
12.841     410.539
12.846     389.742
12.852     394.271
12.858     394.271
12.864     394.271
12.870     396.555
12.875     396.555
12.881     394.271
12.887     396.555
12.893     396.555
12.899     394.271
12.904     396.555
12.910     396.555
12.916     394.271
12.922     392.000
12.928     389.742
12.934     389.742
12.939     389.742
12.945     389.742
12.951     389.742
12.957     389.742
12.963     389.742
12.968     392.000
12.974     392.000
12.980     394.271
12.986     396.555
12.992     398.852
12.997     398.852
13.003     401.163
13.009     403.486
13.015     405.824
13.021     405.824
13.026     403.486
13.032     401.163
13.038     401.163
13.044     396.555
13.050     394.271
13.055     392.000
13.061     389.742
13.067     389.742
13.073     387.497
13.079     385.266
13.084     385.266
13.090     383.047
13.096     380.840
13.102     380.840
13.108     383.047
13.113     385.266
13.119     387.497
13.125     387.497
13.131     387.497
13.137     389.742
13.142     392.000
13.148     394.271
13.154     396.555
13.160     398.852
13.166     401.163
13.172     403.486
13.177     405.824
13.183     403.486
13.189     405.824
13.195     408.175
13.201     410.539
13.206     442.554
13.212     447.697
13.218     447.697
13.224     440.005
13.230     442.554
13.235     442.554
13.241     442.554
13.247     440.005
13.253     442.554
13.259     442.554
13.264     442.554
13.270     442.554
13.276     445.118
13.282     447.697
13.288     447.697
13.293     442.554
13.299     442.554
13.305     442.554
13.311     447.697
13.317     450.290
13.322     455.522
13.328     468.870
13.334     474.318
13.340     463.485
13.346     452.899
13.351     447.697
13.357     442.554
13.363     440.005
13.369     420.135
13.375     403.486
13.380     405.824
13.386     434.951
13.392     429.956
13.398     417.715
13.404     403.486
13.410     403.486
13.415     410.539
13.421     432.446
13.427     437.471
13.433     442.554
13.439     447.697
13.444     452.899
13.450     458.161
13.456     463.485
13.462     463.485
13.468     466.170
13.473     463.485
13.479     452.899
13.485     447.697
13.491     445.118
13.497     445.118
13.502     442.554
13.508     440.005
13.514     440.005
13.520     442.554
13.526     442.554
13.531     442.554
13.537     445.118
13.543     442.554
13.549     442.554
13.555     440.005
13.560     440.005
13.566     440.005
13.572     442.554
13.578     442.554
13.584     442.554
13.589     442.554
13.595     442.554
13.601     442.554
13.607     442.554
13.613     442.554
13.619     442.554
13.624     442.554
13.630     442.554
13.636     442.554
13.642     442.554
13.648     440.005
13.653     442.554
13.659     445.118
13.665     442.554
13.671     442.554
13.677     442.554
13.682     440.005
13.688     442.554
13.694     442.554
13.700     442.554
13.706     442.554
13.711     445.118
13.717     445.118
13.723     445.118
13.729     447.697
13.735     447.697
13.740     445.118
13.746     445.118
13.752     442.554
13.758     442.554
13.764     440.005
13.769     434.951
13.775     434.951
13.781     434.951
13.787     434.951
13.793     442.554
13.798     447.697
13.804     447.697
13.810     442.554
13.816     440.005
13.822     440.005
13.827     442.554
13.833     442.554
13.839     445.118
13.845     445.118
13.851     440.005
13.857     437.471
13.862     442.554
13.868     447.697
13.874     450.290
13.880     442.554
13.886     437.471
13.891     437.471
13.897     447.697
13.903     450.290
13.909     447.697
13.915     445.118
13.920     440.005
13.926     437.471
13.932     437.471
13.938     440.005
13.944     445.118
13.949     445.118
13.955     442.554
13.961     434.951
13.967     427.479
13.973     440.005
13.978     412.918
13.984     417.715
13.990     440.005
13.996     440.005
14.002     442.554
14.007     445.118
14.013     447.697
14.019     447.697
14.025     450.290
14.031     452.899
14.036     450.290
14.042     447.697
14.048     445.118
14.054     442.554
14.060     440.005
14.065     434.951
14.071     425.017
14.077     415.310
14.083     410.539
14.089     410.539
14.095     401.163
14.100     394.271
14.106     385.266
14.112     378.647
14.118     376.466
14.124     369.999
14.129     367.868
14.135     365.749
14.141     363.642
14.147     376.466
14.153     372.142
14.158     365.749
14.164     339.290
14.170     339.290
14.176     339.290
14.182     343.232
14.187     357.395
14.193     361.548
14.199     365.749
14.205     369.999
14.211     374.298
14.216     376.466
14.222     380.840
14.228     383.047
14.234     383.047
14.240     385.266
14.245     385.266
14.251     383.047
14.257     385.266
14.263     383.047
14.269     383.047
14.274     380.840
14.280     380.840
14.286     378.647
14.292     376.466
14.298     374.298
14.303     376.466
14.309     374.298
14.315     374.298
14.321     374.298
14.327     374.298
14.333     380.840
14.338     383.047
14.344     385.266
14.350     385.266
14.356     385.266
14.362     389.742
14.367     392.000
14.373     387.497
14.379     389.742
14.385     389.742
14.391     389.742
14.396     385.266
14.402     378.647
14.408     376.466
14.414     374.298
14.420     374.298
14.425     374.298
14.431     374.298
14.437     376.466
14.443     374.298
14.449     374.298
14.454     374.298
14.460     372.142
14.466     372.142
14.472     372.142
14.478     374.298
14.483     440.005
14.489     442.554
14.495     442.554
14.501     440.005
14.507     442.554
14.512     442.554
14.518     442.554
14.524     442.554
14.530     442.554
14.536     442.554
14.541     442.554
14.547     442.554
14.553     442.554
14.559     442.554
14.565     442.554
14.571     442.554
14.576     442.554
14.582     442.554
14.588     442.554
14.594     442.554
14.600     442.554
14.605     372.142
14.611     376.466
14.617     376.466
14.623     376.466
14.629     378.647
14.634     376.466
14.640     374.298
14.646     372.142
14.652     372.142
14.658     367.868
14.663     363.642
14.669     361.548
14.675     359.465
14.681     359.465
14.687     359.465
14.692     361.548
14.698     363.642
14.704     365.749
14.710     365.749
14.716     369.999
14.721     372.142
14.727     372.142
14.733     376.466
14.739     378.647
14.745     380.840
14.750     383.047
14.756     383.047
14.762     385.266
14.768     385.266
14.774     385.266
14.780     385.266
14.785     385.266
14.791     380.840
14.797     378.647
14.803     372.142
14.809     367.868
14.814     361.548
14.820     355.337
14.826     353.290
14.832     347.221
14.838     347.221
14.843     347.221
14.849     345.221
14.855     343.232
14.861     341.256
14.867     345.221
14.872     349.232
14.878     353.290
14.884     357.395
14.890     367.868
14.896     374.298
14.901     378.647
14.907     385.266
14.913     387.497
14.919     389.742
14.925     392.000
14.930     392.000
14.936     392.000
14.942     392.000
14.948     392.000
14.954     389.742
14.959     383.047
14.965     376.466
14.971     372.142
14.977     372.142
14.983     378.647
14.988     376.466
14.994     349.232
15.000     355.337
15.006     347.221
15.012     341.256
15.018     337.336
15.023     335.393
15.029     355.337
15.035     363.642
15.041     365.749
15.047     369.999
15.052     374.298
15.058     376.466
15.064     378.647
15.070     378.647
15.076     385.266
15.081     396.555
15.087     401.163
15.093     401.163
15.099     394.271
15.105     387.497
15.110     383.047
15.116     378.647
15.122     376.466
15.128     372.142
15.134     365.749
15.139     221.276
15.145     221.276
15.151     221.276
15.157     220.002
15.163     220.002
15.168     220.002
15.174     220.002
15.180     220.002
15.186     220.002
15.192     220.002
15.197     220.002
15.203     220.002
15.209     222.558
15.215     221.276
15.221     223.847
15.226     221.276
15.232     220.002
15.238     220.002
15.244     221.276
15.250     223.847
15.256     225.144
15.261     223.847
15.267     221.276
15.273     220.002
15.279     220.002
15.285     222.558
15.290     226.448
15.296     227.760
15.302     223.847
15.308     0.000
15.314     0.000
15.319     0.000
15.325     0.000
15.331     0.000
15.337     0.000
15.343     0.000
15.348     0.000
15.354     0.000
15.360     0.000
15.366     0.000
15.372     0.000
15.377     0.000
15.383     0.000
15.389     0.000
15.395     0.000
15.401     0.000
15.406     0.000
15.412     0.000
15.418     0.000
15.424     0.000
15.430     0.000
15.435     0.000
15.441     0.000
15.447     0.000
15.453     0.000
15.459     0.000
15.464     0.000
15.470     0.000
15.476     0.000
15.482     0.000
15.488     0.000
15.494     0.000
15.499     0.000
15.505     0.000
15.511     0.000
15.517     0.000
15.523     0.000
15.528     0.000
15.534     0.000
15.540     0.000
15.546     0.000
15.552     0.000
15.557     0.000
15.563     0.000
15.569     0.000
15.575     0.000
15.581     0.000
15.586     0.000
15.592     0.000
15.598     0.000
15.604     0.000
15.610     0.000
15.615     0.000
15.621     0.000
15.627     0.000
15.633     0.000
15.639     0.000
15.644     0.000
15.650     0.000
15.656     0.000
15.662     0.000
15.668     0.000
15.673     0.000
15.679     0.000
15.685     0.000
15.691     0.000
15.697     0.000
15.702     0.000
15.708     0.000
15.714     0.000
15.720     0.000
15.726     0.000
15.732     0.000
15.737     0.000
15.743     0.000
15.749     0.000
15.755     0.000
15.761     0.000
15.766     0.000
15.772     0.000
15.778     0.000
15.784     0.000
15.790     0.000
15.795     0.000
15.801     0.000
15.807     0.000
15.813     0.000
15.819     0.000
15.824     0.000
15.830     0.000
15.836     0.000
15.842     0.000
15.848     0.000
15.853     0.000
15.859     0.000
15.865     0.000
15.871     0.000
15.877     0.000
15.882     0.000
15.888     0.000
15.894     0.000
15.900     0.000
15.906     0.000
15.911     0.000
15.917     0.000
15.923     0.000
15.929     0.000
15.935     0.000
15.940     0.000
15.946     0.000
15.952     0.000
15.958     0.000
15.964     0.000
15.970     0.000
15.975     0.000
15.981     0.000
15.987     0.000
15.993     0.000
15.999     0.000
16.004     0.000
16.010     0.000
16.016     0.000
16.022     0.000
16.028     0.000
16.033     0.000
16.039     0.000
16.045     0.000
16.051     0.000
16.057     0.000
16.062     0.000
16.068     0.000
16.074     0.000
16.080     0.000
16.086     0.000
16.091     0.000
16.097     0.000
16.103     0.000
16.109     0.000
16.115     0.000
