0.000     0.000
0.006     0.000
0.012     0.000
0.017     0.000
0.023     0.000
0.029     0.000
0.035     0.000
0.041     0.000
0.046     0.000
0.052     0.000
0.058     0.000
0.064     0.000
0.070     496.751
0.075     496.751
0.081     496.751
0.087     496.751
0.093     496.751
0.099     493.890
0.104     493.890
0.110     488.217
0.116     485.405
0.122     479.829
0.128     477.066
0.134     474.318
0.139     468.870
0.145     466.170
0.151     466.170
0.157     466.170
0.163     466.170
0.168     466.170
0.174     468.870
0.180     468.870
0.186     466.170
0.192     471.586
0.197     479.829
0.203     488.217
0.209     0.000
0.215     0.000
0.221     0.000
0.226     0.000
0.232     0.000
0.238     0.000
0.244     0.000
0.250     0.000
0.255     0.000
0.261     0.000
0.267     0.000
0.273     0.000
0.279     0.000
0.284     0.000
0.290     0.000
0.296     0.000
0.302     0.000
0.308     0.000
0.313     0.000
0.319     0.000
0.325     0.000
0.331     0.000
0.337     0.000
0.342     0.000
0.348     0.000
0.354     0.000
0.360     0.000
0.366     505.434
0.372     511.307
0.377     505.434
0.383     548.005
0.389     560.814
0.395     567.331
0.401     567.331
0.406     567.331
0.412     567.331
0.418     567.331
0.424     567.331
0.430     564.063
0.435     564.063
0.441     564.063
0.447     567.331
0.453     573.923
0.459     577.247
0.464     580.592
0.470     577.247
0.476     573.923
0.482     573.923
0.488     577.247
0.493     580.592
0.499     583.955
0.505     587.338
0.511     583.955
0.517     577.247
0.522     573.923
0.528     573.923
0.534     570.617
0.540     567.331
0.546     564.063
0.551     560.814
0.557     557.584
0.563     554.373
0.569     544.849
0.575     541.711
0.580     544.849
0.586     517.248
0.592     508.362
0.598     505.434
0.604     502.523
0.610     499.628
0.615     499.628
0.621     499.628
0.627     502.523
0.633     505.434
0.639     511.307
0.644     514.269
0.650     523.258
0.656     554.373
0.662     551.180
0.668     557.584
0.673     560.814
0.679     564.063
0.685     573.923
0.691     583.955
0.697     580.592
0.702     577.247
0.708     573.923
0.714     573.923
0.720     570.617
0.726     564.063
0.731     560.814
0.737     554.373
0.743     548.005
0.749     548.005
0.755     508.362
0.760     502.523
0.766     493.890
0.772     493.890
0.778     491.045
0.784     493.890
0.789     499.628
0.795     505.434
0.801     514.269
0.807     532.404
0.813     541.711
0.819     551.180
0.824     567.331
0.830     573.923
0.836     577.247
0.842     583.955
0.848     594.162
0.853     597.604
0.859     597.604
0.865     594.162
0.871     594.162
0.877     590.740
0.882     587.338
0.888     577.247
0.894     570.617
0.900     560.814
0.906     554.373
0.911     554.373
0.917     554.373
0.923     560.814
0.929     557.584
0.935     557.584
0.940     557.584
0.946     557.584
0.952     557.584
0.958     557.584
0.964     557.584
0.969     557.584
0.975     560.814
0.981     560.814
0.987     0.000
0.993     0.000
0.998     0.000
1.004     450.290
1.010     458.161
1.016     466.170
1.022     477.066
1.027     485.405
1.033     491.045
1.039     496.751
1.045     496.751
1.051     496.751
1.057     499.628
1.062     502.523
1.068     502.523
1.074     502.523
1.080     502.523
1.086     496.751
1.091     499.628
1.097     493.890
1.103     493.890
1.109     496.751
1.115     491.045
1.120     485.405
1.126     485.405
1.132     485.405
1.138     485.405
1.144     485.405
1.149     488.217
1.155     496.751
1.161     499.628
1.167     499.628
1.173     493.890
1.178     493.890
1.184     493.890
1.190     496.751
1.196     493.890
1.202     493.890
1.207     493.890
1.213     496.751
1.219     499.628
1.225     499.628
1.231     499.628
1.236     499.628
1.242     499.628
1.248     499.628
1.254     499.628
1.260     166.730
1.265     166.730
1.271     166.730
1.277     165.770
1.283     165.770
1.289     164.815
1.295     164.815
1.300     164.815
1.306     165.770
1.312     165.770
1.318     165.770
1.324     165.770
1.329     164.815
1.335     544.849
1.341     551.180
1.347     548.005
1.353     551.180
1.358     557.584
1.364     557.584
1.370     564.063
1.376     564.063
1.382     564.063
1.387     560.814
1.393     551.180
1.399     548.005
1.405     541.711
1.411     529.338
1.416     520.244
1.422     517.248
1.428     517.248
1.434     511.307
1.440     511.307
1.445     511.307
1.451     517.248
1.457     517.248
1.463     520.244
1.469     529.338
1.474     544.849
1.480     554.373
1.486     557.584
1.492     560.814
1.498     577.247
1.503     583.955
1.509     583.955
1.515     580.592
1.521     580.592
1.527     583.955
1.533     580.592
1.538     577.247
1.544     573.923
1.550     564.063
1.556     564.063
1.562     532.404
1.567     526.289
1.573     551.180
1.579     557.584
1.585     557.584
1.591     557.584
1.596     554.373
1.602     554.373
1.608     560.814
1.614     560.814
1.620     557.584
1.625     541.711
1.631     548.005
1.637     554.373
1.643     560.814
1.649     570.617
1.654     590.740
1.660     601.066
1.666     608.050
1.672     611.573
1.678     615.115
1.683     615.115
1.689     611.573
1.695     608.050
1.701     601.066
1.707     587.338
1.712     573.923
1.718     570.617
1.724     564.063
1.730     557.584
1.736     548.005
1.741     564.063
1.747     517.248
1.753     517.248
1.759     520.244
1.765     520.244
1.771     523.258
1.776     529.338
1.782     554.373
1.788     554.373
1.794     567.331
1.800     577.247
1.805     587.338
1.811     590.740
1.817     594.162
1.823     601.066
1.829     601.066
1.834     601.066
1.840     594.162
1.846     567.331
1.852     557.584
1.858     554.373
1.863     557.584
1.869     557.584
1.875     557.584
1.881     551.180
1.887     551.180
1.892     554.373
1.898     554.373
1.904     554.373
1.910     560.814
1.916     570.617
1.921     570.617
1.927     567.331
1.933     567.331
1.939     560.814
1.945     570.617
1.950     560.814
1.956     564.063
1.962     597.604
1.968     597.604
1.974     601.066
1.980     601.066
1.985     601.066
1.991     604.548
1.997     597.604
2.003     590.740
2.009     594.162
2.014     594.162
2.020     597.604
2.026     597.604
2.032     597.604
2.038     601.066
2.043     601.066
2.049     601.066
2.055     601.066
2.061     601.066
2.067     601.066
2.072     601.066
2.078     597.604
2.084     597.604
2.090     597.604
2.096     594.162
2.101     594.162
2.107     594.162
2.113     590.740
2.119     590.740
2.125     590.740
2.130     594.162
2.136     594.162
2.142     594.162
2.148     590.740
2.154     590.740
2.159     590.740
2.165     590.740
2.171     590.740
2.177     590.740
2.183     590.740
2.188     590.740
2.194     587.338
2.200     587.338
2.206     587.338
2.212     583.955
2.218     577.247
2.223     573.923
2.229     564.063
2.235     577.247
2.241     587.338
2.247     587.338
2.252     583.955
2.258     583.955
2.264     583.955
2.270     0.000
2.276     0.000
2.281     0.000
2.287     0.000
2.293     0.000
2.299     0.000
2.305     0.000
2.310     0.000
2.316     493.890
2.322     491.045
2.328     493.890
2.334     493.890
2.339     496.751
2.345     499.628
2.351     499.628
2.357     502.523
2.363     502.523
2.368     505.434
2.374     508.362
2.380     511.307
2.386     514.269
2.392     514.269
2.397     514.269
2.403     514.269
2.409     511.307
2.415     511.307
2.421     511.307
2.426     511.307
2.432     508.362
2.438     505.434
2.444     505.434
2.450     502.523
2.456     499.628
2.461     499.628
2.467     499.628
2.473     499.628
2.479     499.628
2.485     499.628
2.490     499.628
2.496     499.628
2.502     502.523
2.508     502.523
2.514     505.434
2.519     508.362
2.525     511.307
2.531     511.307
2.537     514.269
2.543     517.248
2.548     514.269
2.554     514.269
2.560     517.248
2.566     517.248
2.572     520.244
2.577     520.244
2.583     517.248
2.589     517.248
2.595     517.248
2.601     517.248
2.606     520.244
2.612     523.258
2.618     520.244
2.624     520.244
2.630     517.248
2.635     514.269
2.641     514.269
2.647     514.269
2.653     514.269
2.659     0.000
2.664     0.000
2.670     0.000
2.676     0.000
2.682     604.548
2.688     611.573
2.694     622.263
2.699     640.497
2.705     651.692
2.711     659.265
2.717     666.925
2.723     670.789
2.728     674.674
2.734     674.674
2.740     674.674
2.746     674.674
2.752     670.789
2.757     666.925
2.763     659.265
2.769     655.468
2.775     647.939
2.781     644.207
2.786     644.207
2.792     640.497
2.798     636.808
2.804     636.808
2.810     636.808
2.815     640.497
2.821     647.939
2.827     655.468
2.833     655.468
2.839     663.084
2.844     670.789
2.850     670.789
2.856     678.583
2.862     682.514
2.868     694.444
2.873     698.467
2.879     698.467
2.885     698.467
2.891     694.444
2.897     694.444
2.902     686.468
2.908     678.583
2.914     666.925
2.920     647.939
2.926     629.493
2.932     622.263
2.937     611.573
2.943     601.066
2.949     597.604
2.955     594.162
2.961     597.604
2.966     597.604
2.972     604.548
2.978     615.115
2.984     625.868
2.990     640.497
2.995     655.468
3.001     666.925
3.007     674.674
3.013     682.514
3.019     690.444
3.024     698.467
3.030     706.583
3.036     706.583
3.042     706.583
3.048     706.583
3.053     702.513
3.059     698.467
3.065     686.468
3.071     670.789
3.077     663.084
3.082     644.207
3.088     625.868
3.094     615.115
3.100     604.548
3.106     597.604
3.111     594.162
3.117     594.162
3.123     594.162
3.129     597.604
3.135     604.548
3.140     618.679
3.146     629.493
3.152     644.207
3.158     659.265
3.164     670.789
3.170     678.583
3.175     682.514
3.181     694.444
3.187     702.513
3.193     706.583
3.199     710.676
3.204     710.676
3.210     710.676
3.216     706.583
3.222     702.513
3.228     694.444
3.233     678.583
3.239     670.789
3.245     655.468
3.251     640.497
3.257     625.868
3.262     615.115
3.268     608.050
3.274     604.548
3.280     601.066
3.286     601.066
3.291     604.548
3.297     615.115
3.303     633.140
3.309     644.207
3.315     651.692
3.320     663.084
3.326     670.789
3.332     678.583
3.338     686.468
3.344     694.444
3.349     698.467
3.355     702.513
3.361     706.583
3.367     702.513
3.373     698.467
3.379     690.444
3.384     682.514
3.390     674.674
3.396     659.265
3.402     640.497
3.408     625.868
3.413     615.115
3.419     608.050
3.425     597.604
3.431     590.740
3.437     590.740
3.442     594.162
3.448     604.548
3.454     618.679
3.460     625.868
3.466     636.808
3.471     678.583
3.477     678.583
3.483     678.583
3.489     678.583
3.495     682.514
3.500     690.444
3.506     690.444
3.512     690.444
3.518     690.444
3.524     686.468
3.529     678.583
3.535     670.789
3.541     333.461
3.547     333.461
3.553     331.541
3.558     331.541
3.564     331.541
3.570     333.461
3.576     331.541
3.582     331.541
3.587     331.541
3.593     331.541
3.599     331.541
3.605     329.631
3.611     331.541
3.617     331.541
3.622     331.541
3.628     331.541
3.634     329.631
3.640     331.541
3.646     327.732
3.651     329.631
3.657     0.000
3.663     0.000
3.669     0.000
3.675     0.000
3.680     0.000
3.686     0.000
3.692     0.000
3.698     0.000
3.704     0.000
3.709     0.000
3.715     0.000
3.721     0.000
3.727     0.000
3.733     0.000
3.738     0.000
3.744     0.000
3.750     0.000
3.756     0.000
3.762     0.000
3.767     0.000
3.773     0.000
3.779     0.000
3.785     0.000
3.791     0.000
3.796     0.000
3.802     0.000
3.808     0.000
3.814     0.000
3.820     0.000
3.825     0.000
3.831     0.000
3.837     329.631
3.843     331.541
3.849     331.541
3.855     331.541
3.860     331.541
3.866     331.541
3.872     331.541
3.878     331.541
3.884     331.541
3.889     331.541
3.895     331.541
3.901     331.541
3.907     331.541
3.913     331.541
3.918     331.541
3.924     331.541
3.930     331.541
3.936     331.541
3.942     331.541
3.947     331.541
3.953     331.541
3.959     331.541
3.965     331.541
3.971     474.318
3.976     479.829
3.982     479.829
3.988     477.066
3.994     474.318
4.000     471.586
4.005     471.586
4.011     471.586
4.017     477.066
4.023     479.829
4.029     479.829
4.034     479.829
4.040     479.829
4.046     471.586
4.052     466.170
4.058     466.170
4.063     477.066
4.069     482.609
4.075     482.609
4.081     482.609
4.087     485.405
4.093     485.405
4.098     485.405
4.104     488.217
4.110     488.217
4.116     488.217
4.122     488.217
4.127     491.045
4.133     491.045
4.139     491.045
4.145     491.045
4.151     491.045
4.156     491.045
4.162     493.890
4.168     491.045
4.174     491.045
4.180     491.045
4.185     491.045
4.191     493.890
4.197     493.890
4.203     491.045
4.209     493.890
4.214     493.890
4.220     493.890
4.226     493.890
4.232     496.751
4.238     499.628
4.243     499.628
4.249     502.523
4.255     505.434
4.261     508.362
4.267     511.307
4.272     514.269
4.278     517.248
4.284     523.258
4.290     526.289
4.296     526.289
4.301     526.289
4.307     514.269
4.313     511.307
4.319     551.180
4.325     535.489
4.331     541.711
4.336     544.849
4.342     551.180
4.348     551.180
4.354     544.849
4.360     538.591
4.365     535.489
4.371     535.489
4.377     538.591
4.383     544.849
4.389     551.180
4.394     554.373
4.400     554.373
4.406     551.180
4.412     551.180
4.418     554.373
4.423     554.373
4.429     551.180
4.435     551.180
4.441     551.180
4.447     548.005
4.452     548.005
4.458     544.849
4.464     541.711
4.470     541.711
4.476     541.711
4.481     544.849
4.487     548.005
4.493     551.180
4.499     554.373
4.505     557.584
4.510     564.063
4.516     570.617
4.522     577.247
4.528     583.955
4.534     587.338
4.540     587.338
4.545     587.338
4.551     590.740
4.557     590.740
4.563     590.740
4.569     587.338
4.574     580.592
4.580     573.923
4.586     567.331
4.592     557.584
4.598     551.180
4.603     544.849
4.609     538.591
4.615     532.404
4.621     526.289
4.627     520.244
4.632     520.244
4.638     520.244
4.644     526.289
4.650     526.289
4.656     529.338
4.661     538.591
4.667     548.005
4.673     554.373
4.679     564.063
4.685     577.247
4.690     583.955
4.696     590.740
4.702     590.740
4.708     594.162
4.714     597.604
4.719     601.066
4.725     597.604
4.731     594.162
4.737     590.740
4.743     587.338
4.748     580.592
4.754     577.247
4.760     557.584
4.766     541.711
4.772     535.489
4.778     532.404
4.783     529.338
4.789     526.289
4.795     523.258
4.801     526.289
4.807     529.338
4.812     538.591
4.818     544.849
4.824     554.373
4.830     564.063
4.836     570.617
4.841     577.247
4.847     587.338
4.853     587.338
4.859     587.338
4.865     587.338
4.870     587.338
4.876     587.338
4.882     590.740
4.888     541.711
4.894     538.591
4.899     544.849
4.905     541.711
4.911     523.258
4.917     499.628
4.923     493.890
4.928     496.751
4.934     499.628
4.940     499.628
4.946     499.628
4.952     496.751
4.957     496.751
4.963     496.751
4.969     496.751
4.975     496.751
4.981     496.751
4.986     496.751
4.992     496.751
4.998     496.751
5.004     493.890
5.010     496.751
5.016     496.751
5.021     499.628
5.027     496.751
5.033     493.890
5.039     496.751
5.045     496.751
5.050     499.628
5.056     496.751
5.062     491.045
5.068     477.066
5.074     460.815
5.079     502.523
5.085     496.751
5.091     491.045
5.097     491.045
5.103     491.045
5.108     493.890
5.114     496.751
5.120     496.751
5.126     496.751
5.132     496.751
5.137     496.751
5.143     496.751
5.149     493.890
5.155     493.890
5.161     491.045
5.166     485.405
5.172     485.405
5.178     482.609
5.184     482.609
5.190     482.609
5.195     485.405
5.201     488.217
5.207     488.217
5.213     491.045
5.219     493.890
5.224     496.751
5.230     502.523
5.236     505.434
5.242     508.362
5.248     511.307
5.254     514.269
5.259     514.269
5.265     514.269
5.271     517.248
5.277     514.269
5.283     511.307
5.288     511.307
5.294     508.362
5.300     502.523
5.306     499.628
5.312     496.751
5.317     496.751
5.323     493.890
5.329     491.045
5.335     496.751
5.341     502.523
5.346     508.362
5.352     511.307
5.358     517.248
5.364     544.849
5.370     554.373
5.375     557.584
5.381     564.063
5.387     573.923
5.393     580.592
5.399     587.338
5.404     583.955
5.410     583.955
5.416     580.592
5.422     577.247
5.428     570.617
5.433     564.063
5.439     554.373
5.445     548.005
5.451     541.711
5.457     535.489
5.462     529.338
5.468     523.258
5.474     523.258
5.480     523.258
5.486     523.258
5.492     523.258
5.497     526.289
5.503     532.404
5.509     538.591
5.515     544.849
5.521     551.180
5.526     557.584
5.532     564.063
5.538     570.617
5.544     580.592
5.550     587.338
5.555     590.740
5.561     590.740
5.567     590.740
5.573     594.162
5.579     590.740
5.584     587.338
5.590     583.955
5.596     577.247
5.602     570.617
5.608     567.331
5.613     554.373
5.619     548.005
5.625     532.404
5.631     514.269
5.637     508.362
5.642     505.434
5.648     505.434
5.654     508.362
5.660     511.307
5.666     517.248
5.671     523.258
5.677     538.591
5.683     551.180
5.689     560.814
5.695     570.617
5.700     587.338
5.706     601.066
5.712     608.050
5.718     615.115
5.724     618.679
5.730     618.679
5.735     615.115
5.741     611.573
5.747     608.050
5.753     594.162
5.759     587.338
5.764     583.955
5.770     594.162
5.776     551.180
5.782     567.331
5.788     564.063
5.793     554.373
5.799     594.162
5.805     604.548
5.811     608.050
5.817     615.115
5.822     615.115
5.828     611.573
5.834     601.066
5.840     597.604
5.846     597.604
5.851     597.604
5.857     597.604
5.863     587.338
5.869     570.617
5.875     597.604
5.880     601.066
5.886     604.548
5.892     604.548
5.898     604.548
5.904     601.066
5.909     597.604
5.915     594.162
5.921     590.740
5.927     590.740
5.933     590.740
5.939     590.740
5.944     594.162
5.950     594.162
5.956     587.338
5.962     583.955
5.968     583.955
5.973     590.740
5.979     594.162
5.985     597.604
5.991     601.066
5.997     604.548
6.002     604.548
6.008     608.050
6.014     608.050
6.020     608.050
6.026     601.066
6.031     597.604
6.037     597.604
6.043     594.162
6.049     594.162
6.055     594.162
6.060     590.740
6.066     590.740
6.072     587.338
6.078     587.338
6.084     587.338
6.089     587.338
6.095     587.338
6.101     587.338
6.107     587.338
6.113     587.338
6.118     590.740
6.124     590.740
6.130     594.162
6.136     594.162
6.142     594.162
6.147     594.162
6.153     590.740
6.159     587.338
6.165     587.338
6.171     587.338
6.177     587.338
6.182     587.338
6.188     0.000
6.194     0.000
6.200     0.000
6.206     0.000
6.211     0.000
6.217     0.000
6.223     0.000
6.229     0.000
6.235     0.000
6.240     0.000
6.246     0.000
6.252     0.000
6.258     0.000
6.264     0.000
6.269     0.000
6.275     0.000
6.281     493.890
6.287     491.045
6.293     485.405
6.298     482.609
6.304     482.609
6.310     488.217
6.316     491.045
6.322     493.890
6.327     496.751
6.333     499.628
6.339     499.628
6.345     499.628
6.351     499.628
6.356     499.628
6.362     499.628
6.368     502.523
6.374     505.434
6.380     505.434
6.385     505.434
6.391     505.434
6.397     502.523
6.403     502.523
6.409     499.628
6.415     499.628
6.420     496.751
6.426     496.751
6.432     496.751
6.438     496.751
6.444     496.751
6.449     496.751
6.455     499.628
6.461     499.628
6.467     502.523
6.473     505.434
6.478     508.362
6.484     511.307
6.490     514.269
6.496     517.248
6.502     520.244
6.507     523.258
6.513     523.258
6.519     526.289
6.525     526.289
6.531     526.289
6.536     523.258
6.542     523.258
6.548     523.258
6.554     520.244
6.560     520.244
6.565     520.244
6.571     517.248
6.577     517.248
6.583     514.269
6.589     511.307
6.594     508.362
6.600     508.362
6.606     505.434
6.612     505.434
6.618     526.289
6.623     532.404
6.629     564.063
6.635     570.617
6.641     573.923
6.647     583.955
6.653     597.604
6.658     611.573
6.664     622.263
6.670     636.808
6.676     644.207
6.682     647.939
6.687     647.939
6.693     655.468
6.699     655.468
6.705     655.468
6.711     655.468
6.716     655.468
6.722     651.692
6.728     647.939
6.734     640.497
6.740     633.140
6.745     625.868
6.751     625.868
6.757     622.263
6.763     618.679
6.769     618.679
6.774     622.263
6.780     625.868
6.786     629.493
6.792     636.808
6.798     651.692
6.803     659.265
6.809     663.084
6.815     666.925
6.821     670.789
6.827     674.674
6.832     678.583
6.838     682.514
6.844     686.468
6.850     686.468
6.856     686.468
6.861     682.514
6.867     674.674
6.873     666.925
6.879     655.468
6.885     640.497
6.891     622.263
6.896     615.115
6.902     604.548
6.908     594.162
6.914     587.338
6.920     583.955
6.925     583.955
6.931     587.338
6.937     590.740
6.943     594.162
6.949     601.066
6.954     611.573
6.960     633.140
6.966     644.207
6.972     655.468
6.978     666.925
6.983     678.583
6.989     682.514
6.995     690.444
7.001     690.444
7.007     694.444
7.012     690.444
7.018     686.468
7.024     682.514
7.030     674.674
7.036     666.925
7.041     655.468
7.047     647.939
7.053     633.140
7.059     618.679
7.065     604.548
7.070     597.604
7.076     587.338
7.082     583.955
7.088     583.955
7.094     583.955
7.100     583.955
7.105     590.740
7.111     597.604
7.117     604.548
7.123     636.808
7.129     647.939
7.134     655.468
7.140     666.925
7.146     674.674
7.152     682.514
7.158     690.444
7.163     694.444
7.169     698.467
7.175     698.467
7.181     694.444
7.187     690.444
7.192     682.514
7.198     674.674
7.204     663.084
7.210     651.692
7.216     636.808
7.221     625.868
7.227     615.115
7.233     604.548
7.239     594.162
7.245     587.338
7.250     587.338
7.256     587.338
7.262     587.338
7.268     594.162
7.274     601.066
7.279     608.050
7.285     622.263
7.291     636.808
7.297     651.692
7.303     663.084
7.308     670.789
7.314     678.583
7.320     682.514
7.326     686.468
7.332     690.444
7.338     694.444
7.343     694.444
7.349     686.468
7.355     682.514
7.361     674.674
7.367     666.925
7.372     659.265
7.378     647.939
7.384     629.493
7.390     622.263
7.396     615.115
7.401     608.050
7.407     601.066
7.413     601.066
7.419     601.066
7.425     608.050
7.430     618.679
7.436     633.140
7.442     644.207
7.448     655.468
7.454     663.084
7.459     670.789
7.465     678.583
7.471     682.514
7.477     686.468
7.483     686.468
7.488     686.468
7.494     682.514
7.500     678.583
7.506     670.789
7.512     659.265
7.517     647.939
7.523     625.868
7.529     331.541
7.535     327.732
7.541     331.541
7.546     333.461
7.552     333.461
7.558     331.541
7.564     329.631
7.570     327.732
7.576     327.732
7.581     329.631
7.587     331.541
7.593     331.541
7.599     331.541
7.605     331.541
7.610     0.000
7.616     0.000
7.622     0.000
7.628     0.000
7.634     0.000
7.639     0.000
7.645     0.000
7.651     0.000
7.657     0.000
7.663     0.000
7.668     0.000
7.674     0.000
7.680     0.000
7.686     0.000
7.692     0.000
7.697     0.000
7.703     0.000
7.709     0.000
7.715     0.000
7.721     0.000
7.726     0.000
7.732     0.000
7.738     0.000
7.744     0.000
7.750     0.000
7.755     0.000
7.761     0.000
7.767     0.000
7.773     0.000
7.779     0.000
7.784     0.000
7.790     0.000
7.796     0.000
7.802     0.000
7.808     0.000
7.814     0.000
7.819     0.000
7.825     0.000
7.831     0.000
7.837     0.000
7.843     0.000
7.848     0.000
7.854     0.000
7.860     0.000
7.866     0.000
7.872     0.000
7.877     0.000
7.883     0.000
7.889     0.000
7.895     0.000
7.901     0.000
7.906     0.000
7.912     0.000
7.918     0.000
7.924     493.890
7.930     496.751
7.935     499.628
7.941     499.628
7.947     499.628
7.953     499.628
7.959     499.628
7.964     499.628
7.970     499.628
7.976     502.523
7.982     502.523
7.988     502.523
7.993     502.523
7.999     502.523
8.005     502.523
8.011     499.628
8.017     499.628
8.022     499.628
8.028     496.751
8.034     496.751
8.040     496.751
8.046     496.751
8.052     496.751
8.057     496.751
8.063     499.628
8.069     499.628
8.075     502.523
8.081     502.523
8.086     505.434
8.092     508.362
8.098     508.362
8.104     508.362
8.110     508.362
8.115     508.362
8.121     508.362
8.127     508.362
8.133     508.362
8.139     508.362
8.144     511.307
8.150     511.307
8.156     511.307
8.162     511.307
8.168     511.307
8.173     505.434
8.179     502.523
8.185     499.628
8.191     499.628
8.197     499.628
8.202     502.523
8.208     502.523
8.214     505.434
8.220     505.434
8.226     0.000
8.231     0.000
8.237     0.000
8.243     0.000
8.249     0.000
8.255     0.000
8.260     0.000
8.266     0.000
8.272     0.000
8.278     0.000
8.284     110.638
8.290     110.000
8.295     110.638
8.301     110.638
8.307     110.638
8.313     110.638
8.319     110.638
8.324     110.638
8.330     110.638
8.336     110.638
8.342     560.814
8.348     564.063
8.353     564.063
8.359     564.063
8.365     564.063
8.371     564.063
8.377     564.063
8.382     564.063
8.388     564.063
8.394     560.814
8.400     560.814
8.406     560.814
8.411     557.584
8.417     557.584
8.423     554.373
8.429     554.373
8.435     551.180
8.440     548.005
8.446     548.005
8.452     548.005
8.458     548.005
8.464     544.849
8.469     544.849
8.475     541.711
8.481     544.849
8.487     544.849
8.493     548.005
8.499     548.005
8.504     551.180
8.510     551.180
8.516     554.373
8.522     554.373
8.528     554.373
8.533     554.373
8.539     554.373
8.545     554.373
8.551     551.180
8.557     548.005
8.562     544.849
8.568     544.849
8.574     541.711
8.580     535.489
8.586     532.404
8.591     529.338
8.597     529.338
8.603     532.404
8.609     535.489
8.615     538.591
8.620     538.591
8.626     541.711
8.632     548.005
8.638     551.180
8.644     554.373
8.649     560.814
8.655     564.063
8.661     570.617
8.667     577.247
8.673     580.592
8.678     587.338
8.684     587.338
8.690     587.338
8.696     583.955
8.702     580.592
8.707     577.247
8.713     573.923
8.719     567.331
8.725     560.814
8.731     551.180
8.737     544.849
8.742     535.489
8.748     526.289
8.754     517.248
8.760     514.269
8.766     511.307
8.771     511.307
8.777     511.307
8.783     514.269
8.789     517.248
8.795     523.258
8.800     529.338
8.806     538.591
8.812     548.005
8.818     554.373
8.824     560.814
8.829     573.923
8.835     583.955
8.841     590.740
8.847     590.740
8.853     590.740
8.858     594.162
8.864     597.604
8.870     597.604
8.876     590.740
8.882     587.338
8.887     580.592
8.893     577.247
8.899     564.063
8.905     551.180
8.911     541.711
8.916     532.404
8.922     526.289
8.928     517.248
8.934     511.307
8.940     508.362
8.945     508.362
8.951     511.307
8.957     514.269
8.963     517.248
8.969     526.289
8.975     535.489
8.980     544.849
8.986     554.373
8.992     560.814
8.998     570.617
9.004     580.592
9.009     587.338
9.015     590.740
9.021     594.162
9.027     594.162
9.033     597.604
9.038     597.604
9.044     594.162
9.050     590.740
9.056     583.955
9.062     580.592
9.067     567.331
9.073     554.373
9.079     544.849
9.085     535.489
9.091     529.338
9.096     523.258
9.102     520.244
9.108     520.244
9.114     523.258
9.120     529.338
9.125     532.404
9.131     538.591
9.137     551.180
9.143     557.584
9.149     567.331
9.154     573.923
9.160     580.592
9.166     583.955
9.172     583.955
9.178     583.955
9.183     580.592
9.189     583.955
9.195     594.162
9.201     594.162
9.207     587.338
9.213     580.592
9.218     587.338
9.224     590.740
9.230     590.740
9.236     587.338
9.242     583.955
9.247     577.247
9.253     570.617
9.259     567.331
9.265     573.923
9.271     577.247
9.276     580.592
9.282     590.740
9.288     594.162
9.294     597.604
9.300     601.066
9.305     604.548
9.311     608.050
9.317     604.548
9.323     604.548
9.329     604.548
9.334     604.548
9.340     604.548
9.346     601.066
9.352     601.066
9.358     597.604
9.363     597.604
9.369     594.162
9.375     590.740
9.381     590.740
9.387     587.338
9.392     587.338
9.398     587.338
9.404     587.338
9.410     587.338
9.416     587.338
9.421     583.955
9.427     583.955
9.433     583.955
9.439     587.338
9.445     590.740
9.451     590.740
9.456     590.740
9.462     590.740
9.468     590.740
9.474     590.740
9.480     594.162
9.485     594.162
9.491     590.740
9.497     590.740
9.503     590.740
9.509     590.740
9.514     590.740
9.520     587.338
9.526     587.338
9.532     590.740
9.538     590.740
9.543     590.740
9.549     594.162
9.555     597.604
9.561     601.066
9.567     608.050
9.572     611.573
9.578     615.115
9.584     618.679
9.590     622.263
9.596     622.263
9.601     622.263
9.607     622.263
9.613     622.263
9.619     622.263
9.625     625.868
9.630     629.493
9.636     633.140
9.642     636.808
9.648     644.207
9.654     663.084
9.660     674.674
9.665     686.468
9.671     694.444
9.677     702.513
9.683     706.583
9.689     710.676
9.694     718.934
9.700     718.934
9.706     723.098
9.712     727.287
9.718     727.287
9.723     727.287
9.729     727.287
9.735     727.287
9.741     723.098
9.747     723.098
9.752     718.934
9.758     714.793
9.764     710.676
9.770     710.676
9.776     706.583
9.781     706.583
9.787     710.676
9.793     710.676
9.799     714.793
9.805     718.934
9.810     723.098
9.816     731.500
9.822     735.738
9.828     744.287
9.834     748.599
9.839     752.935
9.845     752.935
9.851     748.599
9.857     748.599
9.863     744.287
9.868     740.000
9.874     735.738
9.880     727.287
9.886     718.934
9.892     714.793
9.898     714.793
9.903     714.793
9.909     714.793
9.915     714.793
9.921     714.793
9.927     714.793
9.932     718.934
9.938     723.098
9.944     727.287
9.950     735.738
9.956     740.000
9.961     740.000
9.967     740.000
9.973     740.000
9.979     731.500
9.985     723.098
9.990     714.793
9.996     710.676
10.002     702.513
10.008     666.925
10.014     608.050
10.019     604.548
10.025     594.162
10.031     583.955
10.037     580.592
10.043     580.592
10.048     580.592
10.054     580.592
10.060     583.955
10.066     590.740
10.072     597.604
10.077     601.066
10.083     608.050
10.089     611.573
10.095     618.679
10.101     618.679
10.106     618.679
10.112     615.115
10.118     608.050
10.124     604.548
10.130     597.604
10.136     587.338
10.141     583.955
10.147     580.592
10.153     570.617
10.159     567.331
10.165     564.063
10.170     560.814
10.176     564.063
10.182     573.923
10.188     580.592
10.194     583.955
10.199     583.955
10.205     587.338
10.211     590.740
10.217     594.162
10.223     597.604
10.228     601.066
10.234     601.066
10.240     597.604
10.246     594.162
10.252     587.338
10.257     587.338
10.263     587.338
10.269     590.740
10.275     587.338
10.281     587.338
10.286     590.740
10.292     594.162
10.298     597.604
10.304     601.066
10.310     601.066
10.315     587.338
10.321     577.247
10.327     590.740
10.333     570.617
10.339     560.814
10.344     557.584
10.350     554.373
10.356     548.005
10.362     548.005
10.368     560.814
10.374     567.331
10.379     570.617
10.385     573.923
10.391     577.247
10.397     577.247
10.403     573.923
10.408     570.617
10.414     564.063
10.420     560.814
10.426     554.373
10.432     548.005
10.437     541.711
10.443     538.591
10.449     535.489
10.455     532.404
10.461     529.338
10.466     529.338
10.472     529.338
10.478     538.591
10.484     541.711
10.490     544.849
10.495     551.180
10.501     554.373
10.507     560.814
10.513     564.063
10.519     570.617
10.524     577.247
10.530     583.955
10.536     583.955
10.542     587.338
10.548     583.955
10.553     583.955
10.559     580.592
10.565     577.247
10.571     567.331
10.577     557.584
10.582     544.849
10.588     535.489
10.594     529.338
10.600     523.258
10.606     517.248
10.612     511.307
10.617     508.362
10.623     508.362
10.629     508.362
10.635     511.307
10.641     517.248
10.646     523.258
10.652     529.338
10.658     535.489
10.664     544.849
10.670     557.584
10.675     567.331
10.681     570.617
10.687     577.247
10.693     583.955
10.699     587.338
10.704     590.740
10.710     590.740
10.716     587.338
10.722     587.338
10.728     580.592
10.733     573.923
10.739     564.063
10.745     551.180
10.751     541.711
10.757     535.489
10.762     523.258
10.768     514.269
10.774     505.434
10.780     502.523
10.786     499.628
10.791     499.628
10.797     499.628
10.803     505.434
10.809     508.362
10.815     517.248
10.820     526.289
10.826     541.711
10.832     551.180
10.838     560.814
10.844     567.331
10.850     577.247
10.855     587.338
10.861     590.740
10.867     590.740
10.873     587.338
10.879     587.338
10.884     590.740
10.890     587.338
10.896     583.955
10.902     573.923
10.908     551.180
10.913     535.489
10.919     529.338
10.925     517.248
10.931     508.362
10.937     502.523
10.942     496.751
10.948     499.628
10.954     502.523
10.960     505.434
10.966     511.307
10.971     520.244
10.977     532.404
10.983     554.373
10.989     557.584
10.995     557.584
11.000     557.584
11.006     580.592
11.012     580.592
11.018     573.923
11.024     573.923
11.029     570.617
11.035     573.923
11.041     0.000
11.047     0.000
11.053     0.000
11.059     0.000
11.064     0.000
11.070     0.000
11.076     0.000
11.082     0.000
11.088     0.000
11.093     0.000
11.099     0.000
11.105     0.000
11.111     0.000
11.117     0.000
11.122     0.000
11.128     0.000
11.134     0.000
11.140     0.000
11.146     0.000
11.151     0.000
11.157     0.000
11.163     0.000
11.169     0.000
11.175     0.000
11.180     0.000
11.186     0.000
11.192     0.000
11.198     0.000
11.204     0.000
11.209     0.000
11.215     0.000
11.221     0.000
11.227     0.000
11.233     0.000
11.238     0.000
11.244     0.000
11.250     0.000
11.256     0.000
11.262     0.000
11.267     0.000
11.273     488.217
11.279     488.217
11.285     491.045
11.291     493.890
11.297     496.751
11.302     496.751
11.308     499.628
11.314     499.628
11.320     496.751
11.326     496.751
11.331     493.890
11.337     491.045
11.343     488.217
11.349     485.405
11.355     482.609
11.360     479.829
11.366     474.318
11.372     471.586
11.378     471.586
11.384     471.586
11.389     468.870
11.395     468.870
11.401     471.586
11.407     477.066
11.413     482.609
11.418     488.217
11.424     491.045
11.430     496.751
11.436     502.523
11.442     508.362
11.447     514.269
11.453     517.248
11.459     520.244
11.465     520.244
11.471     520.244
11.476     517.248
11.482     517.248
11.488     517.248
11.494     514.269
11.500     505.434
11.505     496.751
11.511     485.405
11.517     477.066
11.523     466.170
11.529     458.161
11.535     452.899
11.540     445.118
11.546     442.554
11.552     442.554
11.558     442.554
11.564     445.118
11.569     447.697
11.575     450.290
11.581     455.522
11.587     466.170
11.593     477.066
11.598     485.405
11.604     493.890
11.610     505.434
11.616     511.307
11.622     517.248
11.627     520.244
11.633     523.258
11.639     526.289
11.645     526.289
11.651     526.289
11.656     523.258
11.662     520.244
11.668     514.269
11.674     505.434
11.680     496.751
11.685     485.405
11.691     477.066
11.697     468.870
11.703     460.815
11.709     458.161
11.714     452.899
11.720     452.899
11.726     455.522
11.732     458.161
11.738     463.485
11.743     468.870
11.749     479.829
11.755     493.890
11.761     499.628
11.767     505.434
11.773     511.307
11.778     517.248
11.784     523.258
11.790     529.338
11.796     532.404
11.802     535.489
11.807     535.489
11.813     535.489
11.819     529.338
11.825     523.258
11.831     517.248
11.836     508.362
11.842     499.628
11.848     488.217
11.854     477.066
11.860     468.870
11.865     460.815
11.871     455.522
11.877     452.899
11.883     450.290
11.889     452.899
11.894     452.899
11.900     458.161
11.906     463.485
11.912     474.318
11.918     482.609
11.923     488.217
11.929     496.751
11.935     505.434
11.941     514.269
11.947     520.244
11.952     523.258
11.958     526.289
11.964     529.338
11.970     529.338
11.976     526.289
11.981     520.244
11.987     514.269
11.993     508.362
11.999     499.628
12.005     485.405
12.011     479.829
12.016     468.870
12.022     460.815
12.028     455.522
12.034     452.899
12.040     452.899
12.045     452.899
12.051     455.522
12.057     460.815
12.063     468.870
12.069     479.829
12.074     488.217
12.080     496.751
12.086     502.523
12.092     508.362
12.098     514.269
12.103     520.244
12.109     523.258
12.115     526.289
12.121     526.289
12.127     526.289
12.132     523.258
12.138     517.248
12.144     511.307
12.150     502.523
12.156     491.045
12.161     0.000
12.167     0.000
12.173     0.000
12.179     0.000
12.185     0.000
12.190     0.000
12.196     0.000
12.202     0.000
12.208     0.000
12.214     0.000
12.220     0.000
12.225     0.000
12.231     0.000
12.237     0.000
12.243     0.000
12.249     412.918
12.254     415.310
12.260     420.135
12.266     425.017
12.272     434.951
12.278     442.554
12.283     447.697
12.289     450.290
12.295     450.290
12.301     452.899
12.307     455.522
12.312     452.899
12.318     452.899
12.324     450.290
12.330     447.697
12.336     445.118
12.341     442.554
12.347     434.951
12.353     429.956
12.359     425.017
12.365     420.135
12.370     417.715
12.376     412.918
12.382     412.918
12.388     410.539
12.394     410.539
12.399     412.918
12.405     417.715
12.411     422.569
12.417     427.479
12.423     434.951
12.428     440.005
12.434     445.118
12.440     450.290
12.446     452.899
12.452     452.899
12.458     455.522
12.463     458.161
12.469     460.815
12.475     458.161
12.481     455.522
12.487     452.899
12.492     445.118
12.498     440.005
12.504     432.446
12.510     425.017
12.516     417.715
12.521     410.539
12.527     405.824
12.533     398.852
12.539     396.555
12.545     392.000
12.550     392.000
12.556     392.000
12.562     394.271
12.568     398.852
12.574     403.486
12.579     408.175
12.585     417.715
12.591     427.479
12.597     434.951
12.603     442.554
12.608     450.290
12.614     455.522
12.620     458.161
12.626     458.161
12.632     460.815
12.637     460.815
12.643     458.161
12.649     455.522
12.655     450.290
12.661     445.118
12.666     434.951
12.672     427.479
12.678     420.135
12.684     412.918
12.690     408.175
12.696     401.163
12.701     396.555
12.707     394.271
12.713     394.271
12.719     396.555
12.725     398.852
12.730     405.824
12.736     412.918
12.742     420.135
12.748     429.956
12.754     440.005
12.759     447.697
12.765     452.899
12.771     458.161
12.777     463.485
12.783     468.870
12.788     471.586
12.794     471.586
12.800     468.870
12.806     463.485
12.812     458.161
12.817     452.899
12.823     445.118
12.829     434.951
12.835     425.017
12.841     415.310
12.846     405.824
12.852     401.163
12.858     396.555
12.864     392.000
12.870     394.271
12.875     396.555
12.881     398.852
12.887     403.486
12.893     410.539
12.899     420.135
12.904     429.956
12.910     440.005
12.916     447.697
12.922     455.522
12.928     460.815
12.934     468.870
12.939     474.318
12.945     477.066
12.951     477.066
12.957     477.066
12.963     474.318
12.968     471.586
12.974     463.485
12.980     460.815
12.986     455.522
12.992     445.118
12.997     477.066
13.003     477.066
13.009     477.066
13.015     477.066
13.021     477.066
13.026     474.318
13.032     474.318
13.038     474.318
13.044     474.318
13.050     471.586
13.055     458.161
13.061     460.815
13.067     463.485
13.073     463.485
13.079     460.815
13.084     460.815
13.090     460.815
13.096     466.170
13.102     468.870
13.108     471.586
13.113     468.870
13.119     0.000
13.125     0.000
13.131     0.000
13.137     0.000
13.142     0.000
13.148     0.000
13.154     0.000
13.160     0.000
13.166     0.000
13.172     0.000
13.177     0.000
13.183     0.000
13.189     0.000
13.195     0.000
13.201     0.000
13.206     0.000
13.212     0.000
13.218     0.000
13.224     0.000
13.230     0.000
13.235     0.000
13.241     0.000
13.247     0.000
13.253     0.000
13.259     0.000
13.264     0.000
13.270     0.000
13.276     0.000
13.282     0.000
13.288     0.000
13.293     0.000
13.299     0.000
13.305     0.000
13.311     0.000
13.317     0.000
13.322     0.000
13.328     0.000
13.334     0.000
13.340     0.000
13.346     0.000
13.351     0.000
13.357     0.000
13.363     0.000
13.369     0.000
13.375     0.000
13.380     0.000
13.386     0.000
13.392     0.000
13.398     0.000
13.404     0.000
13.410     0.000
13.415     0.000
13.421     0.000
13.427     0.000
13.433     0.000
13.439     0.000
13.444     0.000
13.450     0.000
13.456     0.000
13.462     0.000
13.468     0.000
13.473     0.000
13.479     0.000
13.485     0.000
13.491     0.000
13.497     0.000
13.502     0.000
13.508     0.000
13.514     0.000
13.520     0.000
13.526     0.000
13.531     0.000
13.537     0.000
13.543     0.000
13.549     0.000
13.555     0.000
13.560     0.000
13.566     0.000
13.572     0.000
13.578     0.000
13.584     0.000
13.589     0.000
13.595     0.000
13.601     0.000
13.607     0.000
13.613     0.000
13.619     0.000
13.624     0.000
13.630     0.000
13.636     0.000
13.642     0.000
13.648     0.000
13.653     0.000
13.659     0.000
13.665     0.000
13.671     0.000
13.677     0.000
13.682     0.000
13.688     0.000
13.694     0.000
13.700     0.000
13.706     0.000
13.711     0.000
13.717     0.000
13.723     0.000
13.729     0.000
13.735     0.000
13.740     0.000
13.746     0.000
13.752     0.000
13.758     0.000
13.764     0.000
13.769     0.000
13.775     0.000
13.781     0.000
13.787     0.000
13.793     0.000
13.798     0.000
13.804     0.000
13.810     0.000
13.816     0.000
13.822     0.000
13.827     0.000
13.833     0.000
13.839     0.000
13.845     0.000
13.851     0.000
13.857     0.000
13.862     0.000
13.868     0.000
13.874     0.000
13.880     0.000
13.886     0.000
13.891     0.000
13.897     0.000
13.903     0.000
13.909     0.000
13.915     0.000
