0.000     0.000
0.006     0.000
0.012     0.000
0.017     0.000
0.023     0.000
0.029     0.000
0.035     110.000
0.041     110.000
0.046     110.000
0.052     110.000
0.058     110.000
0.064     110.000
0.070     110.638
0.075     110.638
0.081     111.279
0.087     111.279
0.093     111.279
0.099     110.638
0.104     111.279
0.110     111.279
0.116     110.638
0.122     110.638
0.128     110.000
0.134     110.000
0.139     110.000
0.145     110.638
0.151     110.638
0.157     110.638
0.163     110.638
0.168     110.000
0.174     110.000
0.180     109.367
0.186     110.000
0.192     110.000
0.197     110.000
0.203     110.638
0.209     110.638
0.215     110.638
0.221     110.638
0.226     110.638
0.232     110.638
0.238     110.638
0.244     110.638
0.250     110.638
0.255     109.367
0.261     110.638
0.267     111.923
0.273     111.279
0.279     110.638
0.284     109.367
0.290     108.111
0.296     108.111
0.302     107.488
0.308     107.488
0.313     106.869
0.319     105.641
0.325     110.000
0.331     111.279
0.337     110.638
0.342     110.000
0.348     110.638
0.354     110.638
0.360     110.638
0.366     110.638
0.372     110.638
0.377     110.638
0.383     110.638
0.389     0.000
0.395     0.000
0.401     0.000
0.406     0.000
0.412     0.000
0.418     0.000
0.424     0.000
0.430     0.000
0.435     0.000
0.441     0.000
0.447     0.000
0.453     0.000
0.459     0.000
0.464     0.000
0.470     0.000
0.476     0.000
0.482     0.000
0.488     0.000
0.493     0.000
0.499     0.000
0.505     0.000
0.511     0.000
0.517     0.000
0.522     0.000
0.528     0.000
0.534     0.000
0.540     0.000
0.546     0.000
0.551     0.000
0.557     0.000
0.563     0.000
0.569     0.000
0.575     0.000
0.580     0.000
0.586     0.000
0.592     0.000
0.598     0.000
0.604     0.000
0.610     0.000
0.615     0.000
0.621     0.000
0.627     0.000
0.633     0.000
0.639     0.000
0.644     0.000
0.650     0.000
0.656     0.000
0.662     0.000
0.668     0.000
0.673     0.000
0.679     0.000
0.685     0.000
0.691     0.000
0.697     0.000
0.702     0.000
0.708     0.000
0.714     0.000
0.720     0.000
0.726     0.000
0.731     0.000
0.737     0.000
0.743     0.000
0.749     0.000
0.755     0.000
0.760     0.000
0.766     0.000
0.772     0.000
0.778     0.000
0.784     0.000
0.789     0.000
0.795     0.000
0.801     0.000
0.807     0.000
0.813     0.000
0.819     0.000
0.824     0.000
0.830     0.000
0.836     0.000
0.842     0.000
0.848     0.000
0.853     0.000
0.859     0.000
0.865     0.000
0.871     0.000
0.877     0.000
0.882     0.000
0.888     0.000
0.894     0.000
0.900     0.000
0.906     0.000
0.911     0.000
0.917     0.000
0.923     0.000
0.929     0.000
0.935     0.000
0.940     0.000
0.946     0.000
0.952     0.000
0.958     0.000
0.964     0.000
0.969     0.000
0.975     0.000
0.981     0.000
0.987     0.000
0.993     0.000
0.998     0.000
1.004     0.000
1.010     0.000
1.016     0.000
1.022     0.000
1.027     0.000
1.033     0.000
1.039     0.000
1.045     0.000
1.051     0.000
1.057     0.000
1.062     0.000
1.068     0.000
1.074     0.000
1.080     0.000
1.086     0.000
1.091     0.000
1.097     0.000
1.103     0.000
1.109     0.000
1.115     0.000
1.120     0.000
1.126     0.000
1.132     0.000
1.138     0.000
1.144     0.000
1.149     0.000
1.155     0.000
1.161     0.000
1.167     0.000
1.173     0.000
1.178     0.000
1.184     0.000
1.190     0.000
1.196     0.000
1.202     0.000
1.207     0.000
1.213     0.000
1.219     0.000
1.225     0.000
1.231     0.000
1.236     0.000
1.242     0.000
1.248     0.000
1.254     0.000
1.260     0.000
1.265     0.000
1.271     0.000
1.277     0.000
1.283     0.000
1.289     0.000
1.295     0.000
1.300     0.000
1.306     0.000
1.312     0.000
1.318     0.000
1.324     0.000
1.329     0.000
1.335     0.000
1.341     0.000
1.347     0.000
1.353     0.000
1.358     339.290
1.364     333.461
1.370     329.631
1.376     327.732
1.382     323.968
1.387     322.102
1.393     318.402
1.399     314.745
1.405     312.932
1.411     309.338
1.416     307.556
1.422     304.024
1.428     300.532
1.434     298.801
1.440     297.080
1.445     295.369
1.451     295.369
1.457     297.080
1.463     297.080
1.469     298.801
1.474     297.080
1.480     297.080
1.486     297.080
1.492     297.080
1.498     295.369
1.503     293.668
1.509     291.976
1.515     291.976
1.521     291.976
1.527     288.623
1.533     291.976
1.538     288.623
1.544     293.668
1.550     293.668
1.556     293.668
1.562     293.668
1.567     297.080
1.573     298.801
1.579     298.801
1.585     278.791
1.591     277.185
1.596     277.185
1.602     277.185
1.608     280.406
1.614     282.030
1.620     285.307
1.625     285.307
1.631     285.307
1.637     283.664
1.643     0.000
1.649     0.000
1.654     0.000
1.660     0.000
1.666     0.000
1.672     0.000
1.678     0.000
1.683     0.000
1.689     0.000
1.695     0.000
1.701     0.000
1.707     0.000
1.712     0.000
1.718     0.000
1.724     0.000
1.730     0.000
1.736     0.000
1.741     0.000
1.747     245.522
1.753     238.532
1.759     234.434
1.765     231.741
1.771     230.407
1.776     230.407
1.782     233.084
1.788     239.914
1.794     249.813
1.800     254.180
1.805     255.652
1.811     254.180
1.817     246.944
1.823     244.107
1.829     231.741
1.834     229.080
1.840     225.144
1.846     220.002
1.852     212.508
1.858     205.269
1.863     198.277
1.869     194.870
1.875     190.419
1.881     187.148
1.887     183.933
1.892     180.773
1.898     177.668
1.904     178.697
1.910     183.933
1.916     189.323
1.921     195.999
1.927     205.269
1.933     210.067
1.939     216.222
1.945     220.002
1.950     223.847
1.956     226.448
1.962     229.080
1.968     230.407
1.974     229.080
1.980     227.760
1.985     225.144
1.991     221.276
1.997     217.475
2.003     212.508
2.009     206.458
2.014     204.087
2.020     199.425
2.026     197.135
2.032     198.277
2.038     199.425
2.043     198.277
2.049     207.654
2.055     208.857
2.061     207.654
2.067     206.458
2.072     205.269
2.078     207.654
2.084     213.739
2.090     217.475
2.096     218.735
2.101     218.735
2.107     220.002
2.113     221.276
2.119     221.276
2.125     220.002
2.130     218.735
2.136     216.222
2.142     212.508
2.148     211.284
2.154     211.284
2.159     210.067
2.165     208.857
2.171     207.654
2.177     207.654
2.183     208.857
2.188     211.284
2.194     213.739
2.200     214.977
2.206     214.977
2.212     213.739
2.218     212.508
2.223     208.857
2.229     204.087
2.235     199.425
2.241     197.135
2.247     191.523
2.252     187.148
2.258     188.232
2.264     193.748
2.270     195.999
2.276     194.870
2.281     200.580
2.287     205.269
2.293     200.580
2.299     198.277
2.305     204.087
2.310     197.135
2.316     191.523
2.322     198.277
2.328     193.748
2.334     182.874
2.339     183.933
2.345     183.933
2.351     181.820
2.357     179.732
2.363     183.933
2.368     0.000
2.374     0.000
2.380     0.000
2.386     0.000
2.392     0.000
2.397     0.000
2.403     0.000
2.409     0.000
2.415     0.000
2.421     0.000
2.426     0.000
2.432     0.000
2.438     0.000
2.444     0.000
2.450     0.000
2.456     0.000
2.461     0.000
2.467     0.000
2.473     0.000
2.479     0.000
2.485     0.000
2.490     0.000
2.496     0.000
2.502     0.000
2.508     0.000
2.514     0.000
2.519     0.000
2.525     0.000
2.531     0.000
2.537     0.000
2.543     0.000
2.548     0.000
2.554     0.000
2.560     0.000
2.566     0.000
2.572     0.000
2.577     0.000
2.583     0.000
2.589     0.000
2.595     0.000
2.601     0.000
2.606     0.000
2.612     0.000
2.618     0.000
2.624     0.000
2.630     0.000
2.635     0.000
2.641     0.000
2.647     0.000
2.653     0.000
2.659     0.000
2.664     0.000
2.670     0.000
2.676     0.000
2.682     0.000
2.688     0.000
2.694     0.000
2.699     0.000
2.705     0.000
2.711     333.461
2.717     331.541
2.723     327.732
2.728     327.732
2.734     335.393
2.740     337.336
2.746     335.393
2.752     329.631
2.757     329.631
2.763     333.461
2.769     333.461
2.775     333.461
2.781     333.461
2.786     331.541
2.792     331.541
2.798     331.541
2.804     331.541
2.810     331.541
2.815     331.541
2.821     331.541
2.827     331.541
2.833     331.541
2.839     335.393
2.844     337.336
2.850     341.256
2.856     339.290
2.862     327.732
2.868     325.845
2.873     325.845
2.879     329.631
2.885     333.461
2.891     333.461
2.897     331.541
2.902     335.393
2.908     335.393
2.914     333.461
2.920     333.461
2.926     331.541
2.932     335.393
2.937     335.393
2.943     329.631
2.949     329.631
2.955     333.461
2.961     337.336
2.966     337.336
2.972     337.336
2.978     111.279
2.984     110.638
2.990     109.367
2.995     108.111
3.001     108.737
3.007     109.367
3.013     110.638
3.019     110.000
3.024     110.000
3.030     110.000
3.036     110.638
3.042     111.279
3.048     110.638
3.053     110.638
3.059     110.638
3.065     111.279
3.071     111.279
3.077     111.279
3.082     110.638
3.088     110.000
3.094     110.000
3.100     110.000
3.106     110.638
3.111     111.279
3.117     111.923
3.123     110.638
3.129     108.737
3.135     108.737
3.140     108.111
3.146     109.367
3.152     110.000
3.158     110.638
3.164     110.638
3.170     110.638
3.175     111.279
3.181     111.279
3.187     111.279
3.193     110.638
3.199     110.638
3.204     110.638
3.210     111.279
3.216     111.279
3.222     111.279
3.228     111.279
3.233     110.000
3.239     110.000
3.245     110.638
3.251     112.572
3.257     111.923
3.262     110.638
3.268     110.638
3.274     111.279
3.280     110.000
3.286     109.367
3.291     109.367
3.297     110.638
3.303     111.279
3.309     110.638
3.315     110.638
3.320     110.638
3.326     110.638
3.332     110.638
3.338     110.000
3.344     110.000
3.349     110.638
3.355     110.638
3.361     110.638
3.367     110.638
3.373     110.638
3.379     0.000
3.384     0.000
3.390     0.000
3.396     0.000
3.402     0.000
3.408     0.000
3.413     0.000
3.419     0.000
3.425     0.000
3.431     0.000
3.437     0.000
3.442     0.000
3.448     0.000
3.454     0.000
3.460     0.000
3.466     0.000
3.471     0.000
3.477     0.000
3.483     0.000
3.489     0.000
3.495     0.000
3.500     0.000
3.506     0.000
3.512     0.000
3.518     0.000
3.524     0.000
3.529     0.000
3.535     0.000
3.541     0.000
3.547     0.000
3.553     0.000
3.558     0.000
3.564     0.000
3.570     0.000
3.576     0.000
3.582     0.000
3.587     0.000
3.593     0.000
3.599     0.000
3.605     0.000
3.611     0.000
3.617     0.000
3.622     0.000
3.628     0.000
3.634     0.000
3.640     0.000
3.646     0.000
3.651     0.000
3.657     0.000
3.663     0.000
3.669     0.000
3.675     0.000
3.680     0.000
3.686     0.000
3.692     0.000
3.698     0.000
3.704     0.000
3.709     0.000
3.715     0.000
3.721     0.000
3.727     0.000
3.733     0.000
3.738     0.000
3.744     0.000
3.750     0.000
3.756     0.000
3.762     0.000
3.767     0.000
3.773     0.000
3.779     0.000
3.785     0.000
3.791     0.000
3.796     0.000
3.802     0.000
3.808     0.000
3.814     0.000
3.820     0.000
3.825     0.000
3.831     0.000
3.837     0.000
3.843     0.000
3.849     0.000
3.855     0.000
3.860     0.000
3.866     0.000
3.872     0.000
3.878     0.000
3.884     0.000
3.889     0.000
3.895     0.000
3.901     0.000
3.907     0.000
3.913     0.000
3.918     0.000
3.924     0.000
3.930     0.000
3.936     0.000
3.942     0.000
3.947     0.000
3.953     0.000
3.959     0.000
3.965     280.406
3.971     280.406
3.976     277.185
3.982     275.589
3.988     272.423
3.994     269.294
4.000     266.201
4.005     261.628
4.011     257.133
4.017     251.260
4.023     241.304
4.029     235.792
4.034     230.407
4.040     226.448
4.046     225.144
4.052     225.144
4.058     226.448
4.063     227.760
4.069     231.741
4.075     235.792
4.081     241.304
4.087     246.944
4.093     254.180
4.098     258.623
4.104     261.628
4.110     263.144
4.116     263.144
4.122     261.628
4.127     260.121
4.133     255.652
4.139     245.522
4.145     245.522
4.151     249.813
4.156     252.716
4.162     249.813
4.168     245.522
4.174     244.107
4.180     242.701
4.185     263.144
4.191     258.623
4.197     255.652
4.203     252.716
4.209     249.813
4.214     248.374
4.220     246.944
4.226     246.944
4.232     246.944
4.238     248.374
4.243     251.260
4.249     255.652
4.255     260.121
4.261     261.628
4.267     0.000
4.272     0.000
4.278     0.000
4.284     0.000
4.290     0.000
4.296     0.000
4.301     0.000
4.307     0.000
4.313     325.845
4.319     329.631
4.325     331.541
4.331     333.461
4.336     333.461
4.342     335.393
4.348     335.393
4.354     333.461
4.360     331.541
4.365     325.845
4.371     318.402
4.377     312.932
4.383     307.556
4.389     302.273
4.394     297.080
4.400     290.295
4.406     288.623
4.412     288.623
4.418     288.623
4.423     290.295
4.429     293.668
4.435     297.080
4.441     298.801
4.447     302.273
4.452     307.556
4.458     312.932
4.464     312.932
4.470     312.932
4.476     311.130
4.481     316.569
4.487     291.976
4.493     297.080
4.499     297.080
4.505     298.801
4.510     298.801
4.516     297.080
4.522     293.668
4.528     295.369
4.534     295.369
4.540     295.369
4.545     297.080
4.551     298.801
4.557     300.532
4.563     298.801
4.569     293.668
4.574     293.668
4.580     293.668
4.586     297.080
4.592     298.801
4.598     298.801
4.603     297.080
4.609     297.080
4.615     295.369
4.621     283.664
4.627     283.664
4.632     280.406
4.638     283.664
4.644     282.030
4.650     283.664
4.656     285.307
4.661     288.623
4.667     288.623
4.673     288.623
4.679     290.295
4.685     0.000
4.690     0.000
4.696     0.000
4.702     0.000
4.708     0.000
4.714     0.000
4.719     0.000
4.725     0.000
4.731     0.000
4.737     0.000
4.743     0.000
4.748     0.000
4.754     0.000
4.760     0.000
4.766     0.000
4.772     0.000
4.778     0.000
4.783     0.000
4.789     0.000
4.795     0.000
4.801     0.000
4.807     0.000
4.812     0.000
4.818     0.000
4.824     0.000
4.830     0.000
4.836     0.000
4.841     0.000
4.847     0.000
4.853     0.000
4.859     0.000
4.865     0.000
4.870     0.000
4.876     0.000
4.882     0.000
4.888     0.000
4.894     0.000
4.899     0.000
4.905     0.000
4.911     0.000
4.917     0.000
4.923     0.000
4.928     0.000
4.934     0.000
4.940     0.000
4.946     0.000
4.952     0.000
4.957     445.118
4.963     222.558
4.969     221.276
4.975     221.276
4.981     221.276
4.986     222.558
4.992     225.144
4.998     227.760
5.004     230.407
5.010     231.741
5.016     231.741
5.021     230.407
5.027     226.448
5.033     221.276
5.039     217.475
5.045     218.735
5.050     220.002
5.056     217.475
5.062     214.977
5.068     211.284
5.074     214.977
5.079     220.002
5.085     221.276
5.091     222.558
5.097     221.276
5.103     220.002
5.108     214.977
5.114     210.067
5.120     212.508
5.126     217.475
5.132     220.002
5.137     222.558
5.143     226.448
5.149     230.407
5.155     235.792
5.161     239.914
5.166     242.701
5.172     244.107
5.178     242.701
5.184     239.914
5.190     235.792
5.195     230.407
5.201     223.847
5.207     218.735
5.213     210.067
5.219     204.087
5.224     197.135
5.230     192.632
5.236     189.323
5.242     187.148
5.248     186.070
5.254     187.148
5.259     187.148
5.265     190.419
5.271     192.632
5.277     195.999
5.283     200.580
5.288     207.654
5.294     208.857
5.300     207.654
5.306     199.425
5.312     201.742
5.317     197.135
5.323     198.277
5.329     198.277
5.335     199.425
5.341     211.284
5.346     202.911
5.352     198.277
5.358     0.000
5.364     0.000
5.370     0.000
5.375     0.000
5.381     0.000
5.387     0.000
5.393     0.000
5.399     0.000
5.404     0.000
5.410     0.000
5.416     0.000
5.422     0.000
5.428     0.000
5.433     0.000
5.439     0.000
5.445     0.000
5.451     0.000
5.457     0.000
5.462     0.000
5.468     0.000
5.474     0.000
5.480     0.000
5.486     0.000
5.492     0.000
5.497     0.000
5.503     0.000
5.509     170.627
5.515     171.615
5.521     169.644
5.526     163.866
5.532     168.667
5.538     171.615
5.544     170.627
5.550     169.644
5.555     167.696
5.561     166.730
5.567     166.730
5.573     166.730
5.579     166.730
5.584     166.730
5.590     166.730
5.596     165.770
5.602     165.770
5.608     165.770
5.613     165.770
5.619     165.770
5.625     0.000
5.631     0.000
5.637     0.000
5.642     0.000
5.648     0.000
5.654     0.000
5.660     0.000
5.666     0.000
5.671     0.000
5.677     0.000
5.683     0.000
5.689     0.000
5.695     0.000
5.700     0.000
5.706     0.000
5.712     0.000
5.718     0.000
5.724     0.000
5.730     0.000
5.735     0.000
5.741     0.000
5.747     0.000
5.753     0.000
5.759     0.000
5.764     0.000
5.770     0.000
5.776     0.000
5.782     0.000
5.788     0.000
5.793     0.000
5.799     0.000
5.805     0.000
5.811     0.000
5.817     0.000
5.822     0.000
5.828     0.000
5.834     0.000
5.840     0.000
5.846     0.000
5.851     0.000
5.857     0.000
5.863     0.000
5.869     0.000
5.875     0.000
5.880     0.000
5.886     0.000
5.892     0.000
5.898     0.000
5.904     0.000
5.909     0.000
5.915     0.000
5.921     0.000
5.927     0.000
5.933     0.000
5.939     0.000
5.944     0.000
5.950     0.000
5.956     0.000
5.962     0.000
5.968     0.000
5.973     0.000
5.979     0.000
5.985     0.000
5.991     0.000
5.997     0.000
6.002     0.000
6.008     0.000
6.014     0.000
6.020     0.000
6.026     0.000
6.031     0.000
6.037     0.000
6.043     0.000
6.049     0.000
6.055     0.000
6.060     0.000
6.066     0.000
6.072     0.000
6.078     0.000
6.084     0.000
6.089     0.000
6.095     0.000
6.101     0.000
6.107     0.000
6.113     0.000
6.118     0.000
6.124     0.000
6.130     0.000
6.136     0.000
6.142     0.000
6.147     0.000
6.153     0.000
6.159     0.000
6.165     0.000
6.171     0.000
6.177     0.000
6.182     0.000
6.188     0.000
6.194     0.000
6.200     0.000
6.206     0.000
6.211     0.000
6.217     0.000
6.223     0.000
6.229     0.000
6.235     0.000
6.240     0.000
6.246     0.000
6.252     0.000
6.258     0.000
6.264     0.000
6.269     0.000
6.275     0.000
6.281     0.000
6.287     0.000
6.293     0.000
6.298     173.610
6.304     174.615
6.310     175.627
6.316     177.668
6.322     178.697
6.327     177.668
6.333     175.627
6.339     174.615
6.345     172.610
6.351     169.644
6.356     168.667
6.362     166.730
6.368     164.815
6.374     163.866
6.380     174.615
6.385     179.732
6.391     187.148
6.397     182.874
6.403     186.070
6.409     188.232
6.415     180.773
6.420     180.773
6.426     183.933
6.432     189.323
6.438     191.523
6.444     193.748
6.449     194.870
6.455     195.999
6.461     195.999
6.467     195.999
6.473     197.135
6.478     197.135
6.484     198.277
6.490     198.277
6.496     198.277
6.502     197.135
6.507     194.870
6.513     192.632
6.519     191.523
6.525     189.323
6.531     189.323
6.536     189.323
6.542     190.419
6.548     192.632
6.554     193.748
6.560     193.748
6.565     193.748
6.571     194.870
6.577     193.748
6.583     193.748
6.589     194.870
6.594     194.870
6.600     195.999
6.606     197.135
6.612     195.999
6.618     195.999
6.623     200.580
6.629     200.580
6.635     206.458
6.641     211.284
6.647     210.067
6.653     211.284
6.658     210.067
6.664     210.067
6.670     208.857
6.676     207.654
6.682     207.654
6.687     208.857
6.693     207.654
6.699     207.654
6.705     208.857
6.711     208.857
6.716     208.857
6.722     210.067
6.728     210.067
6.734     210.067
6.740     208.857
6.745     206.458
6.751     206.458
6.757     207.654
6.763     210.067
6.769     211.284
6.774     213.739
6.780     216.222
6.786     217.475
6.792     218.735
6.798     221.276
6.803     222.558
6.809     222.558
6.815     222.558
6.821     225.144
6.827     226.448
6.832     227.760
6.838     230.407
6.844     233.084
6.850     235.792
6.856     238.532
6.861     238.532
6.867     237.158
6.873     237.158
6.879     235.792
6.885     235.792
6.891     234.434
6.896     230.407
6.902     227.760
6.908     225.144
6.914     223.847
6.920     222.558
6.925     221.276
6.931     221.276
6.937     221.276
6.943     220.002
6.949     221.276
6.954     220.002
6.960     214.977
6.966     220.002
6.972     223.847
6.978     217.475
6.983     221.276
6.989     221.276
6.995     221.276
7.001     222.558
7.007     251.260
7.012     254.180
7.018     254.180
7.024     254.180
7.030     252.716
7.036     251.260
7.041     249.813
7.047     249.813
7.053     248.374
7.059     248.374
7.065     248.374
7.070     246.944
7.076     246.944
7.082     246.944
7.088     246.944
7.094     246.944
7.100     246.944
7.105     246.944
7.111     245.522
7.117     245.522
7.123     245.522
7.129     245.522
7.134     248.374
7.140     249.813
7.146     249.813
7.152     251.260
7.158     254.180
7.163     257.133
7.169     266.201
7.175     272.423
7.181     275.589
7.187     280.406
7.192     283.664
7.198     285.307
7.204     286.960
7.210     288.623
7.216     290.295
7.221     290.295
7.227     291.976
7.233     291.976
7.239     291.976
7.245     290.295
7.250     290.295
7.256     293.668
7.262     278.791
7.268     280.406
7.274     282.030
7.279     282.030
7.285     280.406
7.291     277.185
7.297     278.791
7.303     282.030
7.308     280.406
7.314     280.406
7.320     290.295
7.326     305.785
7.332     304.024
7.338     302.273
7.343     304.024
7.349     304.024
7.355     304.024
7.361     304.024
7.367     304.024
7.372     307.556
7.378     307.556
7.384     307.556
7.390     307.556
7.396     309.338
7.401     309.338
7.407     307.556
7.413     304.024
7.419     304.024
7.425     304.024
7.430     302.273
7.436     302.273
7.442     300.532
7.448     300.532
7.454     298.801
7.459     594.162
7.465     590.740
7.471     587.338
7.477     587.338
7.483     583.955
7.488     583.955
7.494     587.338
7.500     587.338
7.506     587.338
7.512     587.338
7.517     587.338
7.523     590.740
7.529     590.740
7.535     594.162
7.541     597.604
7.546     601.066
7.552     601.066
7.558     601.066
7.564     597.604
7.570     594.162
7.576     597.604
7.581     594.162
7.587     590.740
7.593     587.338
7.599     587.338
7.605     590.740
7.610     590.740
7.616     590.740
7.622     587.338
7.628     583.955
7.634     293.668
7.639     297.080
7.645     300.532
7.651     300.532
7.657     297.080
7.663     293.668
7.668     291.976
7.674     290.295
7.680     290.295
7.686     288.623
7.692     286.960
7.697     288.623
7.703     290.295
7.709     288.623
7.715     288.623
7.721     290.295
7.726     291.976
7.732     295.369
7.738     298.801
7.744     164.815
7.750     165.770
7.755     165.770
7.761     164.815
7.767     163.866
7.773     163.866
7.779     162.922
7.784     320.247
7.790     314.745
7.796     305.785
7.802     305.785
7.808     305.785
7.814     307.556
7.819     309.338
7.825     307.556
7.831     307.556
7.837     305.785
7.843     304.024
7.848     304.024
7.854     305.785
7.860     305.785
7.866     305.785
7.872     304.024
7.877     300.532
7.883     302.273
7.889     304.024
7.895     309.338
7.901     325.845
7.906     327.732
7.912     329.631
7.918     331.541
7.924     329.631
7.930     329.631
7.935     329.631
7.941     327.732
7.947     331.541
7.953     333.461
7.959     333.461
7.964     327.732
7.970     318.402
7.976     311.130
7.982     304.024
7.988     298.801
7.993     298.801
7.999     302.273
8.005     307.556
8.011     307.556
8.017     297.080
8.022     291.976
8.028     290.295
8.034     290.295
8.040     288.623
8.046     285.307
8.052     283.664
8.057     282.030
8.063     277.185
8.069     277.185
8.075     280.406
8.081     278.791
8.086     283.664
8.092     282.030
8.098     283.664
8.104     282.030
8.110     278.791
8.115     280.406
8.121     282.030
8.127     283.664
8.133     278.791
8.139     283.664
8.144     285.307
8.150     286.960
8.156     283.664
8.162     282.030
8.168     285.307
8.173     285.307
8.179     288.623
8.185     290.295
8.191     295.369
8.197     297.080
8.202     298.801
8.208     298.801
8.214     298.801
8.220     298.801
8.226     297.080
8.231     298.801
8.237     298.801
8.243     298.801
8.249     298.801
8.255     297.080
8.260     297.080
8.266     297.080
8.272     297.080
8.278     298.801
8.284     300.532
8.290     302.273
8.295     302.273
8.301     305.785
8.307     305.785
8.313     305.785
8.319     302.273
8.324     298.801
8.330     297.080
8.336     297.080
8.342     298.801
8.348     302.273
8.353     302.273
8.359     300.532
8.365     298.801
8.371     297.080
8.377     295.369
8.382     295.369
8.388     297.080
8.394     297.080
8.400     298.801
8.406     297.080
8.411     278.791
8.417     285.307
8.423     288.623
8.429     295.369
8.435     590.740
8.440     590.740
8.446     590.740
8.452     590.740
8.458     590.740
8.464     590.740
8.469     590.740
8.475     590.740
8.481     590.740
8.487     590.740
8.493     590.740
8.499     590.740
8.504     587.338
8.510     587.338
8.516     583.955
8.522     587.338
8.528     590.740
8.533     594.162
8.539     594.162
8.545     594.162
8.551     590.740
8.557     567.331
8.562     564.063
8.568     560.814
8.574     557.584
8.580     564.063
8.586     300.532
8.591     300.532
8.597     298.801
8.603     300.532
8.609     298.801
8.615     297.080
8.620     295.369
8.626     295.369
8.632     297.080
8.638     297.080
8.644     295.369
8.649     295.369
8.655     297.080
8.661     293.668
8.667     291.976
8.673     270.854
8.678     267.743
8.684     270.854
8.690     272.423
8.696     274.001
8.702     275.589
8.707     272.423
8.713     270.854
8.719     275.589
8.725     278.791
8.731     283.664
8.737     283.664
8.742     282.030
8.748     282.030
8.754     282.030
8.760     283.664
8.766     286.960
8.771     286.960
8.777     285.307
8.783     285.307
8.789     285.307
8.795     285.307
8.800     283.664
8.806     285.307
8.812     285.307
8.818     285.307
8.824     285.307
8.829     285.307
8.835     285.307
8.841     285.307
8.847     282.030
8.853     564.063
8.858     567.331
8.864     567.331
8.870     564.063
8.876     564.063
8.882     564.063
8.887     567.331
8.893     570.617
8.899     573.923
8.905     573.923
8.911     570.617
8.916     570.617
8.922     573.923
8.928     570.617
8.934     567.331
8.940     564.063
8.945     560.814
8.951     557.584
8.957     269.294
8.963     270.854
8.969     270.854
8.975     275.589
8.980     283.664
8.986     291.976
8.992     300.532
8.998     307.556
9.004     314.745
9.009     320.247
9.015     325.845
9.021     329.631
9.027     329.631
9.033     329.631
9.038     327.732
9.044     323.968
9.050     318.402
9.056     311.130
9.062     302.273
9.067     298.801
9.073     290.295
9.079     286.960
9.085     283.664
9.091     280.406
9.096     277.185
9.102     277.185
9.108     277.185
9.114     278.791
9.120     280.406
9.125     283.664
9.131     288.623
9.137     293.668
9.143     298.801
9.149     305.785
9.154     314.745
9.160     320.247
9.166     325.845
9.172     329.631
9.178     331.541
9.183     331.541
9.189     331.541
9.195     329.631
9.201     325.845
9.207     323.968
9.213     316.569
9.218     309.338
9.224     304.024
9.230     298.801
9.236     295.369
9.242     291.976
9.247     290.295
9.253     288.623
9.259     288.623
9.265     286.960
9.271     286.960
9.276     290.295
9.282     291.976
9.288     293.668
9.294     293.668
9.300     295.369
9.305     295.369
9.311     293.668
9.317     288.623
9.323     285.307
9.329     275.589
9.334     263.144
9.340     254.180
9.346     590.740
9.352     587.338
9.358     590.740
9.363     0.000
9.369     0.000
9.375     0.000
9.381     0.000
9.387     0.000
9.392     0.000
9.398     0.000
9.404     0.000
9.410     0.000
9.416     0.000
9.421     0.000
9.427     0.000
9.433     0.000
9.439     0.000
9.445     0.000
9.451     0.000
9.456     0.000
9.462     0.000
9.468     0.000
9.474     0.000
9.480     0.000
9.485     0.000
9.491     0.000
9.497     0.000
9.503     0.000
9.509     0.000
9.514     0.000
9.520     0.000
9.526     0.000
9.532     0.000
9.538     0.000
9.543     0.000
9.549     0.000
9.555     0.000
9.561     166.730
9.567     166.730
9.572     165.770
9.578     165.770
9.584     165.770
9.590     165.770
9.596     166.730
9.601     165.770
9.607     165.770
9.613     165.770
9.619     165.770
9.625     165.770
9.630     165.770
9.636     165.770
9.642     165.770
9.648     165.770
9.654     165.770
9.660     165.770
9.665     0.000
9.671     0.000
9.677     0.000
9.683     0.000
9.689     0.000
9.694     0.000
9.700     0.000
9.706     0.000
9.712     0.000
9.718     0.000
9.723     0.000
9.729     0.000
9.735     0.000
9.741     0.000
9.747     0.000
9.752     0.000
9.758     0.000
9.764     0.000
9.770     0.000
9.776     0.000
9.781     0.000
9.787     0.000
9.793     0.000
9.799     0.000
9.805     0.000
9.810     0.000
9.816     0.000
9.822     0.000
9.828     0.000
9.834     0.000
9.839     0.000
9.845     0.000
9.851     0.000
9.857     0.000
9.863     0.000
9.868     0.000
9.874     0.000
9.880     0.000
9.886     0.000
9.892     0.000
9.898     0.000
9.903     0.000
9.909     0.000
9.915     0.000
9.921     0.000
9.927     229.080
9.932     229.080
9.938     230.407
9.944     234.434
9.950     239.914
9.956     245.522
9.961     257.133
9.967     263.144
9.973     270.854
9.979     275.589
9.985     278.791
9.990     278.791
9.996     280.406
10.002     277.185
10.008     275.589
10.014     270.854
10.019     267.743
10.025     263.144
10.031     257.133
10.037     251.260
10.043     244.107
10.048     239.914
10.054     235.792
10.060     233.084
10.066     230.407
10.072     229.080
10.077     229.080
10.083     229.080
10.089     231.741
10.095     234.434
10.101     235.792
10.106     237.158
10.112     239.914
10.118     244.107
10.124     246.944
10.130     252.716
10.136     257.133
10.141     263.144
10.147     267.743
10.153     272.423
10.159     275.589
10.165     278.791
10.170     278.791
10.176     278.791
10.182     277.185
10.188     274.001
10.194     269.294
10.199     264.668
10.205     258.623
10.211     254.180
10.217     248.374
10.223     241.304
10.228     238.532
10.234     231.741
10.240     226.448
10.246     225.144
10.252     225.144
10.257     227.760
10.263     229.080
10.269     233.084
10.275     237.158
10.281     241.304
10.286     244.107
10.292     248.374
10.298     254.180
10.304     260.121
10.310     266.201
10.315     269.294
10.321     274.001
10.327     275.589
10.333     277.185
10.339     277.185
10.344     277.185
10.350     274.001
10.356     270.854
10.362     266.201
10.368     260.121
10.374     255.652
10.379     249.813
10.385     244.107
10.391     238.532
10.397     234.434
10.403     230.407
10.408     227.760
10.414     227.760
10.420     229.080
10.426     230.407
10.432     234.434
10.437     238.532
10.443     244.107
10.449     249.813
10.455     254.180
10.461     258.623
10.466     263.144
10.472     269.294
10.478     272.423
10.484     274.001
10.490     277.185
10.495     277.185
10.501     275.589
10.507     272.423
10.513     267.743
10.519     260.121
10.524     249.813
10.530     245.522
10.536     242.701
10.542     237.158
10.548     233.084
10.553     230.407
10.559     227.760
10.565     226.448
10.571     227.760
10.577     229.080
10.582     231.741
10.588     233.084
10.594     237.158
10.600     241.304
10.606     244.107
10.612     248.374
10.617     249.813
10.623     249.813
10.629     251.260
10.635     252.716
10.641     252.716
10.646     252.716
10.652     165.770
10.658     166.730
10.664     167.696
10.670     167.696
10.675     166.730
10.681     164.815
10.687     163.866
10.693     165.770
10.699     165.770
10.704     166.730
10.710     166.730
10.716     166.730
10.722     167.696
10.728     165.770
10.733     165.770
10.739     165.770
10.745     164.815
10.751     221.276
10.757     226.448
10.762     231.741
10.768     238.532
10.774     244.107
10.780     251.260
10.786     257.133
10.791     264.668
10.797     270.854
10.803     275.589
10.809     278.791
10.815     278.791
10.820     278.791
10.826     278.791
10.832     277.185
10.838     275.589
10.844     272.423
10.850     269.294
10.855     266.201
10.861     263.144
10.867     260.121
10.873     258.623
10.879     257.133
10.884     257.133
10.890     257.133
10.896     257.133
10.902     258.623
10.908     261.628
10.913     264.668
10.919     267.743
10.925     274.001
10.931     280.406
10.937     286.960
10.942     293.668
10.948     297.080
10.954     302.273
10.960     305.785
10.966     309.338
10.971     311.130
10.977     312.932
10.983     312.932
10.989     309.338
10.995     307.556
11.000     305.785
11.006     302.273
11.012     298.801
11.018     295.369
11.024     291.976
11.029     286.960
11.035     282.030
11.041     274.001
11.047     267.743
11.053     264.668
11.059     261.628
11.064     260.121
11.070     258.623
11.076     258.623
11.082     260.121
11.088     261.628
11.093     264.668
11.099     267.743
11.105     272.423
11.111     282.030
11.117     286.960
11.122     291.976
11.128     297.080
11.134     302.273
11.140     305.785
11.146     311.130
11.151     312.932
11.157     314.745
11.163     316.569
11.169     314.745
11.175     314.745
11.180     311.130
11.186     307.556
11.192     304.024
11.198     297.080
11.204     290.295
11.209     283.664
11.215     275.589
11.221     269.294
11.227     263.144
11.233     258.623
11.238     257.133
11.244     255.652
11.250     257.133
11.256     258.623
11.262     260.121
11.267     264.668
11.273     269.294
11.279     277.185
11.285     285.307
11.291     288.623
11.297     293.668
11.302     297.080
11.308     300.532
11.314     304.024
11.320     302.273
11.326     302.273
11.331     304.024
11.337     309.338
11.343     300.532
11.349     283.664
11.355     288.623
11.360     291.976
11.366     290.295
11.372     288.623
11.378     285.307
11.384     264.668
11.389     277.185
11.395     275.589
11.401     275.589
11.407     275.589
11.413     275.589
11.418     274.001
11.424     274.001
11.430     275.589
11.436     277.185
11.442     278.791
11.447     278.791
11.453     277.185
11.459     270.854
11.465     260.121
11.471     254.180
11.476     246.944
11.482     242.701
11.488     238.532
11.494     233.084
11.500     222.558
11.505     208.857
11.511     199.425
11.517     195.999
11.523     192.632
11.529     187.148
11.535     187.148
11.540     187.148
11.546     189.323
11.552     191.523
11.558     197.135
11.564     201.742
11.569     208.857
11.575     212.508
11.581     216.222
11.587     220.002
11.593     221.276
11.598     223.847
11.604     223.847
11.610     222.558
11.616     222.558
11.622     221.276
11.627     217.475
11.633     214.977
11.639     211.284
11.645     207.654
11.651     205.269
11.656     204.087
11.662     201.742
11.668     200.580
11.674     200.580
11.680     198.277
11.685     197.135
11.691     195.999
11.697     197.135
11.703     199.425
11.709     201.742
11.714     205.269
11.720     212.508
11.726     217.475
11.732     221.276
11.738     226.448
11.743     231.741
11.749     235.792
11.755     238.532
11.761     239.914
11.767     241.304
11.773     241.304
11.778     241.304
11.784     239.914
11.790     235.792
11.796     230.407
11.802     227.760
11.807     222.558
11.813     216.222
11.819     210.067
11.825     205.269
11.831     200.580
11.836     198.277
11.842     194.870
11.848     192.632
11.854     190.419
11.860     190.419
11.865     191.523
11.871     193.748
11.877     197.135
11.883     199.425
11.889     205.269
11.894     207.654
11.900     226.448
11.906     234.434
11.912     239.914
11.918     244.107
11.923     246.944
11.929     248.374
11.935     249.813
11.941     249.813
11.947     248.374
11.952     245.522
11.958     242.701
11.964     238.532
11.970     231.741
11.976     226.448
11.981     218.735
11.987     210.067
11.993     202.911
11.999     198.277
12.005     195.999
12.011     193.748
12.016     193.748
12.022     193.748
12.028     194.870
12.034     195.999
12.040     198.277
12.045     204.087
12.051     214.977
12.057     221.276
12.063     226.448
12.069     230.407
12.074     235.792
12.080     238.532
12.086     241.304
12.092     241.304
12.098     242.701
12.103     241.304
12.109     239.914
12.115     238.532
12.121     235.792
12.127     233.084
12.132     230.407
12.138     227.760
12.144     223.847
12.150     221.276
12.156     217.475
12.161     214.977
12.167     213.739
12.173     213.739
12.179     214.977
12.185     213.739
12.190     214.977
12.196     217.475
12.202     220.002
12.208     221.276
12.214     223.847
12.220     226.448
12.225     235.792
12.231     482.609
12.237     488.217
12.243     0.000
12.249     0.000
12.254     0.000
12.260     0.000
12.266     0.000
12.272     0.000
12.278     0.000
12.283     0.000
12.289     0.000
12.295     0.000
12.301     295.369
12.307     458.161
12.312     455.522
12.318     447.697
12.324     437.471
12.330     432.446
12.336     427.479
12.341     432.446
12.347     434.951
12.353     440.005
12.359     445.118
12.365     450.290
12.370     460.815
12.376     471.586
12.382     477.066
12.388     482.609
12.394     485.405
12.399     482.609
12.405     482.609
12.411     479.829
12.417     474.318
12.423     468.870
12.428     458.161
12.434     455.522
12.440     450.290
12.446     442.554
12.452     434.951
12.458     425.017
12.463     420.135
12.469     417.715
12.475     412.918
12.481     403.486
12.487     405.824
12.492     408.175
12.498     408.175
12.504     408.175
12.510     410.539
12.516     415.310
12.521     420.135
12.527     425.017
12.533     432.446
12.539     440.005
12.545     447.697
12.550     452.899
12.556     463.485
12.562     471.586
12.568     477.066
12.574     482.609
12.579     488.217
12.585     491.045
12.591     493.890
12.597     491.045
12.603     488.217
12.608     482.609
12.614     477.066
12.620     471.586
12.626     460.815
12.632     455.522
12.637     447.697
12.643     437.471
12.649     427.479
12.655     420.135
12.661     415.310
12.666     408.175
12.672     403.486
12.678     403.486
12.684     403.486
12.690     403.486
12.696     405.824
12.701     412.918
12.707     420.135
12.713     429.956
12.719     440.005
12.725     455.522
12.730     466.170
12.736     477.066
12.742     488.217
12.748     502.523
12.754     511.307
12.759     517.248
12.765     520.244
12.771     520.244
12.777     511.307
12.783     499.628
12.788     488.217
12.794     482.609
12.800     474.318
12.806     463.485
12.812     455.522
12.817     445.118
12.823     432.446
12.829     425.017
12.835     415.310
12.841     412.918
12.846     410.539
12.852     408.175
12.858     408.175
12.864     410.539
12.870     415.310
12.875     425.017
12.881     432.446
12.887     440.005
12.893     447.697
12.899     455.522
12.904     460.815
12.910     471.586
12.916     477.066
12.922     482.609
12.928     485.405
12.934     488.217
12.939     488.217
12.945     482.609
12.951     471.586
12.957     463.485
12.963     452.899
12.968     283.664
12.974     283.664
12.980     283.664
12.986     280.406
12.992     278.791
12.997     282.030
13.003     285.307
13.009     288.623
13.015     291.976
13.021     293.668
13.026     297.080
13.032     304.024
13.038     312.932
13.044     320.247
13.050     329.631
13.055     339.290
13.061     349.232
13.067     357.395
13.073     548.005
13.079     551.180
13.084     551.180
13.090     548.005
13.096     544.849
13.102     535.489
13.108     526.289
13.113     514.269
13.119     508.362
13.125     499.628
13.131     491.045
13.137     485.405
13.142     477.066
13.148     466.170
13.154     452.899
13.160     450.290
13.166     445.118
13.172     442.554
13.177     442.554
13.183     440.005
13.189     442.554
13.195     445.118
13.201     447.697
13.206     452.899
13.212     458.161
13.218     466.170
13.224     482.609
13.230     488.217
13.235     496.751
13.241     166.730
13.247     165.770
13.253     331.541
13.259     333.461
13.264     333.461
13.270     331.541
13.276     331.541
13.282     335.393
13.288     337.336
13.293     335.393
13.299     333.461
13.305     333.461
13.311     333.461
13.317     333.461
13.322     331.541
13.328     329.631
13.334     329.631
13.340     329.631
13.346     331.541
13.351     331.541
13.357     331.541
13.363     329.631
13.369     329.631
13.375     331.541
13.380     331.541
13.386     329.631
13.392     327.732
13.398     325.845
13.404     327.732
13.410     329.631
13.415     329.631
13.421     329.631
13.427     327.732
13.433     325.845
13.439     325.845
13.444     329.631
13.450     333.461
13.456     333.461
13.462     331.541
13.468     329.631
13.473     329.631
13.479     329.631
13.485     331.541
13.491     331.541
13.497     329.631
13.502     327.732
13.508     325.845
13.514     327.732
13.520     331.541
13.526     331.541
13.531     329.631
13.537     327.732
13.543     325.845
13.549     329.631
13.555     333.461
13.560     333.461
13.566     333.461
13.572     333.461
13.578     331.541
13.584     329.631
13.589     327.732
13.595     327.732
13.601     327.732
13.607     331.541
13.613     335.393
13.619     335.393
13.624     331.541
13.630     329.631
13.636     325.845
13.642     327.732
13.648     331.541
13.653     333.461
13.659     329.631
13.665     323.968
13.671     323.968
13.677     329.631
13.682     331.541
13.688     331.541
13.694     329.631
13.700     323.968
13.706     329.631
13.711     333.461
13.717     333.461
13.723     333.461
13.729     333.461
13.735     333.461
13.740     339.290
13.746     351.255
13.752     361.548
13.758     361.548
13.764     520.244
13.769     502.523
13.775     499.628
13.781     499.628
13.787     499.628
13.793     502.523
13.798     502.523
13.804     505.434
13.810     502.523
13.816     491.045
13.822     499.628
13.827     496.751
13.833     493.890
13.839     491.045
13.845     218.735
13.851     217.475
13.857     220.002
13.862     220.002
13.868     218.735
13.874     218.735
13.880     220.002
13.886     220.002
13.891     218.735
13.897     201.742
13.903     204.087
13.909     192.632
13.915     188.232
13.920     189.323
13.926     191.523
13.932     190.419
13.938     189.323
13.944     186.070
13.949     190.419
13.955     186.070
13.961     174.615
13.967     171.615
13.973     168.667
13.978     168.667
13.984     166.730
13.990     165.770
13.996     164.815
14.002     165.770
14.007     167.696
14.013     169.644
14.019     171.615
14.025     175.627
14.031     184.999
14.036     187.148
14.042     190.419
14.048     194.870
14.054     199.425
14.060     204.087
14.065     206.458
14.071     207.654
14.077     207.654
14.083     205.269
14.089     204.087
14.095     201.742
14.100     199.425
14.106     194.870
14.112     190.419
14.118     189.323
14.124     190.419
14.129     190.419
14.135     187.148
14.141     184.999
14.147     169.644
14.153     168.667
14.158     170.627
14.164     173.610
14.170     175.627
14.176     177.668
14.182     181.820
14.187     184.999
14.193     189.323
14.199     193.748
14.205     198.277
14.211     201.742
14.216     204.087
14.222     205.269
14.228     205.269
14.234     202.911
14.240     199.425
14.245     194.870
14.251     191.523
14.257     184.999
14.263     180.773
14.269     178.697
14.274     177.668
14.280     177.668
14.286     177.668
14.292     178.697
14.298     181.820
14.303     183.933
14.309     186.070
14.315     187.148
14.321     188.232
14.327     188.232
14.333     187.148
14.338     187.148
14.344     0.000
14.350     0.000
14.356     0.000
14.362     0.000
14.367     0.000
14.373     0.000
14.379     0.000
14.385     0.000
14.391     0.000
14.396     0.000
14.402     0.000
14.408     0.000
14.414     0.000
14.420     0.000
14.425     0.000
14.431     0.000
14.437     0.000
14.443     0.000
14.449     0.000
14.454     0.000
14.460     0.000
14.466     0.000
14.472     0.000
14.478     0.000
14.483     0.000
14.489     0.000
14.495     0.000
14.501     0.000
14.507     0.000
14.512     0.000
14.518     0.000
14.524     0.000
14.530     0.000
14.536     0.000
14.541     0.000
14.547     0.000
14.553     0.000
14.559     0.000
14.565     0.000
14.571     0.000
14.576     0.000
14.582     0.000
14.588     0.000
14.594     0.000
14.600     0.000
14.605     0.000
14.611     318.402
14.617     314.745
14.623     314.745
14.629     314.745
14.634     318.402
14.640     320.247
14.646     323.968
14.652     323.968
14.658     323.968
14.663     323.968
14.669     323.968
14.675     322.102
14.681     322.102
14.687     322.102
14.692     320.247
14.698     318.402
14.704     314.745
14.710     312.932
14.716     312.932
14.721     314.745
14.727     318.402
14.733     322.102
14.739     323.968
14.745     325.845
14.750     325.845
14.756     325.845
14.762     327.732
14.768     327.732
14.774     327.732
14.780     327.732
14.785     325.845
14.791     325.845
14.797     323.968
14.803     320.247
14.809     320.247
14.814     316.569
14.820     316.569
14.826     314.745
14.832     314.745
14.838     314.745
14.843     314.745
14.849     314.745
14.855     311.130
14.861     311.130
14.867     312.932
14.872     312.932
14.878     320.247
14.884     322.102
14.890     323.968
14.896     325.845
14.901     327.732
14.907     331.541
14.913     333.461
14.919     339.290
14.925     345.221
14.930     349.232
14.936     347.221
14.942     347.221
14.948     345.221
14.954     345.221
14.959     341.256
14.965     339.290
14.971     335.393
14.977     329.631
14.983     327.732
14.988     322.102
14.994     320.247
15.000     316.569
15.006     316.569
15.012     314.745
15.018     312.932
15.023     309.338
15.029     311.130
15.035     312.932
15.041     316.569
15.047     322.102
15.052     323.968
15.058     327.732
15.064     331.541
15.070     333.461
15.076     339.290
15.081     347.221
15.087     353.290
15.093     355.337
15.099     357.395
15.105     355.337
15.110     355.337
15.116     353.290
15.122     349.232
15.128     345.221
15.134     341.256
15.139     337.336
15.145     333.461
15.151     329.631
15.157     327.732
15.163     329.631
15.168     335.393
15.174     333.461
15.180     335.393
15.186     335.393
15.192     333.461
15.197     333.461
15.203     305.785
15.209     314.745
15.215     314.745
15.221     314.745
15.226     318.402
15.232     322.102
15.238     327.732
15.244     335.393
15.250     337.336
15.256     339.290
15.261     343.232
15.267     347.221
15.273     349.232
15.279     353.290
15.285     355.337
15.290     357.395
15.296     359.465
15.302     361.548
15.308     363.642
15.314     363.642
15.319     359.465
15.325     355.337
15.331     347.221
15.337     339.290
15.343     333.461
15.348     333.461
15.354     331.541
15.360     333.461
15.366     339.290
15.372     353.290
15.377     355.337
15.383     355.337
15.389     0.000
15.395     0.000
15.401     0.000
15.406     0.000
15.412     0.000
15.418     0.000
15.424     0.000
15.430     239.914
15.435     238.532
15.441     238.532
15.447     242.701
15.453     249.813
15.459     261.628
15.464     274.001
15.470     283.664
15.476     290.295
15.482     297.080
15.488     302.273
15.494     309.338
15.499     316.569
15.505     322.102
15.511     325.845
15.517     325.845
15.523     323.968
15.528     322.102
15.534     318.402
15.540     314.745
15.546     309.338
15.552     302.273
15.557     297.080
15.563     291.976
15.569     285.307
15.575     280.406
15.581     272.423
15.586     266.201
15.592     263.144
15.598     260.121
15.604     260.121
15.610     258.623
15.615     260.121
15.621     261.628
15.627     264.668
15.633     267.743
15.639     270.854
15.644     278.791
15.650     285.307
15.656     291.976
15.662     298.801
15.668     304.024
15.673     311.130
15.679     314.745
15.685     318.402
15.691     320.247
15.697     320.247
15.702     318.402
15.708     318.402
15.714     314.745
15.720     311.130
15.726     307.556
15.732     302.273
15.737     298.801
15.743     293.668
15.749     286.960
15.755     280.406
15.761     274.001
15.766     269.294
15.772     264.668
15.778     261.628
15.784     260.121
15.790     260.121
15.795     260.121
15.801     260.121
15.807     261.628
15.813     263.144
15.819     266.201
15.824     267.743
15.830     272.423
15.836     278.791
15.842     283.664
15.848     285.307
15.853     288.623
15.859     291.976
15.865     295.369
15.871     298.801
15.877     298.801
15.882     298.801
15.888     298.801
15.894     295.369
15.900     291.976
15.906     288.623
15.911     285.307
15.917     280.406
15.923     274.001
15.929     267.743
15.935     263.144
15.940     260.121
15.946     257.133
15.952     254.180
15.958     252.716
15.964     249.813
15.970     248.374
15.975     246.944
15.981     246.944
15.987     245.522
15.993     245.522
15.999     245.522
16.004     246.944
16.010     249.813
16.016     254.180
16.022     260.121
16.028     263.144
16.033     266.201
16.039     263.144
16.045     261.628
16.051     258.623
16.057     241.304
16.062     245.522
16.068     254.180
16.074     254.180
16.080     251.260
16.086     246.944
16.091     234.434
16.097     229.080
16.103     225.144
16.109     222.558
16.115     221.276
16.120     220.002
16.126     218.735
16.132     217.475
16.138     216.222
16.144     217.475
16.149     218.735
16.155     220.002
16.161     222.558
16.167     223.847
16.173     225.144
16.179     227.760
16.184     229.080
16.190     230.407
16.196     230.407
16.202     229.080
16.208     226.448
16.213     226.448
16.219     226.448
16.225     223.847
16.231     222.558
16.237     221.276
16.242     220.002
16.248     220.002
16.254     220.002
16.260     221.276
16.266     220.002
16.271     218.735
16.277     218.735
16.283     218.735
16.289     218.735
16.295     218.735
16.300     220.002
16.306     220.002
16.312     220.002
16.318     220.002
16.324     220.002
16.329     220.002
16.335     220.002
16.341     220.002
16.347     220.002
16.353     218.735
16.358     218.735
16.364     216.222
16.370     214.977
16.376     213.739
16.382     211.284
16.387     207.654
16.393     205.269
16.399     204.087
16.405     201.742
16.411     201.742
16.417     200.580
16.422     199.425
16.428     199.425
16.434     200.580
16.440     202.911
16.446     205.269
16.451     210.067
16.457     214.977
16.463     222.558
16.469     226.448
16.475     231.741
16.480     234.434
16.486     237.158
16.492     237.158
16.498     237.158
16.504     237.158
16.509     235.792
16.515     234.434
16.521     233.084
16.527     231.741
16.533     229.080
16.538     226.448
16.544     223.847
16.550     220.002
16.556     216.222
16.562     213.739
16.567     212.508
16.573     210.067
16.579     208.857
16.585     208.857
16.591     208.857
16.596     208.857
16.602     210.067
16.608     211.284
16.614     214.977
16.620     218.735
16.625     221.276
16.631     223.847
16.637     227.760
16.643     230.407
16.649     233.084
16.655     235.792
16.660     237.158
16.666     237.158
16.672     238.532
16.678     238.532
16.684     238.532
16.689     237.158
16.695     234.434
16.701     233.084
16.707     230.407
16.713     227.760
16.718     225.144
16.724     221.276
16.730     218.735
16.736     216.222
16.742     214.977
16.747     214.977
16.753     213.739
16.759     213.739
16.765     216.222
16.771     217.475
16.776     220.002
16.782     221.276
16.788     223.847
16.794     226.448
16.800     229.080
16.805     231.741
16.811     468.870
16.817     471.586
16.823     474.318
16.829     474.318
16.834     477.066
16.840     477.066
16.846     477.066
16.852     477.066
16.858     474.318
16.863     471.586
16.869     468.870
16.875     463.485
16.881     458.161
16.887     455.522
16.893     452.899
16.898     452.899
16.904     460.815
16.910     466.170
16.916     0.000
16.922     0.000
16.927     0.000
16.933     0.000
16.939     0.000
16.945     0.000
16.951     0.000
16.956     0.000
16.962     0.000
16.968     304.024
16.974     304.024
16.980     305.785
16.985     309.338
16.991     312.932
16.997     318.402
17.003     320.247
17.009     320.247
17.014     320.247
17.020     318.402
17.026     316.569
17.032     316.569
17.038     312.932
17.043     307.556
17.049     304.024
17.055     298.801
17.061     295.369
17.067     291.976
17.072     288.623
17.078     285.307
17.084     283.664
17.090     283.664
17.096     283.664
17.101     283.664
17.107     283.664
17.113     285.307
17.119     288.623
17.125     291.976
17.131     297.080
17.136     304.024
17.142     311.130
17.148     318.402
17.154     322.102
17.160     327.732
17.165     333.461
17.171     335.393
17.177     335.393
17.183     337.336
17.189     335.393
17.194     331.541
17.200     325.845
17.206     318.402
17.212     312.932
17.218     307.556
17.223     298.801
17.229     293.668
17.235     286.960
17.241     283.664
17.247     280.406
17.252     278.791
17.258     277.185
17.264     274.001
17.270     274.001
17.276     275.589
17.281     280.406
17.287     283.664
17.293     288.623
17.299     288.623
17.305     291.976
17.310     295.369
17.316     298.801
17.322     300.532
17.328     302.273
17.334     304.024
17.340     307.556
17.345     309.338
17.351     309.338
17.357     311.130
17.363     311.130
17.369     316.569
17.374     318.402
17.380     318.402
17.386     316.569
17.392     316.569
17.398     312.932
17.403     312.932
17.409     311.130
17.415     307.556
17.421     304.024
17.427     298.801
17.432     293.668
17.438     290.295
17.444     288.623
17.450     285.307
17.456     282.030
17.461     280.406
17.467     283.664
17.473     285.307
17.479     286.960
17.485     290.295
17.490     290.295
17.496     291.976
17.502     291.976
17.508     293.668
17.514     295.369
17.519     297.080
17.525     297.080
17.531     298.801
17.537     300.532
17.543     304.024
17.548     307.556
17.554     309.338
17.560     307.556
17.566     307.556
17.572     305.785
17.578     304.024
17.583     302.273
17.589     300.532
17.595     297.080
17.601     295.369
17.607     293.668
17.612     293.668
17.618     290.295
17.624     290.295
17.630     288.623
17.636     288.623
17.641     288.623
17.647     290.295
17.653     290.295
17.659     291.976
17.665     291.976
17.670     293.668
17.676     295.369
17.682     298.801
17.688     302.273
17.694     307.556
17.699     318.402
17.705     322.102
17.711     322.102
17.717     316.569
17.723     297.080
17.728     295.369
17.734     293.668
17.740     293.668
17.746     295.369
17.752     293.668
17.757     293.668
17.763     293.668
17.769     293.668
17.775     290.295
17.781     290.295
17.786     293.668
17.792     298.801
17.798     304.024
17.804     307.556
17.810     309.338
17.816     312.932
17.821     325.845
17.827     329.631
17.833     331.541
17.839     337.336
17.845     337.336
17.850     339.290
17.856     341.256
17.862     341.256
17.868     341.256
17.874     339.290
17.879     337.336
17.885     337.336
17.891     335.393
17.897     333.461
17.903     331.541
17.908     331.541
17.914     331.541
17.920     327.732
17.926     323.968
17.932     322.102
17.937     320.247
17.943     318.402
17.949     316.569
17.955     316.569
17.961     318.402
17.966     322.102
17.972     325.845
17.978     327.732
17.984     329.631
17.990     329.631
17.995     331.541
18.001     333.461
18.007     335.393
18.013     337.336
18.019     337.336
18.024     337.336
18.030     337.336
18.036     337.336
18.042     335.393
18.048     335.393
18.054     335.393
18.059     333.461
18.065     333.461
18.071     329.631
18.077     327.732
18.083     325.845
18.088     323.968
18.094     320.247
18.100     318.402
18.106     316.569
18.112     316.569
18.117     318.402
18.123     320.247
18.129     322.102
18.135     323.968
18.141     325.845
18.146     327.732
18.152     331.541
18.158     333.461
18.164     337.336
18.170     341.256
18.175     343.232
18.181     345.221
18.187     349.232
18.193     349.232
18.199     351.255
18.204     353.290
18.210     353.290
18.216     353.290
18.222     351.255
18.228     345.221
18.233     339.290
18.239     335.393
18.245     331.541
18.251     327.732
18.257     323.968
18.262     316.569
18.268     309.338
18.274     305.785
18.280     304.024
18.286     304.024
18.292     305.785
18.297     307.556
18.303     309.338
18.309     311.130
18.315     314.745
18.321     318.402
18.326     323.968
18.332     327.732
18.338     331.541
18.344     335.393
18.350     339.290
18.355     341.256
18.361     343.232
18.367     345.221
18.373     343.232
18.379     343.232
18.384     343.232
18.390     343.232
18.396     341.256
18.402     337.336
18.408     335.393
18.413     333.461
18.419     333.461
18.425     333.461
18.431     331.541
18.437     329.631
18.442     329.631
18.448     327.732
18.454     327.732
18.460     325.845
18.466     325.845
18.471     323.968
18.477     322.102
18.483     329.631
18.489     335.393
18.495     335.393
18.500     335.393
18.506     333.461
18.512     335.393
18.518     335.393
18.524     335.393
18.530     335.393
18.535     333.461
18.541     331.541
18.547     329.631
18.553     331.541
18.559     329.631
18.564     331.541
18.570     333.461
18.576     333.461
18.582     333.461
18.588     333.461
18.593     331.541
18.599     331.541
18.605     331.541
18.611     333.461
18.617     333.461
18.622     333.461
18.628     331.541
18.634     333.461
18.640     335.393
18.646     341.256
18.651     351.255
18.657     359.465
18.663     361.548
18.669     361.548
18.675     359.465
18.680     353.290
18.686     345.221
18.692     339.290
18.698     333.461
18.704     218.735
18.709     214.977
18.715     211.284
18.721     207.654
18.727     204.087
18.733     202.911
18.739     201.742
18.744     200.580
18.750     200.580
18.756     201.742
18.762     200.580
18.768     201.742
18.773     204.087
18.779     207.654
18.785     211.284
18.791     214.977
18.797     217.475
18.802     220.002
18.808     222.558
18.814     227.760
18.820     234.434
18.826     239.914
18.831     241.304
18.837     244.107
18.843     246.944
18.849     246.944
18.855     246.944
18.860     245.522
18.866     244.107
18.872     242.701
18.878     238.532
18.884     234.434
18.889     230.407
18.895     226.448
18.901     222.558
18.907     217.475
18.913     212.508
18.918     207.654
18.924     204.087
18.930     200.580
18.936     198.277
18.942     195.999
18.947     194.870
18.953     195.999
18.959     198.277
18.965     200.580
18.971     204.087
18.977     207.654
18.982     212.508
18.988     218.735
18.994     223.847
19.000     227.760
19.006     233.084
19.011     237.158
19.017     239.914
19.023     242.701
19.029     244.107
19.035     245.522
19.040     245.522
19.046     245.522
19.052     245.522
19.058     244.107
19.064     244.107
19.069     241.304
19.075     238.532
19.081     235.792
19.087     233.084
19.093     230.407
19.098     227.760
19.104     223.847
19.110     221.276
19.116     217.475
19.122     213.739
19.127     210.067
19.133     207.654
19.139     206.458
19.145     205.269
19.151     205.269
19.156     205.269
19.162     206.458
19.168     208.857
19.174     210.067
19.180     213.739
19.185     217.475
19.191     221.276
19.197     223.847
19.203     226.448
19.209     230.407
19.215     233.084
19.220     235.792
19.226     237.158
19.232     239.914
19.238     241.304
19.244     242.701
19.249     244.107
19.255     244.107
19.261     244.107
19.267     242.701
19.273     241.304
19.278     239.914
19.284     237.158
19.290     235.792
19.296     233.084
19.302     230.407
19.307     226.448
19.313     223.847
19.319     221.276
19.325     218.735
19.331     216.222
19.336     214.977
19.342     212.508
19.348     212.508
19.354     212.508
19.360     212.508
19.365     213.739
19.371     214.977
19.377     217.475
19.383     218.735
19.389     221.276
19.394     223.847
19.400     225.144
19.406     227.760
19.412     229.080
19.418     231.741
19.423     233.084
19.429     233.084
19.435     233.084
19.441     231.741
19.447     231.741
19.453     231.741
19.458     230.407
19.464     227.760
19.470     225.144
19.476     222.558
19.482     220.002
19.487     218.735
19.493     218.735
19.499     221.276
19.505     221.276
19.511     221.276
19.516     218.735
19.522     220.002
19.528     220.002
19.534     220.002
19.540     218.735
19.545     220.002
19.551     220.002
19.557     220.002
19.563     220.002
19.569     221.276
19.574     221.276
19.580     221.276
19.586     221.276
19.592     220.002
19.598     218.735
19.603     220.002
19.609     220.002
19.615     220.002
19.621     220.002
19.627     221.276
19.632     220.002
19.638     220.002
19.644     221.276
19.650     220.002
19.656     220.002
19.661     220.002
19.667     220.002
19.673     221.276
19.679     221.276
19.685     220.002
19.691     220.002
19.696     440.005
19.702     0.000
19.708     0.000
19.714     0.000
19.720     0.000
19.725     0.000
19.731     0.000
19.737     0.000
19.743     0.000
19.749     0.000
19.754     0.000
19.760     0.000
19.766     0.000
19.772     0.000
19.778     0.000
19.783     0.000
19.789     0.000
19.795     0.000
19.801     0.000
19.807     0.000
19.812     0.000
19.818     0.000
19.824     223.847
19.830     222.558
19.836     222.558
19.841     222.558
19.847     222.558
19.853     222.558
19.859     222.558
19.865     222.558
19.870     221.276
19.876     222.558
19.882     222.558
19.888     222.558
19.894     223.847
19.900     222.558
19.905     222.558
19.911     221.276
19.917     221.276
19.923     220.002
19.929     220.002
19.934     220.002
19.940     221.276
19.946     221.276
19.952     221.276
19.958     221.276
19.963     221.276
19.969     222.558
19.975     222.558
19.981     222.558
19.987     222.558
19.992     222.558
19.998     222.558
20.004     0.000
