0.000     0.000
0.006     0.000
0.012     0.000
0.017     0.000
0.023     0.000
0.029     0.000
0.035     0.000
0.041     0.000
0.046     0.000
0.052     0.000
0.058     0.000
0.064     0.000
0.070     0.000
0.075     0.000
0.081     0.000
0.087     0.000
0.093     0.000
0.099     0.000
0.104     0.000
0.110     0.000
0.116     0.000
0.122     0.000
0.128     0.000
0.134     0.000
0.139     169.644
0.145     171.615
0.151     172.610
0.157     176.644
0.163     180.773
0.168     180.773
0.174     180.773
0.180     187.148
0.186     198.277
0.192     207.654
0.197     207.654
0.203     206.458
0.209     208.857
0.215     213.739
0.221     217.475
0.226     220.002
0.232     221.276
0.238     222.558
0.244     225.144
0.250     229.080
0.255     229.080
0.261     227.760
0.267     227.760
0.273     229.080
0.279     237.158
0.284     249.813
0.290     254.180
0.296     248.374
0.302     239.914
0.308     233.084
0.313     230.407
0.319     248.374
0.325     251.260
0.331     255.652
0.337     249.813
0.342     239.914
0.348     242.701
0.354     251.260
0.360     255.652
0.366     254.180
0.372     245.522
0.377     234.434
0.383     230.407
0.389     222.558
0.395     214.977
0.401     214.977
0.406     223.847
0.412     235.792
0.418     241.304
0.424     254.180
0.430     257.133
0.435     255.652
0.441     244.107
0.447     238.532
0.453     255.652
0.459     260.121
0.464     257.133
0.470     257.133
0.476     258.623
0.482     261.628
0.488     261.628
0.493     258.623
0.499     257.133
0.505     257.133
0.511     260.121
0.517     258.623
0.522     258.623
0.528     258.623
0.534     257.133
0.540     261.628
0.546     260.121
0.551     258.623
0.557     258.623
0.563     260.121
0.569     260.121
0.575     255.652
0.580     248.374
0.586     257.133
0.592     261.628
0.598     260.121
0.604     255.652
0.610     255.652
0.615     261.628
0.621     261.628
0.627     260.121
0.633     255.652
0.639     261.628
0.644     261.628
0.650     260.121
0.656     251.260
0.662     257.133
0.668     260.121
0.673     260.121
0.679     246.944
0.685     258.623
0.691     257.133
0.697     260.121
0.702     258.623
0.708     255.652
0.714     258.623
0.720     258.623
0.726     260.121
0.731     258.623
0.737     258.623
0.743     260.121
0.749     260.121
0.755     258.623
0.760     260.121
0.766     260.121
0.772     261.628
0.778     261.628
0.784     263.144
0.789     263.144
0.795     263.144
0.801     261.628
0.807     263.144
0.813     263.144
0.819     261.628
0.824     260.121
0.830     263.144
0.836     263.144
0.842     261.628
0.848     255.652
0.853     255.652
0.859     260.121
0.865     258.623
0.871     258.623
0.877     258.623
0.882     258.623
0.888     257.133
0.894     257.133
0.900     255.652
0.906     255.652
0.911     257.133
0.917     260.121
0.923     257.133
0.929     245.522
0.935     241.304
0.940     237.158
0.946     222.558
0.952     216.222
0.958     351.255
0.964     351.255
0.969     351.255
0.975     349.232
0.981     351.255
0.987     351.255
0.993     351.255
0.998     351.255
1.004     351.255
1.010     351.255
1.016     351.255
1.022     349.232
1.027     351.255
1.033     351.255
1.039     351.255
1.045     351.255
1.051     351.255
1.057     351.255
1.062     351.255
1.068     351.255
1.074     349.232
1.080     349.232
1.086     349.232
1.091     349.232
1.097     349.232
1.103     349.232
1.109     218.735
1.115     221.276
1.120     220.002
1.126     220.002
1.132     220.002
1.138     221.276
1.144     222.558
1.149     222.558
1.155     223.847
1.161     226.448
1.167     227.760
1.173     226.448
1.178     221.276
1.184     220.002
1.190     222.558
1.196     225.144
1.202     226.448
1.207     223.847
1.213     222.558
1.219     220.002
1.225     220.002
1.231     222.558
1.236     226.448
1.242     223.847
1.248     222.558
1.254     221.276
1.260     218.735
1.265     218.735
1.271     220.002
1.277     223.847
1.283     223.847
1.289     220.002
1.295     217.475
1.300     218.735
1.306     221.276
1.312     223.847
1.318     221.276
1.324     218.735
1.329     220.002
1.335     222.558
1.341     223.847
1.347     222.558
1.353     221.276
1.358     220.002
1.364     221.276
1.370     221.276
1.376     220.002
1.382     218.735
1.387     220.002
1.393     221.276
1.399     222.558
1.405     220.002
1.411     220.002
1.416     221.276
1.422     222.558
1.428     220.002
1.434     220.002
1.440     220.002
1.445     221.276
1.451     221.276
1.457     220.002
1.463     220.002
1.469     221.276
1.474     222.558
1.480     173.610
1.486     173.610
1.492     173.610
1.498     173.610
1.503     173.610
1.509     173.610
1.515     172.610
1.521     174.615
1.527     173.610
1.533     173.610
1.538     173.610
1.544     174.615
1.550     173.610
1.556     174.615
1.562     173.610
1.567     174.615
1.573     173.610
1.579     173.610
1.585     173.610
1.591     174.615
1.596     173.610
1.602     173.610
1.608     174.615
1.614     173.610
1.620     173.610
1.625     174.615
1.631     173.610
1.637     173.610
1.643     173.610
1.649     173.610
1.654     173.610
1.660     172.610
1.666     173.610
1.672     173.610
1.678     172.610
1.683     172.610
1.689     173.610
1.695     173.610
1.701     173.610
1.707     174.615
1.712     174.615
1.718     174.615
1.724     173.610
1.730     174.615
1.736     175.627
1.741     174.615
1.747     174.615
1.753     175.627
1.759     175.627
1.765     174.615
1.771     175.627
1.776     175.627
1.782     174.615
1.788     173.610
1.794     174.615
1.800     174.615
1.805     173.610
1.811     173.610
1.817     175.627
1.823     177.668
1.829     175.627
1.834     175.627
1.840     175.627
1.846     176.644
1.852     175.627
1.858     175.627
1.863     176.644
1.869     174.615
1.875     174.615
1.881     175.627
1.887     175.627
1.892     175.627
1.898     174.615
1.904     175.627
1.910     175.627
1.916     175.627
1.921     174.615
1.927     173.610
1.933     173.610
1.939     173.610
1.945     172.610
1.950     171.615
1.956     172.610
1.962     172.610
1.968     173.610
1.974     173.610
1.980     173.610
1.985     173.610
1.991     173.610
1.997     173.610
2.003     173.610
2.009     173.610
2.014     173.610
2.020     173.610
2.026     173.610
2.032     173.610
2.038     173.610
2.043     173.610
2.049     170.627
2.055     169.644
2.061     177.668
2.067     170.627
2.072     170.627
2.078     171.615
2.084     168.667
2.090     168.667
2.096     173.610
2.101     187.148
2.107     186.070
2.113     198.277
2.119     205.269
2.125     205.269
2.130     222.558
2.136     204.087
2.142     202.911
2.148     206.458
2.154     211.284
2.159     210.067
2.165     208.857
2.171     212.508
2.177     214.977
2.183     207.654
2.188     349.232
2.194     349.232
2.200     349.232
2.206     347.221
2.212     347.221
2.218     347.221
2.223     347.221
2.229     349.232
2.235     349.232
2.241     349.232
2.247     347.221
2.252     347.221
2.258     349.232
2.264     349.232
2.270     349.232
2.276     349.232
2.281     347.221
2.287     347.221
2.293     349.232
2.299     349.232
2.305     349.232
2.310     349.232
2.316     349.232
2.322     202.911
2.328     208.857
2.334     211.284
2.339     208.857
2.345     204.087
2.351     201.742
2.357     205.269
2.363     207.654
2.368     208.857
2.374     206.458
2.380     205.269
2.386     207.654
2.392     208.857
2.397     207.654
2.403     205.269
2.409     202.911
2.415     206.458
2.421     210.067
2.426     210.067
2.432     205.269
2.438     199.425
2.444     201.742
2.450     208.857
2.456     210.067
2.461     208.857
2.467     204.087
2.473     202.911
2.479     206.458
2.485     208.857
2.490     207.654
2.496     206.458
2.502     206.458
2.508     210.067
2.514     210.067
2.519     206.458
2.525     201.742
2.531     198.277
2.537     206.458
2.543     210.067
2.548     208.857
2.554     206.458
2.560     200.580
2.566     195.999
2.572     0.000
2.577     0.000
2.583     167.696
2.589     174.615
2.595     187.148
2.601     192.632
2.606     200.580
2.612     205.269
2.618     208.857
2.624     211.284
2.630     216.222
2.635     218.735
2.641     231.741
2.647     237.158
2.653     242.701
2.659     246.944
2.664     249.813
2.670     252.716
2.676     255.652
2.682     258.623
2.688     260.121
2.694     261.628
2.699     263.144
2.705     264.668
2.711     264.668
2.717     264.668
2.723     264.668
2.728     264.668
2.734     266.201
2.740     266.201
2.746     266.201
2.752     266.201
2.757     266.201
2.763     266.201
2.769     266.201
2.775     266.201
2.781     266.201
2.786     266.201
2.792     266.201
2.798     266.201
2.804     266.201
2.810     266.201
2.815     267.743
2.821     267.743
2.827     269.294
2.833     270.854
2.839     270.854
2.844     272.423
2.850     272.423
2.856     272.423
2.862     269.294
2.868     269.294
2.873     270.854
2.879     270.854
2.885     270.854
2.891     270.854
2.897     270.854
2.902     272.423
2.908     272.423
2.914     274.001
2.920     208.857
2.926     206.458
2.932     205.269
2.937     207.654
2.943     211.284
2.949     210.067
2.955     206.458
2.961     201.742
2.966     202.911
2.972     208.857
2.978     210.067
2.984     208.857
2.990     199.425
2.995     212.508
3.001     210.067
3.007     208.857
3.013     207.654
3.019     207.654
3.024     208.857
3.030     210.067
3.036     207.654
3.042     207.654
3.048     207.654
3.053     207.654
3.059     210.067
3.065     211.284
3.071     207.654
3.077     207.654
3.082     205.269
3.088     207.654
3.094     207.654
3.100     206.458
3.106     193.748
3.111     208.857
3.117     211.284
3.123     208.857
3.129     192.632
3.135     192.632
3.140     197.135
3.146     207.654
3.152     211.284
3.158     210.067
3.164     198.277
3.170     201.742
3.175     205.269
3.181     201.742
3.187     207.654
3.193     197.135
3.199     199.425
3.204     206.458
3.210     207.654
3.216     206.458
3.222     200.580
3.228     200.580
3.233     204.087
3.239     205.269
3.245     205.269
3.251     202.911
3.257     200.580
3.262     201.742
3.268     207.654
3.274     208.857
3.280     206.458
3.286     198.277
3.291     205.269
3.297     206.458
3.303     207.654
3.309     206.458
3.315     204.087
3.320     204.087
3.326     205.269
3.332     205.269
3.338     204.087
3.344     205.269
3.349     204.087
3.355     206.458
3.361     207.654
3.367     205.269
3.373     200.580
3.379     201.742
3.384     206.458
3.390     207.654
3.396     207.654
3.402     202.911
3.408     201.742
3.413     205.269
3.419     207.654
3.425     207.654
3.431     205.269
3.437     204.087
3.442     205.269
3.448     208.857
3.454     208.857
3.460     206.458
3.466     204.087
3.471     205.269
3.477     207.654
3.483     208.857
3.489     206.458
3.495     204.087
3.500     204.087
3.506     206.458
3.512     207.654
3.518     207.654
3.524     205.269
3.529     204.087
3.535     205.269
3.541     207.654
3.547     207.654
3.553     206.458
3.558     204.087
3.564     205.269
3.570     207.654
3.576     211.284
3.582     212.508
3.587     211.284
3.593     211.284
3.599     207.654
3.605     205.269
3.611     204.087
3.617     204.087
3.622     210.067
3.628     205.269
3.634     205.269
3.640     204.087
3.646     205.269
3.651     205.269
3.657     208.857
3.663     206.458
3.669     211.284
3.675     205.269
3.680     207.654
3.686     197.135
3.692     210.067
3.698     213.739
3.704     213.739
3.709     211.284
3.715     211.284
3.721     212.508
3.727     212.508
3.733     208.857
3.738     204.087
3.744     202.911
3.750     211.284
3.756     0.000
3.762     0.000
3.767     0.000
3.773     0.000
3.779     0.000
3.785     0.000
3.791     0.000
3.796     0.000
3.802     176.644
3.808     176.644
3.814     177.668
3.820     179.732
3.825     179.732
3.831     176.644
3.837     173.610
3.843     173.610
3.849     178.697
3.855     188.232
3.860     188.232
3.866     204.087
3.872     204.087
3.878     210.067
3.884     212.508
3.889     208.857
3.895     202.911
3.901     202.911
3.907     204.087
3.913     205.269
3.918     201.742
3.924     197.135
3.930     194.870
3.936     194.870
3.942     198.277
3.947     199.425
3.953     198.277
3.959     200.580
3.965     199.425
3.971     198.277
3.976     200.580
3.982     201.742
3.988     199.425
3.994     197.135
4.000     190.419
4.005     194.870
4.011     195.999
4.017     193.748
4.023     193.748
4.029     194.870
4.034     192.632
4.040     192.632
4.046     192.632
4.052     191.523
4.058     192.632
4.063     191.523
4.069     188.232
4.075     191.523
4.081     194.870
4.087     194.870
4.093     190.419
4.098     187.148
4.104     189.323
4.110     189.323
4.116     187.148
4.122     190.419
4.127     189.323
4.133     192.632
4.139     197.135
4.145     198.277
4.151     193.748
4.156     193.748
4.162     191.523
4.168     189.323
4.174     190.419
4.180     193.748
4.185     193.748
4.191     191.523
4.197     188.232
4.203     191.523
4.209     194.870
4.214     194.870
4.220     188.232
4.226     182.874
4.232     193.748
4.238     195.999
4.243     193.748
4.249     193.748
4.255     193.748
4.261     193.748
4.267     193.748
4.272     193.748
4.278     193.748
4.284     194.870
4.290     194.870
4.296     194.870
4.301     195.999
4.307     192.632
4.313     194.870
4.319     194.870
4.325     197.135
4.331     195.999
4.336     189.323
4.342     190.419
4.348     194.870
4.354     195.999
4.360     194.870
4.365     192.632
4.371     195.999
4.377     197.135
4.383     197.135
4.389     194.870
4.394     197.135
4.400     198.277
4.406     197.135
4.412     194.870
4.418     195.999
4.423     197.135
4.429     195.999
4.435     193.748
4.441     193.748
4.447     195.999
4.452     195.999
4.458     192.632
4.464     189.323
4.470     190.419
4.476     193.748
4.481     195.999
4.487     197.135
4.493     197.135
4.499     195.999
4.505     195.999
4.510     194.870
4.516     194.870
4.522     195.999
4.528     197.135
4.534     195.999
4.540     194.870
4.545     195.999
4.551     197.135
4.557     195.999
4.563     193.748
4.569     192.632
4.574     195.999
4.580     197.135
4.586     194.870
4.592     195.999
4.598     194.870
4.603     195.999
4.609     201.742
4.615     202.911
4.621     198.277
4.627     197.135
4.632     194.870
4.638     193.748
4.644     192.632
4.650     194.870
4.656     194.870
4.661     192.632
4.667     193.748
4.673     199.425
4.679     198.277
4.685     194.870
4.690     192.632
4.696     194.870
4.702     197.135
4.708     195.999
4.714     193.748
4.719     193.748
4.725     195.999
4.731     195.999
4.737     193.748
4.743     193.748
4.748     197.135
4.754     197.135
4.760     194.870
4.766     193.748
4.772     195.999
4.778     197.135
4.783     195.999
4.789     192.632
4.795     194.870
4.801     197.135
4.807     194.870
4.812     192.632
4.818     193.748
4.824     194.870
4.830     195.999
4.836     193.748
4.841     192.632
4.847     195.999
4.853     195.999
4.859     195.999
4.865     194.870
4.870     193.748
4.876     194.870
4.882     194.870
4.888     189.323
4.894     191.523
4.899     193.748
4.905     193.748
4.911     192.632
4.917     193.748
4.923     195.999
4.928     197.135
4.934     195.999
4.940     194.870
4.946     194.870
4.952     195.999
4.957     195.999
4.963     194.870
4.969     193.748
4.975     195.999
4.981     197.135
4.986     195.999
4.992     193.748
4.998     193.748
5.004     195.999
5.010     198.277
5.016     192.632
5.021     195.999
5.027     195.999
5.033     202.911
5.039     194.870
5.045     194.870
5.050     194.870
5.056     195.999
5.062     200.580
5.068     198.277
5.074     197.135
5.079     192.632
5.085     194.870
5.091     195.999
5.097     197.135
5.103     194.870
5.108     194.870
5.114     194.870
5.120     195.999
5.126     195.999
5.132     193.748
5.137     194.870
5.143     197.135
5.149     198.277
5.155     194.870
5.161     190.419
5.166     191.523
5.172     193.748
5.178     177.668
5.184     183.933
5.190     192.632
5.195     194.870
5.201     192.632
5.207     189.323
5.213     189.323
5.219     192.632
5.224     193.748
5.230     192.632
5.236     187.148
5.242     192.632
5.248     197.135
5.254     195.999
5.259     192.632
5.265     193.748
5.271     193.748
5.277     193.748
5.283     192.632
5.288     193.748
5.294     194.870
5.300     194.870
5.306     193.748
5.312     192.632
5.317     195.999
5.323     195.999
5.329     191.523
5.335     189.323
5.341     193.748
5.346     194.870
5.352     194.870
5.358     192.632
5.364     193.748
5.370     195.999
5.375     197.135
5.381     193.748
5.387     191.523
5.393     192.632
5.399     193.748
5.404     193.748
5.410     154.668
5.416     158.284
5.422     155.564
5.428     154.668
5.433     157.372
5.439     157.372
5.445     155.564
5.451     154.668
5.457     156.466
5.462     158.284
5.468     155.564
5.474     154.668
5.480     155.564
5.486     157.372
5.492     154.668
5.497     153.778
5.503     154.668
5.509     156.466
5.515     155.564
5.521     154.668
5.526     154.668
5.532     158.284
5.538     157.372
5.544     154.668
5.550     154.668
5.555     154.668
5.561     154.668
5.567     155.564
5.573     154.668
5.579     152.892
5.584     153.778
5.590     155.564
5.596     155.564
5.602     155.564
5.608     154.668
5.613     153.778
5.619     155.564
5.625     155.564
5.631     154.668
5.637     154.668
5.642     156.466
5.648     157.372
5.654     158.284
5.660     158.284
5.666     155.564
5.671     156.466
5.677     192.632
5.683     192.632
5.689     192.632
5.695     191.523
5.700     190.419
5.706     191.523
5.712     193.748
5.718     195.999
5.724     195.999
5.730     195.999
5.735     197.135
5.741     198.277
5.747     197.135
5.753     197.135
5.759     195.999
5.764     195.999
5.770     195.999
5.776     195.999
5.782     197.135
5.788     195.999
5.793     194.870
5.799     193.748
5.805     195.999
5.811     194.870
5.817     191.523
5.822     190.419
5.828     193.748
5.834     193.748
5.840     192.632
5.846     189.323
5.851     190.419
5.857     191.523
5.863     192.632
5.869     192.632
5.875     189.323
5.880     187.148
5.886     188.232
5.892     190.419
5.898     189.323
5.904     182.874
5.909     184.999
5.915     184.999
5.921     183.933
5.927     182.874
5.933     183.933
5.939     182.874
5.944     182.874
5.950     182.874
5.956     169.644
5.962     174.615
5.968     178.697
5.973     181.820
5.979     179.732
5.985     175.627
5.991     175.627
5.997     298.801
6.002     297.080
6.008     293.668
6.014     290.295
6.020     286.960
6.026     286.960
6.031     288.623
6.037     290.295
6.043     288.623
6.049     286.960
6.055     286.960
6.060     285.307
6.066     285.307
6.072     285.307
6.078     283.664
6.084     285.307
6.089     286.960
6.095     288.623
6.101     288.623
6.107     288.623
6.113     290.295
6.118     293.668
6.124     291.976
6.130     290.295
6.136     290.295
6.142     293.668
6.147     293.668
6.153     291.976
6.159     291.976
6.165     293.668
6.171     293.668
6.177     293.668
6.182     293.668
6.188     293.668
6.194     293.668
6.200     293.668
6.206     291.976
6.211     293.668
6.217     293.668
6.223     293.668
6.229     293.668
6.235     293.668
6.240     291.976
6.246     293.668
6.252     293.668
6.258     291.976
6.264     293.668
6.269     293.668
6.275     291.976
6.281     291.976
6.287     293.668
6.293     295.369
6.298     293.668
6.304     291.976
6.310     291.976
6.316     293.668
6.322     293.668
6.327     291.976
6.333     291.976
6.339     293.668
6.345     291.976
6.351     291.976
6.356     293.668
6.362     293.668
6.368     293.668
6.374     293.668
6.380     293.668
6.385     291.976
6.391     293.668
6.397     293.668
6.403     293.668
6.409     293.668
6.415     293.668
6.420     293.668
6.426     293.668
6.432     293.668
6.438     293.668
6.444     291.976
6.449     291.976
6.455     291.976
6.461     293.668
6.467     293.668
6.473     293.668
6.478     293.668
6.484     293.668
6.490     293.668
6.496     293.668
6.502     293.668
6.507     293.668
6.513     293.668
6.519     293.668
6.525     293.668
6.531     293.668
6.536     293.668
6.542     293.668
6.548     293.668
6.554     293.668
6.560     291.976
6.565     293.668
6.571     293.668
6.577     293.668
6.583     293.668
6.589     295.369
6.594     293.668
6.600     290.295
6.606     293.668
6.612     293.668
6.618     293.668
6.623     293.668
6.629     293.668
6.635     293.668
6.641     293.668
6.647     293.668
6.653     293.668
6.658     293.668
6.664     291.976
6.670     293.668
6.676     293.668
6.682     293.668
6.687     291.976
6.693     293.668
6.699     293.668
6.705     293.668
6.711     291.976
6.716     293.668
6.722     293.668
6.728     291.976
6.734     293.668
6.740     293.668
6.745     293.668
6.751     293.668
6.757     293.668
6.763     293.668
6.769     293.668
6.774     291.976
6.780     291.976
6.786     291.976
6.792     291.976
6.798     291.976
6.803     293.668
6.809     293.668
6.815     293.668
6.821     293.668
6.827     293.668
6.832     293.668
6.838     293.668
6.844     293.668
6.850     293.668
6.856     291.976
6.861     293.668
6.867     291.976
6.873     293.668
6.879     293.668
6.885     293.668
6.891     293.668
6.896     293.668
6.902     293.668
6.908     293.668
6.914     293.668
6.920     293.668
6.925     293.668
6.931     293.668
6.937     293.668
6.943     293.668
6.949     293.668
6.954     293.668
6.960     293.668
6.966     293.668
6.972     293.668
6.978     293.668
6.983     293.668
6.989     293.668
6.995     293.668
7.001     293.668
7.007     295.369
7.012     293.668
7.018     293.668
7.024     293.668
7.030     293.668
7.036     291.976
7.041     293.668
7.047     293.668
7.053     293.668
7.059     295.369
7.065     295.369
7.070     293.668
7.076     293.668
7.082     293.668
7.088     293.668
7.094     293.668
7.100     293.668
7.105     293.668
7.111     293.668
7.117     293.668
7.123     291.976
7.129     291.976
7.134     293.668
7.140     291.976
7.146     291.976
7.152     293.668
7.158     293.668
7.163     291.976
7.169     293.668
7.175     293.668
7.181     293.668
7.187     293.668
7.192     293.668
7.198     293.668
7.204     293.668
7.210     293.668
7.216     293.668
7.221     293.668
7.227     293.668
7.233     293.668
7.239     293.668
7.245     291.976
7.250     291.976
7.256     293.668
7.262     291.976
7.268     293.668
7.274     293.668
7.279     293.668
7.285     293.668
7.291     293.668
7.297     295.369
7.303     293.668
7.308     293.668
7.314     295.369
7.320     293.668
7.326     293.668
7.332     293.668
7.338     293.668
7.343     293.668
7.349     293.668
7.355     291.976
7.361     293.668
7.367     293.668
7.372     293.668
7.378     293.668
7.384     293.668
7.390     293.668
7.396     293.668
7.401     293.668
7.407     293.668
7.413     293.668
7.419     293.668
7.425     293.668
7.430     291.976
7.436     293.668
7.442     293.668
7.448     293.668
7.454     291.976
7.459     293.668
7.465     293.668
7.471     291.976
7.477     291.976
7.483     291.976
7.488     293.668
7.494     293.668
7.500     291.976
7.506     293.668
7.512     295.369
7.517     293.668
7.523     291.976
7.529     293.668
7.535     293.668
7.541     293.668
7.546     293.668
7.552     293.668
7.558     293.668
7.564     291.976
7.570     291.976
7.576     291.976
7.581     293.668
7.587     293.668
7.593     291.976
7.599     293.668
7.605     293.668
7.610     291.976
7.616     291.976
7.622     293.668
7.628     293.668
7.634     293.668
7.639     293.668
7.645     293.668
7.651     293.668
7.657     293.668
7.663     293.668
7.668     293.668
7.674     295.369
7.680     295.369
7.686     293.668
7.692     293.668
7.697     293.668
7.703     295.369
7.709     295.369
7.715     295.369
7.721     295.369
7.726     295.369
7.732     293.668
7.738     293.668
7.744     295.369
7.750     295.369
7.755     295.369
7.761     295.369
7.767     295.369
7.773     295.369
7.779     293.668
7.784     295.369
7.790     295.369
7.796     295.369
7.802     297.080
7.808     295.369
7.814     295.369
7.819     295.369
7.825     297.080
7.831     297.080
7.837     298.801
7.843     298.801
7.848     298.801
7.854     300.532
7.860     300.532
7.866     297.080
7.872     297.080
7.877     298.801
7.883     300.532
7.889     297.080
7.895     298.801
7.901     298.801
7.906     293.668
7.912     291.976
7.918     290.295
7.924     290.295
7.930     286.960
7.935     285.307
7.941     283.664
7.947     282.030
7.953     278.791
7.959     275.589
7.964     274.001
7.970     274.001
7.976     272.423
7.982     270.854
7.988     269.294
7.993     264.668
7.999     261.628
8.005     261.628
8.011     261.628
8.017     261.628
8.022     260.121
8.028     258.623
8.034     258.623
8.040     255.652
8.046     255.652
8.052     254.180
8.057     254.180
8.063     254.180
8.069     251.260
8.075     252.716
8.081     257.133
8.086     258.623
8.092     258.623
8.098     258.623
8.104     260.121
8.110     260.121
8.115     260.121
8.121     260.121
8.127     260.121
8.133     260.121
8.139     260.121
8.144     260.121
8.150     260.121
8.156     260.121
8.162     260.121
8.168     261.628
8.173     261.628
8.179     261.628
8.185     261.628
8.191     261.628
8.197     261.628
8.202     261.628
8.208     261.628
8.214     261.628
8.220     261.628
8.226     261.628
8.231     261.628
8.237     261.628
8.243     261.628
8.249     261.628
8.255     261.628
8.260     261.628
8.266     261.628
8.272     261.628
8.278     261.628
8.284     261.628
8.290     261.628
8.295     263.144
8.301     261.628
8.307     261.628
8.313     261.628
8.319     261.628
8.324     261.628
8.330     260.121
8.336     260.121
8.342     261.628
8.348     261.628
8.353     261.628
8.359     261.628
8.365     261.628
8.371     261.628
8.377     261.628
8.382     263.144
8.388     263.144
8.394     263.144
8.400     263.144
8.406     263.144
8.411     263.144
8.417     263.144
8.423     261.628
8.429     261.628
8.435     261.628
8.440     261.628
8.446     261.628
8.452     261.628
8.458     261.628
8.464     261.628
8.469     261.628
8.475     261.628
8.481     261.628
8.487     261.628
8.493     261.628
8.499     260.121
8.504     261.628
8.510     261.628
8.516     261.628
8.522     261.628
8.528     261.628
8.533     263.144
8.539     261.628
8.545     130.813
8.551     130.813
8.557     129.311
8.562     128.566
8.568     130.060
8.574     130.813
8.580     130.813
8.586     130.060
8.591     130.813
8.597     130.813
8.603     130.813
8.609     130.060
8.615     129.311
8.620     130.813
8.626     130.813
8.632     130.813
8.638     130.813
8.644     130.060
8.649     130.060
8.655     130.813
8.661     130.813
8.667     130.060
8.673     129.311
8.678     129.311
8.684     130.060
8.690     130.060
8.696     130.060
8.702     129.311
8.707     129.311
8.713     130.813
8.719     130.813
8.725     130.813
8.731     130.060
8.737     130.060
8.742     130.813
8.748     130.813
8.754     132.333
8.760     130.060
8.766     130.060
8.771     130.813
8.777     130.813
8.783     130.813
8.789     130.060
8.795     129.311
8.800     129.311
8.806     128.566
8.812     128.566
8.818     127.826
8.824     125.630
8.829     128.566
8.835     127.089
8.841     127.089
8.847     128.566
8.853     126.357
8.858     127.089
8.864     128.566
8.870     128.566
8.876     128.566
8.882     127.089
8.887     128.566
8.893     132.333
8.899     132.333
8.905     130.813
8.911     128.566
8.916     127.826
8.922     131.571
8.928     0.000
8.934     0.000
8.940     0.000
8.945     0.000
8.951     0.000
8.957     0.000
8.963     0.000
8.969     0.000
8.975     0.000
8.980     0.000
8.986     0.000
8.992     0.000
8.998     0.000
9.004     0.000
9.009     0.000
9.015     0.000
9.021     0.000
9.027     0.000
9.033     0.000
9.038     0.000
9.044     0.000
9.050     0.000
9.056     0.000
9.062     0.000
9.067     0.000
9.073     0.000
9.079     152.892
9.085     152.011
9.091     148.539
9.096     152.011
9.102     149.400
9.108     147.684
9.114     147.684
9.120     144.311
9.125     145.988
9.131     146.833
9.137     145.988
9.143     147.684
9.149     146.833
9.154     147.684
9.160     149.400
9.166     150.265
9.172     151.136
9.178     158.284
9.183     157.372
9.189     159.201
9.195     161.050
9.201     162.922
9.207     162.922
9.213     165.770
9.218     167.696
9.224     165.770
9.230     166.730
9.236     171.615
9.242     167.696
9.247     166.730
9.253     170.627
9.259     172.610
9.265     169.644
9.271     171.615
9.276     169.644
9.282     168.667
9.288     170.627
9.294     173.610
9.300     172.610
9.305     171.615
9.311     169.644
9.317     169.644
9.323     170.627
9.329     174.615
9.334     176.644
9.340     175.627
9.346     173.610
9.352     172.610
9.358     171.615
9.363     173.610
9.369     175.627
9.375     175.627
9.381     173.610
9.387     173.610
9.392     172.610
9.398     174.615
9.404     176.644
9.410     176.644
9.416     176.644
9.421     174.615
9.427     175.627
9.433     176.644
9.439     179.732
9.445     180.773
9.451     177.668
9.456     172.610
9.462     168.667
9.468     163.866
9.474     170.627
9.480     173.610
9.485     175.627
9.491     175.627
9.497     175.627
9.503     177.668
9.509     180.773
9.514     188.232
9.520     191.523
9.526     190.419
9.532     190.419
9.538     192.632
9.543     192.632
9.549     192.632
9.555     194.870
9.561     180.773
9.567     178.697
9.572     178.697
9.578     293.668
9.584     293.668
9.590     293.668
9.596     293.668
9.601     97.999
9.607     201.742
9.613     205.269
9.619     207.654
9.625     208.857
9.630     207.654
9.636     206.458
9.642     205.269
9.648     206.458
9.654     207.654
9.660     207.654
9.665     204.087
9.671     201.742
9.677     204.087
9.683     206.458
9.689     207.654
9.694     205.269
9.700     200.580
9.706     202.911
9.712     206.458
9.718     207.654
9.723     206.458
9.729     202.911
9.735     198.277
9.741     201.742
9.747     205.269
9.752     206.458
9.758     204.087
9.764     0.000
9.770     0.000
9.776     177.668
9.781     173.610
9.787     295.369
9.793     295.369
9.799     293.668
9.805     295.369
9.810     297.080
9.816     297.080
9.822     297.080
9.828     298.801
9.834     297.080
9.839     297.080
9.845     275.589
9.851     272.423
9.857     270.854
9.863     270.854
9.868     267.743
9.874     260.121
9.880     257.133
9.886     257.133
9.892     251.260
9.898     242.701
9.903     237.158
9.909     230.407
9.915     216.222
9.921     216.222
9.927     218.735
9.932     220.002
9.938     217.475
9.944     213.739
9.950     205.269
9.956     200.580
9.961     201.742
9.967     198.277
9.973     197.135
9.979     198.277
9.985     194.870
9.990     195.999
9.996     197.135
10.002     195.999
10.008     195.999
10.014     194.870
10.019     193.748
10.025     193.748
10.031     192.632
10.037     195.999
10.043     195.999
10.048     194.870
10.054     195.999
10.060     198.277
10.066     200.580
10.072     200.580
10.077     198.277
10.083     198.277
10.089     198.277
10.095     197.135
10.101     197.135
10.106     197.135
10.112     194.870
10.118     194.870
10.124     197.135
10.130     195.999
10.136     194.870
10.141     194.870
10.147     194.870
10.153     195.999
10.159     197.135
10.165     197.135
10.170     195.999
10.176     195.999
10.182     198.277
10.188     198.277
10.194     198.277
10.199     198.277
10.205     198.277
10.211     198.277
10.217     198.277
10.223     198.277
10.228     197.135
10.234     195.999
10.240     195.999
10.246     197.135
10.252     197.135
10.257     194.870
10.263     197.135
10.269     197.135
10.275     198.277
10.281     198.277
10.286     197.135
10.292     195.999
10.298     197.135
10.304     198.277
10.310     198.277
10.315     198.277
10.321     198.277
10.327     199.425
10.333     199.425
10.339     200.580
10.344     199.425
10.350     198.277
10.356     197.135
10.362     197.135
10.368     197.135
10.374     197.135
10.379     195.999
10.385     195.999
10.391     195.999
10.397     197.135
10.403     198.277
10.408     197.135
10.414     0.000
10.420     0.000
10.426     0.000
10.432     0.000
10.437     0.000
10.443     0.000
10.449     0.000
10.455     0.000
10.461     0.000
10.466     0.000
10.472     0.000
10.478     0.000
10.484     0.000
10.490     0.000
10.495     0.000
10.501     0.000
10.507     0.000
10.513     0.000
10.519     0.000
10.524     0.000
10.530     0.000
10.536     0.000
10.542     0.000
10.548     0.000
10.553     0.000
10.559     0.000
10.565     0.000
10.571     0.000
10.577     0.000
10.582     0.000
10.588     0.000
10.594     0.000
10.600     0.000
10.606     0.000
10.612     0.000
10.617     0.000
10.623     0.000
10.629     0.000
10.635     0.000
10.641     0.000
10.646     0.000
10.652     0.000
10.658     0.000
10.664     0.000
10.670     0.000
10.675     0.000
10.681     0.000
10.687     0.000
10.693     0.000
10.699     0.000
10.704     0.000
10.710     0.000
10.716     0.000
10.722     0.000
10.728     0.000
10.733     0.000
10.739     0.000
10.745     0.000
10.751     0.000
10.757     0.000
10.762     0.000
10.768     0.000
10.774     0.000
10.780     0.000
10.786     0.000
10.791     0.000
10.797     0.000
10.803     0.000
10.809     0.000
10.815     0.000
10.820     0.000
10.826     0.000
10.832     0.000
10.838     0.000
10.844     0.000
10.850     0.000
10.855     0.000
10.861     0.000
10.867     0.000
10.873     0.000
10.879     0.000
10.884     0.000
10.890     0.000
10.896     197.135
10.902     198.277
10.908     198.277
10.913     197.135
10.919     195.999
10.925     194.870
10.931     194.870
10.937     193.748
10.942     192.632
10.948     191.523
10.954     192.632
10.960     194.870
10.966     197.135
10.971     195.999
10.977     193.748
10.983     190.419
10.989     190.419
10.995     193.748
11.000     195.999
11.006     197.135
11.012     194.870
11.018     191.523
11.024     190.419
11.029     192.632
11.035     0.000
11.041     0.000
11.047     0.000
11.053     0.000
11.059     0.000
11.064     0.000
11.070     0.000
11.076     0.000
11.082     0.000
11.088     0.000
11.093     0.000
11.099     0.000
11.105     0.000
11.111     0.000
11.117     0.000
11.122     0.000
11.128     0.000
11.134     0.000
11.140     0.000
11.146     0.000
11.151     0.000
11.157     0.000
11.163     0.000
11.169     0.000
11.175     0.000
11.180     0.000
11.186     0.000
11.192     0.000
11.198     0.000
11.204     0.000
11.209     0.000
11.215     0.000
11.221     0.000
11.227     0.000
11.233     0.000
11.238     0.000
11.244     0.000
11.250     0.000
11.256     0.000
11.262     0.000
11.267     0.000
11.273     0.000
11.279     0.000
11.285     0.000
11.291     0.000
11.297     0.000
11.302     0.000
11.308     0.000
11.314     0.000
11.320     0.000
11.326     0.000
11.331     0.000
11.337     0.000
11.343     0.000
11.349     0.000
11.355     0.000
11.360     0.000
11.366     0.000
11.372     0.000
11.378     0.000
11.384     0.000
11.389     0.000
11.395     0.000
11.401     0.000
11.407     0.000
11.413     0.000
11.418     0.000
11.424     0.000
11.430     0.000
11.436     0.000
11.442     0.000
11.447     0.000
11.453     0.000
11.459     0.000
11.465     0.000
11.471     0.000
11.476     0.000
11.482     0.000
11.488     0.000
11.494     0.000
11.500     0.000
11.505     0.000
11.511     0.000
11.517     0.000
11.523     0.000
11.529     0.000
11.535     0.000
11.540     0.000
11.546     0.000
11.552     0.000
11.558     0.000
11.564     0.000
11.569     0.000
11.575     0.000
11.581     0.000
11.587     0.000
11.593     0.000
11.598     0.000
11.604     0.000
11.610     0.000
11.616     0.000
11.622     0.000
11.627     0.000
11.633     0.000
11.639     0.000
11.645     0.000
11.651     0.000
11.656     0.000
11.662     0.000
11.668     0.000
11.674     0.000
11.680     0.000
11.685     0.000
11.691     0.000
11.697     0.000
11.703     0.000
11.709     0.000
11.714     0.000
11.720     0.000
11.726     0.000
11.732     0.000
11.738     0.000
11.743     0.000
11.749     0.000
11.755     0.000
11.761     0.000
11.767     0.000
11.773     0.000
11.778     0.000
11.784     0.000
11.790     0.000
11.796     0.000
11.802     0.000
11.807     0.000
11.813     0.000
11.819     0.000
11.825     0.000
11.831     0.000
11.836     0.000
11.842     0.000
11.848     0.000
11.854     0.000
11.860     0.000
11.865     0.000
11.871     0.000
11.877     0.000
11.883     0.000
11.889     0.000
11.894     0.000
11.900     0.000
11.906     0.000
11.912     0.000
11.918     0.000
11.923     0.000
11.929     0.000
11.935     0.000
11.941     0.000
11.947     0.000
11.952     0.000
11.958     0.000
11.964     0.000
11.970     0.000
11.976     0.000
11.981     0.000
11.987     0.000
11.993     0.000
11.999     0.000
12.005     0.000
12.011     0.000
12.016     0.000
12.022     0.000
12.028     0.000
12.034     0.000
12.040     221.276
12.045     222.558
12.051     223.847
12.057     222.558
12.063     216.222
12.069     199.425
12.074     199.425
12.080     198.277
12.086     195.999
12.092     195.999
12.098     201.742
12.103     207.654
12.109     210.067
12.115     207.654
12.121     216.222
12.127     222.558
12.132     225.144
12.138     229.080
12.144     231.741
12.150     233.084
12.156     234.434
12.161     234.434
12.167     239.914
12.173     246.944
12.179     252.716
12.185     251.260
12.190     248.374
12.196     242.701
12.202     242.701
12.208     255.652
12.214     257.133
12.220     254.180
12.225     241.304
12.231     244.107
12.237     258.623
12.243     261.628
12.249     260.121
12.254     254.180
12.260     261.628
12.266     263.144
12.272     261.628
12.278     260.121
12.283     258.623
12.289     261.628
12.295     260.121
12.301     252.716
12.307     255.652
12.312     260.121
12.318     260.121
12.324     257.133
12.330     252.716
12.336     260.121
12.341     260.121
12.347     258.623
12.353     252.716
12.359     257.133
12.365     260.121
12.370     258.623
12.376     254.180
12.382     251.260
12.388     235.792
12.394     234.434
12.399     235.792
12.405     235.792
12.411     223.847
12.417     218.735
12.423     216.222
12.428     221.276
12.434     226.448
12.440     223.847
12.446     214.977
12.452     214.977
12.458     221.276
12.463     231.741
12.469     242.701
12.475     257.133
12.481     258.623
12.487     257.133
12.492     252.716
12.498     258.623
12.504     260.121
12.510     258.623
12.516     255.652
12.521     255.652
12.527     258.623
12.533     260.121
12.539     258.623
12.545     257.133
12.550     258.623
12.556     258.623
12.562     255.652
12.568     244.107
12.574     249.813
12.579     257.133
12.585     258.623
12.591     257.133
12.597     257.133
12.603     261.628
12.608     260.121
12.614     258.623
12.620     261.628
12.626     263.144
12.632     261.628
12.637     260.121
12.643     261.628
12.649     263.144
12.655     261.628
12.661     258.623
12.666     263.144
12.672     263.144
12.678     263.144
12.684     260.121
12.690     261.628
12.696     263.144
12.701     263.144
12.707     260.121
12.713     260.121
12.719     263.144
12.725     263.144
12.730     260.121
12.736     258.623
12.742     263.144
12.748     263.144
12.754     260.121
12.759     257.133
12.765     235.792
12.771     235.792
12.777     234.434
12.783     231.741
12.788     222.558
12.794     216.222
12.800     218.735
12.806     226.448
12.812     226.448
12.817     218.735
12.823     218.735
12.829     221.276
12.835     223.847
12.841     221.276
12.846     221.276
12.852     222.558
12.858     226.448
12.864     235.792
12.870     233.084
12.875     221.276
12.881     218.735
12.887     225.144
12.893     226.448
12.899     218.735
12.904     213.739
12.910     214.977
12.916     218.735
12.922     220.002
12.928     220.002
12.934     221.276
12.939     220.002
12.945     218.735
12.951     218.735
12.957     220.002
12.963     220.002
12.968     218.735
12.974     954.136
12.980     982.094
12.986     976.438
12.992     970.814
12.997     976.438
13.003     965.222
13.009     965.222
13.015     959.663
13.021     959.663
13.026     965.222
13.032     948.640
13.038     874.946
13.044     916.326
13.050     911.048
13.055     926.973
13.061     916.326
13.067     926.973
13.073     895.397
13.079     216.222
13.084     217.475
13.090     221.276
13.096     221.276
13.102     220.002
13.108     220.002
13.113     220.002
13.119     218.735
13.125     218.735
13.131     218.735
13.137     222.558
13.142     223.847
13.148     223.847
13.154     222.558
13.160     221.276
13.166     221.276
13.172     220.002
13.177     220.002
13.183     220.002
13.189     218.735
13.195     220.002
13.201     222.558
13.206     223.847
13.212     244.107
13.218     246.944
13.224     249.813
13.230     249.813
13.235     248.374
13.241     251.260
13.247     254.180
13.253     255.652
13.259     257.133
13.264     258.623
13.270     258.623
13.276     258.623
13.282     258.623
13.288     260.121
13.293     260.121
13.299     258.623
13.305     258.623
13.311     260.121
13.317     260.121
13.322     260.121
13.328     260.121
13.334     261.628
13.340     261.628
13.346     260.121
13.351     261.628
13.357     261.628
13.363     261.628
13.369     261.628
13.375     260.121
13.380     261.628
13.386     260.121
13.392     261.628
13.398     263.144
13.404     261.628
13.410     258.623
13.415     261.628
13.421     261.628
13.427     263.144
13.433     261.628
13.439     260.121
13.444     261.628
13.450     261.628
13.456     260.121
13.462     260.121
13.468     260.121
13.473     260.121
13.479     260.121
13.485     258.623
13.491     258.623
13.497     258.623
13.502     258.623
13.508     257.133
13.514     257.133
13.520     258.623
13.526     257.133
13.531     257.133
13.537     255.652
13.543     257.133
13.549     258.623
13.555     258.623
13.560     260.121
13.566     261.628
13.572     261.628
13.578     260.121
13.584     260.121
13.589     260.121
13.595     260.121
13.601     258.623
13.607     258.623
13.613     260.121
13.619     260.121
13.624     258.623
13.630     257.133
13.636     260.121
13.642     260.121
13.648     258.623
13.653     255.652
13.659     258.623
13.665     260.121
13.671     260.121
13.677     258.623
13.682     258.623
13.688     260.121
13.694     260.121
13.700     258.623
13.706     258.623
13.711     258.623
13.717     258.623
13.723     260.121
13.729     260.121
13.735     258.623
13.740     258.623
13.746     258.623
13.752     258.623
13.758     257.133
13.764     258.623
13.769     258.623
13.775     260.121
13.781     260.121
13.787     261.628
13.793     263.144
13.798     263.144
13.804     264.668
13.810     264.668
13.816     266.201
13.822     266.201
13.827     266.201
13.833     267.743
13.839     269.294
13.845     266.201
13.851     264.668
13.857     264.668
13.862     263.144
13.868     260.121
13.874     258.623
13.880     258.623
13.886     257.133
13.891     257.133
13.897     255.652
13.903     254.180
13.909     254.180
13.915     254.180
13.920     255.652
13.926     255.652
13.932     254.180
13.938     252.716
13.944     255.652
13.949     255.652
13.955     257.133
13.961     258.623
13.967     260.121
13.973     260.121
13.978     261.628
13.984     261.628
13.990     261.628
13.996     261.628
14.002     261.628
14.007     261.628
14.013     263.144
14.019     261.628
14.025     261.628
14.031     261.628
14.036     261.628
14.042     261.628
14.048     263.144
14.054     261.628
14.060     260.121
14.065     260.121
14.071     260.121
14.077     258.623
14.083     257.133
14.089     257.133
14.095     248.374
14.100     238.532
14.106     227.760
14.112     229.080
14.118     229.080
14.124     210.067
14.129     210.067
14.135     207.654
14.141     204.087
14.147     205.269
14.153     207.654
14.158     210.067
14.164     210.067
14.170     207.654
14.176     206.458
14.182     205.269
14.187     206.458
14.193     207.654
14.199     208.857
14.205     208.857
14.211     208.857
14.216     208.857
14.222     207.654
14.228     205.269
14.234     204.087
14.240     207.654
14.245     211.284
14.251     211.284
14.257     207.654
14.263     200.580
14.269     200.580
14.274     207.654
14.280     211.284
14.286     211.284
14.292     208.857
14.298     205.269
14.303     206.458
14.309     208.857
14.315     208.857
14.321     206.458
14.327     205.269
14.333     208.857
14.338     210.067
14.344     208.857
14.350     204.087
14.356     200.580
14.362     206.458
14.367     211.284
14.373     211.284
14.379     205.269
14.385     200.580
14.391     202.911
14.396     208.857
14.402     211.284
14.408     208.857
14.414     205.269
14.420     204.087
14.425     207.654
14.431     208.857
14.437     207.654
14.443     202.911
14.449     202.911
14.454     207.654
14.460     210.067
14.466     208.857
14.472     202.911
14.478     200.580
14.483     206.458
14.489     211.284
14.495     211.284
14.501     206.458
14.507     200.580
14.512     204.087
14.518     208.857
14.524     210.067
14.530     207.654
14.536     201.742
14.541     204.087
14.547     208.857
14.553     208.857
14.559     207.654
14.565     204.087
14.571     204.087
14.576     205.269
14.582     205.269
14.588     205.269
14.594     208.857
14.600     210.067
14.605     208.857
14.611     207.654
14.617     206.458
14.623     200.580
14.629     200.580
14.634     207.654
14.640     212.508
14.646     217.475
14.652     211.284
14.658     210.067
14.663     211.284
14.669     210.067
14.675     208.857
14.681     204.087
14.687     202.911
14.692     206.458
14.698     257.133
14.704     258.623
14.710     261.628
14.716     263.144
14.721     263.144
14.727     264.668
14.733     264.668
14.739     264.668
14.745     264.668
14.750     264.668
14.756     266.201
14.762     267.743
14.768     269.294
14.774     269.294
14.780     270.854
14.785     270.854
14.791     270.854
14.797     270.854
14.803     269.294
14.809     269.294
14.814     269.294
14.820     267.743
14.826     267.743
14.832     269.294
14.838     269.294
14.843     270.854
14.849     270.854
14.855     270.854
14.861     272.423
14.867     270.854
14.872     272.423
14.878     272.423
14.884     270.854
14.890     272.423
14.896     272.423
14.901     272.423
14.907     272.423
14.913     272.423
14.919     274.001
14.925     274.001
14.930     275.589
14.936     275.589
14.942     275.589
14.948     275.589
14.954     274.001
14.959     270.854
14.965     269.294
14.971     269.294
14.977     349.232
14.983     349.232
14.988     349.232
14.994     349.232
15.000     349.232
15.006     349.232
15.012     349.232
15.018     349.232
15.023     349.232
15.029     349.232
15.035     349.232
15.041     349.232
15.047     349.232
15.052     349.232
15.058     206.458
15.064     210.067
15.070     210.067
15.076     205.269
15.081     202.911
15.087     205.269
15.093     207.654
15.099     208.857
15.105     206.458
15.110     205.269
15.116     205.269
15.122     204.087
15.128     204.087
15.134     204.087
15.139     202.911
15.145     205.269
15.151     211.284
15.157     212.508
15.163     206.458
15.168     202.911
15.174     202.911
15.180     202.911
15.186     202.911
15.192     205.269
15.197     204.087
15.203     204.087
15.209     205.269
15.215     205.269
15.221     205.269
15.226     204.087
15.232     205.269
15.238     205.269
15.244     206.458
15.250     205.269
15.256     204.087
15.261     204.087
15.267     204.087
15.273     205.269
15.279     206.458
15.285     205.269
15.290     202.911
15.296     202.911
15.302     205.269
15.308     207.654
15.314     206.458
15.319     205.269
15.325     202.911
15.331     205.269
15.337     207.654
15.343     207.654
15.348     206.458
15.354     205.269
15.360     205.269
15.366     206.458
15.372     206.458
15.377     206.458
15.383     205.269
15.389     206.458
15.395     206.458
15.401     206.458
15.406     204.087
15.412     205.269
15.418     207.654
15.424     207.654
15.430     208.857
15.435     206.458
15.441     206.458
15.447     207.654
15.453     207.654
15.459     206.458
15.464     204.087
15.470     202.911
15.476     205.269
15.482     208.857
15.488     208.857
15.494     206.458
15.499     202.911
15.505     202.911
15.511     206.458
15.517     207.654
15.523     207.654
15.528     205.269
15.534     202.911
15.540     204.087
15.546     206.458
15.552     207.654
15.557     207.654
15.563     208.857
15.569     208.857
15.575     206.458
15.581     204.087
15.586     200.580
15.592     200.580
15.598     207.654
15.604     210.067
15.610     210.067
15.615     208.857
15.621     205.269
15.627     205.269
15.633     207.654
15.639     212.508
15.644     213.739
15.650     211.284
15.656     204.087
15.662     201.742
15.668     205.269
15.673     211.284
15.679     216.222
15.685     214.977
15.691     214.977
15.697     213.739
15.702     207.654
15.708     204.087
15.714     201.742
15.720     204.087
15.726     210.067
15.732     212.508
15.737     211.284
15.743     207.654
15.749     204.087
15.755     349.232
15.761     173.610
15.766     173.610
15.772     175.627
15.778     174.615
15.784     174.615
15.790     173.610
15.795     173.610
15.801     175.627
15.807     175.627
15.813     175.627
15.819     175.627
15.824     175.627
15.830     175.627
15.836     177.668
15.842     177.668
15.848     176.644
15.853     175.627
15.859     178.697
15.865     177.668
15.871     180.773
15.877     176.644
15.882     176.644
15.888     178.697
15.894     176.644
15.900     175.627
15.906     172.610
15.911     171.615
15.917     174.615
15.923     171.615
15.929     169.644
15.935     167.696
15.940     168.667
15.946     193.748
15.952     194.870
15.958     198.277
15.964     200.580
15.970     200.580
15.975     198.277
15.981     197.135
15.987     199.425
15.993     199.425
15.999     195.999
16.004     190.419
16.010     184.999
16.016     192.632
16.022     195.999
16.028     198.277
16.033     198.277
16.039     197.135
16.045     193.748
16.051     191.523
16.057     189.323
16.062     191.523
16.068     193.748
16.074     193.748
16.080     191.523
16.086     193.748
16.091     193.748
16.097     193.748
16.103     191.523
16.109     194.870
16.115     200.580
16.120     204.087
16.126     201.742
16.132     195.999
16.138     195.999
16.144     193.748
16.149     191.523
16.155     190.419
16.161     190.419
16.167     191.523
16.173     191.523
16.179     191.523
16.184     193.748
16.190     193.748
16.196     193.748
16.202     191.523
16.208     191.523
16.213     155.564
16.219     152.892
16.225     155.564
16.231     155.564
16.237     155.564
16.242     153.778
16.248     153.778
16.254     155.564
16.260     156.466
16.266     154.668
16.271     154.668
16.277     157.372
16.283     157.372
16.289     155.564
16.295     154.668
16.300     155.564
16.306     156.466
16.312     155.564
16.318     154.668
16.324     155.564
16.329     156.466
16.335     155.564
16.341     154.668
16.347     155.564
16.353     156.466
16.358     155.564
16.364     155.564
16.370     155.564
16.376     156.466
16.382     156.466
16.387     155.564
16.393     155.564
16.399     156.466
16.405     157.372
16.411     156.466
16.417     154.668
16.422     154.668
16.428     155.564
16.434     156.466
16.440     155.564
16.446     154.668
16.451     154.668
16.457     155.564
16.463     155.564
16.469     156.466
16.475     156.466
16.480     154.668
16.486     154.668
16.492     155.564
16.498     155.564
16.504     155.564
16.509     154.668
16.515     194.870
16.521     192.632
16.527     192.632
16.533     194.870
16.538     194.870
16.544     193.748
16.550     193.748
16.556     194.870
16.562     197.135
16.567     198.277
16.573     197.135
16.579     199.425
16.585     201.742
16.591     204.087
16.596     204.087
16.602     205.269
16.608     204.087
16.614     207.654
16.620     213.739
16.625     218.735
16.631     216.222
16.637     216.222
16.643     217.475
16.649     220.002
16.655     223.847
16.660     227.760
16.666     229.080
16.672     229.080
16.678     233.084
16.684     235.792
16.689     238.532
16.695     238.532
16.701     239.914
16.707     241.304
16.713     244.107
16.718     246.944
16.724     248.374
16.730     249.813
16.736     252.716
16.742     254.180
16.747     254.180
16.753     255.652
16.759     257.133
16.765     255.652
16.771     257.133
16.776     258.623
16.782     258.623
16.788     260.121
16.794     261.628
16.800     261.628
16.805     261.628
16.811     261.628
16.817     263.144
16.823     263.144
16.829     263.144
16.834     263.144
16.840     263.144
16.846     263.144
16.852     263.144
16.858     263.144
16.863     261.628
16.869     261.628
16.875     261.628
16.881     261.628
16.887     261.628
16.893     261.628
16.898     261.628
16.904     261.628
16.910     260.121
16.916     260.121
16.922     258.623
16.927     257.133
16.933     257.133
16.939     255.652
16.945     254.180
16.951     255.652
16.956     255.652
16.962     257.133
16.968     257.133
16.974     257.133
16.980     258.623
16.985     258.623
16.991     260.121
16.997     260.121
17.003     261.628
17.009     261.628
17.014     261.628
17.020     261.628
17.026     260.121
17.032     258.623
17.038     257.133
17.043     252.716
17.049     251.260
17.055     258.623
17.061     255.652
17.067     254.180
17.072     252.716
17.078     251.260
17.084     248.374
17.090     246.944
17.096     238.532
17.101     226.448
17.107     221.276
17.113     220.002
17.119     214.977
17.125     210.067
17.131     207.654
17.136     200.580
17.142     198.277
17.148     194.870
17.154     190.419
17.160     194.870
17.165     195.999
17.171     193.748
17.177     193.748
17.183     193.748
17.189     194.870
17.194     194.870
17.200     193.748
17.206     194.870
17.212     194.870
17.218     194.870
17.223     194.870
17.229     195.999
17.235     195.999
17.241     195.999
17.247     194.870
17.252     194.870
17.258     195.999
17.264     195.999
17.270     195.999
17.276     194.870
17.281     195.999
17.287     195.999
17.293     195.999
17.299     195.999
17.305     195.999
17.310     195.999
17.316     195.999
17.322     195.999
17.328     195.999
17.334     197.135
17.340     195.999
17.345     195.999
17.351     195.999
17.357     195.999
17.363     195.999
17.369     195.999
17.374     195.999
17.380     197.135
17.386     197.135
17.392     195.999
17.398     197.135
17.403     197.135
17.409     198.277
17.415     198.277
17.421     198.277
17.427     193.748
17.432     197.135
17.438     197.135
17.444     195.999
17.450     194.870
17.456     198.277
17.461     198.277
17.467     195.999
17.473     194.870
17.479     195.999
17.485     198.277
17.490     194.870
17.496     191.523
17.502     195.999
17.508     197.135
17.514     195.999
17.519     190.419
17.525     194.870
17.531     197.135
17.537     197.135
17.543     192.632
17.548     193.748
17.554     195.999
17.560     195.999
17.566     192.632
17.572     191.523
17.578     199.425
17.583     202.911
17.589     204.087
17.595     200.580
17.601     197.135
17.607     195.999
17.612     194.870
17.618     193.748
17.624     194.870
17.630     195.999
17.636     195.999
17.641     193.748
17.647     194.870
17.653     197.135
17.659     197.135
17.665     195.999
17.670     195.999
17.676     197.135
17.682     197.135
17.688     194.870
17.694     193.748
17.699     194.870
17.705     195.999
17.711     194.870
17.717     193.748
17.723     194.870
17.728     195.999
17.734     195.999
17.740     193.748
17.746     194.870
17.752     195.999
17.757     195.999
17.763     194.870
17.769     0.000
17.775     0.000
17.781     0.000
17.786     0.000
17.792     0.000
17.798     0.000
17.804     0.000
17.810     0.000
17.816     0.000
17.821     0.000
17.827     0.000
17.833     0.000
17.839     0.000
17.845     0.000
17.850     0.000
17.856     0.000
17.862     0.000
17.868     0.000
17.874     0.000
17.879     0.000
17.885     0.000
17.891     0.000
17.897     0.000
17.903     0.000
17.908     0.000
17.914     201.742
17.920     199.425
17.926     195.999
17.932     195.999
17.937     199.425
17.943     201.742
17.949     204.087
17.955     198.277
17.961     197.135
17.966     197.135
17.972     193.748
17.978     194.870
17.984     194.870
17.990     195.999
17.995     198.277
18.001     202.911
18.007     205.269
18.013     205.269
18.019     198.277
18.024     189.323
18.030     179.732
18.036     177.668
18.042     96.316
18.048     96.316
18.054     95.761
18.059     96.874
18.065     96.874
18.071     99.712
18.077     97.999
18.083     97.999
18.088     92.499
18.094     97.999
18.100     97.435
18.106     103.827
18.112     102.634
18.117     101.455
18.123     99.138
18.129     102.043
18.135     103.827
18.141     103.827
18.146     103.229
18.152     98.567
18.158     99.712
18.164     170.627
18.170     171.615
18.175     173.610
18.181     175.627
18.187     175.627
18.193     176.644
18.199     176.644
18.204     176.644
18.210     176.644
18.216     176.644
18.222     175.627
18.228     175.627
18.233     175.627
18.239     174.615
18.245     174.615
18.251     173.610
18.257     173.610
18.262     173.610
18.268     174.615
18.274     174.615
18.280     175.627
18.286     175.627
18.292     176.644
18.297     174.615
18.303     177.668
18.309     177.668
18.315     175.627
18.321     174.615
18.326     170.627
18.332     174.615
18.338     176.644
18.344     176.644
18.350     173.610
18.355     171.615
18.361     171.615
18.367     174.615
18.373     176.644
18.379     176.644
18.384     173.610
18.390     171.615
18.396     170.627
18.402     173.610
18.408     175.627
18.413     176.644
18.419     174.615
18.425     168.667
18.431     167.696
18.437     171.615
18.442     175.627
18.448     176.644
18.454     176.644
18.460     172.610
18.466     170.627
18.471     172.610
18.477     176.644
18.483     174.615
18.489     175.627
18.495     174.615
18.500     174.615
18.506     171.615
18.512     174.615
18.518     175.627
18.524     175.627
18.530     171.615
18.535     167.696
18.541     169.644
18.547     173.610
18.553     175.627
18.559     174.615
18.564     171.615
18.570     169.644
18.576     173.610
18.582     181.820
18.588     181.820
18.593     184.999
18.599     195.999
18.605     205.269
18.611     210.067
18.617     208.857
18.622     207.654
18.628     207.654
18.634     207.654
18.640     206.458
18.646     204.087
18.651     202.911
18.657     198.277
18.663     195.999
18.669     197.135
18.675     207.654
18.680     206.458
18.686     204.087
18.692     205.269
18.698     205.269
18.704     206.458
18.709     206.458
18.715     204.087
18.721     204.087
18.727     204.087
18.733     205.269
18.739     206.458
18.744     206.458
18.750     204.087
18.756     204.087
18.762     204.087
18.768     202.911
18.773     205.269
18.779     204.087
18.785     205.269
18.791     206.458
18.797     206.458
18.802     206.458
18.808     206.458
18.814     204.087
18.820     206.458
18.826     205.269
18.831     205.269
18.837     205.269
18.843     206.458
18.849     206.458
18.855     207.654
18.860     206.458
18.866     206.458
18.872     206.458
18.878     205.269
18.884     207.654
18.889     207.654
18.895     205.269
18.901     206.458
18.907     205.269
18.913     208.857
18.918     208.857
18.924     206.458
18.930     206.458
18.936     206.458
18.942     206.458
18.947     207.654
18.953     206.458
18.959     201.742
18.965     202.911
18.971     200.580
18.977     195.999
18.982     396.555
18.988     389.742
18.994     378.647
19.000     405.824
19.006     396.555
19.011     401.163
19.017     383.047
19.023     372.142
19.029     374.298
19.035     347.221
19.040     349.232
19.046     349.232
19.052     347.221
19.058     345.221
19.064     345.221
19.069     347.221
19.075     349.232
19.081     351.255
19.087     351.255
19.093     205.269
19.098     195.999
19.104     193.748
19.110     205.269
19.116     207.654
19.122     202.911
19.127     201.742
19.133     206.458
19.139     205.269
19.145     205.269
19.151     206.458
19.156     206.458
19.162     206.458
19.168     211.284
19.174     213.739
19.180     217.475
19.185     217.475
19.191     221.276
19.197     223.847
19.203     225.144
19.209     226.448
19.215     229.080
19.220     231.741
19.226     237.158
19.232     239.914
19.238     239.914
19.244     239.914
19.249     239.914
19.255     241.304
19.261     242.701
19.267     241.304
19.273     241.304
19.278     241.304
19.284     242.701
19.290     244.107
19.296     244.107
19.302     244.107
19.307     244.107
19.313     244.107
19.319     244.107
19.325     244.107
19.331     242.701
19.336     242.701
19.342     244.107
19.348     244.107
19.354     244.107
19.360     242.701
19.365     242.701
19.371     242.701
19.377     242.701
19.383     242.701
19.389     242.701
19.394     242.701
19.400     242.701
19.406     244.107
19.412     244.107
19.418     245.522
19.423     246.944
19.429     246.944
19.435     246.944
19.441     246.944
19.447     246.944
19.453     246.944
19.458     246.944
19.464     245.522
19.470     245.522
19.476     245.522
19.482     245.522
19.487     245.522
19.493     245.522
19.499     246.944
19.505     248.374
19.511     248.374
19.516     248.374
19.522     249.813
19.528     249.813
19.534     249.813
19.540     249.813
19.545     248.374
19.551     245.522
19.557     244.107
19.563     241.304
19.569     239.914
19.574     237.158
19.580     237.158
19.586     238.532
19.592     231.741
19.598     226.448
19.603     217.475
19.609     216.222
19.615     214.977
19.621     212.508
19.627     210.067
19.632     212.508
19.638     211.284
19.644     208.857
19.650     206.458
19.656     206.458
19.661     206.458
19.667     206.458
19.673     206.458
19.679     205.269
19.685     205.269
19.691     206.458
19.696     207.654
19.702     208.857
19.708     207.654
19.714     207.654
19.720     206.458
19.725     207.654
19.731     206.458
19.737     206.458
19.743     206.458
19.749     205.269
19.754     206.458
19.760     206.458
19.766     206.458
19.772     206.458
19.778     204.087
19.783     205.269
19.789     207.654
19.795     206.458
19.801     199.425
19.807     194.870
19.812     195.999
19.818     199.425
19.824     176.644
19.830     176.644
19.836     170.627
19.841     174.615
19.847     174.615
19.853     179.732
19.859     176.644
19.865     174.615
19.870     179.732
19.876     175.627
19.882     174.615
19.888     175.627
19.894     178.697
19.900     176.644
19.905     167.696
19.911     174.615
19.917     0.000
19.923     0.000
19.929     0.000
19.934     0.000
19.940     0.000
19.946     0.000
19.952     0.000
19.958     0.000
19.963     0.000
19.969     0.000
19.975     0.000
19.981     0.000
19.987     0.000
19.992     0.000
19.998     0.000
20.004     0.000
20.010     0.000
20.016     0.000
20.021     0.000
20.027     0.000
20.033     0.000
20.039     0.000
20.045     0.000
20.050     197.135
20.056     197.135
20.062     197.135
20.068     195.999
20.074     194.870
20.079     194.870
20.085     193.748
20.091     193.748
20.097     193.748
20.103     163.866
20.108     165.770
20.114     164.815
20.120     160.123
20.126     161.983
20.132     166.730
20.138     166.730
20.143     165.770
20.149     162.922
20.155     161.983
20.161     164.815
20.167     165.770
20.172     167.696
20.178     167.696
20.184     164.815
20.190     161.983
20.196     164.815
20.201     164.815
20.207     163.866
20.213     164.815
20.219     161.983
20.225     162.922
20.230     164.815
20.236     164.815
20.242     164.815
20.248     165.770
20.254     162.922
20.259     163.866
20.265     164.815
20.271     164.815
20.277     164.815
20.283     163.866
20.288     162.922
20.294     161.983
20.300     162.922
20.306     163.866
20.312     164.815
20.317     165.770
20.323     162.922
20.329     159.201
20.335     161.983
20.341     165.770
20.346     170.627
20.352     171.615
20.358     163.866
20.364     162.922
20.370     164.815
20.376     165.770
20.381     166.730
20.387     166.730
20.393     169.644
20.399     170.627
20.405     166.730
20.410     164.815
20.416     164.815
20.422     163.866
20.428     163.866
20.434     170.627
20.439     163.866
20.445     159.201
20.451     162.922
20.457     163.866
20.463     165.770
20.468     161.983
20.474     161.050
20.480     164.815
20.486     164.815
20.492     164.815
20.497     161.983
20.503     164.815
20.509     164.815
20.515     164.815
20.521     164.815
20.526     164.815
20.532     163.866
20.538     164.815
20.544     164.815
20.550     164.815
20.555     169.644
20.561     164.815
20.567     161.983
20.573     164.815
20.579     162.922
20.584     163.866
20.590     163.866
20.596     164.815
20.602     162.922
20.608     164.815
20.614     164.815
20.619     164.815
20.625     164.815
20.631     163.866
20.637     164.815
20.643     189.323
20.648     183.933
20.654     187.148
20.660     195.999
20.666     198.277
20.672     195.999
20.677     183.933
20.683     181.820
20.689     183.933
20.695     195.999
20.701     199.425
20.706     194.870
20.712     183.933
20.718     182.874
20.724     187.148
20.730     197.135
20.735     198.277
20.741     194.870
20.747     184.999
20.753     182.874
20.759     189.323
20.764     197.135
20.770     197.135
20.776     193.748
20.782     182.874
20.788     182.874
20.793     192.632
20.799     197.135
20.805     195.999
20.811     191.523
20.817     194.870
20.822     189.323
20.828     194.870
20.834     198.277
20.840     195.999
20.846     191.523
20.852     184.999
20.857     190.419
20.863     193.748
20.869     194.870
20.875     190.419
20.881     193.748
20.886     192.632
20.892     197.135
20.898     194.870
20.904     181.820
20.910     188.232
20.915     195.999
20.921     198.277
20.927     198.277
20.933     197.135
20.939     192.632
20.944     190.419
20.950     186.070
20.956     188.232
20.962     194.870
20.968     199.425
20.973     198.277
20.979     194.870
20.985     191.523
20.991     190.419
20.997     189.323
21.002     190.419
21.008     197.135
21.014     201.742
21.020     199.425
21.026     195.999
21.031     194.870
21.037     194.870
21.043     0.000
21.049     0.000
21.055     0.000
21.060     0.000
21.066     0.000
21.072     0.000
21.078     0.000
21.084     0.000
21.090     0.000
21.095     0.000
21.101     0.000
21.107     0.000
21.113     0.000
21.119     0.000
21.124     0.000
21.130     0.000
21.136     0.000
21.142     0.000
21.148     0.000
21.153     466.170
21.159     477.066
21.165     482.609
21.171     493.890
21.177     502.523
21.182     171.615
21.188     171.615
21.194     173.610
21.200     178.697
21.206     182.874
21.211     182.874
21.217     180.773
21.223     182.874
21.229     181.820
21.235     182.874
21.240     180.773
21.246     179.732
21.252     179.732
21.258     179.732
21.264     180.773
21.269     179.732
21.275     180.773
21.281     181.820
21.287     180.773
21.293     181.820
21.299     179.732
21.304     176.644
21.310     177.668
21.316     177.668
21.322     179.732
21.328     179.732
21.333     177.668
21.339     172.610
21.345     169.644
21.351     171.615
21.357     173.610
21.362     175.627
21.368     173.610
21.374     175.627
21.380     176.644
21.386     175.627
21.391     174.615
21.397     175.627
21.403     176.644
21.409     173.610
21.415     169.644
21.420     177.668
21.426     191.523
21.432     193.748
21.438     194.870
21.444     198.277
21.449     201.742
21.455     202.911
21.461     201.742
21.467     199.425
21.473     198.277
21.478     199.425
21.484     200.580
21.490     201.742
21.496     201.742
21.502     199.425
21.507     201.742
21.513     202.911
21.519     202.911
21.525     205.269
21.531     205.269
21.537     202.911
21.542     201.742
21.548     202.911
21.554     204.087
21.560     205.269
21.566     205.269
21.571     175.627
21.577     179.732
21.583     178.697
21.589     175.627
21.595     174.615
21.600     179.732
21.606     172.610
21.612     172.610
21.618     171.615
21.624     170.627
21.629     160.123
21.635     160.123
21.641     160.123
21.647     160.123
21.653     160.123
21.658     160.123
21.664     161.050
21.670     161.050
21.676     163.866
21.682     174.615
21.687     177.668
21.693     175.627
21.699     174.615
21.705     165.770
21.711     168.667
21.716     172.610
21.722     172.610
21.728     176.644
21.734     171.615
21.740     165.770
21.745     170.627
21.751     172.610
21.757     173.610
21.763     174.615
21.769     176.644
21.775     174.615
21.780     175.627
21.786     176.644
21.792     176.644
21.798     178.697
21.804     176.644
21.809     175.627
21.815     172.610
21.821     175.627
21.827     182.874
21.833     184.999
21.838     179.732
21.844     174.615
21.850     173.610
21.856     176.644
21.862     178.697
21.867     178.697
21.873     174.615
21.879     179.732
21.885     177.668
21.891     174.615
21.896     179.732
21.902     186.070
21.908     191.523
21.914     201.742
21.920     213.739
21.925     217.475
21.931     218.735
21.937     218.735
21.943     218.735
21.949     216.222
21.954     211.284
21.960     197.135
21.966     198.277
21.972     199.425
21.978     188.232
21.983     191.523
21.989     195.999
21.995     194.870
22.001     198.277
22.007     199.425
22.013     198.277
22.018     195.999
22.024     190.419
22.030     189.323
22.036     191.523
22.042     192.632
22.047     192.632
22.053     190.419
22.059     189.323
22.065     192.632
22.071     193.748
22.076     193.748
22.082     193.748
22.088     191.523
22.094     191.523
22.100     192.632
22.105     193.748
22.111     193.748
22.117     192.632
22.123     191.523
22.129     191.523
22.134     192.632
22.140     194.870
22.146     194.870
22.152     194.870
22.158     193.748
22.163     193.748
22.169     193.748
22.175     195.999
22.181     194.870
22.187     192.632
22.192     188.232
22.198     184.999
22.204     190.419
22.210     197.135
22.216     195.999
22.221     194.870
22.227     183.933
22.233     183.933
22.239     193.748
22.245     195.999
22.251     198.277
22.256     194.870
22.262     190.419
22.268     194.870
22.274     197.135
22.280     199.425
22.285     197.135
22.291     193.748
22.297     193.748
22.303     195.999
22.309     197.135
22.314     197.135
22.320     193.748
22.326     191.523
22.332     193.748
22.338     197.135
22.343     197.135
22.349     194.870
22.355     190.419
22.361     188.232
22.367     192.632
22.372     195.999
22.378     195.999
22.384     193.748
22.390     188.232
22.396     188.232
22.401     192.632
22.407     197.135
22.413     198.277
22.419     194.870
22.425     190.419
22.430     189.323
22.436     195.999
22.442     199.425
22.448     198.277
22.454     190.419
22.460     193.748
22.465     193.748
22.471     197.135
22.477     199.425
22.483     190.419
22.489     193.748
22.494     192.632
22.500     194.870
22.506     193.748
22.512     195.999
22.518     197.135
22.523     193.748
22.529     187.148
22.535     0.000
22.541     0.000
22.547     0.000
22.552     164.815
22.558     170.627
22.564     166.730
22.570     161.983
22.576     162.922
22.581     164.815
22.587     167.696
22.593     165.770
22.599     162.922
22.605     162.922
22.610     165.770
22.616     167.696
22.622     165.770
22.628     162.922
22.634     162.922
22.639     164.815
22.645     165.770
22.651     165.770
22.657     162.922
22.663     162.922
22.668     164.815
22.674     165.770
22.680     164.815
22.686     162.922
22.692     0.000
22.698     0.000
22.703     0.000
22.709     0.000
