0.000     0.000
0.006     0.000
0.012     0.000
0.017     0.000
0.023     213.739
0.029     214.977
0.035     214.977
0.041     220.002
0.046     221.276
0.052     223.847
0.058     225.144
0.064     227.760
0.070     230.407
0.075     231.741
0.081     231.741
0.087     233.084
0.093     234.434
0.099     234.434
0.104     235.792
0.110     235.792
0.116     237.158
0.122     237.158
0.128     238.532
0.134     238.532
0.139     238.532
0.145     239.914
0.151     242.701
0.157     245.522
0.163     248.374
0.168     249.813
0.174     251.260
0.180     251.260
0.186     252.716
0.192     251.260
0.197     251.260
0.203     251.260
0.209     251.260
0.215     252.716
0.221     254.180
0.226     255.652
0.232     257.133
0.238     258.623
0.244     261.628
0.250     264.668
0.255     269.294
0.261     270.854
0.267     274.001
0.273     274.001
0.279     288.623
0.284     297.080
0.290     304.024
0.296     314.745
0.302     320.247
0.308     327.732
0.313     329.631
0.319     333.461
0.325     335.393
0.331     339.290
0.337     341.256
0.342     343.232
0.348     345.221
0.354     347.221
0.360     347.221
0.366     347.221
0.372     347.221
0.377     347.221
0.383     347.221
0.389     347.221
0.395     347.221
0.401     347.221
0.406     347.221
0.412     347.221
0.418     347.221
0.424     345.221
0.430     343.232
0.435     341.256
0.441     337.336
0.447     329.631
0.453     0.000
0.459     0.000
0.464     0.000
0.470     132.333
0.476     131.571
0.482     130.813
0.488     128.566
0.493     127.826
0.499     128.566
0.505     131.571
0.511     131.571
0.517     131.571
0.522     128.566
0.528     130.060
0.534     130.813
0.540     131.571
0.546     129.311
0.551     130.813
0.557     130.813
0.563     131.571
0.569     130.813
0.575     129.311
0.580     129.311
0.586     130.813
0.592     0.000
0.598     0.000
0.604     302.273
0.610     307.556
0.615     307.556
0.621     309.338
0.627     309.338
0.633     309.338
0.639     307.556
0.644     307.556
0.650     309.338
0.656     307.556
0.662     305.785
0.668     305.785
0.673     305.785
0.679     302.273
0.685     298.801
0.691     295.369
0.697     293.668
0.702     291.976
0.708     288.623
0.714     282.030
0.720     274.001
0.726     270.854
0.731     267.743
0.737     263.144
0.743     260.121
0.749     258.623
0.755     257.133
0.760     254.180
0.766     251.260
0.772     249.813
0.778     249.813
0.784     249.813
0.789     251.260
0.795     252.716
0.801     251.260
0.807     251.260
0.813     252.716
0.819     252.716
0.824     252.716
0.830     251.260
0.836     252.716
0.842     252.716
0.848     252.716
0.853     251.260
0.859     251.260
0.865     251.260
0.871     251.260
0.877     252.716
0.882     252.716
0.888     252.716
0.894     254.180
0.900     254.180
0.906     254.180
0.911     254.180
0.917     255.652
0.923     255.652
0.929     255.652
0.935     257.133
0.940     258.623
0.946     258.623
0.952     260.121
0.958     261.628
0.964     261.628
0.969     263.144
0.975     264.668
0.981     266.201
0.987     266.201
0.993     266.201
0.998     264.668
1.004     263.144
1.010     263.144
1.016     261.628
1.022     261.628
1.027     261.628
1.033     261.628
1.039     261.628
1.045     261.628
1.051     261.628
1.057     261.628
1.062     263.144
1.068     263.144
1.074     261.628
1.080     261.628
1.086     260.121
1.091     261.628
1.097     261.628
1.103     261.628
1.109     261.628
1.115     261.628
1.120     261.628
1.126     261.628
1.132     261.628
1.138     260.121
1.144     260.121
1.149     260.121
1.155     258.623
1.161     258.623
1.167     261.628
1.173     264.668
1.178     267.743
1.184     272.423
1.190     274.001
1.196     275.589
1.202     290.295
1.207     295.369
1.213     305.785
1.219     311.130
1.225     316.569
1.231     325.845
1.236     333.461
1.242     341.256
1.248     343.232
1.254     347.221
1.260     349.232
1.265     349.232
1.271     351.255
1.277     351.255
1.283     353.290
1.289     353.290
1.295     353.290
1.300     353.290
1.306     351.255
1.312     351.255
1.318     349.232
1.324     349.232
1.329     349.232
1.335     349.232
1.341     349.232
1.347     349.232
1.353     349.232
1.358     347.221
1.364     347.221
1.370     347.221
1.376     345.221
1.382     345.221
1.387     341.256
1.393     339.290
1.399     335.393
1.405     0.000
1.411     0.000
1.416     0.000
1.422     0.000
1.428     0.000
1.434     0.000
1.440     0.000
1.445     0.000
1.451     0.000
1.457     0.000
1.463     0.000
1.469     0.000
1.474     0.000
1.480     0.000
1.486     0.000
1.492     0.000
1.498     0.000
1.503     0.000
1.509     0.000
1.515     0.000
1.521     0.000
1.527     0.000
1.533     0.000
1.538     220.002
1.544     222.558
1.550     220.002
1.556     214.977
1.562     208.857
1.567     207.654
1.573     206.458
1.579     206.458
1.585     205.269
1.591     204.087
1.596     205.269
1.602     207.654
1.608     207.654
1.614     206.458
1.620     204.087
1.625     204.087
1.631     205.269
1.637     205.269
1.643     205.269
1.649     204.087
1.654     204.087
1.660     206.458
1.666     206.458
1.672     206.458
1.678     204.087
1.683     202.911
1.689     202.911
1.695     205.269
1.701     206.458
1.707     205.269
1.712     255.652
1.718     257.133
1.724     257.133
1.730     255.652
1.736     255.652
1.741     255.652
1.747     255.652
1.753     255.652
1.759     255.652
1.765     254.180
1.771     252.716
1.776     252.716
1.782     251.260
1.788     251.260
1.794     252.716
1.800     252.716
1.805     252.716
1.811     251.260
1.817     249.813
1.823     251.260
1.829     252.716
1.834     254.180
1.840     254.180
1.846     254.180
1.852     252.716
1.858     252.716
1.863     254.180
1.869     255.652
1.875     255.652
1.881     255.652
1.887     255.652
1.892     257.133
1.898     258.623
1.904     260.121
1.910     263.144
1.916     264.668
1.921     264.668
1.927     264.668
1.933     264.668
1.939     263.144
1.945     261.628
1.950     260.121
1.956     260.121
1.962     260.121
1.968     260.121
1.974     260.121
1.980     260.121
1.985     260.121
1.991     260.121
1.997     260.121
2.003     258.623
2.009     258.623
2.014     257.133
2.020     258.623
2.026     258.623
2.032     258.623
2.038     257.133
2.043     257.133
2.049     258.623
2.055     258.623
2.061     258.623
2.067     258.623
2.072     258.623
2.078     260.121
2.084     261.628
2.090     261.628
2.096     261.628
2.101     261.628
2.107     260.121
2.113     258.623
2.119     255.652
2.125     255.652
2.130     255.652
2.136     257.133
2.142     257.133
2.148     258.623
2.154     260.121
2.159     260.121
2.165     258.623
2.171     258.623
2.177     257.133
2.183     255.652
2.188     255.652
2.194     254.180
2.200     254.180
2.206     255.652
2.212     254.180
2.218     257.133
2.223     261.628
2.229     267.743
2.235     288.623
2.241     291.976
2.247     291.976
2.252     312.932
2.258     316.569
2.264     327.732
2.270     333.461
2.276     337.336
2.281     341.256
2.287     345.221
2.293     347.221
2.299     351.255
2.305     353.290
2.310     355.337
2.316     355.337
2.322     357.395
2.328     357.395
2.334     357.395
2.339     357.395
2.345     355.337
2.351     355.337
2.357     357.395
2.363     357.395
2.368     359.465
2.374     361.548
2.380     363.642
2.386     369.999
2.392     376.466
2.397     380.840
2.403     383.047
2.409     387.497
2.415     389.742
2.421     392.000
2.426     394.271
2.432     394.271
2.438     394.271
2.444     394.271
2.450     392.000
2.456     392.000
2.461     392.000
2.467     392.000
2.473     389.742
2.479     389.742
2.485     389.742
2.490     389.742
2.496     389.742
2.502     392.000
2.508     394.271
2.514     394.271
2.519     396.555
2.525     396.555
2.531     394.271
2.537     394.271
2.543     389.742
2.548     387.497
2.554     383.047
2.560     380.840
2.566     0.000
2.572     0.000
2.577     0.000
2.583     0.000
2.589     0.000
2.595     0.000
2.601     0.000
2.606     0.000
2.612     0.000
2.618     0.000
2.624     0.000
2.630     0.000
2.635     0.000
2.641     0.000
2.647     0.000
2.653     0.000
2.659     0.000
2.664     0.000
2.670     0.000
2.676     0.000
2.682     0.000
2.688     0.000
2.694     0.000
2.699     0.000
2.705     0.000
2.711     339.290
2.717     339.290
2.723     339.290
2.728     341.256
2.734     339.290
2.740     341.256
2.746     345.221
2.752     347.221
2.757     347.221
2.763     347.221
2.769     349.232
2.775     349.232
2.781     347.221
2.786     347.221
2.792     347.221
2.798     349.232
2.804     347.221
2.810     349.232
2.815     349.232
2.821     349.232
2.827     349.232
2.833     349.232
2.839     349.232
2.844     349.232
2.850     349.232
2.856     349.232
2.862     349.232
2.868     349.232
2.873     349.232
2.879     347.221
2.885     347.221
2.891     347.221
2.897     347.221
2.902     347.221
2.908     347.221
2.914     345.221
2.920     345.221
2.926     345.221
2.932     345.221
2.937     345.221
2.943     345.221
2.949     345.221
2.955     345.221
2.961     343.232
2.966     343.232
2.972     343.232
2.978     343.232
2.984     343.232
2.990     343.232
2.995     343.232
3.001     343.232
3.007     343.232
3.013     343.232
3.019     343.232
3.024     345.221
3.030     345.221
3.036     345.221
3.042     347.221
3.048     347.221
3.053     204.087
3.059     205.269
3.065     206.458
3.071     207.654
3.077     207.654
3.082     206.458
3.088     206.458
3.094     206.458
3.100     206.458
3.106     205.269
3.111     205.269
3.117     205.269
3.123     205.269
3.129     206.458
3.135     206.458
3.140     205.269
3.146     204.087
3.152     204.087
3.158     204.087
3.164     205.269
3.170     205.269
3.175     205.269
3.181     206.458
3.187     205.269
3.193     205.269
3.199     205.269
3.204     205.269
3.210     205.269
3.216     205.269
3.222     206.458
3.228     206.458
3.233     206.458
3.239     205.269
3.245     204.087
3.251     205.269
3.257     205.269
3.262     341.256
3.268     341.256
3.274     341.256
3.280     341.256
3.286     341.256
3.291     341.256
3.297     341.256
3.303     341.256
3.309     343.232
3.315     343.232
3.320     343.232
3.326     343.232
3.332     343.232
3.338     345.221
3.344     345.221
3.349     343.232
3.355     343.232
3.361     343.232
3.367     343.232
3.373     343.232
3.379     343.232
3.384     345.221
3.390     345.221
3.396     345.221
3.402     345.221
3.408     345.221
3.413     343.232
3.419     343.232
3.425     341.256
3.431     339.290
3.437     337.336
3.442     331.541
3.448     325.845
3.454     323.968
3.460     322.102
3.466     0.000
3.471     0.000
3.477     0.000
3.483     0.000
3.489     0.000
3.495     0.000
3.500     0.000
3.506     0.000
3.512     0.000
3.518     197.135
3.524     194.870
3.529     198.277
3.535     201.742
3.541     204.087
3.547     205.269
3.553     206.458
3.558     207.654
3.564     206.458
3.570     206.458
3.576     205.269
3.582     204.087
3.587     205.269
3.593     205.269
3.599     205.269
3.605     205.269
3.611     205.269
3.617     205.269
3.622     206.458
3.628     205.269
3.634     202.911
3.640     202.911
3.646     201.742
3.651     204.087
3.657     205.269
3.663     205.269
3.669     202.911
3.675     201.742
3.680     199.425
3.686     201.742
3.692     204.087
3.698     202.911
3.704     200.580
3.709     194.870
3.715     195.999
3.721     197.135
3.727     189.323
3.733     184.999
3.738     181.820
3.744     184.999
3.750     188.232
3.756     195.999
3.762     201.742
3.767     204.087
3.773     202.911
3.779     198.277
3.785     192.632
3.791     187.148
3.796     174.615
3.802     169.644
3.808     170.627
3.814     176.644
3.820     179.732
3.825     180.773
3.831     178.697
3.837     176.644
3.843     86.804
3.849     87.813
3.855     90.386
3.860     90.910
3.866     94.116
3.872     90.910
3.878     90.910
3.884     90.386
3.889     91.966
3.895     94.116
3.901     94.116
3.907     95.209
3.913     94.116
3.918     94.116
3.924     94.661
3.930     95.209
3.936     95.761
3.942     96.316
3.947     96.316
3.953     96.874
3.959     96.874
3.965     96.874
3.971     96.874
3.976     97.435
3.982     96.874
3.988     96.874
3.994     97.435
4.000     97.435
4.005     98.567
4.011     99.138
4.017     98.567
4.023     98.567
4.029     99.138
4.034     98.567
4.040     98.567
4.046     99.712
4.052     99.712
4.058     99.712
4.063     99.712
4.069     99.712
4.075     100.290
4.081     99.712
4.087     100.290
4.093     100.290
4.098     100.290
4.104     100.290
4.110     100.290
4.116     100.290
4.122     100.290
4.127     100.290
4.133     100.290
4.139     100.290
4.145     99.712
4.151     99.138
4.156     98.567
4.162     95.761
4.168     94.661
4.174     94.661
4.180     91.966
4.185     92.499
4.191     94.116
4.197     96.316
4.203     97.999
4.209     222.558
4.214     214.977
4.220     204.087
4.226     195.999
4.232     199.425
4.238     202.911
4.243     187.148
4.249     184.999
4.255     186.070
4.261     181.820
4.267     180.773
4.272     183.933
4.278     184.999
4.284     191.523
4.290     183.933
4.296     180.773
4.301     182.874
4.307     184.999
4.313     183.933
4.319     183.933
4.325     184.999
4.331     187.148
4.336     189.323
4.342     188.232
4.348     184.999
4.354     180.773
4.360     180.773
4.365     184.999
4.371     186.070
4.377     187.148
4.383     186.070
4.389     183.933
4.394     184.999
4.400     186.070
4.406     186.070
4.412     182.874
4.418     179.732
4.423     180.773
4.429     186.070
4.435     189.323
4.441     188.232
4.447     184.999
4.452     180.773
4.458     180.773
4.464     183.933
4.470     186.070
4.476     186.070
4.481     183.933
4.487     182.874
4.493     181.820
4.499     182.874
4.505     184.999
4.510     184.999
4.516     182.874
4.522     182.874
4.528     187.148
4.534     193.748
4.540     189.323
4.545     183.933
4.551     179.732
4.557     179.732
4.563     182.874
4.569     184.999
4.574     184.999
4.580     184.999
4.586     183.933
4.592     184.999
4.598     184.999
4.603     186.070
4.609     186.070
4.615     184.999
4.621     183.933
4.627     184.999
4.632     187.148
4.638     187.148
4.644     186.070
4.650     184.999
4.656     182.874
4.661     184.999
4.667     186.070
4.673     186.070
4.679     186.070
4.685     183.933
4.690     181.820
4.696     180.773
4.702     182.874
4.708     186.070
4.714     189.323
4.719     184.999
4.725     181.820
4.731     181.820
4.737     183.933
4.743     186.070
4.748     187.148
4.754     188.232
4.760     190.419
4.766     190.419
4.772     187.148
4.778     181.820
4.783     179.732
4.789     181.820
4.795     183.933
4.801     186.070
4.807     187.148
4.812     187.148
4.818     186.070
4.824     184.999
4.830     183.933
4.836     182.874
4.841     182.874
4.847     182.874
4.853     183.933
4.859     184.999
4.865     186.070
4.870     186.070
4.876     184.999
4.882     183.933
4.888     182.874
4.894     184.999
4.899     186.070
4.905     187.148
4.911     186.070
4.917     183.933
4.923     182.874
4.928     182.874
4.934     182.874
4.940     181.820
4.946     181.820
4.952     182.874
4.957     183.933
4.963     184.999
4.969     184.999
4.975     184.999
4.981     184.999
4.986     184.999
4.992     184.999
4.998     184.999
5.004     184.999
5.010     184.999
5.016     186.070
5.021     186.070
5.027     186.070
5.033     184.999
5.039     184.999
5.045     184.999
5.050     186.070
5.056     188.232
5.062     189.323
5.068     187.148
5.074     183.933
5.079     182.874
5.085     184.999
5.091     186.070
5.097     187.148
5.103     188.232
5.108     187.148
5.114     186.070
5.120     186.070
5.126     184.999
5.132     184.999
5.137     184.999
5.143     184.999
5.149     187.148
5.155     257.133
5.161     257.133
5.166     258.623
5.172     258.623
5.178     258.623
5.184     258.623
5.190     258.623
5.195     258.623
5.201     258.623
5.207     258.623
5.213     258.623
5.219     258.623
5.224     258.623
5.230     260.121
5.236     260.121
5.242     258.623
5.248     258.623
5.254     258.623
5.259     257.133
5.265     258.623
5.271     258.623
5.277     257.133
5.283     257.133
5.288     257.133
5.294     258.623
5.300     260.121
5.306     183.933
5.312     183.933
5.317     184.999
5.323     183.933
5.329     183.933
5.335     183.933
5.341     183.933
5.346     183.933
5.352     184.999
5.358     184.999
5.364     184.999
5.370     184.999
5.375     184.999
5.381     186.070
5.387     186.070
5.393     186.070
5.399     186.070
5.404     186.070
5.410     186.070
5.416     186.070
5.422     186.070
5.428     184.999
5.433     183.933
5.439     183.933
5.445     184.999
5.451     183.933
5.457     183.933
5.462     183.933
5.468     182.874
5.474     183.933
5.480     184.999
5.486     183.933
5.492     183.933
5.497     183.933
5.503     181.820
5.509     184.999
5.515     180.773
5.521     183.933
5.526     184.999
5.532     183.933
5.538     183.933
5.544     184.999
5.550     183.933
5.555     183.933
5.561     184.999
5.567     187.148
5.573     186.070
5.579     182.874
5.584     187.148
5.590     183.933
5.596     184.999
5.602     184.999
5.608     184.999
5.613     186.070
5.619     187.148
5.625     188.232
5.631     188.232
5.637     188.232
5.642     187.148
5.648     186.070
5.654     184.999
5.660     183.933
5.666     182.874
5.671     182.874
5.677     182.874
5.683     183.933
5.689     183.933
5.695     184.999
5.700     186.070
5.706     184.999
5.712     184.999
5.718     183.933
5.724     184.999
5.730     183.933
5.735     184.999
5.741     184.999
5.747     184.999
5.753     184.999
5.759     183.933
5.764     184.999
5.770     183.933
5.776     183.933
5.782     183.933
5.788     182.874
5.793     183.933
5.799     187.148
5.805     188.232
5.811     189.323
5.817     188.232
5.822     183.933
5.828     182.874
5.834     183.933
5.840     186.070
5.846     188.232
5.851     189.323
5.857     188.232
5.863     187.148
5.869     184.999
5.875     183.933
5.880     183.933
5.886     183.933
5.892     183.933
5.898     183.933
5.904     183.933
5.909     183.933
5.915     184.999
5.921     184.999
5.927     184.999
5.933     184.999
5.939     184.999
5.944     184.999
5.950     184.999
5.956     184.999
5.962     184.999
5.968     184.999
5.973     186.070
5.979     186.070
5.985     186.070
5.991     190.419
5.997     188.232
6.002     183.933
6.008     184.999
6.014     184.999
6.020     184.999
6.026     183.933
6.031     182.874
6.037     183.933
6.043     183.933
6.049     186.070
6.055     186.070
6.060     186.070
6.066     186.070
6.072     182.874
6.078     180.773
6.084     182.874
6.089     184.999
6.095     183.933
6.101     216.222
6.107     216.222
6.113     202.911
6.118     195.999
6.124     213.739
6.130     210.067
6.136     210.067
6.142     210.067
6.147     211.284
6.153     212.508
6.159     213.739
6.165     212.508
6.171     212.508
6.177     213.739
6.182     211.284
6.188     206.458
6.194     197.135
6.200     201.742
6.206     206.458
6.211     207.654
6.217     207.654
6.223     207.654
6.229     210.067
6.235     211.284
6.240     210.067
6.246     207.654
6.252     210.067
6.258     211.284
6.264     211.284
6.269     208.857
6.275     207.654
6.281     207.654
6.287     207.654
6.293     207.654
6.298     207.654
6.304     207.654
6.310     208.857
6.316     210.067
6.322     208.857
6.327     208.857
6.333     208.857
6.339     208.857
6.345     210.067
6.351     208.857
6.356     194.870
6.362     199.425
6.368     207.654
6.374     210.067
6.380     208.857
6.385     204.087
6.391     199.425
6.397     206.458
6.403     210.067
6.409     210.067
6.415     206.458
6.420     204.087
6.426     207.654
6.432     210.067
6.438     208.857
6.444     206.458
6.449     202.911
6.455     206.458
6.461     208.857
6.467     208.857
6.473     207.654
6.478     204.087
6.484     206.458
6.490     210.067
6.496     210.067
6.502     208.857
6.507     205.269
6.513     205.269
6.519     207.654
6.525     210.067
6.531     208.857
6.536     206.458
6.542     204.087
6.548     207.654
6.554     210.067
6.560     208.857
6.565     205.269
6.571     202.911
6.577     207.654
6.583     210.067
6.589     208.857
6.594     205.269
6.600     201.742
6.606     206.458
6.612     210.067
6.618     210.067
6.623     206.458
6.629     202.911
6.635     206.458
6.641     210.067
6.647     210.067
6.653     207.654
6.658     204.087
6.664     205.269
6.670     207.654
6.676     208.857
6.682     207.654
6.687     204.087
6.693     204.087
6.699     205.269
6.705     207.654
6.711     207.654
6.716     208.857
6.722     208.857
6.728     212.508
6.734     213.739
6.740     210.067
6.745     205.269
6.751     204.087
6.757     207.654
6.763     208.857
6.769     207.654
6.774     204.087
6.780     202.911
6.786     205.269
6.792     208.857
6.798     208.857
6.803     206.458
6.809     202.911
6.815     206.458
6.821     210.067
6.827     210.067
6.832     205.269
6.838     202.911
6.844     204.087
6.850     208.857
6.856     208.857
6.861     207.654
6.867     204.087
6.873     204.087
6.879     207.654
6.885     210.067
6.891     208.857
6.896     205.269
6.902     204.087
6.908     207.654
6.914     210.067
6.920     208.857
6.925     205.269
6.931     202.911
6.937     206.458
6.943     208.857
6.949     208.857
6.954     205.269
6.960     202.911
6.966     204.087
6.972     208.857
6.978     210.067
6.983     207.654
6.989     201.742
6.995     200.580
7.001     205.269
7.007     207.654
7.012     208.857
7.018     210.067
7.024     208.857
7.030     206.458
7.036     206.458
7.041     204.087
7.047     205.269
7.053     206.458
7.059     207.654
7.065     208.857
7.070     208.857
7.076     207.654
7.082     205.269
7.088     206.458
7.094     208.857
7.100     208.857
7.105     207.654
7.111     205.269
7.117     204.087
7.123     208.857
7.129     208.857
7.134     207.654
7.140     204.087
7.146     202.911
7.152     206.458
7.158     210.067
7.163     210.067
7.169     205.269
7.175     202.911
7.181     207.654
7.187     210.067
7.192     210.067
7.198     205.269
7.204     201.742
7.210     205.269
7.216     210.067
7.221     210.067
7.227     204.087
7.233     201.742
7.239     205.269
7.245     208.857
7.250     210.067
7.256     207.654
7.262     202.911
7.268     205.269
7.274     208.857
7.279     210.067
7.285     207.654
7.291     204.087
7.297     202.911
7.303     206.458
7.308     210.067
7.314     208.857
7.320     205.269
7.326     204.087
7.332     206.458
7.338     208.857
7.343     208.857
7.349     206.458
7.355     204.087
7.361     205.269
7.367     208.857
7.372     208.857
7.378     206.458
7.384     204.087
7.390     204.087
7.396     208.857
7.401     210.067
7.407     208.857
7.413     205.269
7.419     204.087
7.425     208.857
7.430     210.067
7.436     208.857
7.442     205.269
7.448     202.911
7.454     206.458
7.459     208.857
7.465     208.857
7.471     205.269
7.477     202.911
7.483     204.087
7.488     207.654
7.494     207.654
7.500     205.269
7.506     201.742
7.512     207.654
7.517     206.458
7.523     208.857
7.529     211.284
7.535     207.654
7.541     207.654
7.546     210.067
7.552     210.067
7.558     208.857
7.564     206.458
7.570     206.458
7.576     207.654
7.581     208.857
7.587     208.857
7.593     205.269
7.599     204.087
7.605     206.458
7.610     207.654
7.616     207.654
7.622     205.269
7.628     202.911
7.634     205.269
7.639     207.654
7.645     208.857
7.651     207.654
7.657     204.087
7.663     204.087
7.668     208.857
7.674     210.067
7.680     210.067
7.686     207.654
7.692     210.067
7.697     213.739
7.703     210.067
7.709     205.269
7.715     202.911
7.721     206.458
7.726     208.857
7.732     208.857
7.738     205.269
7.744     202.911
7.750     201.742
7.755     204.087
7.761     206.458
7.767     207.654
7.773     205.269
7.779     198.277
7.784     201.742
7.790     207.654
7.796     210.067
7.802     210.067
7.808     205.269
7.814     202.911
7.819     206.458
7.825     208.857
7.831     208.857
7.837     206.458
7.843     204.087
7.848     204.087
7.854     208.857
7.860     208.857
7.866     207.654
7.872     202.911
7.877     205.269
7.883     208.857
7.889     210.067
7.895     207.654
7.901     204.087
7.906     204.087
7.912     208.857
7.918     210.067
7.924     208.857
7.930     204.087
7.935     202.911
7.941     208.857
7.947     211.284
7.953     210.067
7.959     206.458
7.964     201.742
7.970     207.654
7.976     212.508
7.982     214.977
7.988     210.067
7.993     204.087
7.999     210.067
8.005     214.977
8.011     213.739
8.017     205.269
8.022     212.508
8.028     211.284
8.034     213.739
8.040     212.508
8.046     208.857
8.052     207.654
8.057     206.458
8.063     208.857
8.069     207.654
8.075     205.269
8.081     205.269
8.086     204.087
8.092     202.911
8.098     206.458
8.104     205.269
8.110     200.580
8.115     199.425
8.121     201.742
8.127     204.087
8.133     201.742
8.139     195.999
8.144     191.523
8.150     194.870
8.156     199.425
8.162     198.277
8.168     191.523
8.173     193.748
8.179     193.748
8.185     181.820
8.191     194.870
8.197     197.135
8.202     194.870
8.208     192.632
8.214     195.999
8.220     202.911
8.226     206.458
8.231     190.419
8.237     180.773
8.243     183.933
8.249     192.632
8.255     198.277
8.260     193.748
8.266     189.323
8.272     189.323
8.278     197.135
8.284     195.999
8.290     194.870
8.295     192.632
8.301     195.999
8.307     195.999
8.313     193.748
8.319     195.999
8.324     198.277
8.330     194.870
8.336     195.999
8.342     197.135
8.348     197.135
8.353     197.135
8.359     199.425
8.365     195.999
8.371     181.820
8.377     193.748
8.382     199.425
8.388     198.277
8.394     192.632
8.400     180.773
8.406     182.874
8.411     198.277
8.417     198.277
8.423     195.999
8.429     191.523
8.435     195.999
8.440     193.748
8.446     195.999
8.452     197.135
8.458     195.999
8.464     195.999
8.469     195.999
8.475     193.748
8.481     197.135
8.487     199.425
8.493     193.748
8.499     182.874
8.504     183.933
8.510     197.135
8.516     199.425
8.522     198.277
8.528     193.748
8.533     193.748
8.539     198.277
8.545     199.425
8.551     198.277
8.557     195.999
8.562     191.523
8.568     194.870
8.574     192.632
8.580     195.999
8.586     194.870
8.591     195.999
8.597     192.632
8.603     192.632
8.609     195.999
8.615     195.999
8.620     194.870
8.626     198.277
8.632     194.870
8.638     195.999
8.644     197.135
8.649     193.748
8.655     195.999
8.661     195.999
8.667     192.632
8.673     198.277
8.678     198.277
8.684     194.870
8.690     197.135
8.696     192.632
8.702     199.425
8.707     202.911
8.713     205.269
8.719     199.425
8.725     200.580
8.731     200.580
8.737     197.135
8.742     195.999
8.748     194.870
8.754     198.277
8.760     190.419
8.766     198.277
8.771     201.742
8.777     194.870
8.783     190.419
8.789     254.180
8.795     254.180
8.800     254.180
8.806     255.652
8.812     255.652
8.818     255.652
8.824     254.180
8.829     252.716
8.835     251.260
8.841     251.260
8.847     249.813
8.853     249.813
8.858     249.813
8.864     249.813
8.870     249.813
8.876     251.260
8.882     249.813
8.887     249.813
8.893     249.813
8.899     251.260
8.905     249.813
8.911     251.260
8.916     251.260
8.922     252.716
8.928     252.716
8.934     252.716
8.940     251.260
8.945     249.813
8.951     251.260
8.957     251.260
8.963     252.716
8.969     254.180
8.975     255.652
8.980     257.133
8.986     258.623
8.992     258.623
8.998     258.623
9.004     258.623
9.009     258.623
9.015     258.623
9.021     258.623
9.027     258.623
9.033     258.623
9.038     258.623
9.044     257.133
9.050     257.133
9.056     257.133
9.062     255.652
9.067     252.716
9.073     237.158
9.079     238.532
9.085     234.434
9.091     231.741
9.096     231.741
9.102     231.741
9.108     312.932
9.114     305.785
9.120     304.024
9.125     304.024
9.131     305.785
9.137     307.556
9.143     300.532
9.149     293.668
9.154     291.976
9.160     295.369
9.166     295.369
9.172     291.976
9.178     290.295
9.183     288.623
9.189     288.623
9.195     286.960
9.201     286.960
9.207     288.623
9.213     290.295
9.218     288.623
9.224     288.623
9.230     290.295
9.236     291.976
9.242     290.295
9.247     290.295
9.253     291.976
9.259     295.369
9.265     295.369
9.271     291.976
9.276     293.668
9.282     295.369
9.288     293.668
9.294     293.668
9.300     291.976
9.305     291.976
9.311     291.976
9.317     291.976
9.323     291.976
9.329     291.976
9.334     293.668
9.340     295.369
9.346     295.369
9.352     297.080
9.358     304.024
9.363     309.338
9.369     314.745
9.375     320.247
9.381     325.845
9.387     327.732
9.392     331.541
9.398     333.461
9.404     337.336
9.410     339.290
9.416     341.256
9.421     341.256
9.427     341.256
9.433     343.232
9.439     343.232
9.445     341.256
9.451     341.256
9.456     341.256
9.462     341.256
9.468     339.290
9.474     339.290
9.480     339.290
9.485     339.290
9.491     339.290
9.497     341.256
9.503     341.256
9.509     341.256
9.514     341.256
9.520     341.256
9.526     339.290
9.532     341.256
9.538     339.290
9.543     337.336
9.549     337.336
9.555     335.393
9.561     337.336
9.567     339.290
9.572     337.336
9.578     339.290
9.584     339.290
9.590     339.290
9.596     339.290
9.601     337.336
9.607     337.336
9.613     333.461
9.619     333.461
9.625     331.541
9.630     331.541
9.636     327.732
9.642     325.845
9.648     325.845
9.654     323.968
9.660     323.968
9.665     322.102
9.671     322.102
9.677     325.845
9.683     331.541
9.689     335.393
9.694     335.393
9.700     333.461
9.706     333.461
9.712     333.461
9.718     331.541
9.723     331.541
9.729     333.461
9.735     331.541
9.741     331.541
9.747     331.541
9.752     333.461
9.758     331.541
9.764     197.135
9.770     197.135
9.776     199.425
9.781     198.277
9.787     194.870
9.793     194.870
9.799     194.870
9.805     194.870
9.810     194.870
9.816     193.748
9.822     194.870
9.828     195.999
9.834     197.135
9.839     195.999
9.845     193.748
9.851     194.870
9.857     195.999
9.863     195.999
9.868     193.748
9.874     190.419
9.880     189.323
9.886     192.632
9.892     194.870
9.898     197.135
9.903     197.135
9.909     195.999
9.915     198.277
9.921     200.580
9.927     201.742
9.932     199.425
9.938     197.135
9.944     195.999
9.950     99.138
9.956     99.138
9.961     98.567
9.967     255.652
9.973     255.652
9.979     254.180
9.985     254.180
9.990     252.716
9.996     254.180
10.002     254.180
10.008     252.716
10.014     252.716
10.019     251.260
10.025     251.260
10.031     249.813
10.037     249.813
10.043     246.944
10.048     245.522
10.054     245.522
10.060     245.522
10.066     244.107
10.072     242.701
10.077     241.304
10.083     238.532
10.089     235.792
10.095     235.792
10.101     234.434
10.106     233.084
10.112     233.084
10.118     231.741
10.124     231.741
10.130     230.407
10.136     229.080
10.141     230.407
10.147     230.407
10.153     230.407
10.159     227.760
10.165     227.760
10.170     227.760
10.176     230.407
10.182     230.407
10.188     231.741
10.194     233.084
10.199     231.741
10.205     229.080
10.211     225.144
10.217     212.508
10.223     208.857
10.228     205.269
10.234     207.654
10.240     206.458
10.246     205.269
10.252     199.425
10.257     208.857
10.263     213.739
10.269     212.508
10.275     201.742
10.281     207.654
10.286     200.580
10.292     208.857
10.298     212.508
10.304     211.284
10.310     202.911
10.315     207.654
10.321     205.269
10.327     208.857
10.333     210.067
10.339     210.067
10.344     211.284
10.350     211.284
10.356     210.067
10.362     206.458
10.368     207.654
10.374     202.911
10.379     211.284
10.385     213.739
10.391     211.284
10.397     204.087
10.403     207.654
10.408     202.911
10.414     210.067
10.420     213.739
10.426     212.508
10.432     208.857
10.437     204.087
10.443     205.269
10.449     205.269
10.455     205.269
10.461     210.067
10.466     212.508
10.472     216.222
10.478     213.739
10.484     206.458
10.490     197.135
10.495     198.277
10.501     206.458
10.507     212.508
10.513     212.508
10.519     210.067
10.524     208.857
10.530     208.857
10.536     207.654
10.542     205.269
10.548     204.087
10.553     204.087
10.559     204.087
10.565     205.269
10.571     204.087
10.577     202.911
10.582     204.087
10.588     206.458
10.594     207.654
10.600     207.654
10.606     206.458
10.612     206.458
10.617     206.458
10.623     211.284
10.629     221.276
10.635     229.080
10.641     231.741
10.646     230.407
10.652     226.448
10.658     222.558
10.664     220.002
10.670     214.977
10.675     200.580
10.681     200.580
10.687     200.580
10.693     208.857
10.699     198.277
10.704     195.999
10.710     198.277
10.716     200.580
10.722     200.580
10.728     200.580
10.733     197.135
10.739     198.277
10.745     197.135
10.751     193.748
10.757     194.870
10.762     193.748
10.768     198.277
10.774     197.135
10.780     197.135
10.786     197.135
10.791     198.277
10.797     198.277
10.803     194.870
10.809     191.523
10.815     192.632
10.820     193.748
10.826     197.135
10.832     200.580
10.838     197.135
10.844     197.135
10.850     197.135
10.855     195.999
10.861     194.870
10.867     192.632
10.873     193.748
10.879     195.999
10.884     197.135
10.890     197.135
10.896     197.135
10.902     197.135
10.908     197.135
10.913     194.870
10.919     193.748
10.925     193.748
10.931     193.748
10.937     194.870
10.942     195.999
10.948     195.999
10.954     198.277
10.960     195.999
10.966     194.870
10.971     194.870
10.977     192.632
10.983     194.870
10.989     195.999
10.995     194.870
11.000     193.748
11.006     194.870
11.012     194.870
11.018     194.870
11.024     197.135
11.029     192.632
11.035     194.870
11.041     204.087
11.047     204.087
11.053     192.632
11.059     191.523
11.064     194.870
11.070     197.135
11.076     190.419
11.082     188.232
11.088     191.523
11.093     206.458
11.099     204.087
11.105     201.742
11.111     197.135
11.117     195.999
11.122     195.999
11.128     202.911
11.134     204.087
11.140     204.087
11.146     206.458
11.151     207.654
11.157     208.857
11.163     210.067
11.169     210.067
11.175     208.857
11.180     208.857
11.186     210.067
11.192     211.284
11.198     211.284
11.204     211.284
11.209     211.284
11.215     211.284
11.221     211.284
11.227     211.284
11.233     208.857
11.238     208.857
11.244     211.284
11.250     212.508
11.256     211.284
11.262     210.067
11.267     208.857
11.273     207.654
11.279     208.857
11.285     208.857
11.291     206.458
11.297     207.654
11.302     208.857
11.308     207.654
11.314     207.654
11.320     207.654
11.326     206.458
11.331     207.654
11.337     208.857
11.343     206.458
11.349     206.458
11.355     207.654
11.360     207.654
11.366     207.654
11.372     207.654
11.378     206.458
11.384     206.458
11.389     207.654
11.395     207.654
11.401     207.654
11.407     207.654
11.413     206.458
11.418     206.458
11.424     206.458
11.430     206.458
11.436     205.269
11.442     206.458
11.447     207.654
11.453     207.654
11.459     207.654
11.465     207.654
11.471     207.654
11.476     208.857
11.482     207.654
11.488     206.458
11.494     204.087
11.500     205.269
11.505     206.458
11.511     206.458
11.517     206.458
11.523     206.458
11.529     206.458
11.535     207.654
11.540     207.654
11.546     207.654
11.552     207.654
11.558     207.654
11.564     208.857
11.569     208.857
11.575     207.654
11.581     207.654
11.587     206.458
11.593     207.654
11.598     206.458
11.604     206.458
11.610     206.458
11.616     207.654
11.622     207.654
11.627     207.654
11.633     207.654
11.639     207.654
11.645     208.857
11.651     208.857
11.656     210.067
11.662     210.067
11.668     210.067
11.674     211.284
11.680     212.508
11.685     211.284
11.691     211.284
11.697     210.067
11.703     208.857
11.709     206.458
11.714     201.742
11.720     195.999
11.726     206.458
11.732     214.977
11.738     216.222
11.743     214.977
11.749     216.222
11.755     205.269
11.761     202.911
11.767     205.269
11.773     206.458
11.778     220.002
11.784     213.739
11.790     204.087
11.796     202.911
11.802     207.654
11.807     208.857
11.813     220.002
11.819     214.977
11.825     208.857
11.831     200.580
11.836     202.911
11.842     210.067
11.848     220.002
11.854     214.977
11.860     214.977
11.865     205.269
11.871     200.580
11.877     201.742
11.883     206.458
11.889     217.475
11.894     214.977
11.900     216.222
11.906     204.087
11.912     202.911
11.918     204.087
11.923     214.977
11.929     216.222
11.935     218.735
11.941     235.792
11.947     248.374
11.952     248.374
11.958     234.434
11.964     217.475
11.970     221.276
11.976     241.304
11.981     251.260
11.987     252.716
11.993     241.304
11.999     235.792
12.005     216.222
12.011     222.558
12.016     204.087
12.022     201.742
12.028     201.742
12.034     212.508
12.040     211.284
12.045     208.857
12.051     207.654
12.057     206.458
12.063     206.458
12.069     206.458
12.074     207.654
12.080     207.654
12.086     206.458
12.092     207.654
12.098     207.654
12.103     207.654
12.109     207.654
12.115     207.654
12.121     207.654
12.127     207.654
12.132     208.857
12.138     208.857
12.144     207.654
12.150     207.654
12.156     207.654
12.161     206.458
12.167     207.654
12.173     207.654
12.179     207.654
12.185     207.654
12.190     207.654
12.196     206.458
12.202     206.458
12.208     206.458
12.214     207.654
12.220     210.067
12.225     210.067
12.231     208.857
12.237     206.458
12.243     207.654
12.249     211.284
12.254     218.735
12.260     245.522
12.266     246.944
12.272     244.107
12.278     238.532
12.283     235.792
12.289     234.434
12.295     237.158
12.301     234.434
12.307     235.792
12.312     237.158
12.318     238.532
12.324     241.304
12.330     245.522
12.336     248.374
12.341     249.813
12.347     251.260
12.353     252.716
12.359     254.180
12.365     257.133
12.370     258.623
12.376     260.121
12.382     260.121
12.388     261.628
12.394     261.628
12.399     263.144
12.405     264.668
12.411     264.668
12.417     264.668
12.423     264.668
12.428     264.668
12.434     264.668
12.440     264.668
12.446     264.668
12.452     263.144
12.458     263.144
12.463     263.144
12.469     263.144
12.475     263.144
12.481     263.144
12.487     261.628
12.492     261.628
12.498     261.628
12.504     260.121
12.510     260.121
12.516     260.121
12.521     260.121
12.527     260.121
12.533     260.121
12.539     260.121
12.545     260.121
12.550     260.121
12.556     260.121
12.562     260.121
12.568     258.623
12.574     258.623
12.579     260.121
12.585     260.121
12.591     260.121
12.597     260.121
12.603     260.121
12.608     260.121
12.614     260.121
12.620     260.121
12.626     261.628
12.632     261.628
12.637     261.628
12.643     261.628
12.649     263.144
12.655     261.628
12.661     261.628
12.666     260.121
12.672     258.623
12.678     255.652
12.684     0.000
12.690     0.000
12.696     0.000
12.701     0.000
12.707     0.000
12.713     0.000
12.719     0.000
12.725     0.000
12.730     0.000
12.736     0.000
12.742     0.000
12.748     398.852
12.754     408.175
12.759     412.918
12.765     415.310
12.771     415.310
12.777     415.310
12.783     415.310
12.788     417.715
12.794     417.715
12.800     417.715
12.806     417.715
12.812     417.715
12.817     420.135
12.823     420.135
12.829     420.135
12.835     420.135
12.841     417.715
12.846     417.715
12.852     417.715
12.858     417.715
12.864     417.715
12.870     417.715
12.875     417.715
12.881     417.715
12.887     417.715
12.893     417.715
12.899     417.715
12.904     417.715
12.910     417.715
12.916     417.715
12.922     260.121
12.928     260.121
12.934     260.121
12.939     260.121
12.945     258.623
12.951     258.623
12.957     257.133
12.963     257.133
12.968     257.133
12.974     258.623
12.980     258.623
12.986     260.121
12.992     260.121
12.997     258.623
13.003     258.623
13.009     258.623
13.015     258.623
13.021     258.623
13.026     260.121
13.032     260.121
13.038     258.623
13.044     258.623
13.050     258.623
13.055     260.121
13.061     258.623
13.067     260.121
13.073     258.623
13.079     258.623
13.084     258.623
13.090     258.623
13.096     258.623
13.102     258.623
13.108     257.133
13.113     257.133
13.119     255.652
13.125     255.652
13.131     257.133
13.137     257.133
13.142     257.133
13.148     258.623
13.154     258.623
13.160     258.623
13.166     258.623
13.172     258.623
13.177     260.121
13.183     260.121
13.189     260.121
13.195     261.628
13.201     261.628
13.206     261.628
13.212     261.628
13.218     263.144
13.224     263.144
13.230     261.628
13.235     261.628
13.241     260.121
13.247     260.121
13.253     258.623
13.259     257.133
13.264     257.133
13.270     257.133
13.276     257.133
13.282     257.133
13.288     257.133
13.293     258.623
13.299     258.623
13.305     258.623
13.311     258.623
13.317     258.623
13.322     258.623
13.328     258.623
13.334     258.623
13.340     258.623
13.346     258.623
13.351     258.623
13.357     258.623
13.363     258.623
13.369     258.623
13.375     258.623
13.380     258.623
13.386     258.623
13.392     258.623
13.398     258.623
13.404     258.623
13.410     258.623
13.415     260.121
13.421     260.121
13.427     260.121
13.433     260.121
13.439     260.121
13.444     260.121
13.450     260.121
13.456     258.623
13.462     258.623
13.468     258.623
13.473     258.623
13.479     258.623
13.485     258.623
13.491     258.623
13.497     258.623
13.502     258.623
13.508     258.623
13.514     258.623
13.520     258.623
13.526     258.623
13.531     258.623
13.537     260.121
13.543     260.121
13.549     258.623
13.555     258.623
13.560     257.133
13.566     257.133
13.572     257.133
13.578     257.133
13.584     258.623
13.589     258.623
13.595     260.121
13.601     260.121
13.607     258.623
13.613     258.623
13.619     258.623
13.624     258.623
13.630     257.133
13.636     257.133
13.642     257.133
13.648     257.133
13.653     257.133
13.659     257.133
13.665     257.133
13.671     258.623
13.677     258.623
13.682     258.623
13.688     258.623
13.694     258.623
13.700     258.623
13.706     258.623
13.711     260.121
13.717     261.628
13.723     260.121
13.729     260.121
13.735     412.918
13.740     415.310
13.746     415.310
13.752     415.310
13.758     415.310
13.764     417.715
13.769     417.715
13.775     417.715
13.781     417.715
13.787     417.715
13.793     420.135
13.798     420.135
13.804     420.135
13.810     420.135
13.816     420.135
13.822     420.135
13.827     420.135
13.833     417.715
13.839     417.715
13.845     417.715
13.851     417.715
13.857     417.715
13.862     417.715
13.868     420.135
13.874     420.135
13.880     420.135
13.886     420.135
13.891     417.715
13.897     420.135
13.903     417.715
13.909     420.135
13.915     420.135
13.920     420.135
13.926     417.715
13.932     417.715
13.938     417.715
13.944     258.623
13.949     258.623
13.955     258.623
13.961     258.623
13.967     258.623
13.973     258.623
13.978     258.623
13.984     258.623
13.990     258.623
13.996     260.121
14.002     258.623
14.007     258.623
14.013     258.623
14.019     258.623
14.025     257.133
14.031     257.133
14.036     258.623
14.042     258.623
14.048     258.623
14.054     258.623
14.060     258.623
14.065     260.121
14.071     260.121
14.077     260.121
14.083     260.121
14.089     260.121
14.095     260.121
14.100     260.121
14.106     260.121
14.112     260.121
14.118     260.121
14.124     260.121
14.129     260.121
14.135     258.623
14.141     258.623
14.147     258.623
14.153     257.133
14.158     257.133
14.164     255.652
14.170     254.180
14.176     254.180
14.182     254.180
14.187     254.180
14.193     255.652
14.199     257.133
14.205     258.623
14.211     258.623
14.216     258.623
14.222     260.121
14.228     264.668
14.234     266.201
14.240     263.144
14.245     261.628
14.251     261.628
14.257     263.144
14.263     261.628
14.269     261.628
14.274     261.628
14.280     261.628
14.286     261.628
14.292     261.628
14.298     260.121
14.303     260.121
14.309     260.121
14.315     260.121
14.321     260.121
14.327     260.121
14.333     260.121
14.338     260.121
14.344     260.121
14.350     260.121
14.356     260.121
14.362     260.121
14.367     260.121
14.373     260.121
14.379     260.121
14.385     260.121
14.391     260.121
14.396     260.121
14.402     260.121
14.408     260.121
14.414     260.121
14.420     260.121
14.425     260.121
14.431     260.121
14.437     260.121
14.443     258.623
14.449     258.623
14.454     258.623
14.460     258.623
14.466     260.121
14.472     260.121
14.478     260.121
14.483     258.623
14.489     258.623
14.495     257.133
14.501     254.180
14.507     249.813
14.512     0.000
14.518     0.000
14.524     0.000
14.530     0.000
14.536     0.000
14.541     0.000
14.547     0.000
14.553     0.000
14.559     0.000
14.565     0.000
14.571     0.000
14.576     0.000
14.582     0.000
14.588     0.000
14.594     0.000
14.600     0.000
14.605     0.000
14.611     0.000
14.617     0.000
14.623     0.000
14.629     0.000
14.634     0.000
14.640     0.000
14.646     0.000
14.652     0.000
14.658     0.000
14.663     0.000
14.669     0.000
14.675     0.000
14.681     0.000
14.687     0.000
14.692     0.000
14.698     0.000
14.704     0.000
14.710     0.000
14.716     0.000
14.721     0.000
14.727     0.000
14.733     0.000
14.739     0.000
14.745     0.000
14.750     0.000
14.756     0.000
14.762     0.000
14.768     0.000
14.774     0.000
14.780     267.743
14.785     264.668
14.791     263.144
14.797     263.144
14.803     261.628
14.809     261.628
14.814     260.121
14.820     260.121
14.826     260.121
14.832     260.121
14.838     260.121
14.843     260.121
14.849     260.121
14.855     260.121
14.861     260.121
14.867     260.121
14.872     260.121
14.878     260.121
14.884     260.121
14.890     260.121
14.896     260.121
14.901     260.121
14.907     260.121
14.913     260.121
14.919     260.121
14.925     260.121
14.930     260.121
14.936     260.121
14.942     260.121
14.948     260.121
14.954     260.121
14.959     260.121
14.965     261.628
14.971     261.628
14.977     261.628
14.983     261.628
14.988     260.121
14.994     260.121
15.000     260.121
15.006     260.121
15.012     260.121
15.018     260.121
15.023     260.121
15.029     260.121
15.035     260.121
15.041     260.121
15.047     260.121
15.052     260.121
15.058     261.628
15.064     261.628
15.070     261.628
15.076     260.121
15.081     260.121
15.087     260.121
15.093     260.121
15.099     260.121
15.105     260.121
15.110     260.121
15.116     260.121
15.122     260.121
15.128     260.121
15.134     260.121
15.139     260.121
15.145     260.121
15.151     260.121
15.157     258.623
15.163     254.180
15.168     251.260
15.174     251.260
15.180     254.180
15.186     258.623
15.192     260.121
15.197     252.716
15.203     246.944
15.209     248.374
15.215     257.133
15.221     266.201
15.226     255.652
15.232     251.260
15.238     252.716
15.244     261.628
15.250     261.628
15.256     254.180
15.261     254.180
15.267     260.121
15.273     278.791
15.279     280.406
15.285     282.030
15.290     291.976
15.296     297.080
15.302     295.369
15.308     285.307
15.314     280.406
15.319     282.030
15.325     260.121
15.331     258.623
15.337     258.623
15.343     258.623
15.348     258.623
15.354     260.121
15.360     257.133
15.366     258.623
15.372     260.121
15.377     260.121
15.383     260.121
15.389     258.623
15.395     258.623
15.401     261.628
15.406     260.121
15.412     258.623
15.418     258.623
15.424     257.133
15.430     257.133
15.435     261.628
15.441     263.144
15.447     261.628
15.453     258.623
15.459     258.623
15.464     261.628
15.470     263.144
15.476     263.144
15.482     260.121
15.488     258.623
15.494     258.623
15.499     263.144
15.505     263.144
15.511     260.121
15.517     258.623
15.523     258.623
15.528     260.121
15.534     261.628
15.540     261.628
15.546     258.623
15.552     257.133
15.557     258.623
15.563     261.628
15.569     263.144
15.575     260.121
15.581     258.623
15.586     258.623
15.592     261.628
15.598     263.144
15.604     260.121
15.610     257.133
15.615     257.133
15.621     260.121
15.627     261.628
15.633     261.628
15.639     258.623
15.644     258.623
15.650     258.623
15.656     261.628
15.662     260.121
15.668     260.121
15.673     508.362
15.679     499.628
15.685     491.045
15.691     468.870
15.697     455.522
15.702     447.697
15.708     437.471
15.714     417.715
15.720     410.539
15.726     410.539
15.732     412.918
15.737     412.918
15.743     415.310
15.749     415.310
15.755     417.715
15.761     417.715
15.766     417.715
15.772     266.201
15.778     266.201
15.784     267.743
15.790     267.743
15.795     267.743
15.801     266.201
15.807     263.144
15.813     261.628
15.819     261.628
15.824     261.628
15.830     263.144
15.836     263.144
15.842     260.121
15.848     258.623
15.853     258.623
15.859     260.121
15.865     261.628
15.871     260.121
15.877     258.623
15.882     258.623
15.888     260.121
15.894     261.628
15.900     261.628
15.906     260.121
15.911     260.121
15.917     261.628
15.923     263.144
15.929     263.144
15.935     263.144
15.940     261.628
15.946     261.628
15.952     261.628
15.958     263.144
15.964     263.144
15.970     261.628
15.975     260.121
15.981     258.623
15.987     255.652
15.993     0.000
15.999     0.000
16.004     0.000
16.010     0.000
16.016     0.000
16.022     0.000
16.028     0.000
16.033     0.000
16.039     0.000
16.045     0.000
16.051     0.000
16.057     0.000
16.062     0.000
16.068     0.000
16.074     0.000
16.080     0.000
16.086     0.000
16.091     0.000
16.097     0.000
16.103     0.000
16.109     0.000
16.115     0.000
16.120     0.000
16.126     0.000
16.132     0.000
16.138     0.000
16.144     0.000
16.149     0.000
16.155     0.000
16.161     0.000
16.167     0.000
16.173     0.000
16.179     0.000
16.184     0.000
16.190     0.000
16.196     0.000
16.202     0.000
16.208     0.000
16.213     0.000
16.219     0.000
16.225     0.000
16.231     278.791
16.237     278.791
16.242     274.001
16.248     270.854
16.254     269.294
16.260     266.201
16.266     266.201
16.271     266.201
16.277     266.201
16.283     254.180
16.289     258.623
16.295     252.716
16.300     264.668
16.306     263.144
16.312     263.144
16.318     263.144
16.324     261.628
16.329     257.133
16.335     254.180
16.341     254.180
16.347     257.133
16.353     261.628
16.358     261.628
16.364     263.144
16.370     261.628
16.376     260.121
16.382     258.623
16.387     255.652
16.393     257.133
16.399     258.623
16.405     261.628
16.411     263.144
16.417     264.668
16.422     264.668
16.428     263.144
16.434     263.144
16.440     261.628
16.446     258.623
16.451     257.133
16.457     258.623
16.463     260.121
16.469     263.144
16.475     263.144
16.480     263.144
16.486     263.144
16.492     263.144
16.498     260.121
16.504     258.623
16.509     255.652
16.515     255.652
16.521     257.133
16.527     258.623
16.533     261.628
16.538     261.628
16.544     261.628
16.550     260.121
16.556     257.133
16.562     255.652
16.567     255.652
16.573     255.652
16.579     258.623
16.585     260.121
16.591     260.121
16.596     260.121
16.602     260.121
16.608     258.623
16.614     258.623
16.620     258.623
16.625     260.121
16.631     260.121
16.637     261.628
16.643     263.144
16.649     412.918
16.655     415.310
16.660     415.310
16.666     415.310
16.672     417.715
16.678     417.715
16.684     417.715
16.689     417.715
16.695     417.715
16.701     417.715
16.707     417.715
16.713     417.715
16.718     420.135
16.724     420.135
16.730     420.135
16.736     417.715
16.742     417.715
16.747     417.715
16.753     417.715
16.759     417.715
16.765     417.715
16.771     417.715
16.776     417.715
16.782     417.715
16.788     417.715
16.794     417.715
16.800     417.715
16.805     417.715
16.811     417.715
16.817     417.715
16.823     417.715
16.829     417.715
16.834     417.715
16.840     417.715
16.846     417.715
16.852     417.715
16.858     417.715
16.863     417.715
16.869     417.715
16.875     417.715
16.881     420.135
16.887     417.715
16.893     417.715
16.898     417.715
16.904     417.715
16.910     417.715
16.916     417.715
16.922     417.715
16.927     417.715
16.933     417.715
16.939     417.715
16.945     417.715
16.951     0.000
16.956     0.000
16.962     0.000
16.968     0.000
16.974     0.000
16.980     0.000
16.985     0.000
16.991     0.000
16.997     0.000
17.003     0.000
17.009     0.000
17.014     0.000
17.020     0.000
17.026     0.000
17.032     0.000
17.038     0.000
17.043     0.000
17.049     0.000
17.055     0.000
17.061     0.000
17.067     0.000
17.072     0.000
17.078     0.000
17.084     0.000
17.090     0.000
17.096     0.000
17.101     0.000
17.107     0.000
17.113     0.000
17.119     0.000
17.125     0.000
17.131     0.000
17.136     0.000
17.142     0.000
17.148     0.000
17.154     0.000
17.160     0.000
17.165     0.000
17.171     0.000
17.177     0.000
17.183     0.000
17.189     0.000
17.194     0.000
17.200     0.000
17.206     0.000
17.212     0.000
17.218     0.000
17.223     0.000
17.229     0.000
17.235     0.000
17.241     0.000
17.247     0.000
17.252     0.000
17.258     0.000
17.264     0.000
17.270     193.748
17.276     195.999
17.281     198.277
17.287     201.742
17.293     202.911
17.299     204.087
17.305     205.269
17.310     206.458
17.316     207.654
17.322     207.654
17.328     208.857
17.334     208.857
17.340     208.857
17.345     208.857
17.351     208.857
17.357     207.654
17.363     207.654
17.369     206.458
17.374     206.458
17.380     206.458
17.386     206.458
17.392     206.458
17.398     206.458
17.403     206.458
17.409     206.458
17.415     207.654
17.421     207.654
17.427     207.654
17.432     207.654
17.438     207.654
17.444     208.857
17.450     208.857
17.456     208.857
17.461     210.067
17.467     210.067
17.473     210.067
17.479     210.067
17.485     210.067
17.490     208.857
17.496     206.458
17.502     204.087
17.508     202.911
17.514     202.911
17.519     205.269
17.525     205.269
17.531     205.269
17.537     205.269
17.543     205.269
17.548     205.269
17.554     205.269
17.560     205.269
17.566     205.269
17.572     205.269
17.578     205.269
17.583     206.458
17.589     206.458
17.595     206.458
17.601     206.458
17.607     207.654
17.612     207.654
17.618     207.654
17.624     207.654
17.630     206.458
17.636     206.458
17.641     206.458
17.647     207.654
17.653     207.654
17.659     207.654
17.665     208.857
17.670     208.857
17.676     210.067
17.682     210.067
17.688     210.067
17.694     210.067
17.699     210.067
17.705     208.857
17.711     207.654
17.717     207.654
17.723     206.458
17.728     204.087
17.734     202.911
17.740     202.911
17.746     201.742
17.752     202.911
17.757     204.087
17.763     205.269
17.769     206.458
17.775     206.458
17.781     207.654
17.786     207.654
17.792     207.654
17.798     207.654
17.804     206.458
17.810     207.654
17.816     207.654
17.821     207.654
17.827     207.654
17.833     207.654
17.839     208.857
17.845     210.067
17.850     210.067
17.856     212.508
17.862     213.739
17.868     214.977
17.874     216.222
17.879     223.847
17.885     226.448
17.891     227.760
17.897     229.080
17.903     230.407
17.908     231.741
17.914     233.084
17.920     233.084
17.926     233.084
17.932     234.434
17.937     234.434
17.943     234.434
17.949     235.792
17.955     235.792
17.961     235.792
17.966     234.434
17.972     233.084
17.978     231.741
17.984     0.000
17.990     0.000
17.995     0.000
18.001     0.000
18.007     0.000
18.013     0.000
18.019     0.000
18.024     0.000
18.030     0.000
18.036     0.000
18.042     0.000
18.048     0.000
18.054     0.000
18.059     0.000
18.065     0.000
18.071     0.000
18.077     0.000
18.083     0.000
18.088     0.000
18.094     0.000
18.100     0.000
18.106     0.000
18.112     0.000
18.117     0.000
18.123     0.000
18.129     0.000
18.135     0.000
18.141     0.000
18.146     0.000
18.152     0.000
18.158     0.000
18.164     0.000
18.170     0.000
18.175     0.000
18.181     0.000
18.187     0.000
18.193     0.000
18.199     0.000
18.204     0.000
18.210     0.000
18.216     0.000
18.222     0.000
18.228     0.000
18.233     0.000
18.239     0.000
18.245     0.000
18.251     133.100
18.257     132.333
18.262     130.813
18.268     130.813
18.274     132.333
18.280     132.333
18.286     200.580
18.292     199.425
18.297     199.425
18.303     198.277
18.309     198.277
18.315     198.277
18.321     197.135
18.326     198.277
18.332     198.277
18.338     197.135
18.344     198.277
18.350     197.135
18.355     198.277
18.361     198.277
18.367     198.277
18.373     199.425
18.379     199.425
18.384     198.277
18.390     199.425
18.396     199.425
18.402     199.425
18.408     200.580
18.413     199.425
18.419     199.425
18.425     200.580
18.431     199.425
18.437     199.425
18.442     200.580
18.448     199.425
18.454     199.425
18.460     198.277
18.466     198.277
18.471     198.277
18.477     198.277
18.483     198.277
18.489     198.277
18.495     197.135
18.500     197.135
18.506     198.277
18.512     197.135
18.518     198.277
18.524     198.277
18.530     195.999
18.535     195.999
18.541     194.870
18.547     194.870
18.553     193.748
18.559     194.870
18.564     194.870
18.570     194.870
18.576     194.870
18.582     195.999
18.588     194.870
18.593     194.870
18.599     194.870
18.605     194.870
18.611     195.999
18.617     194.870
18.622     194.870
18.628     194.870
18.634     194.870
18.640     194.870
18.646     194.870
18.651     195.999
18.657     195.999
18.663     195.999
18.669     195.999
18.675     194.870
18.680     194.870
18.686     194.870
18.692     194.870
18.698     194.870
18.704     194.870
18.709     194.870
18.715     194.870
18.721     194.870
18.727     194.870
18.733     194.870
18.739     195.999
18.744     195.999
18.750     195.999
18.756     195.999
18.762     195.999
18.768     194.870
18.773     194.870
18.779     194.870
18.785     194.870
18.791     195.999
18.797     195.999
18.802     195.999
18.808     195.999
18.814     195.999
18.820     195.999
18.826     195.999
18.831     195.999
18.837     195.999
18.843     195.999
18.849     195.999
18.855     194.870
18.860     194.870
18.866     194.870
18.872     194.870
18.878     194.870
18.884     194.870
18.889     195.999
18.895     195.999
18.901     195.999
18.907     197.135
18.913     0.000
18.918     0.000
18.924     0.000
18.930     0.000
18.936     0.000
18.942     0.000
18.947     0.000
18.953     0.000
18.959     0.000
18.965     0.000
18.971     0.000
18.977     0.000
18.982     0.000
18.988     0.000
18.994     0.000
19.000     0.000
19.006     0.000
19.011     0.000
19.017     0.000
19.023     0.000
19.029     0.000
19.035     0.000
19.040     0.000
19.046     0.000
19.052     0.000
19.058     0.000
19.064     0.000
19.069     0.000
19.075     0.000
19.081     0.000
19.087     0.000
19.093     0.000
19.098     0.000
19.104     0.000
19.110     0.000
19.116     0.000
19.122     0.000
19.127     0.000
19.133     0.000
19.139     0.000
19.145     0.000
19.151     0.000
19.156     0.000
19.162     0.000
19.168     0.000
19.174     0.000
19.180     0.000
19.185     0.000
19.191     0.000
19.197     0.000
19.203     0.000
19.209     0.000
19.215     0.000
19.220     0.000
19.226     0.000
19.232     0.000
19.238     0.000
19.244     0.000
19.249     0.000
19.255     0.000
19.261     0.000
19.267     0.000
19.273     0.000
19.278     0.000
19.284     0.000
19.290     0.000
19.296     0.000
19.302     0.000
19.307     0.000
19.313     0.000
19.319     0.000
19.325     0.000
19.331     0.000
19.336     0.000
19.342     0.000
19.348     0.000
19.354     0.000
19.360     0.000
19.365     0.000
19.371     0.000
19.377     0.000
19.383     0.000
19.389     0.000
19.394     0.000
19.400     0.000
19.406     0.000
19.412     0.000
19.418     0.000
19.423     0.000
19.429     0.000
19.435     0.000
19.441     0.000
19.447     0.000
