0.000     0.000
0.006     161.050
0.012     161.983
0.017     162.922
0.023     162.922
0.029     159.201
0.035     159.201
0.041     157.372
0.046     152.892
0.052     144.311
0.058     144.311
0.064     152.011
0.070     156.466
0.075     158.284
0.081     160.123
0.087     163.866
0.093     168.667
0.099     172.610
0.104     174.615
0.110     175.627
0.116     175.627
0.122     174.615
0.128     173.610
0.134     173.610
0.139     174.615
0.145     174.615
0.151     175.627
0.157     176.644
0.163     174.615
0.168     173.610
0.174     173.610
0.180     174.615
0.186     175.627
0.192     175.627
0.197     176.644
0.203     176.644
0.209     177.668
0.215     177.668
0.221     179.732
0.226     178.697
0.232     176.644
0.238     175.627
0.244     177.668
0.250     177.668
0.255     176.644
0.261     176.644
0.267     177.668
0.273     177.668
0.279     177.668
0.284     178.697
0.290     179.732
0.296     179.732
0.302     176.644
0.308     175.627
0.313     175.627
0.319     176.644
0.325     177.668
0.331     176.644
0.337     176.644
0.342     176.644
0.348     176.644
0.354     175.627
0.360     175.627
0.366     175.627
0.372     176.644
0.377     176.644
0.383     175.627
0.389     175.627
0.395     176.644
0.401     175.627
0.406     175.627
0.412     176.644
0.418     176.644
0.424     175.627
0.430     175.627
0.435     176.644
0.441     175.627
0.447     174.615
0.453     174.615
0.459     175.627
0.464     175.627
0.470     174.615
0.476     175.627
0.482     176.644
0.488     353.290
0.493     353.290
0.499     353.290
0.505     353.290
0.511     355.337
0.517     357.395
0.522     357.395
0.528     357.395
0.534     353.290
0.540     353.290
0.546     353.290
0.551     355.337
0.557     355.337
0.563     355.337
0.569     357.395
0.575     357.395
0.580     357.395
0.586     357.395
0.592     355.337
0.598     357.395
0.604     357.395
0.610     357.395
0.615     355.337
0.621     355.337
0.627     355.337
0.633     355.337
0.639     355.337
0.644     355.337
0.650     355.337
0.656     355.337
0.662     355.337
0.668     355.337
0.673     355.337
0.679     357.395
0.685     357.395
0.691     359.465
0.697     359.465
0.702     359.465
0.708     359.465
0.714     359.465
0.720     359.465
0.726     359.465
0.731     359.465
0.737     357.395
0.743     357.395
0.749     357.395
0.755     357.395
0.760     359.465
0.766     359.465
0.772     363.642
0.778     361.548
0.784     359.465
0.789     359.465
0.795     359.465
0.801     361.548
0.807     361.548
0.813     359.465
0.819     357.395
0.824     177.668
0.830     176.644
0.836     175.627
0.842     174.615
0.848     173.610
0.853     173.610
0.859     172.610
0.865     171.615
0.871     170.627
0.877     171.615
0.882     176.644
0.888     173.610
0.894     170.627
0.900     171.615
0.906     172.610
0.911     173.610
0.917     169.644
0.923     174.615
0.929     175.627
0.935     176.644
0.940     173.610
0.946     170.627
0.952     170.627
0.958     175.627
0.964     180.773
0.969     374.298
0.975     378.647
0.981     385.266
0.987     392.000
0.993     398.852
0.998     403.486
1.004     405.824
1.010     408.175
1.016     410.539
1.022     410.539
1.027     408.175
1.033     405.824
1.039     401.163
1.045     401.163
1.051     398.852
1.057     396.555
1.062     394.271
1.068     394.271
1.074     394.271
1.080     394.271
1.086     394.271
1.091     394.271
1.097     394.271
1.103     396.555
1.109     396.555
1.115     396.555
1.120     396.555
1.126     398.852
1.132     398.852
1.138     396.555
1.144     396.555
1.149     398.852
1.155     398.852
1.161     398.852
1.167     398.852
1.173     401.163
1.178     401.163
1.184     401.163
1.190     401.163
1.196     401.163
1.202     401.163
1.207     401.163
1.213     398.852
1.219     398.852
1.225     398.852
1.231     401.163
1.236     398.852
1.242     398.852
1.248     396.555
1.254     396.555
1.260     398.852
1.265     398.852
1.271     398.852
1.277     396.555
1.283     396.555
1.289     396.555
1.295     396.555
1.300     394.271
1.306     396.555
1.312     396.555
1.318     396.555
1.324     394.271
1.329     394.271
1.335     392.000
1.341     383.047
1.347     365.749
1.353     357.395
1.358     349.232
1.364     345.221
1.370     345.221
1.376     345.221
1.382     347.221
1.387     349.232
1.393     349.232
1.399     347.221
1.405     345.221
1.411     347.221
1.416     351.255
1.422     355.337
1.428     376.466
1.434     383.047
1.440     383.047
1.445     380.840
1.451     380.840
1.457     383.047
1.463     394.271
1.469     398.852
1.474     401.163
1.480     405.824
1.486     408.175
1.492     405.824
1.498     405.824
1.503     403.486
1.509     403.486
1.515     403.486
1.521     604.548
1.527     604.548
1.533     604.548
1.538     608.050
1.544     611.573
1.550     615.115
1.556     618.679
1.562     622.263
1.567     625.868
1.573     633.140
1.579     636.808
1.585     644.207
1.591     647.939
1.596     655.468
1.602     659.265
1.608     659.265
1.614     663.084
1.620     663.084
1.625     659.265
1.631     659.265
1.637     659.265
1.643     655.468
1.649     655.468
1.654     651.692
1.660     651.692
1.666     647.939
1.672     647.939
1.678     647.939
1.683     647.939
1.689     647.939
1.695     647.939
1.701     647.939
1.707     647.939
1.712     651.692
1.718     651.692
1.724     651.692
1.730     651.692
1.736     651.692
1.741     214.977
1.747     217.475
1.753     217.475
1.759     216.222
1.765     216.222
1.771     217.475
1.776     218.735
1.782     214.977
1.788     213.739
1.794     214.977
1.800     214.977
1.805     214.977
1.811     216.222
1.817     217.475
1.823     218.735
1.829     214.977
1.834     211.284
1.840     212.508
1.846     211.284
1.852     208.857
1.858     202.911
1.863     201.742
1.869     206.458
1.875     208.857
1.881     211.284
1.887     594.162
1.892     594.162
1.898     594.162
1.904     597.604
1.910     597.604
1.916     597.604
1.921     594.162
1.927     594.162
1.933     594.162
1.939     594.162
1.945     590.740
1.950     590.740
1.956     587.338
1.962     587.338
1.968     583.955
1.974     583.955
1.980     587.338
1.985     587.338
1.991     587.338
1.997     590.740
2.003     590.740
2.009     594.162
2.014     594.162
2.020     594.162
2.026     590.740
2.032     590.740
2.038     587.338
2.043     587.338
2.049     587.338
2.055     587.338
2.061     587.338
2.067     587.338
2.072     587.338
2.078     587.338
2.084     587.338
2.090     587.338
2.096     587.338
2.101     587.338
2.107     587.338
2.113     587.338
2.119     587.338
2.125     583.955
2.130     583.955
2.136     583.955
2.142     583.955
2.148     583.955
2.154     583.955
2.159     583.955
2.165     587.338
2.171     587.338
2.177     587.338
2.183     587.338
2.188     587.338
2.194     583.955
2.200     583.955
2.206     583.955
2.212     583.955
2.218     583.955
2.223     583.955
2.229     583.955
2.235     587.338
2.241     587.338
2.247     587.338
2.252     587.338
2.258     587.338
2.264     587.338
2.270     587.338
2.276     587.338
2.281     590.740
2.287     590.740
2.293     590.740
2.299     590.740
2.305     590.740
2.310     590.740
2.316     590.740
2.322     590.740
2.328     590.740
2.334     590.740
2.339     590.740
2.345     590.740
2.351     590.740
2.357     590.740
2.363     590.740
2.368     590.740
2.374     590.740
2.380     590.740
2.386     590.740
2.392     590.740
2.397     590.740
2.403     590.740
2.409     590.740
2.415     587.338
2.421     587.338
2.426     590.740
2.432     590.740
2.438     594.162
2.444     590.740
2.450     590.740
2.456     590.740
2.461     590.740
2.467     590.740
2.473     590.740
2.479     590.740
2.485     590.740
2.490     590.740
2.496     590.740
2.502     590.740
2.508     590.740
2.514     594.162
2.519     594.162
2.525     594.162
2.531     594.162
2.537     594.162
2.543     594.162
2.548     594.162
2.554     594.162
2.560     590.740
2.566     590.740
2.572     590.740
2.577     590.740
2.583     590.740
2.589     590.740
2.595     594.162
2.601     594.162
2.606     594.162
2.612     594.162
2.618     594.162
2.624     597.604
2.630     597.604
2.635     594.162
2.641     590.740
2.647     0.000
2.653     0.000
2.659     0.000
2.664     0.000
2.670     0.000
2.676     0.000
2.682     0.000
2.688     0.000
2.694     0.000
2.699     0.000
2.705     0.000
2.711     0.000
2.717     0.000
2.723     0.000
2.728     0.000
2.734     0.000
2.740     0.000
2.746     0.000
2.752     0.000
2.757     0.000
2.763     0.000
2.769     0.000
2.775     0.000
2.781     0.000
2.786     0.000
2.792     0.000
2.798     0.000
2.804     0.000
2.810     0.000
2.815     0.000
2.821     0.000
2.827     0.000
2.833     0.000
2.839     0.000
2.844     0.000
2.850     175.627
2.856     177.668
2.862     179.732
2.868     178.697
2.873     176.644
2.879     176.644
2.885     177.668
2.891     177.668
2.897     176.644
2.902     176.644
2.908     174.615
2.914     174.615
2.920     174.615
2.926     526.289
2.932     526.289
2.937     523.258
2.943     523.258
2.949     523.258
2.955     523.258
2.961     523.258
2.966     523.258
2.972     523.258
2.978     526.289
2.984     526.289
2.990     526.289
2.995     526.289
3.001     529.338
3.007     529.338
3.013     529.338
3.019     529.338
3.024     532.404
3.030     532.404
3.036     532.404
3.042     529.338
3.048     529.338
3.053     529.338
3.059     529.338
3.065     529.338
3.071     529.338
3.077     529.338
3.082     529.338
3.088     529.338
3.094     529.338
3.100     529.338
3.106     529.338
3.111     529.338
3.117     529.338
3.123     529.338
3.129     529.338
3.135     529.338
3.140     529.338
3.146     529.338
3.152     529.338
3.158     529.338
3.164     532.404
3.170     538.591
3.175     535.489
3.181     532.404
3.187     526.289
3.193     511.307
3.199     505.434
3.204     508.362
3.210     511.307
3.216     523.258
3.222     532.404
3.228     538.591
3.233     517.248
3.239     517.248
3.245     517.248
3.251     511.307
3.257     517.248
3.262     520.244
3.268     517.248
3.274     523.258
3.280     511.307
3.286     959.663
3.291     959.663
3.297     965.222
3.303     959.663
3.309     959.663
3.315     943.176
3.320     926.973
3.326     926.973
3.332     926.973
3.338     921.634
3.344     911.048
3.349     0.000
3.355     0.000
3.361     0.000
3.367     0.000
3.373     0.000
3.379     0.000
3.384     0.000
3.390     0.000
3.396     0.000
3.402     0.000
3.408     0.000
3.413     0.000
3.419     0.000
3.425     0.000
3.431     0.000
3.437     0.000
3.442     0.000
3.448     0.000
3.454     0.000
3.460     0.000
3.466     0.000
3.471     0.000
3.477     0.000
3.483     0.000
3.489     0.000
3.495     0.000
3.500     0.000
3.506     0.000
3.512     0.000
3.518     0.000
3.524     0.000
3.529     0.000
3.535     0.000
3.541     0.000
3.547     0.000
3.553     0.000
3.558     0.000
3.564     0.000
3.570     0.000
3.576     0.000
3.582     0.000
3.587     0.000
3.593     0.000
3.599     0.000
3.605     0.000
3.611     0.000
3.617     0.000
3.622     0.000
3.628     0.000
3.634     0.000
3.640     295.369
3.646     293.668
3.651     291.976
3.657     291.976
3.663     291.976
3.669     290.295
3.675     290.295
3.680     290.295
3.686     295.369
3.692     304.024
3.698     302.273
3.704     297.080
3.709     291.976
3.715     383.047
3.721     383.047
3.727     376.466
3.733     365.749
3.738     361.548
3.744     363.642
3.750     365.749
3.756     365.749
3.762     367.868
3.767     374.298
3.773     380.840
3.779     380.840
3.785     380.840
3.791     383.047
3.796     385.266
3.802     387.497
3.808     387.497
3.814     387.497
3.820     392.000
3.825     394.271
3.831     398.852
3.837     403.486
3.843     405.824
3.849     405.824
3.855     408.175
3.860     408.175
3.866     611.573
3.872     615.115
3.878     615.115
3.884     615.115
3.889     615.115
3.895     615.115
3.901     615.115
3.907     615.115
3.913     615.115
3.918     611.573
3.924     611.573
3.930     611.573
3.936     615.115
3.942     615.115
3.947     615.115
3.953     615.115
3.959     615.115
3.965     615.115
3.971     618.679
3.976     618.679
3.982     618.679
3.988     618.679
3.994     618.679
4.000     618.679
4.005     618.679
4.011     618.679
4.017     618.679
4.023     618.679
4.029     618.679
4.034     618.679
4.040     618.679
4.046     618.679
4.052     615.115
4.058     615.115
4.063     615.115
4.069     615.115
4.075     615.115
4.081     615.115
4.087     615.115
4.093     615.115
4.098     615.115
4.104     615.115
4.110     615.115
4.116     615.115
4.122     615.115
4.127     615.115
4.133     615.115
4.139     615.115
4.145     615.115
4.151     618.679
4.156     618.679
4.162     618.679
4.168     622.263
4.174     622.263
4.180     622.263
4.185     625.868
4.191     622.263
4.197     622.263
4.203     207.654
4.209     207.654
4.214     206.458
4.220     206.458
4.226     206.458
4.232     207.654
4.238     207.654
4.243     207.654
4.249     206.458
4.255     206.458
4.261     206.458
4.267     207.654
4.272     207.654
4.278     206.458
4.284     205.269
4.290     206.458
4.296     206.458
4.301     207.654
4.307     207.654
4.313     207.654
4.319     205.269
4.325     206.458
4.331     206.458
4.336     206.458
4.342     206.458
4.348     206.458
4.354     206.458
4.360     205.269
4.365     205.269
4.371     205.269
4.377     205.269
4.383     204.087
4.389     222.558
4.394     226.448
4.400     233.084
4.406     233.084
4.412     231.741
4.418     216.222
4.423     211.284
4.429     205.269
4.435     202.911
4.441     202.911
4.447     207.654
4.452     212.508
4.458     212.508
4.464     210.067
4.470     205.269
4.476     202.911
4.481     205.269
4.487     211.284
4.493     213.739
4.499     212.508
4.505     208.857
4.510     205.269
4.516     206.458
4.522     208.857
4.528     210.067
4.534     211.284
4.540     211.284
4.545     210.067
4.551     206.458
4.557     204.087
4.563     202.911
4.569     205.269
4.574     208.857
4.580     211.284
4.586     206.458
4.592     199.425
4.598     197.135
4.603     195.999
4.609     182.874
4.615     179.732
4.621     176.644
4.627     177.668
4.632     184.999
4.638     187.148
4.644     188.232
4.650     187.148
4.656     187.148
4.661     187.148
4.667     187.148
4.673     187.148
4.679     186.070
4.685     187.148
4.690     188.232
4.696     189.323
4.702     190.419
4.708     191.523
4.714     192.632
4.719     193.748
4.725     194.870
4.731     197.135
4.737     198.277
4.743     200.580
4.748     201.742
4.754     204.087
4.760     205.269
4.766     206.458
4.772     205.269
4.778     206.458
4.783     206.458
4.789     206.458
4.795     206.458
4.801     205.269
4.807     204.087
4.812     205.269
4.818     205.269
4.824     205.269
4.830     205.269
4.836     205.269
4.841     205.269
4.847     205.269
4.853     205.269
4.859     207.654
4.865     205.269
4.870     204.087
4.876     205.269
4.882     205.269
4.888     206.458
4.894     206.458
4.899     206.458
4.905     206.458
4.911     205.269
4.917     206.458
4.923     206.458
4.928     206.458
4.934     206.458
4.940     206.458
4.946     205.269
4.952     205.269
4.957     205.269
4.963     204.087
4.969     615.115
4.975     615.115
4.981     615.115
4.986     615.115
4.992     615.115
4.998     615.115
5.004     615.115
5.010     618.679
5.016     618.679
5.021     618.679
5.027     618.679
5.033     618.679
5.039     618.679
5.045     618.679
5.050     615.115
5.056     615.115
5.062     618.679
5.068     618.679
5.074     618.679
5.079     618.679
5.085     615.115
5.091     615.115
5.097     615.115
5.103     615.115
5.108     615.115
5.114     615.115
5.120     205.269
5.126     205.269
5.132     205.269
5.137     205.269
5.143     206.458
5.149     206.458
5.155     206.458
5.161     205.269
5.166     205.269
5.172     205.269
5.178     206.458
5.184     205.269
5.190     206.458
5.195     206.458
5.201     206.458
5.207     206.458
5.213     206.458
5.219     206.458
5.224     207.654
5.230     206.458
5.236     206.458
5.242     206.458
5.248     206.458
5.254     206.458
5.259     205.269
5.265     204.087
5.271     204.087
5.277     202.911
5.283     201.742
5.288     198.277
5.294     199.425
5.300     201.742
5.306     198.277
5.312     197.135
5.317     197.135
5.323     197.135
5.329     197.135
5.335     195.999
5.341     197.135
5.346     197.135
5.352     198.277
5.358     198.277
5.364     199.425
5.370     198.277
5.375     198.277
5.381     198.277
5.387     198.277
5.393     198.277
5.399     197.135
5.404     197.135
5.410     197.135
5.416     197.135
5.422     197.135
5.428     197.135
5.433     197.135
5.439     198.277
5.445     198.277
5.451     200.580
5.457     198.277
5.462     199.425
5.468     197.135
5.474     198.277
5.480     201.742
5.486     197.135
5.492     193.748
5.497     197.135
5.503     199.425
5.509     198.277
5.515     197.135
5.521     199.425
5.526     202.911
5.532     202.911
5.538     201.742
5.544     197.135
5.550     192.632
5.555     191.523
5.561     201.742
5.567     198.277
5.573     198.277
5.579     198.277
5.584     197.135
5.590     197.135
5.596     197.135
5.602     195.999
5.608     195.999
5.613     195.999
5.619     197.135
5.625     197.135
5.631     197.135
5.637     197.135
5.642     195.999
5.648     195.999
5.654     197.135
5.660     197.135
5.666     197.135
5.671     195.999
5.677     195.999
5.683     198.277
5.689     197.135
5.695     195.999
5.700     194.870
5.706     197.135
5.712     198.277
5.718     195.999
5.724     194.870
5.730     197.135
5.735     198.277
5.741     198.277
5.747     195.999
5.753     195.999
5.759     195.999
5.764     197.135
5.770     194.870
5.776     195.999
5.782     195.999
5.788     197.135
5.793     197.135
5.799     197.135
5.805     197.135
5.811     198.277
5.817     197.135
5.822     197.135
5.828     197.135
5.834     198.277
5.840     197.135
5.846     197.135
5.851     197.135
5.857     197.135
5.863     195.999
5.869     195.999
5.875     197.135
5.880     198.277
5.886     197.135
5.892     197.135
5.898     198.277
5.904     199.425
5.909     197.135
5.915     193.748
5.921     198.277
5.927     200.580
5.933     201.742
5.939     200.580
5.944     201.742
5.950     202.911
5.956     204.087
5.962     206.458
5.968     207.654
5.973     206.458
5.979     206.458
5.985     210.067
5.991     212.508
5.997     214.977
6.002     214.977
6.008     213.739
6.014     214.977
6.020     213.739
6.026     213.739
6.031     212.508
6.037     211.284
6.043     211.284
6.049     210.067
6.055     208.857
6.060     208.857
6.066     208.857
6.072     207.654
6.078     206.458
6.084     206.458
6.089     206.458
6.095     205.269
6.101     205.269
6.107     205.269
6.113     206.458
6.118     206.458
6.124     206.458
6.130     205.269
6.136     205.269
6.142     205.269
6.147     206.458
6.153     206.458
6.159     206.458
6.165     206.458
6.171     206.458
6.177     205.269
6.182     205.269
6.188     206.458
6.194     205.269
6.200     207.654
6.206     207.654
6.211     207.654
6.217     207.654
6.223     207.654
6.229     205.269
6.235     198.277
6.240     201.742
6.246     199.425
6.252     202.911
6.258     205.269
6.264     210.067
6.269     211.284
6.275     216.222
6.281     214.977
6.287     214.977
6.293     212.508
6.298     210.067
6.304     207.654
6.310     208.857
6.316     211.284
6.322     212.508
6.327     211.284
6.333     207.654
6.339     204.087
6.345     204.087
6.351     206.458
6.356     207.654
6.362     208.857
6.368     204.087
6.374     199.425
6.380     195.999
6.385     195.999
6.391     194.870
6.397     191.523
6.403     186.070
6.409     181.820
6.415     183.933
6.420     184.999
6.426     183.933
6.432     0.000
6.438     508.362
6.444     514.269
6.449     520.244
6.455     523.258
6.461     174.615
6.467     174.615
6.473     174.615
6.478     175.627
6.484     175.627
6.490     176.644
6.496     177.668
6.502     178.697
6.507     181.820
6.513     182.874
6.519     183.933
6.525     184.999
6.531     186.070
6.536     188.232
6.542     190.419
6.548     191.523
6.554     193.748
6.560     194.870
6.565     195.999
6.571     197.135
6.577     197.135
6.583     197.135
6.589     198.277
6.594     198.277
6.600     198.277
6.606     198.277
6.612     198.277
6.618     198.277
6.623     198.277
6.629     197.135
6.635     197.135
6.641     199.425
6.647     199.425
6.653     198.277
6.658     199.425
6.664     198.277
6.670     197.135
6.676     197.135
6.682     197.135
6.687     197.135
6.693     197.135
6.699     197.135
6.705     197.135
6.711     198.277
6.716     198.277
6.722     198.277
6.728     197.135
6.734     198.277
6.740     198.277
6.745     197.135
6.751     197.135
6.757     197.135
6.763     197.135
6.769     198.277
6.774     198.277
6.780     197.135
6.786     197.135
6.792     194.870
6.798     192.632
6.803     192.632
6.809     192.632
6.815     192.632
6.821     191.523
6.827     189.323
6.832     187.148
6.838     187.148
6.844     184.999
6.850     180.773
6.856     177.668
6.861     182.874
6.867     171.615
6.873     179.732
6.879     183.933
6.885     179.732
6.891     173.610
6.896     174.615
6.902     172.610
6.908     175.627
6.914     174.615
6.920     173.610
6.925     173.610
6.931     174.615
6.937     176.644
6.943     176.644
6.949     175.627
6.954     175.627
6.960     176.644
6.966     176.644
6.972     177.668
6.978     177.668
6.983     176.644
6.989     176.644
6.995     176.644
7.001     176.644
7.007     177.668
7.012     177.668
7.018     177.668
7.024     177.668
7.030     176.644
7.036     177.668
7.041     178.697
7.047     178.697
7.053     177.668
7.059     175.627
7.065     175.627
7.070     176.644
7.076     176.644
7.082     178.697
7.088     179.732
7.094     179.732
7.100     177.668
7.105     175.627
7.111     177.668
7.117     177.668
7.123     179.732
7.129     180.773
7.134     179.732
7.140     178.697
7.146     177.668
7.152     177.668
7.158     177.668
7.163     178.697
7.169     177.668
7.175     177.668
7.181     177.668
7.187     176.644
7.192     174.615
7.198     175.627
7.204     175.627
7.210     178.697
7.216     179.732
7.221     179.732
7.227     178.697
7.233     177.668
7.239     176.644
7.245     176.644
7.250     175.627
7.256     175.627
7.262     176.644
7.268     179.732
7.274     179.732
7.279     179.732
7.285     178.697
7.291     178.697
7.297     178.697
7.303     177.668
7.308     177.668
7.314     178.697
7.320     179.732
7.326     178.697
7.332     177.668
7.338     176.644
7.343     176.644
7.349     177.668
7.355     179.732
7.361     179.732
7.367     174.615
7.372     176.644
7.378     178.697
7.384     179.732
7.390     179.732
7.396     177.668
7.401     175.627
7.407     176.644
7.413     178.697
7.419     176.644
7.425     175.627
7.430     174.615
7.436     177.668
7.442     179.732
7.448     178.697
7.454     174.615
7.459     173.610
7.465     176.644
7.471     178.697
7.477     177.668
7.483     174.615
7.488     175.627
7.494     177.668
7.500     177.668
7.506     176.644
7.512     174.615
7.517     175.627
7.523     176.644
7.529     176.644
7.535     175.627
7.541     176.644
7.546     176.644
7.552     175.627
7.558     0.000
7.564     0.000
7.570     138.592
7.576     137.000
7.581     137.794
7.587     139.395
7.593     139.395
7.599     139.395
7.605     138.592
7.610     137.794
7.616     138.592
7.622     138.592
7.628     139.395
7.634     137.794
7.639     137.000
7.645     137.794
7.651     140.202
7.657     141.015
7.663     137.794
7.668     137.000
7.674     139.395
7.680     137.794
7.686     140.202
7.692     136.211
7.697     136.211
7.703     137.794
7.709     138.592
7.715     137.794
7.721     136.211
7.726     137.000
7.732     171.615
7.738     173.610
7.744     177.668
7.750     177.668
7.755     174.615
7.761     172.610
7.767     175.627
7.773     177.668
7.779     177.668
7.784     174.615
7.790     172.610
7.796     172.610
7.802     174.615
7.808     177.668
7.814     178.697
7.819     179.732
7.825     178.697
7.831     176.644
7.837     175.627
7.843     177.668
7.848     179.732
7.854     180.773
7.860     180.773
7.866     179.732
7.872     180.773
7.877     179.732
7.883     179.732
7.889     178.697
7.895     178.697
7.901     177.668
7.906     176.644
7.912     176.644
7.918     177.668
7.924     178.697
7.930     178.697
7.935     177.668
7.941     177.668
7.947     176.644
7.953     176.644
7.959     177.668
7.964     179.732
7.970     178.697
7.976     177.668
7.982     176.644
7.988     176.644
7.993     178.697
7.999     178.697
8.005     176.644
8.011     175.627
8.017     176.644
8.022     176.644
8.028     174.615
8.034     175.627
8.040     176.644
8.046     177.668
8.052     176.644
8.057     174.615
8.063     176.644
8.069     176.644
8.075     176.644
8.081     175.627
8.086     176.644
8.092     178.697
8.098     177.668
8.104     176.644
8.110     175.627
8.115     177.668
8.121     178.697
8.127     177.668
8.133     175.627
8.139     175.627
8.144     178.697
8.150     178.697
8.156     177.668
8.162     176.644
8.168     176.644
8.173     177.668
8.179     177.668
8.185     176.644
8.191     176.644
8.197     175.627
8.202     174.615
8.208     171.615
8.214     171.615
8.220     178.697
8.226     179.732
8.231     178.697
8.237     177.668
8.243     178.697
8.249     178.697
8.255     176.644
8.260     177.668
8.266     176.644
8.272     187.148
8.278     188.232
8.284     188.232
8.290     176.644
8.295     175.627
8.301     179.732
8.307     181.820
8.313     179.732
8.319     178.697
8.324     178.697
8.330     178.697
8.336     179.732
8.342     179.732
8.348     179.732
8.353     177.668
8.359     176.644
8.365     176.644
8.371     179.732
8.377     180.773
8.382     178.697
8.388     174.615
8.394     174.615
8.400     177.668
8.406     179.732
8.411     178.697
8.417     174.615
8.423     173.610
8.429     175.627
8.435     177.668
8.440     179.732
8.446     178.697
8.452     176.644
8.458     175.627
8.464     176.644
8.469     180.773
8.475     182.874
8.481     178.697
8.487     0.000
8.493     0.000
8.499     0.000
8.504     0.000
8.510     0.000
8.516     0.000
8.522     0.000
8.528     0.000
8.533     0.000
8.539     138.592
8.545     141.015
8.551     139.395
8.557     137.000
8.562     137.794
8.568     139.395
8.574     139.395
8.580     137.794
8.586     137.794
8.591     138.592
8.597     139.395
8.603     138.592
8.609     137.000
8.615     137.000
8.620     139.395
8.626     140.202
8.632     139.395
8.638     138.592
8.644     137.794
8.649     139.395
8.655     138.592
8.661     137.794
8.667     137.000
8.673     137.794
8.678     140.202
8.684     140.202
8.690     138.592
8.696     138.592
8.702     140.202
8.707     145.147
8.713     134.647
8.719     135.427
8.725     131.571
8.731     0.000
8.737     0.000
8.742     0.000
8.748     0.000
8.754     0.000
8.760     0.000
8.766     0.000
8.771     0.000
8.777     0.000
8.783     0.000
8.789     0.000
8.795     0.000
8.800     0.000
8.806     0.000
8.812     0.000
8.818     0.000
8.824     0.000
8.829     0.000
8.835     0.000
8.841     0.000
8.847     0.000
8.853     0.000
8.858     0.000
8.864     0.000
8.870     0.000
8.876     0.000
8.882     0.000
8.887     0.000
8.893     0.000
8.899     0.000
8.905     0.000
8.911     0.000
8.916     0.000
8.922     0.000
8.928     0.000
8.934     0.000
8.940     0.000
8.945     0.000
8.951     0.000
8.957     0.000
8.963     139.395
8.969     139.395
8.975     137.794
8.980     137.000
8.986     138.592
8.992     138.592
8.998     138.592
9.004     137.794
9.009     137.794
9.015     139.395
9.021     139.395
9.027     137.794
9.033     137.000
9.038     137.794
9.044     139.395
9.050     138.592
9.056     137.794
9.062     137.794
9.067     138.592
9.073     277.185
9.079     277.185
9.085     277.185
9.091     275.589
9.096     274.001
9.102     275.589
9.108     277.185
9.114     275.589
9.120     275.589
9.125     275.589
9.131     278.791
9.137     280.406
9.143     280.406
9.149     288.623
9.154     302.273
9.160     307.556
9.166     312.932
9.172     320.247
9.178     323.968
9.183     0.000
9.189     214.977
9.195     229.080
9.201     233.084
9.207     234.434
9.213     233.084
9.218     231.741
9.224     233.084
9.230     234.434
9.236     233.084
9.242     231.741
9.247     233.084
9.253     235.792
9.259     235.792
9.265     233.084
9.271     231.741
9.276     233.084
9.282     234.434
9.288     233.084
9.294     231.741
9.300     231.741
9.305     234.434
9.311     234.434
9.317     233.084
9.323     231.741
9.329     233.084
9.334     234.434
9.340     234.434
9.346     231.741
9.352     231.741
9.358     233.084
9.363     234.434
9.369     233.084
9.375     231.741
9.381     233.084
9.387     235.792
9.392     234.434
9.398     233.084
9.404     231.741
9.410     233.084
9.416     234.434
9.421     233.084
9.427     231.741
9.433     231.741
9.439     234.434
9.445     234.434
9.451     231.741
9.456     230.407
9.462     233.084
9.468     234.434
9.474     234.434
9.480     231.741
9.485     230.407
9.491     234.434
9.497     156.466
9.503     154.668
9.509     154.668
9.514     156.466
9.520     157.372
9.526     154.668
9.532     154.668
9.538     155.564
9.543     156.466
9.549     153.778
9.555     153.778
9.561     155.564
9.567     156.466
9.572     155.564
9.578     152.892
9.584     154.668
9.590     156.466
9.596     157.372
9.601     154.668
9.607     154.668
9.613     153.778
9.619     152.892
9.625     152.892
9.630     156.466
9.636     143.480
9.642     148.539
9.648     152.892
9.654     154.668
9.660     155.564
9.665     157.372
9.671     156.466
9.677     154.668
9.683     154.668
9.689     155.564
9.694     0.000
9.700     0.000
9.706     0.000
9.712     0.000
9.718     0.000
9.723     0.000
9.729     0.000
9.735     0.000
9.741     0.000
9.747     0.000
9.752     0.000
9.758     0.000
9.764     0.000
9.770     0.000
9.776     0.000
9.781     0.000
9.787     0.000
9.793     0.000
9.799     0.000
9.805     0.000
9.810     0.000
9.816     0.000
9.822     0.000
9.828     0.000
9.834     0.000
9.839     0.000
9.845     0.000
9.851     0.000
9.857     0.000
9.863     0.000
9.868     0.000
9.874     0.000
9.880     0.000
9.886     0.000
9.892     0.000
9.898     0.000
9.903     0.000
9.909     0.000
9.915     0.000
9.921     0.000
9.927     0.000
9.932     0.000
9.938     0.000
9.944     0.000
9.950     0.000
9.956     0.000
9.961     0.000
9.967     0.000
9.973     0.000
9.979     0.000
9.985     0.000
9.990     0.000
9.996     0.000
10.002     0.000
10.008     0.000
10.014     0.000
10.019     0.000
10.025     0.000
10.031     0.000
10.037     0.000
10.043     0.000
10.048     0.000
10.054     0.000
10.060     0.000
10.066     0.000
10.072     0.000
10.077     0.000
10.083     0.000
10.089     0.000
10.095     0.000
10.101     0.000
10.106     0.000
10.112     0.000
10.118     0.000
10.124     0.000
10.130     0.000
10.136     0.000
10.141     0.000
10.147     0.000
10.153     0.000
10.159     0.000
10.165     0.000
10.170     0.000
10.176     0.000
10.182     0.000
10.188     0.000
10.194     0.000
10.199     0.000
10.205     0.000
10.211     0.000
10.217     0.000
10.223     0.000
10.228     0.000
10.234     0.000
10.240     0.000
10.246     0.000
10.252     0.000
10.257     0.000
10.263     0.000
10.269     0.000
10.275     0.000
10.281     0.000
10.286     0.000
10.292     0.000
10.298     1016.728
10.304     1010.872
10.310     1010.872
10.315     999.261
10.321     959.663
10.327     954.136
10.333     948.640
10.339     948.640
10.344     954.136
10.350     954.136
10.356     954.136
10.362     954.136
10.368     959.663
10.374     1016.728
10.379     1022.618
10.385     1005.050
10.391     1022.618
10.397     1022.618
10.403     1022.618
10.408     1016.728
10.414     1022.618
10.420     1022.618
10.426     1022.618
10.432     1028.542
10.437     1010.872
10.443     1028.542
10.449     1022.618
10.455     1022.618
10.461     1016.728
10.466     1034.500
10.472     1010.872
10.478     999.261
10.484     1005.050
10.490     1010.872
10.495     976.438
10.501     982.094
10.507     1028.542
10.513     1022.618
10.519     1016.728
10.524     1005.050
10.530     1022.618
10.536     1028.542
10.542     1028.542
10.548     1028.542
10.553     1070.982
10.559     0.000
10.565     0.000
10.571     0.000
10.577     0.000
10.582     0.000
10.588     0.000
10.594     0.000
10.600     0.000
10.606     0.000
10.612     0.000
10.617     0.000
10.623     0.000
10.629     0.000
10.635     0.000
10.641     0.000
10.646     0.000
10.652     0.000
10.658     0.000
10.664     0.000
10.670     0.000
10.675     0.000
10.681     0.000
10.687     0.000
10.693     0.000
10.699     0.000
10.704     0.000
10.710     0.000
10.716     0.000
10.722     0.000
10.728     0.000
10.733     0.000
10.739     0.000
10.745     0.000
10.751     0.000
10.757     0.000
10.762     0.000
10.768     0.000
10.774     0.000
10.780     130.060
10.786     129.311
10.791     129.311
10.797     130.813
10.803     132.333
10.809     132.333
10.815     131.571
10.820     129.311
10.826     128.566
10.832     129.311
10.838     130.060
10.844     132.333
10.850     131.571
10.855     131.571
10.861     130.060
10.867     130.813
10.873     130.060
10.879     129.311
10.884     130.060
10.890     130.060
10.896     130.060
10.902     130.813
10.908     130.813
10.913     396.555
10.919     396.555
10.925     394.271
10.931     387.497
10.937     385.266
10.942     396.555
10.948     365.749
10.954     365.749
10.960     363.642
10.966     361.548
10.971     363.642
10.977     355.337
10.983     298.801
10.989     283.664
10.995     274.001
11.000     274.001
11.006     272.423
11.012     264.668
11.018     302.273
11.024     305.785
11.029     307.556
11.035     309.338
11.041     311.130
11.047     312.932
11.053     325.845
11.059     323.968
11.064     320.247
11.070     316.569
11.076     318.402
11.082     327.732
11.088     333.461
11.093     331.541
11.099     331.541
11.105     327.732
11.111     327.732
11.117     327.732
11.122     329.631
11.128     335.393
11.134     337.336
11.140     341.256
11.146     341.256
11.151     341.256
11.157     343.232
11.163     343.232
11.169     343.232
11.175     345.221
11.180     347.221
11.186     347.221
11.192     349.232
11.198     349.232
11.204     349.232
11.209     349.232
11.215     349.232
11.221     173.610
11.227     174.615
11.233     173.610
11.238     172.610
11.244     172.610
11.250     172.610
11.256     172.610
11.262     171.615
11.267     171.615
11.273     172.610
11.279     171.615
11.285     170.627
11.291     170.627
11.297     172.610
11.302     172.610
11.308     171.615
11.314     172.610
11.320     173.610
11.326     173.610
11.331     172.610
11.337     173.610
11.343     173.610
11.349     173.610
11.355     173.610
11.360     173.610
11.366     173.610
11.372     174.615
11.378     174.615
11.384     174.615
11.389     174.615
11.395     174.615
11.401     175.627
11.407     175.627
11.413     175.627
11.418     175.627
11.424     177.668
11.430     178.697
11.436     177.668
11.442     176.644
11.447     176.644
11.453     177.668
11.459     176.644
11.465     175.627
11.471     175.627
11.476     174.615
11.482     174.615
11.488     173.610
11.494     173.610
11.500     173.610
11.505     172.610
11.511     172.610
11.517     173.610
11.523     172.610
11.529     172.610
11.535     172.610
11.540     171.615
11.546     170.627
11.552     171.615
11.558     171.615
11.564     172.610
11.569     172.610
11.575     173.610
11.581     174.615
11.587     175.627
11.593     175.627
11.598     174.615
11.604     174.615
11.610     174.615
11.616     174.615
11.622     174.615
11.627     175.627
11.633     175.627
11.639     176.644
11.645     176.644
11.651     176.644
11.656     176.644
11.662     174.615
11.668     175.627
11.674     175.627
11.680     175.627
11.685     175.627
11.691     174.615
11.697     174.615
11.703     174.615
11.709     174.615
11.714     174.615
11.720     174.615
11.726     174.615
11.732     174.615
11.738     174.615
11.743     174.615
11.749     174.615
11.755     174.615
11.761     174.615
11.767     174.615
11.773     175.627
11.778     175.627
11.784     175.627
11.790     175.627
11.796     175.627
11.802     175.627
11.807     175.627
11.813     175.627
11.819     174.615
11.825     174.615
11.831     174.615
11.836     174.615
11.842     175.627
11.848     176.644
11.854     177.668
11.860     179.732
11.865     182.874
11.871     184.999
11.877     187.148
11.883     187.148
11.889     189.323
11.894     193.748
11.900     191.523
11.906     183.933
11.912     197.135
11.918     197.135
11.923     197.135
11.929     197.135
11.935     197.135
11.941     195.999
11.947     194.870
11.952     194.870
11.958     192.632
11.964     191.523
11.970     191.523
11.976     190.419
11.981     190.419
11.987     191.523
11.993     190.419
11.999     190.419
12.005     191.523
12.011     190.419
12.016     189.323
12.022     189.323
12.028     189.323
12.034     190.419
12.040     191.523
12.045     192.632
12.051     192.632
12.057     193.748
12.063     193.748
12.069     192.632
12.074     192.632
12.080     193.748
12.086     194.870
12.092     194.870
12.098     194.870
12.103     193.748
12.109     193.748
12.115     193.748
12.121     193.748
12.127     192.632
12.132     194.870
12.138     188.232
12.144     181.820
12.150     179.732
12.156     180.773
12.161     195.999
12.167     198.277
12.173     200.580
12.179     200.580
12.185     197.135
12.190     198.277
12.196     198.277
12.202     197.135
12.208     198.277
12.214     201.742
12.220     200.580
12.225     195.999
12.231     193.748
12.237     194.870
12.243     197.135
12.249     201.742
12.254     202.911
12.260     200.580
12.266     193.748
12.272     189.323
12.278     188.232
12.283     187.148
12.289     182.874
12.295     178.697
12.301     177.668
12.307     175.627
12.312     174.615
12.318     174.615
12.324     181.820
12.330     192.632
12.336     199.425
12.341     202.911
12.347     205.269
12.353     205.269
12.359     206.458
12.365     205.269
12.370     202.911
12.376     201.742
12.382     604.548
12.388     604.548
12.394     604.548
12.399     604.548
12.405     608.050
12.411     608.050
12.417     608.050
12.423     611.573
12.428     611.573
12.434     618.679
12.440     618.679
12.446     622.263
12.452     625.868
12.458     625.868
12.463     629.493
12.469     629.493
12.475     629.493
12.481     633.140
12.487     633.140
12.492     636.808
12.498     636.808
12.504     640.497
12.510     640.497
12.516     644.207
12.521     647.939
12.527     220.002
12.533     0.000
12.539     0.000
12.545     0.000
12.550     0.000
12.556     0.000
12.562     0.000
12.568     0.000
12.574     173.610
12.579     173.610
12.585     174.615
12.591     174.615
12.597     173.610
12.603     174.615
12.608     174.615
12.614     174.615
12.620     173.610
12.626     174.615
12.632     173.610
12.637     174.615
12.643     173.610
12.649     174.615
12.655     174.615
12.661     174.615
12.666     173.610
12.672     174.615
12.678     174.615
12.684     174.615
12.690     173.610
12.696     174.615
12.701     173.610
12.707     173.610
12.713     173.610
12.719     174.615
12.725     175.627
12.730     174.615
12.736     173.610
12.742     173.610
12.748     173.610
12.754     173.610
12.759     174.615
12.765     176.644
12.771     177.668
12.777     168.667
12.783     171.615
12.788     345.221
12.794     345.221
12.800     343.232
12.806     347.221
12.812     351.255
12.817     351.255
12.823     351.255
12.829     351.255
12.835     618.679
12.841     615.115
12.846     611.573
12.852     604.548
12.858     601.066
12.864     594.162
12.870     590.740
12.875     587.338
12.881     587.338
12.887     587.338
12.893     587.338
12.899     587.338
12.904     587.338
12.910     587.338
12.916     587.338
12.922     587.338
12.928     587.338
12.934     587.338
12.939     587.338
12.945     583.955
12.951     583.955
12.957     587.338
12.963     583.955
12.968     583.955
12.974     583.955
12.980     583.955
12.986     587.338
12.992     587.338
12.997     587.338
13.003     587.338
13.009     587.338
13.015     587.338
13.021     587.338
13.026     587.338
13.032     583.955
13.038     587.338
13.044     587.338
13.050     590.740
13.055     590.740
13.061     590.740
13.067     587.338
13.073     587.338
13.079     587.338
13.084     587.338
13.090     587.338
13.096     587.338
13.102     587.338
13.108     587.338
13.113     587.338
13.119     587.338
13.125     587.338
13.131     587.338
13.137     587.338
13.142     587.338
13.148     587.338
13.154     587.338
13.160     587.338
13.166     590.740
13.172     590.740
13.177     590.740
13.183     590.740
13.189     590.740
13.195     590.740
13.201     590.740
13.206     590.740
13.212     590.740
13.218     590.740
13.224     590.740
13.230     587.338
13.235     587.338
13.241     587.338
13.247     587.338
13.253     583.955
13.259     583.955
13.264     587.338
13.270     587.338
13.276     587.338
13.282     587.338
13.288     587.338
13.293     583.955
13.299     583.955
13.305     583.955
13.311     583.955
13.317     583.955
13.322     583.955
13.328     583.955
13.334     583.955
13.340     583.955
13.346     583.955
13.351     587.338
13.357     587.338
13.363     590.740
13.369     594.162
13.375     594.162
13.380     597.604
13.386     597.604
13.392     597.604
13.398     597.604
13.404     597.604
13.410     594.162
13.415     594.162
13.421     590.740
13.427     587.338
13.433     580.592
13.439     577.247
13.444     567.331
13.450     560.814
13.456     564.063
13.462     587.338
13.468     587.338
13.473     583.955
13.479     583.955
13.485     580.592
13.491     580.592
13.497     580.592
13.502     580.592
13.508     590.740
13.514     156.466
13.520     159.201
13.526     152.892
13.531     145.988
13.537     145.988
13.543     148.539
13.549     153.778
13.555     160.123
13.560     162.922
13.566     168.667
13.572     173.610
13.578     173.610
13.584     170.627
13.589     168.667
13.595     169.644
13.601     171.615
13.607     174.615
13.613     176.644
13.619     176.644
13.624     175.627
13.630     174.615
13.636     176.644
13.642     178.697
13.648     177.668
13.653     175.627
13.659     172.610
13.665     170.627
13.671     170.627
13.677     170.627
13.682     172.610
13.688     172.610
13.694     171.615
13.700     176.644
13.706     178.697
13.711     176.644
13.717     172.610
13.723     175.627
13.729     174.615
13.735     176.644
13.740     177.668
13.746     177.668
13.752     177.668
13.758     178.697
13.764     178.697
13.769     178.697
13.775     177.668
13.781     177.668
13.787     176.644
13.793     175.627
13.798     175.627
13.804     174.615
13.810     173.610
13.816     173.610
13.822     173.610
13.827     173.610
13.833     174.615
13.839     174.615
13.845     174.615
13.851     174.615
13.857     174.615
13.862     174.615
13.868     174.615
13.874     176.644
13.880     176.644
13.886     176.644
13.891     176.644
13.897     176.644
13.903     176.644
13.909     176.644
13.915     176.644
13.920     175.627
13.926     174.615
13.932     173.610
13.938     174.615
13.944     174.615
13.949     175.627
13.955     173.610
13.961     174.615
13.967     174.615
13.973     173.610
13.978     176.644
13.984     177.668
13.990     175.627
13.996     174.615
14.002     174.615
14.007     173.610
14.013     176.644
14.019     176.644
14.025     174.615
14.031     170.627
14.036     169.644
14.042     173.610
14.048     177.668
14.054     179.732
14.060     177.668
14.065     173.610
14.071     174.615
14.077     179.732
14.083     181.820
14.089     180.773
14.095     177.668
14.100     175.627
14.106     179.732
14.112     179.732
14.118     178.697
14.124     176.644
14.129     173.610
14.135     172.610
14.141     171.615
14.147     171.615
14.153     176.644
14.158     181.820
14.164     186.070
14.170     374.298
14.176     372.142
14.182     369.999
14.187     367.868
14.193     1028.542
14.199     890.240
14.205     0.000
14.211     0.000
14.216     0.000
14.222     0.000
14.228     0.000
14.234     0.000
14.240     0.000
14.245     0.000
14.251     0.000
14.257     0.000
14.263     0.000
14.269     0.000
14.274     0.000
14.280     0.000
14.286     0.000
14.292     0.000
14.298     0.000
14.303     0.000
14.309     0.000
14.315     0.000
14.321     0.000
14.327     0.000
14.333     0.000
14.338     0.000
14.344     0.000
14.350     0.000
14.356     0.000
14.362     0.000
14.367     0.000
14.373     0.000
14.379     0.000
14.385     0.000
14.391     0.000
14.396     0.000
14.402     0.000
14.408     0.000
14.414     145.988
14.420     147.684
14.425     147.684
14.431     145.988
14.437     145.988
14.443     146.833
14.449     146.833
14.454     146.833
14.460     145.147
14.466     145.147
14.472     145.988
14.478     147.684
14.483     148.539
14.489     148.539
14.495     146.833
14.501     144.311
14.507     144.311
14.512     145.147
14.518     147.684
14.524     148.539
14.530     148.539
14.536     145.988
14.541     143.480
14.547     144.311
14.553     145.988
14.559     0.000
14.565     0.000
14.571     0.000
14.576     0.000
14.582     0.000
14.588     0.000
14.594     0.000
14.600     0.000
14.605     0.000
14.611     398.852
14.617     398.852
14.623     398.852
14.629     369.999
14.634     361.548
14.640     361.548
14.646     363.642
14.652     365.749
14.658     367.868
14.663     367.868
14.669     367.868
14.675     365.749
14.681     367.868
14.687     367.868
14.692     372.142
14.698     376.466
14.704     383.047
14.710     385.266
14.716     383.047
14.721     380.840
14.727     385.266
14.733     389.742
14.739     392.000
14.745     394.271
14.750     394.271
14.756     396.555
14.762     396.555
14.768     396.555
14.774     398.852
14.780     401.163
14.785     403.486
14.791     405.824
14.797     408.175
14.803     410.539
14.809     410.539
14.814     410.539
14.820     408.175
14.826     408.175
14.832     405.824
14.838     405.824
14.843     405.824
14.849     405.824
14.855     408.175
14.861     408.175
14.867     408.175
14.872     408.175
14.878     408.175
14.884     410.539
14.890     412.918
14.896     412.918
14.901     412.918
14.907     412.918
14.913     410.539
14.919     412.918
14.925     412.918
14.930     412.918
14.936     412.918
14.942     410.539
14.948     410.539
14.954     412.918
14.959     412.918
14.965     412.918
14.971     412.918
14.977     412.918
14.983     412.918
14.988     415.310
14.994     415.310
15.000     415.310
15.006     415.310
15.012     415.310
15.018     415.310
15.023     412.918
15.029     415.310
15.035     415.310
15.041     412.918
15.047     415.310
15.052     412.918
15.058     412.918
15.064     415.310
15.070     415.310
15.076     415.310
15.081     415.310
15.087     412.918
15.093     410.539
15.099     412.918
15.105     412.918
15.110     412.918
15.116     410.539
15.122     410.539
15.128     410.539
15.134     410.539
15.139     410.539
15.145     410.539
15.151     410.539
15.157     410.539
15.163     410.539
15.168     410.539
15.174     410.539
15.180     412.918
15.186     412.918
15.192     412.918
15.197     412.918
15.203     412.918
15.209     412.918
15.215     412.918
15.221     410.539
15.226     410.539
15.232     410.539
15.238     410.539
15.244     410.539
15.250     412.918
15.256     412.918
15.261     412.918
15.267     412.918
15.273     415.310
15.279     415.310
15.285     415.310
15.290     415.310
15.296     415.310
15.302     417.715
15.308     417.715
15.314     415.310
15.319     415.310
15.325     417.715
15.331     417.715
15.337     417.715
15.343     415.310
15.348     412.918
15.354     116.541
15.360     117.217
15.366     115.870
15.372     116.541
15.377     116.541
15.383     115.870
15.389     115.203
15.395     115.870
15.401     115.870
15.406     115.870
15.412     116.541
15.418     116.541
15.424     116.541
15.430     115.870
15.435     115.870
15.441     117.217
15.447     115.870
15.453     115.203
15.459     115.870
15.464     117.896
15.470     117.896
15.476     115.870
15.482     115.203
15.488     115.870
15.494     117.217
15.499     117.217
15.505     117.217
15.511     118.579
15.517     126.357
15.523     179.732
15.528     192.632
15.534     197.135
15.540     190.419
15.546     192.632
15.552     189.323
15.557     188.232
15.563     188.232
15.569     186.070
15.575     186.070
15.581     187.148
15.586     188.232
15.592     189.323
15.598     191.523
15.604     193.748
15.610     194.870
15.615     194.870
15.621     194.870
15.627     195.999
15.633     198.277
15.639     199.425
15.644     202.911
15.650     204.087
15.656     206.458
15.662     206.458
15.668     207.654
15.673     208.857
15.679     210.067
15.685     208.857
15.691     208.857
15.697     208.857
15.702     211.284
15.708     211.284
15.714     211.284
15.720     208.857
15.726     420.135
15.732     420.135
15.737     420.135
15.743     420.135
15.749     420.135
15.755     420.135
15.761     420.135
15.766     420.135
15.772     420.135
15.778     420.135
15.784     420.135
15.790     420.135
15.795     422.569
15.801     420.135
15.807     420.135
15.813     420.135
15.819     420.135
15.824     420.135
15.830     420.135
15.836     420.135
15.842     420.135
15.848     420.135
15.853     420.135
15.859     417.715
15.865     417.715
15.871     417.715
15.877     417.715
15.882     417.715
15.888     417.715
15.894     415.310
15.900     415.310
15.906     415.310
15.911     415.310
15.917     415.310
15.923     415.310
15.929     415.310
15.935     415.310
15.940     415.310
15.946     415.310
15.952     415.310
15.958     415.310
15.964     417.715
15.970     415.310
15.975     412.918
15.981     412.918
15.987     415.310
15.993     417.715
15.999     417.715
16.004     417.715
16.010     417.715
16.016     417.715
16.022     417.715
16.028     417.715
16.033     415.310
16.039     415.310
16.045     415.310
16.051     417.715
16.057     417.715
16.062     417.715
16.068     415.310
16.074     415.310
16.080     415.310
16.086     415.310
16.091     415.310
16.097     417.715
16.103     417.715
16.109     417.715
16.115     417.715
16.120     417.715
16.126     417.715
16.132     417.715
16.138     417.715
16.144     417.715
16.149     417.715
16.155     417.715
16.161     417.715
16.167     417.715
16.173     415.310
16.179     415.310
16.184     415.310
16.190     412.918
16.196     412.918
16.202     410.539
16.208     410.539
16.213     408.175
16.219     408.175
16.225     405.824
16.231     403.486
16.237     401.163
16.242     398.852
16.248     396.555
16.254     396.555
16.260     394.271
16.266     394.271
16.271     394.271
16.277     392.000
16.283     392.000
16.289     394.271
16.295     394.271
16.300     394.271
16.306     396.555
16.312     396.555
16.318     396.555
16.324     396.555
16.329     396.555
16.335     396.555
16.341     396.555
16.347     398.852
16.353     398.852
16.358     396.555
16.364     398.852
16.370     396.555
16.376     398.852
16.382     398.852
16.387     398.852
16.393     396.555
16.399     396.555
16.405     392.000
16.411     392.000
16.417     396.555
16.422     396.555
16.428     398.852
16.434     398.852
16.440     398.852
16.446     398.852
16.451     398.852
16.457     398.852
16.463     401.163
16.469     398.852
16.475     396.555
16.480     392.000
16.486     392.000
16.492     392.000
16.498     394.271
16.504     394.271
16.509     396.555
16.515     398.852
16.521     401.163
16.527     398.852
16.533     401.163
16.538     401.163
16.544     398.852
16.550     398.852
16.556     398.852
16.562     396.555
16.567     396.555
16.573     396.555
16.579     396.555
16.585     394.271
16.591     394.271
16.596     394.271
16.602     394.271
16.608     394.271
16.614     396.555
16.620     396.555
16.625     396.555
16.631     396.555
16.637     396.555
16.643     396.555
16.649     396.555
16.655     394.271
16.660     394.271
16.666     392.000
16.672     392.000
16.678     392.000
16.684     392.000
16.689     389.742
16.695     195.999
16.701     195.999
16.707     195.999
16.713     197.135
16.718     197.135
16.724     197.135
16.730     197.135
16.736     197.135
16.742     590.740
16.747     594.162
16.753     590.740
16.759     590.740
16.765     590.740
16.771     590.740
16.776     590.740
16.782     583.955
16.788     580.592
16.794     625.868
16.800     629.493
16.805     633.140
16.811     629.493
16.817     625.868
16.823     622.263
16.829     608.050
16.834     625.868
16.840     622.263
16.846     622.263
16.852     625.868
16.858     625.868
16.863     625.868
16.869     622.263
16.875     622.263
16.881     611.573
16.887     601.066
16.893     583.955
16.898     583.955
16.904     594.162
16.910     615.115
16.916     622.263
16.922     625.868
16.927     629.493
16.933     625.868
16.939     625.868
16.945     622.263
16.951     622.263
16.956     622.263
16.962     622.263
16.968     622.263
16.974     618.679
16.980     622.263
16.985     622.263
16.991     618.679
16.997     618.679
17.003     618.679
17.009     618.679
17.014     618.679
17.020     618.679
17.026     618.679
17.032     618.679
17.038     622.263
17.043     625.868
17.049     625.868
17.055     625.868
17.061     625.868
17.067     625.868
17.072     625.868
17.078     625.868
17.084     625.868
17.090     629.493
17.096     629.493
17.101     629.493
17.107     625.868
17.113     629.493
17.119     636.808
17.125     651.692
17.131     651.692
17.136     659.265
17.142     659.265
17.148     0.000
17.154     0.000
17.160     0.000
17.165     0.000
17.171     0.000
17.177     0.000
17.183     0.000
17.189     0.000
17.194     0.000
17.200     0.000
17.206     0.000
17.212     0.000
17.218     0.000
17.223     0.000
17.229     0.000
17.235     0.000
17.241     0.000
17.247     0.000
17.252     0.000
17.258     0.000
17.264     0.000
17.270     0.000
17.276     0.000
17.281     0.000
17.287     0.000
17.293     0.000
17.299     0.000
17.305     0.000
17.310     0.000
17.316     0.000
17.322     167.696
17.328     172.610
17.334     174.615
17.340     174.615
17.345     175.627
17.351     175.627
17.357     176.644
17.363     179.732
17.369     179.732
17.374     179.732
17.380     179.732
17.386     179.732
17.392     180.773
17.398     180.773
17.403     181.820
17.409     180.773
17.415     181.820
17.421     182.874
17.427     183.933
17.432     186.070
17.438     187.148
17.444     189.323
17.450     190.419
17.456     192.632
17.461     194.870
17.467     195.999
17.473     197.135
17.479     198.277
17.485     199.425
17.490     200.580
17.496     200.580
17.502     201.742
17.508     201.742
17.514     201.742
17.519     200.580
17.525     199.425
17.531     198.277
17.537     197.135
17.543     195.999
17.548     194.870
17.554     194.870
17.560     195.999
17.566     195.999
17.572     194.870
17.578     195.999
17.583     195.999
17.589     194.870
17.595     195.999
17.601     195.999
17.607     197.135
17.612     197.135
17.618     198.277
17.624     199.425
17.630     199.425
17.636     199.425
17.641     197.135
17.647     396.555
17.653     398.852
17.659     396.555
17.665     389.742
17.670     387.497
17.676     387.497
17.682     389.742
17.688     392.000
17.694     389.742
17.699     387.497
17.705     387.497
17.711     387.497
17.717     392.000
17.723     0.000
17.728     0.000
17.734     0.000
17.740     0.000
17.746     0.000
17.752     0.000
17.757     0.000
17.763     0.000
17.769     0.000
17.775     0.000
17.781     0.000
17.786     577.247
17.792     587.338
17.798     176.644
17.804     180.773
17.810     181.820
17.816     183.933
17.821     184.999
17.827     183.933
17.833     182.874
17.839     181.820
17.845     180.773
17.850     179.732
17.856     179.732
17.862     179.732
17.868     178.697
17.874     177.668
17.879     176.644
17.885     175.627
17.891     176.644
17.897     176.644
17.903     176.644
17.908     176.644
17.914     175.627
17.920     175.627
17.926     175.627
17.932     175.627
17.937     175.627
17.943     174.615
17.949     174.615
17.955     175.627
17.961     174.615
17.966     174.615
17.972     174.615
17.978     176.644
17.984     177.668
17.990     177.668
17.995     176.644
18.001     176.644
18.007     176.644
18.013     176.644
18.019     176.644
18.024     176.644
18.030     176.644
18.036     176.644
18.042     177.668
18.048     177.668
18.054     176.644
18.059     175.627
18.065     175.627
18.071     175.627
18.077     174.615
18.083     173.610
18.088     174.615
18.094     174.615
18.100     175.627
18.106     174.615
18.112     174.615
18.117     175.627
18.123     174.615
18.129     173.610
18.135     175.627
18.141     263.144
18.146     263.144
18.152     264.668
18.158     266.201
18.164     266.201
18.170     266.201
18.175     264.668
18.181     264.668
18.187     264.668
18.193     264.668
18.199     263.144
18.204     261.628
18.210     261.628
18.216     261.628
18.222     263.144
18.228     264.668
18.233     266.201
18.239     266.201
18.245     264.668
18.251     261.628
18.257     264.668
18.262     263.144
18.268     175.627
18.274     175.627
18.280     175.627
18.286     175.627
18.292     175.627
18.297     174.615
18.303     175.627
18.309     174.615
18.315     174.615
18.321     174.615
18.326     173.610
18.332     174.615
18.338     173.610
18.344     174.615
18.350     174.615
18.355     174.615
18.361     174.615
18.367     174.615
18.373     175.627
18.379     175.627
18.384     174.615
18.390     174.615
18.396     174.615
18.402     174.615
18.408     174.615
18.413     174.615
18.419     174.615
18.425     174.615
18.431     174.615
18.437     174.615
18.442     174.615
18.448     173.610
18.454     174.615
18.460     174.615
18.466     175.627
18.471     174.615
18.477     173.610
18.483     174.615
18.489     174.615
18.495     175.627
18.500     175.627
18.506     174.615
18.512     175.627
18.518     175.627
18.524     176.644
18.530     177.668
18.535     175.627
18.541     175.627
18.547     174.615
18.553     176.644
18.559     176.644
18.564     174.615
18.570     174.615
18.576     173.610
18.582     176.644
18.588     176.644
18.593     173.610
18.599     172.610
18.605     174.615
18.611     176.644
18.617     176.644
18.622     174.615
18.628     174.615
18.634     175.627
18.640     175.627
18.646     175.627
18.651     173.610
18.657     174.615
18.663     175.627
18.669     175.627
18.675     175.627
18.680     174.615
18.686     175.627
18.692     176.644
18.698     175.627
18.704     174.615
18.709     173.610
18.715     172.610
18.721     175.627
18.727     177.668
18.733     175.627
18.739     173.610
18.744     173.610
18.750     174.615
18.756     175.627
18.762     174.615
18.768     172.610
18.773     172.610
18.779     174.615
18.785     175.627
18.791     176.644
18.797     173.610
18.802     173.610
18.808     175.627
18.814     178.697
18.820     179.732
18.826     175.627
18.831     173.610
18.837     173.610
18.843     176.644
18.849     177.668
18.855     176.644
18.860     175.627
18.866     174.615
18.872     174.615
18.878     174.615
18.884     176.644
18.889     177.668
18.895     177.668
18.901     176.644
18.907     176.644
18.913     176.644
18.918     176.644
18.924     176.644
18.930     177.668
18.936     177.668
18.942     178.697
18.947     176.644
18.953     176.644
18.959     177.668
18.965     177.668
18.971     176.644
18.977     175.627
18.982     175.627
18.988     175.627
18.994     175.627
19.000     175.627
19.006     176.644
19.011     175.627
19.017     174.615
19.023     174.615
19.029     172.610
19.035     175.627
19.040     175.627
19.046     175.627
19.052     175.627
19.058     174.615
19.064     174.615
19.069     174.615
19.075     174.615
19.081     175.627
19.087     174.615
19.093     174.615
19.098     172.610
19.104     174.615
19.110     175.627
19.116     175.627
19.122     174.615
19.127     172.610
19.133     174.615
19.139     176.644
19.145     176.644
19.151     353.290
19.156     351.255
19.162     351.255
19.168     353.290
19.174     355.337
19.180     355.337
19.185     353.290
19.191     353.290
19.197     355.337
19.203     353.290
19.209     353.290
19.215     353.290
19.220     353.290
19.226     351.255
19.232     351.255
19.238     351.255
19.244     349.232
19.249     349.232
19.255     349.232
19.261     349.232
19.267     349.232
19.273     349.232
19.278     349.232
19.284     349.232
19.290     349.232
19.296     349.232
19.302     349.232
19.307     351.255
19.313     351.255
19.319     351.255
19.325     351.255
19.331     351.255
19.336     351.255
19.342     353.290
19.348     353.290
19.354     351.255
19.360     351.255
19.365     349.232
19.371     345.221
19.377     347.221
19.383     351.255
19.389     359.465
19.394     357.395
19.400     347.221
19.406     345.221
19.412     345.221
19.418     347.221
19.423     347.221
19.429     347.221
19.435     351.255
19.441     351.255
19.447     349.232
19.453     349.232
19.458     349.232
19.464     351.255
19.470     351.255
19.476     349.232
19.482     351.255
19.487     351.255
19.493     353.290
19.499     351.255
19.505     351.255
19.511     349.232
19.516     349.232
19.522     347.221
19.528     347.221
19.534     349.232
19.540     349.232
19.545     349.232
19.551     349.232
19.557     349.232
19.563     347.221
19.569     347.221
19.574     349.232
19.580     349.232
19.586     349.232
19.592     349.232
19.598     349.232
19.603     349.232
19.609     353.290
19.615     351.255
19.621     349.232
19.627     345.221
19.632     343.232
19.638     347.221
19.644     349.232
19.650     353.290
19.656     353.290
19.661     363.642
19.667     355.337
19.673     372.142
19.679     369.999
19.685     361.548
19.691     385.266
19.696     415.310
19.702     417.715
19.708     278.791
19.714     277.185
19.720     277.185
19.725     277.185
19.731     277.185
19.737     277.185
19.743     275.589
19.749     277.185
19.754     278.791
19.760     278.791
19.766     278.791
19.772     277.185
19.778     275.589
19.783     275.589
19.789     277.185
19.795     278.791
19.801     278.791
19.807     278.791
19.812     278.791
19.818     278.791
19.824     278.791
19.830     277.185
19.836     277.185
19.841     277.185
19.847     277.185
19.853     277.185
19.859     277.185
19.865     278.791
19.870     278.791
19.876     278.791
19.882     277.185
19.888     277.185
19.894     277.185
19.900     277.185
19.905     277.185
19.911     275.589
19.917     275.589
19.923     275.589
19.929     277.185
19.934     277.185
19.940     277.185
19.946     277.185
19.952     275.589
19.958     277.185
19.963     277.185
19.969     280.406
19.975     278.791
19.981     277.185
19.987     275.589
19.992     277.185
19.998     278.791
20.004     278.791
20.010     277.185
20.016     0.000
