0.000     0.000
0.006     0.000
0.012     0.000
0.017     0.000
0.023     0.000
0.029     0.000
0.035     0.000
0.041     0.000
0.046     0.000
0.052     0.000
0.058     0.000
0.064     87.307
0.070     87.813
0.075     87.813
0.081     87.307
0.087     86.304
0.093     87.813
0.099     87.813
0.104     87.813
0.110     86.304
0.116     86.804
0.122     88.322
0.128     88.322
0.134     88.322
0.139     86.804
0.145     87.307
0.151     87.307
0.157     87.813
0.163     88.322
0.168     87.813
0.174     86.804
0.180     86.304
0.186     87.813
0.192     87.813
0.197     87.307
0.203     86.304
0.209     86.804
0.215     87.813
0.221     87.307
0.226     87.307
0.232     87.307
0.238     86.804
0.244     87.307
0.250     87.307
0.255     88.322
0.261     86.804
0.267     86.304
0.273     86.804
0.279     88.322
0.284     88.833
0.290     86.304
0.296     85.807
0.302     87.307
0.308     88.322
0.313     87.813
0.319     86.804
0.325     87.307
0.331     87.307
0.337     87.307
0.342     88.322
0.348     176.644
0.354     174.615
0.360     172.610
0.366     173.610
0.372     174.615
0.377     174.615
0.383     174.615
0.389     174.615
0.395     174.615
0.401     172.610
0.406     174.615
0.412     177.668
0.418     174.615
0.424     172.610
0.430     172.610
0.435     175.627
0.441     175.627
0.447     174.615
0.453     122.053
0.459     122.760
0.464     123.471
0.470     124.187
0.476     126.357
0.482     125.630
0.488     123.471
0.493     122.760
0.499     123.471
0.505     124.906
0.511     124.906
0.517     126.357
0.522     127.089
0.528     128.566
0.534     128.566
0.540     129.311
0.546     130.060
0.551     131.571
0.557     130.813
0.563     130.060
0.569     130.060
0.575     130.813
0.580     130.813
0.586     130.813
0.592     130.813
0.598     131.571
0.604     131.571
0.610     130.060
0.615     130.813
0.621     130.813
0.627     130.060
0.633     130.060
0.639     129.311
0.644     129.311
0.650     129.311
0.656     129.311
0.662     128.566
0.668     127.826
0.673     127.826
0.679     127.089
0.685     126.357
0.691     125.630
0.697     125.630
0.702     124.906
0.708     126.357
0.714     127.089
0.720     127.089
0.726     128.566
0.731     128.566
0.737     128.566
0.743     129.311
0.749     130.060
0.755     129.311
0.760     129.311
0.766     129.311
0.772     130.060
0.778     130.060
0.784     130.060
0.789     130.060
0.795     129.311
0.801     128.566
0.807     127.826
0.813     127.089
0.819     126.357
0.824     124.187
0.830     123.471
0.836     123.471
0.842     123.471
0.848     122.053
0.853     123.471
0.859     125.630
0.865     126.357
0.871     128.566
0.877     132.333
0.882     133.871
0.888     131.571
0.894     127.089
0.900     119.265
0.906     122.053
0.911     119.956
0.917     112.572
0.923     104.428
0.929     0.000
0.935     0.000
0.940     0.000
0.946     0.000
0.952     0.000
0.958     160.123
0.964     161.050
0.969     162.922
0.975     164.815
0.981     167.696
0.987     169.644
0.993     171.615
0.998     172.610
1.004     173.610
1.010     174.615
1.016     175.627
1.022     176.644
1.027     176.644
1.033     176.644
1.039     175.627
1.045     176.644
1.051     175.627
1.057     175.627
1.062     174.615
1.068     173.610
1.074     174.615
1.080     174.615
1.086     173.610
1.091     173.610
1.097     174.615
1.103     174.615
1.109     174.615
1.115     174.615
1.120     174.615
1.126     174.615
1.132     174.615
1.138     174.615
1.144     174.615
1.149     173.610
1.155     173.610
1.161     173.610
1.167     173.610
1.173     173.610
1.178     172.610
1.184     172.610
1.190     172.610
1.196     172.610
1.202     172.610
1.207     172.610
1.213     171.615
1.219     172.610
1.225     172.610
1.231     172.610
1.236     172.610
1.242     171.615
1.248     0.000
1.254     0.000
1.260     0.000
1.265     0.000
1.271     0.000
1.277     0.000
1.283     0.000
1.289     0.000
1.295     0.000
1.300     0.000
1.306     0.000
1.312     0.000
1.318     0.000
1.324     0.000
1.329     0.000
1.335     0.000
1.341     0.000
1.347     0.000
1.353     0.000
1.358     0.000
1.364     0.000
1.370     0.000
1.376     0.000
1.382     0.000
1.387     0.000
1.393     0.000
1.399     0.000
1.405     0.000
1.411     0.000
1.416     0.000
1.422     0.000
1.428     0.000
1.434     0.000
1.440     177.668
1.445     178.697
1.451     178.697
1.457     177.668
1.463     176.644
1.469     175.627
1.474     175.627
1.480     175.627
1.486     174.615
1.492     174.615
1.498     175.627
1.503     176.644
1.509     174.615
1.515     173.610
1.521     174.615
1.527     174.615
1.533     175.627
1.538     174.615
1.544     173.610
1.550     173.610
1.556     174.615
1.562     175.627
1.567     176.644
1.573     175.627
1.579     174.615
1.585     175.627
1.591     176.644
1.596     175.627
1.602     174.615
1.608     173.610
1.614     173.610
1.620     172.610
1.625     173.610
1.631     176.644
1.637     173.610
1.643     177.668
1.649     176.644
1.654     176.644
1.660     176.644
1.666     176.644
1.672     176.644
1.678     175.627
1.683     173.610
1.689     176.644
1.695     192.632
1.701     189.323
1.707     193.748
1.712     195.999
1.718     198.277
1.724     198.277
1.730     197.135
1.736     194.870
1.741     195.999
1.747     195.999
1.753     192.632
1.759     192.632
1.765     194.870
1.771     194.870
1.776     192.632
1.782     191.523
1.788     192.632
1.794     193.748
1.800     194.870
1.805     190.419
1.811     189.323
1.817     190.419
1.823     194.870
1.829     194.870
1.834     194.870
1.840     195.999
1.846     195.999
1.852     193.748
1.858     195.999
1.863     198.277
1.869     197.135
1.875     194.870
1.881     190.419
1.887     189.323
1.892     193.748
1.898     193.748
1.904     194.870
1.910     194.870
1.916     193.748
1.921     194.870
1.927     195.999
1.933     198.277
1.939     198.277
1.945     194.870
1.950     191.523
1.956     193.748
1.962     193.748
1.968     194.870
1.974     195.999
1.980     195.999
1.985     195.999
1.991     198.277
1.997     198.277
2.003     197.135
2.009     195.999
2.014     192.632
2.020     195.999
2.026     195.999
2.032     193.748
2.038     194.870
2.043     195.999
2.049     194.870
2.055     193.748
2.061     194.870
2.067     194.870
2.072     193.748
2.078     192.632
2.084     191.523
2.090     191.523
2.096     195.999
2.101     197.135
2.107     195.999
2.113     192.632
2.119     192.632
2.125     193.748
2.130     194.870
2.136     194.870
2.142     193.748
2.148     192.632
2.154     193.748
2.159     194.870
2.165     195.999
2.171     195.999
2.177     194.870
2.183     192.632
2.188     192.632
2.194     192.632
2.200     193.748
2.206     194.870
2.212     195.999
2.218     197.135
2.223     198.277
2.229     198.277
2.235     198.277
2.241     195.999
2.247     193.748
2.252     197.135
2.258     195.999
2.264     195.999
2.270     197.135
2.276     197.135
2.281     197.135
2.287     197.135
2.293     198.277
2.299     197.135
2.305     194.870
2.310     193.748
2.316     193.748
2.322     193.748
2.328     195.999
2.334     198.277
2.339     198.277
2.345     197.135
2.351     195.999
2.357     195.999
2.363     195.999
2.368     195.999
2.374     194.870
2.380     194.870
2.386     195.999
2.392     198.277
2.397     385.266
2.403     0.000
2.409     0.000
2.415     0.000
2.421     0.000
2.426     0.000
2.432     0.000
2.438     0.000
2.444     0.000
2.450     0.000
2.456     0.000
2.461     0.000
2.467     0.000
2.473     0.000
2.479     0.000
2.485     0.000
2.490     0.000
2.496     0.000
2.502     0.000
2.508     0.000
2.514     0.000
2.519     0.000
2.525     0.000
2.531     0.000
2.537     0.000
2.543     0.000
2.548     0.000
2.554     0.000
2.560     0.000
2.566     0.000
2.572     0.000
2.577     0.000
2.583     0.000
2.589     0.000
2.595     0.000
2.601     0.000
2.606     0.000
2.612     0.000
2.618     0.000
2.624     0.000
2.630     0.000
2.635     0.000
2.641     0.000
2.647     0.000
2.653     0.000
2.659     0.000
2.664     0.000
2.670     0.000
2.676     0.000
2.682     0.000
2.688     0.000
2.694     0.000
2.699     0.000
2.705     0.000
2.711     0.000
2.717     0.000
2.723     0.000
2.728     0.000
2.734     0.000
2.740     0.000
2.746     0.000
2.752     0.000
2.757     0.000
2.763     0.000
2.769     197.135
2.775     195.999
2.781     195.999
2.786     195.999
2.792     195.999
2.798     197.135
2.804     198.277
2.810     199.425
2.815     199.425
2.821     198.277
2.827     195.999
2.833     193.748
2.839     193.748
2.844     194.870
2.850     195.999
2.856     195.999
2.862     197.135
2.868     197.135
2.873     197.135
2.879     195.999
2.885     195.999
2.891     195.999
2.897     195.999
2.902     197.135
2.908     197.135
2.914     197.135
2.920     197.135
2.926     197.135
2.932     195.999
2.937     195.999
2.943     193.748
2.949     192.632
2.955     192.632
2.961     194.870
2.966     197.135
2.972     197.135
2.978     0.000
2.984     0.000
2.990     0.000
2.995     0.000
3.001     0.000
3.007     0.000
3.013     0.000
3.019     0.000
3.024     0.000
3.030     0.000
3.036     0.000
3.042     0.000
3.048     0.000
3.053     0.000
3.059     0.000
3.065     0.000
3.071     0.000
3.077     0.000
3.082     0.000
3.088     0.000
3.094     0.000
3.100     0.000
3.106     0.000
3.111     0.000
3.117     0.000
3.123     0.000
3.129     0.000
3.135     0.000
3.140     0.000
3.146     0.000
3.152     0.000
3.158     0.000
3.164     197.135
3.170     195.999
3.175     197.135
3.181     201.742
3.187     195.999
3.193     198.277
3.199     199.425
3.204     199.425
3.210     198.277
3.216     199.425
3.222     198.277
3.228     195.999
3.233     195.999
3.239     195.999
3.245     194.870
3.251     194.870
3.257     194.870
3.262     195.999
3.268     194.870
3.274     192.632
3.280     193.748
3.286     195.999
3.291     195.999
3.297     195.999
3.303     194.870
3.309     194.870
3.315     194.870
3.320     194.870
3.326     195.999
3.332     195.999
3.338     197.135
3.344     195.999
3.349     195.999
3.355     195.999
3.361     194.870
3.367     194.870
3.373     197.135
3.379     197.135
3.384     197.135
3.390     197.135
3.396     197.135
3.402     194.870
3.408     194.870
3.413     195.999
3.419     197.135
3.425     198.277
3.431     199.425
3.437     200.580
3.442     199.425
3.448     199.425
3.454     200.580
3.460     201.742
3.466     202.911
3.471     202.911
3.477     202.911
3.483     204.087
3.489     205.269
3.495     207.654
3.500     208.857
3.506     208.857
3.512     210.067
3.518     210.067
3.524     210.067
3.529     210.067
3.535     205.269
3.541     205.269
3.547     206.458
3.553     206.458
3.558     206.458
3.564     205.269
3.570     207.654
3.576     206.458
3.582     207.654
3.587     208.857
3.593     211.284
3.599     210.067
3.605     210.067
3.611     208.857
3.617     208.857
3.622     208.857
3.628     208.857
3.634     208.857
3.640     208.857
3.646     208.857
3.651     207.654
3.657     208.857
3.663     210.067
3.669     211.284
3.675     211.284
3.680     208.857
3.686     208.857
3.692     208.857
3.698     208.857
3.704     208.857
3.709     210.067
3.715     208.857
3.721     207.654
3.727     210.067
3.733     208.857
3.738     208.857
3.744     208.857
3.750     208.857
3.756     208.857
3.762     208.857
3.767     208.857
3.773     208.857
3.779     210.067
3.785     210.067
3.791     208.857
3.796     208.857
3.802     208.857
3.808     210.067
3.814     210.067
3.820     210.067
3.825     210.067
3.831     208.857
3.837     208.857
3.843     208.857
3.849     207.654
3.855     208.857
3.860     211.284
3.866     210.067
3.872     210.067
3.878     207.654
3.884     207.654
3.889     207.654
3.895     208.857
3.901     208.857
3.907     293.668
3.913     272.423
3.918     270.854
3.924     280.406
3.930     288.623
3.936     309.338
3.942     309.338
3.947     311.130
3.953     309.338
3.959     311.130
3.965     311.130
3.971     314.745
3.976     312.932
3.982     307.556
3.988     305.785
3.994     311.130
4.000     312.932
4.005     311.130
4.011     311.130
4.017     311.130
4.023     309.338
4.029     311.130
4.034     312.932
4.040     314.745
4.046     309.338
4.052     307.556
4.058     309.338
4.063     316.569
4.069     314.745
4.075     307.556
4.081     305.785
4.087     311.130
4.093     318.402
4.098     312.932
4.104     309.338
4.110     307.556
4.116     312.932
4.122     314.745
4.127     312.932
4.133     311.130
4.139     309.338
4.145     312.932
4.151     312.932
4.156     311.130
4.162     309.338
4.168     309.338
4.174     312.932
4.180     318.402
4.185     312.932
4.191     311.130
4.197     312.932
4.203     312.932
4.209     309.338
4.214     309.338
4.220     314.745
4.226     311.130
4.232     311.130
4.238     318.402
4.243     318.402
4.249     311.130
4.255     309.338
4.261     309.338
4.267     312.932
4.272     311.130
4.278     309.338
4.284     309.338
4.290     312.932
4.296     312.932
4.301     309.338
4.307     309.338
4.313     311.130
4.319     314.745
4.325     116.541
4.331     117.217
4.336     116.541
4.342     117.217
4.348     116.541
4.354     116.541
4.360     117.217
4.365     116.541
4.371     115.870
4.377     116.541
4.383     116.541
4.389     116.541
4.394     117.217
4.400     116.541
4.406     116.541
4.412     117.217
4.418     117.217
4.423     116.541
4.429     116.541
4.435     116.541
4.441     116.541
4.447     117.217
4.452     116.541
4.458     116.541
4.464     117.217
4.470     309.338
4.476     311.130
4.481     312.932
4.487     312.932
4.493     311.130
4.499     311.130
4.505     311.130
4.510     312.932
4.516     312.932
4.522     314.745
4.528     314.745
4.534     312.932
4.540     309.338
4.545     307.556
4.551     311.130
4.557     309.338
4.563     311.130
4.569     186.070
4.574     188.232
4.580     190.419
4.586     192.632
4.592     194.870
4.598     195.999
4.603     195.999
4.609     198.277
4.615     199.425
4.621     201.742
4.627     201.742
4.632     202.911
4.638     202.911
4.644     204.087
4.650     204.087
4.656     207.654
4.661     207.654
4.667     207.654
4.673     205.269
4.679     205.269
4.685     201.742
4.690     210.067
4.696     210.067
4.702     207.654
4.708     202.911
4.714     200.580
4.719     204.087
4.725     206.458
4.731     206.458
4.737     201.742
4.743     197.135
4.748     195.999
4.754     198.277
4.760     199.425
4.766     195.999
4.772     191.523
4.778     190.419
4.783     190.419
4.789     189.323
4.795     189.323
4.801     189.323
4.807     189.323
4.812     190.419
4.818     190.419
4.824     190.419
4.830     190.419
4.836     189.323
4.841     190.419
4.847     190.419
4.853     191.523
4.859     191.523
4.865     191.523
4.870     191.523
4.876     192.632
4.882     193.748
4.888     194.870
4.894     195.999
4.899     197.135
4.905     198.277
4.911     198.277
4.917     198.277
4.923     199.425
4.928     201.742
4.934     202.911
4.940     202.911
4.946     202.911
4.952     204.087
4.957     204.087
4.963     204.087
4.969     205.269
4.975     204.087
4.981     204.087
4.986     204.087
4.992     205.269
4.998     205.269
5.004     205.269
5.010     206.458
5.016     206.458
5.021     207.654
5.027     207.654
5.033     0.000
5.039     0.000
5.045     0.000
5.050     0.000
5.056     0.000
5.062     0.000
5.068     0.000
5.074     0.000
5.079     0.000
5.085     0.000
5.091     0.000
5.097     0.000
5.103     0.000
5.108     0.000
5.114     0.000
5.120     0.000
5.126     0.000
5.132     0.000
5.137     0.000
5.143     0.000
5.149     0.000
5.155     0.000
5.161     0.000
5.166     0.000
5.172     0.000
5.178     0.000
5.184     0.000
5.190     0.000
5.195     0.000
5.201     0.000
5.207     0.000
5.213     0.000
5.219     0.000
5.224     207.654
5.230     206.458
5.236     208.857
5.242     210.067
5.248     208.857
5.254     204.087
5.259     201.742
5.265     200.580
5.271     199.425
5.277     199.425
5.283     198.277
5.288     198.277
5.294     198.277
5.300     197.135
5.306     197.135
5.312     197.135
5.317     195.999
5.323     195.999
5.329     194.870
5.335     197.135
5.341     197.135
5.346     198.277
5.352     197.135
5.358     195.999
5.364     197.135
5.370     197.135
5.375     195.999
5.381     197.135
5.387     195.999
5.393     193.748
5.399     195.999
5.404     195.999
5.410     197.135
5.416     197.135
5.422     197.135
5.428     195.999
5.433     194.870
5.439     193.748
5.445     194.870
5.451     194.870
5.457     193.748
5.462     195.999
5.468     195.999
5.474     195.999
5.480     197.135
5.486     194.870
5.492     193.748
5.497     193.748
5.503     193.748
5.509     194.870
5.515     195.999
5.521     194.870
5.526     195.999
5.532     194.870
5.538     194.870
5.544     194.870
5.550     194.870
5.555     197.135
5.561     197.135
5.567     197.135
5.573     195.999
5.579     194.870
5.584     195.999
5.590     195.999
5.596     197.135
5.602     198.277
5.608     198.277
5.613     198.277
5.619     195.999
5.625     194.870
5.631     192.632
5.637     194.870
5.642     195.999
5.648     197.135
5.654     195.999
5.660     197.135
5.666     195.999
5.671     194.870
5.677     195.999
5.683     195.999
5.689     197.135
5.695     198.277
5.700     198.277
5.706     197.135
5.712     195.999
5.718     195.999
5.724     195.999
5.730     197.135
5.735     197.135
5.741     197.135
5.747     197.135
5.753     195.999
5.759     195.999
5.764     193.748
5.770     194.870
5.776     195.999
5.782     197.135
5.788     197.135
5.793     197.135
5.799     197.135
5.805     197.135
5.811     194.870
5.817     195.999
5.822     197.135
5.828     197.135
5.834     197.135
5.840     197.135
5.846     197.135
5.851     197.135
5.857     198.277
5.863     197.135
5.869     198.277
5.875     198.277
5.880     197.135
5.886     197.135
5.892     197.135
5.898     198.277
5.904     199.425
5.909     198.277
5.915     199.425
5.921     199.425
5.927     198.277
5.933     197.135
5.939     197.135
5.944     197.135
5.950     198.277
5.956     197.135
5.962     198.277
5.968     195.999
5.973     195.999
5.979     198.277
5.985     197.135
5.991     195.999
5.997     197.135
6.002     194.870
6.008     195.999
6.014     195.999
6.020     195.999
6.026     195.999
6.031     195.999
6.037     195.999
6.043     195.999
6.049     195.999
6.055     195.999
6.060     197.135
6.066     197.135
6.072     197.135
6.078     197.135
6.084     194.870
6.089     195.999
6.095     197.135
6.101     197.135
6.107     197.135
6.113     197.135
6.118     194.870
6.124     194.870
6.130     194.870
6.136     195.999
6.142     195.999
6.147     195.999
6.153     195.999
6.159     197.135
6.165     197.135
6.171     197.135
6.177     195.999
6.182     195.999
6.188     195.999
6.194     197.135
6.200     197.135
6.206     197.135
6.211     197.135
6.217     197.135
6.223     194.870
6.229     195.999
6.235     197.135
6.240     197.135
6.246     197.135
6.252     197.135
6.258     198.277
6.264     197.135
6.269     197.135
6.275     195.999
6.281     195.999
6.287     195.999
6.293     195.999
6.298     194.870
6.304     195.999
6.310     195.999
6.316     195.999
6.322     195.999
6.327     197.135
6.333     197.135
6.339     195.999
6.345     194.870
6.351     194.870
6.356     193.748
6.362     195.999
6.368     195.999
6.374     195.999
6.380     197.135
6.385     197.135
6.391     195.999
6.397     197.135
6.403     197.135
6.409     195.999
6.415     195.999
6.420     195.999
6.426     197.135
6.432     195.999
6.438     197.135
6.444     197.135
6.449     198.277
6.455     198.277
6.461     198.277
6.467     198.277
6.473     198.277
6.478     195.999
6.484     195.999
6.490     197.135
6.496     197.135
6.502     197.135
6.507     198.277
6.513     198.277
6.519     199.425
6.525     199.425
6.531     200.580
6.536     199.425
6.542     198.277
6.548     199.425
6.554     199.425
6.560     198.277
6.565     198.277
6.571     198.277
6.577     197.135
6.583     195.999
6.589     195.999
6.594     194.870
6.600     193.748
6.606     192.632
6.612     191.523
6.618     189.323
6.623     186.070
6.629     183.933
6.635     181.820
6.641     178.697
6.647     176.644
6.653     174.615
6.658     172.610
6.664     171.615
6.670     170.627
6.676     156.466
6.682     159.201
6.687     165.770
6.693     164.815
6.699     164.815
6.705     164.815
6.711     170.627
6.716     171.615
6.722     170.627
6.728     167.696
6.734     166.730
6.740     168.667
6.745     172.610
6.751     172.610
6.757     172.610
6.763     171.615
6.769     172.610
6.774     172.610
6.780     171.615
6.786     171.615
6.792     170.627
6.798     171.615
6.803     169.644
6.809     168.667
6.815     168.667
6.821     168.667
6.827     169.644
6.832     170.627
6.838     172.610
6.844     173.610
6.850     172.610
6.856     172.610
6.861     170.627
6.867     169.644
6.873     169.644
6.879     168.667
6.885     167.696
6.891     167.696
6.896     168.667
6.902     169.644
6.908     170.627
6.914     170.627
6.920     168.667
6.925     167.696
6.931     169.644
6.937     171.615
6.943     171.615
6.949     171.615
6.954     171.615
6.960     170.627
6.966     170.627
6.972     172.610
6.978     172.610
6.983     172.610
6.989     172.610
6.995     170.627
7.001     172.610
7.007     172.610
7.012     171.615
7.018     170.627
7.024     171.615
7.030     172.610
7.036     172.610
7.041     172.610
7.047     173.610
7.053     172.610
7.059     171.615
7.065     171.615
7.070     172.610
7.076     172.610
7.082     171.615
7.088     170.627
7.094     171.615
7.100     173.610
7.105     173.610
7.111     173.610
7.117     172.610
7.123     170.627
7.129     170.627
7.134     170.627
7.140     170.627
7.146     170.627
7.152     170.627
7.158     172.610
7.163     174.615
7.169     174.615
7.175     173.610
7.181     172.610
7.187     172.610
7.192     172.610
7.198     172.610
7.204     172.610
7.210     174.615
7.216     175.627
7.221     175.627
7.227     173.610
7.233     171.615
7.239     171.615
7.245     171.615
7.250     172.610
7.256     172.610
7.262     173.610
7.268     174.615
7.274     174.615
7.279     174.615
7.285     167.696
7.291     173.610
7.297     175.627
7.303     176.644
7.308     176.644
7.314     175.627
7.320     175.627
7.326     173.610
7.332     176.644
7.338     174.615
7.343     175.627
7.349     175.627
7.355     177.668
7.361     175.627
7.367     175.627
7.372     177.668
7.378     174.615
7.384     174.615
7.390     174.615
7.396     174.615
7.401     174.615
7.407     173.610
7.413     176.644
7.419     175.627
7.425     173.610
7.430     174.615
7.436     174.615
7.442     176.644
7.448     173.610
7.454     173.610
7.459     174.615
7.465     172.610
7.471     175.627
7.477     173.610
7.483     172.610
7.488     173.610
7.494     172.610
7.500     174.615
7.506     175.627
7.512     174.615
7.517     170.627
7.523     168.667
7.529     174.615
7.535     178.697
7.541     177.668
7.546     174.615
7.552     171.615
7.558     174.615
7.564     177.668
7.570     175.627
7.576     174.615
7.581     173.610
7.587     174.615
7.593     176.644
7.599     177.668
7.605     176.644
7.610     174.615
7.616     173.610
7.622     277.185
7.628     277.185
7.634     275.589
7.639     278.791
7.645     278.791
7.651     278.791
7.657     277.185
7.663     277.185
7.668     277.185
7.674     277.185
7.680     275.589
7.686     277.185
7.692     277.185
7.697     275.589
7.703     275.589
7.709     277.185
7.715     277.185
7.721     0.000
7.726     0.000
7.732     0.000
7.738     0.000
7.744     0.000
7.750     0.000
7.755     0.000
7.761     0.000
7.767     0.000
7.773     0.000
7.779     0.000
7.784     0.000
7.790     0.000
7.796     0.000
7.802     0.000
7.808     0.000
7.814     0.000
7.819     0.000
7.825     0.000
7.831     0.000
7.837     0.000
7.843     0.000
7.848     0.000
7.854     0.000
7.860     0.000
7.866     0.000
7.872     0.000
7.877     0.000
7.883     0.000
7.889     274.001
7.895     272.423
7.901     274.001
7.906     275.589
7.912     275.589
7.918     274.001
7.924     274.001
7.930     275.589
7.935     274.001
7.941     272.423
7.947     272.423
7.953     275.589
7.959     275.589
7.964     274.001
7.970     274.001
7.976     275.589
7.982     277.185
7.988     275.589
7.993     275.589
7.999     277.185
8.005     278.791
8.011     278.791
8.017     280.406
8.022     280.406
8.028     277.185
8.034     275.589
8.040     275.589
8.046     275.589
8.052     275.589
8.057     275.589
8.063     275.589
8.069     277.185
8.075     0.000
8.081     0.000
8.086     0.000
8.092     0.000
8.098     0.000
8.104     0.000
8.110     0.000
8.115     0.000
8.121     0.000
8.127     0.000
8.133     0.000
8.139     0.000
8.144     0.000
8.150     0.000
8.156     0.000
8.162     0.000
8.168     0.000
8.173     0.000
8.179     0.000
8.185     0.000
8.191     197.135
8.197     197.135
8.202     198.277
8.208     198.277
8.214     199.425
8.220     200.580
8.226     200.580
8.231     201.742
8.237     201.742
8.243     202.911
8.249     202.911
8.255     204.087
8.260     206.458
8.266     207.654
8.272     207.654
8.278     208.857
8.284     208.857
8.290     210.067
8.295     208.857
8.301     208.857
8.307     207.654
8.313     206.458
8.319     204.087
8.324     0.000
8.330     0.000
8.336     0.000
8.342     0.000
8.348     0.000
8.353     0.000
8.359     0.000
8.365     0.000
8.371     0.000
8.377     0.000
8.382     0.000
8.388     0.000
8.394     275.589
8.400     277.185
8.406     277.185
8.411     277.185
8.417     277.185
8.423     277.185
8.429     277.185
8.435     275.589
8.440     278.791
8.446     278.791
8.452     278.791
8.458     277.185
8.464     277.185
8.469     278.791
8.475     277.185
8.481     275.589
8.487     275.589
8.493     275.589
8.499     272.423
8.504     274.001
8.510     363.642
8.516     182.874
8.522     183.933
8.528     183.933
8.533     181.820
8.539     182.874
8.545     182.874
8.551     182.874
8.557     183.933
8.562     183.933
8.568     186.070
8.574     187.148
8.580     188.232
8.586     191.523
8.591     193.748
8.597     197.135
8.603     198.277
8.609     199.425
8.615     200.580
8.620     201.742
8.626     206.458
8.632     207.654
8.638     208.857
8.644     207.654
8.649     207.654
8.655     208.857
8.661     210.067
8.667     212.508
8.673     213.739
8.678     212.508
8.684     211.284
8.690     210.067
8.696     210.067
8.702     210.067
8.707     211.284
8.713     212.508
8.719     212.508
8.725     211.284
8.731     210.067
8.737     210.067
8.742     208.857
8.748     208.857
8.754     210.067
8.760     211.284
8.766     211.284
8.771     211.284
8.777     208.857
8.783     208.857
8.789     207.654
8.795     208.857
8.800     208.857
8.806     208.857
8.812     210.067
8.818     211.284
8.824     210.067
8.829     208.857
8.835     207.654
8.841     208.857
8.847     210.067
8.853     208.857
8.858     206.458
8.864     206.458
8.870     206.458
8.876     206.458
8.882     205.269
8.887     202.911
8.893     200.580
8.899     199.425
8.905     198.277
8.911     197.135
8.916     197.135
8.922     197.135
8.928     195.999
8.934     195.999
8.940     195.999
8.945     197.135
8.951     197.135
8.957     195.999
8.963     195.999
8.969     197.135
8.975     199.425
8.980     198.277
8.986     195.999
8.992     195.999
8.998     197.135
9.004     198.277
9.009     195.999
9.015     195.999
9.021     194.870
9.027     195.999
9.033     195.999
9.038     195.999
9.044     194.870
9.050     194.870
9.056     194.870
9.062     194.870
9.067     194.870
9.073     194.870
9.079     194.870
9.085     194.870
9.091     194.870
9.096     195.999
9.102     197.135
9.108     197.135
9.114     197.135
9.120     197.135
9.125     195.999
9.131     193.748
9.137     193.748
9.143     193.748
9.149     193.748
9.154     194.870
9.160     195.999
9.166     194.870
9.172     194.870
9.178     194.870
9.183     194.870
9.189     195.999
9.195     195.999
9.201     194.870
9.207     194.870
9.213     194.870
9.218     194.870
9.224     194.870
9.230     194.870
9.236     193.748
9.242     193.748
9.247     193.748
9.253     193.748
9.259     193.748
9.265     193.748
9.271     193.748
9.276     194.870
9.282     193.748
9.288     193.748
9.294     194.870
9.300     194.870
9.305     194.870
9.311     194.870
9.317     194.870
9.323     194.870
9.329     194.870
9.334     194.870
9.340     194.870
9.346     194.870
9.352     194.870
9.358     194.870
9.363     194.870
9.369     195.999
9.375     194.870
9.381     194.870
9.387     194.870
9.392     194.870
9.398     194.870
9.404     195.999
9.410     195.999
9.416     195.999
9.421     194.870
9.427     195.999
9.433     195.999
9.439     195.999
9.445     195.999
9.451     195.999
9.456     195.999
9.462     197.135
9.468     197.135
9.474     197.135
9.480     197.135
9.485     195.999
9.491     195.999
9.497     197.135
9.503     197.135
9.509     195.999
9.514     195.999
9.520     195.999
9.526     195.999
9.532     195.999
9.538     195.999
9.543     195.999
9.549     195.999
9.555     195.999
9.561     195.999
9.567     194.870
9.572     193.748
9.578     194.870
9.584     194.870
9.590     194.870
9.596     195.999
9.601     197.135
9.607     195.999
9.613     194.870
9.619     194.870
9.625     197.135
9.630     197.135
9.636     197.135
9.642     195.999
9.648     197.135
9.654     198.277
9.660     197.135
9.665     195.999
9.671     195.999
9.677     193.748
9.683     195.999
9.689     198.277
9.694     197.135
9.700     197.135
9.706     197.135
9.712     197.135
9.718     199.425
9.723     198.277
9.729     198.277
9.735     198.277
9.741     198.277
9.747     197.135
9.752     197.135
9.758     198.277
9.764     201.742
9.770     200.580
9.776     197.135
9.781     194.870
9.787     198.277
9.793     199.425
9.799     199.425
9.805     195.999
9.810     195.999
9.816     197.135
9.822     199.425
9.828     198.277
9.834     194.870
9.839     193.748
9.845     194.870
9.851     195.999
9.857     195.999
9.863     192.632
9.868     190.419
9.874     0.000
9.880     0.000
9.886     0.000
9.892     0.000
9.898     0.000
9.903     0.000
9.909     0.000
9.915     0.000
9.921     0.000
9.927     0.000
9.932     0.000
9.938     0.000
9.944     0.000
9.950     0.000
9.956     0.000
9.961     0.000
9.967     0.000
9.973     0.000
9.979     0.000
9.985     0.000
9.990     0.000
9.996     0.000
10.002     0.000
10.008     0.000
10.014     0.000
10.019     0.000
10.025     347.221
10.031     351.255
10.037     355.337
10.043     179.732
10.048     176.644
10.054     176.644
10.060     172.610
10.066     173.610
10.072     174.615
10.077     175.627
10.083     174.615
10.089     174.615
10.095     174.615
10.101     175.627
10.106     176.644
10.112     175.627
10.118     173.610
10.124     174.615
10.130     175.627
10.136     178.697
10.141     177.668
10.147     172.610
10.153     172.610
10.159     174.615
10.165     175.627
10.170     176.644
10.176     174.615
10.182     173.610
10.188     172.610
10.194     173.610
10.199     175.627
10.205     175.627
10.211     173.610
10.217     173.610
10.223     174.615
10.228     174.615
10.234     173.610
10.240     173.610
10.246     175.627
10.252     175.627
10.257     174.615
10.263     173.610
10.269     173.610
10.275     174.615
10.281     174.615
10.286     175.627
10.292     175.627
10.298     174.615
10.304     173.610
10.310     174.615
10.315     175.627
10.321     176.644
10.327     175.627
10.333     173.610
10.339     173.610
10.344     173.610
10.350     171.615
10.356     173.610
10.362     172.610
10.368     174.615
10.374     174.615
10.379     174.615
10.385     174.615
10.391     174.615
10.397     174.615
10.403     173.610
10.408     173.610
10.414     174.615
10.420     174.615
10.426     177.668
10.432     178.697
10.437     176.644
10.443     174.615
10.449     174.615
10.455     176.644
10.461     175.627
10.466     173.610
10.472     175.627
10.478     178.697
10.484     179.732
10.490     183.933
10.495     182.874
10.501     251.260
10.507     251.260
10.513     252.716
10.519     252.716
10.524     254.180
10.530     252.716
10.536     252.716
10.542     252.716
10.548     254.180
10.553     254.180
10.559     255.652
10.565     255.652
10.571     255.652
10.577     255.652
10.582     254.180
10.588     254.180
10.594     254.180
10.600     254.180
10.606     254.180
10.612     255.652
10.617     255.652
10.623     257.133
10.629     257.133
10.635     257.133
10.641     255.652
10.646     255.652
10.652     255.652
10.658     255.652
10.664     254.180
10.670     254.180
10.675     251.260
10.681     251.260
10.687     251.260
10.693     252.716
10.699     252.716
10.704     252.716
10.710     252.716
10.716     252.716
10.722     252.716
10.728     252.716
10.733     254.180
10.739     254.180
10.745     254.180
10.751     255.652
10.757     257.133
10.762     258.623
10.768     258.623
10.774     260.121
10.780     261.628
10.786     261.628
10.791     261.628
10.797     263.144
10.803     264.668
10.809     264.668
10.815     264.668
10.820     264.668
10.826     264.668
10.832     266.201
10.838     266.201
10.844     264.668
10.850     264.668
10.855     263.144
10.861     263.144
10.867     263.144
10.873     264.668
10.879     266.201
10.884     267.743
10.890     270.854
10.896     274.001
10.902     280.406
10.908     288.623
10.913     293.668
10.919     297.080
10.925     300.532
10.931     307.556
10.937     307.556
10.942     309.338
10.948     312.932
10.954     312.932
10.960     316.569
10.966     316.569
10.971     320.247
10.977     325.845
10.983     331.541
10.989     335.393
10.995     337.336
11.000     339.290
11.006     339.290
11.012     341.256
11.018     341.256
11.024     341.256
11.029     337.336
11.035     337.336
11.041     337.336
11.047     339.290
11.053     339.290
11.059     339.290
11.064     339.290
11.070     339.290
11.076     341.256
11.082     341.256
11.088     341.256
11.093     343.232
11.099     343.232
11.105     343.232
11.111     343.232
11.117     343.232
11.122     341.256
11.128     343.232
11.134     343.232
11.140     345.221
11.146     347.221
11.151     349.232
11.157     351.255
11.163     349.232
11.169     351.255
11.175     349.232
11.180     353.290
11.186     353.290
11.192     351.255
11.198     351.255
11.204     0.000
11.209     0.000
11.215     0.000
11.221     0.000
11.227     0.000
11.233     0.000
11.238     0.000
11.244     0.000
11.250     0.000
11.256     0.000
11.262     0.000
11.267     0.000
11.273     0.000
11.279     0.000
11.285     0.000
11.291     0.000
11.297     0.000
11.302     0.000
11.308     0.000
11.314     174.615
11.320     175.627
11.326     175.627
11.331     175.627
11.337     175.627
11.343     175.627
11.349     173.610
11.355     172.610
11.360     171.615
11.366     172.610
11.372     172.610
11.378     172.610
11.384     170.627
11.389     169.644
11.395     169.644
11.401     171.615
11.407     174.615
11.413     171.615
11.418     171.615
11.424     171.615
11.430     171.615
11.436     172.610
11.442     172.610
11.447     172.610
11.453     172.610
11.459     172.610
11.465     172.610
11.471     172.610
11.476     173.610
11.482     174.615
11.488     174.615
11.494     175.627
11.500     175.627
11.505     176.644
11.511     176.644
11.517     176.644
11.523     176.644
11.529     176.644
11.535     176.644
11.540     175.627
11.546     175.627
11.552     176.644
11.558     176.644
11.564     176.644
11.569     176.644
11.575     177.668
11.581     177.668
11.587     176.644
11.593     179.732
11.598     183.933
11.604     181.820
11.610     178.697
11.616     180.773
11.622     179.732
11.627     178.697
11.633     178.697
11.639     173.610
11.645     173.610
11.651     174.615
11.656     177.668
11.662     178.697
11.668     178.697
11.674     175.627
11.680     173.610
11.685     173.610
11.691     174.615
11.697     176.644
11.703     175.627
11.709     175.627
11.714     173.610
11.720     173.610
11.726     177.668
11.732     174.615
11.738     161.050
11.743     159.201
11.749     169.644
11.755     335.393
11.761     327.732
11.767     325.845
11.773     325.845
11.778     329.631
11.784     335.393
11.790     333.461
11.796     331.541
11.802     329.631
11.807     325.845
11.813     325.845
11.819     329.631
11.825     335.393
11.831     335.393
11.836     331.541
11.842     359.465
11.848     351.255
11.854     351.255
11.860     339.290
11.865     339.290
11.871     339.290
11.877     327.732
11.883     323.968
11.889     322.102
11.894     323.968
11.900     329.631
11.906     327.732
11.912     325.845
11.918     325.845
11.923     329.631
11.929     335.393
11.935     339.290
11.941     339.290
11.947     333.461
11.952     327.732
11.958     325.845
11.964     325.845
11.970     331.541
11.976     335.393
11.981     335.393
11.987     339.290
11.993     339.290
11.999     339.290
12.005     345.221
12.011     351.255
12.016     355.337
12.022     351.255
12.028     345.221
12.034     341.256
12.040     341.256
12.045     341.256
12.051     341.256
12.057     345.221
12.063     351.255
12.069     353.290
12.074     351.255
12.080     339.290
12.086     337.336
12.092     339.290
12.098     347.221
12.103     351.255
12.109     349.232
12.115     347.221
12.121     347.221
12.127     343.232
12.132     343.232
12.138     345.221
12.144     349.232
12.150     367.868
12.156     353.290
12.161     343.232
12.167     341.256
12.173     341.256
12.179     341.256
12.185     341.256
12.190     353.290
12.196     363.642
12.202     367.868
12.208     345.221
12.214     341.256
12.220     341.256
12.225     339.290
12.231     195.999
12.237     193.748
12.243     396.555
12.249     394.271
12.254     396.555
12.260     394.271
12.266     394.271
12.272     394.271
12.278     394.271
12.283     396.555
12.289     394.271
12.295     392.000
12.301     392.000
12.307     392.000
12.312     389.742
12.318     389.742
12.324     392.000
12.330     394.271
12.336     389.742
12.341     383.047
12.347     355.337
12.353     349.232
12.359     343.232
12.365     341.256
12.370     341.256
12.376     341.256
12.382     339.290
12.388     337.336
12.394     337.336
12.399     327.732
12.405     345.221
12.411     349.232
12.417     339.290
12.423     341.256
12.428     339.290
12.434     335.393
12.440     329.631
12.446     327.732
12.452     325.845
12.458     329.631
12.463     331.541
12.469     331.541
12.475     335.393
12.481     339.290
12.487     345.221
12.492     345.221
12.498     347.221
12.504     353.290
12.510     349.232
12.516     349.232
12.521     347.221
12.527     343.232
12.533     341.256
12.539     349.232
12.545     361.548
12.550     192.632
12.556     195.999
12.562     195.999
12.568     197.135
12.574     197.135
12.579     198.277
12.585     198.277
12.591     193.748
12.597     192.632
12.603     193.748
12.608     194.870
12.614     197.135
12.620     198.277
12.626     198.277
12.632     195.999
12.637     193.748
12.643     193.748
12.649     194.870
12.655     194.870
12.661     195.999
12.666     195.999
12.672     197.135
12.678     198.277
12.684     195.999
12.690     195.999
12.696     195.999
12.701     194.870
12.707     194.870
12.713     195.999
12.719     194.870
12.725     195.999
12.730     197.135
12.736     197.135
12.742     197.135
12.748     197.135
12.754     195.999
12.759     195.999
12.765     195.999
12.771     197.135
12.777     195.999
12.783     197.135
12.788     197.135
12.794     195.999
12.800     194.870
12.806     194.870
12.812     195.999
12.817     195.999
12.823     194.870
12.829     195.999
12.835     195.999
12.841     195.999
12.846     193.748
12.852     193.748
12.858     194.870
12.864     194.870
12.870     194.870
12.875     194.870
12.881     194.870
12.887     194.870
12.893     193.748
12.899     192.632
12.904     191.523
12.910     190.419
12.916     193.748
12.922     0.000
12.928     0.000
12.934     0.000
12.939     0.000
12.945     0.000
12.951     0.000
12.957     0.000
12.963     0.000
12.968     0.000
12.974     0.000
12.980     0.000
12.986     0.000
12.992     0.000
12.997     0.000
13.003     0.000
13.009     0.000
13.015     0.000
13.021     0.000
13.026     0.000
13.032     0.000
13.038     0.000
13.044     0.000
13.050     0.000
13.055     0.000
13.061     0.000
13.067     0.000
13.073     0.000
13.079     0.000
13.084     0.000
13.090     0.000
13.096     0.000
13.102     0.000
13.108     0.000
13.113     0.000
13.119     0.000
13.125     0.000
13.131     0.000
13.137     0.000
13.142     0.000
13.148     0.000
13.154     0.000
13.160     0.000
13.166     0.000
13.172     0.000
13.177     0.000
13.183     0.000
13.189     0.000
13.195     0.000
13.201     0.000
13.206     0.000
13.212     0.000
13.218     192.632
13.224     193.748
13.230     193.748
13.235     193.748
13.241     193.748
13.247     195.999
13.253     195.999
13.259     195.999
13.264     193.748
13.270     191.523
13.276     192.632
13.282     193.748
13.288     194.870
13.293     194.870
13.299     194.870
13.305     195.999
13.311     195.999
13.317     194.870
13.322     192.632
13.328     191.523
13.334     193.748
13.340     194.870
13.346     194.870
13.351     195.999
13.357     193.748
13.363     194.870
13.369     194.870
13.375     193.748
13.380     192.632
13.386     192.632
13.392     194.870
13.398     197.135
13.404     197.135
13.410     195.999
13.415     195.999
13.421     194.870
13.427     193.748
13.433     193.748
13.439     194.870
13.444     195.999
13.450     197.135
13.456     197.135
13.462     198.277
13.468     198.277
13.473     198.277
13.479     199.425
13.485     201.742
13.491     204.087
13.497     204.087
13.502     205.269
13.508     205.269
13.514     207.654
13.520     208.857
13.526     210.067
13.531     208.857
13.537     207.654
13.543     207.654
13.549     208.857
13.555     208.857
13.560     208.857
13.566     206.458
13.572     206.458
13.578     207.654
13.584     208.857
13.589     207.654
13.595     207.654
13.601     205.269
13.607     206.458
13.613     207.654
13.619     207.654
13.624     206.458
13.630     206.458
13.636     206.458
13.642     205.269
13.648     204.087
13.653     204.087
13.659     207.654
13.665     206.458
13.671     206.458
13.677     206.458
13.682     206.458
13.688     207.654
13.694     206.458
13.700     206.458
13.706     207.654
13.711     207.654
13.717     207.654
13.723     207.654
13.729     207.654
13.735     207.654
13.740     206.458
13.746     206.458
13.752     207.654
13.758     206.458
13.764     206.458
13.769     206.458
13.775     206.458
13.781     206.458
13.787     206.458
13.793     206.458
13.798     206.458
13.804     206.458
13.810     206.458
13.816     206.458
13.822     205.269
13.827     205.269
13.833     204.087
13.839     204.087
13.845     204.087
13.851     205.269
13.857     205.269
13.862     204.087
13.868     201.742
13.874     201.742
13.880     205.269
13.886     208.857
13.891     210.067
13.897     207.654
13.903     204.087
13.909     202.911
13.915     205.269
13.920     208.857
13.926     208.857
13.932     208.857
13.938     206.458
13.944     205.269
13.949     206.458
13.955     206.458
13.961     208.857
13.967     206.458
13.973     206.458
13.978     206.458
13.984     205.269
13.990     202.911
13.996     202.911
14.002     204.087
14.007     205.269
14.013     205.269
14.019     204.087
14.025     204.087
14.031     204.087
14.036     207.654
14.042     210.067
14.048     210.067
14.054     206.458
14.060     204.087
14.065     206.458
14.071     212.508
14.077     217.475
14.083     217.475
14.089     213.739
14.095     211.284
14.100     213.739
14.106     216.222
14.112     216.222
14.118     217.475
14.124     218.735
14.129     220.002
14.135     220.002
14.141     211.284
14.147     205.269
14.153     200.580
14.158     193.748
14.164     186.070
14.170     179.732
14.176     177.668
14.182     174.615
14.187     174.615
14.193     0.000
14.199     0.000
14.205     0.000
14.211     0.000
14.216     0.000
14.222     0.000
14.228     0.000
14.234     0.000
14.240     270.854
14.245     272.423
14.251     272.423
14.257     272.423
14.263     270.854
14.269     269.294
14.274     266.201
14.280     269.294
14.286     278.791
14.292     278.791
14.298     275.589
14.303     269.294
14.309     267.743
14.315     267.743
14.321     264.668
14.327     258.623
14.333     251.260
14.338     251.260
14.344     255.652
14.350     267.743
14.356     270.854
14.362     267.743
14.367     280.406
14.373     280.406
14.379     277.185
14.385     275.589
14.391     270.854
14.396     274.001
14.402     275.589
14.408     277.185
14.414     277.185
14.420     280.406
14.425     278.791
14.431     277.185
14.437     275.589
14.443     274.001
14.449     272.423
14.454     270.854
14.460     274.001
14.466     282.030
14.472     286.960
14.478     285.307
14.483     275.589
14.489     263.144
14.495     260.121
14.501     260.121
14.507     263.144
14.512     266.201
14.518     261.628
14.524     255.652
14.530     252.716
14.536     257.133
14.541     266.201
14.547     269.294
14.553     270.854
14.559     0.000
14.565     0.000
14.571     171.615
14.576     172.610
14.582     176.644
14.588     179.732
14.594     181.820
14.600     184.999
14.605     187.148
14.611     189.323
14.617     191.523
14.623     194.870
14.629     197.135
14.634     198.277
14.640     199.425
14.646     201.742
14.652     205.269
14.658     207.654
14.663     207.654
14.669     204.087
14.675     201.742
14.681     202.911
14.687     207.654
14.692     211.284
14.698     207.654
14.704     205.269
14.710     202.911
14.716     201.742
14.721     202.911
14.727     202.911
14.733     199.425
14.739     195.999
14.745     194.870
14.750     197.135
14.756     199.425
14.762     197.135
14.768     193.748
14.774     191.523
14.780     191.523
14.785     191.523
14.791     191.523
14.797     191.523
14.803     193.748
14.809     194.870
14.814     194.870
14.820     193.748
14.826     192.632
14.832     192.632
14.838     192.632
14.843     192.632
14.849     192.632
14.855     194.870
14.861     197.135
14.867     195.999
14.872     195.999
14.878     195.999
14.884     197.135
14.890     197.135
14.896     198.277
14.901     198.277
14.907     200.580
14.913     200.580
14.919     201.742
14.925     200.580
14.930     202.911
14.936     201.742
14.942     202.911
14.948     202.911
14.954     204.087
14.959     202.911
14.965     204.087
14.971     204.087
14.977     205.269
14.983     204.087
14.988     204.087
14.994     204.087
15.000     282.030
15.006     272.423
15.012     285.307
15.018     278.791
15.023     270.854
15.029     266.201
15.035     270.854
15.041     275.589
15.047     278.791
15.052     280.406
15.058     280.406
15.064     277.185
15.070     274.001
15.076     272.423
15.081     272.423
15.087     274.001
15.093     272.423
15.099     269.294
15.105     267.743
15.110     270.854
15.116     266.201
15.122     266.201
15.128     269.294
15.134     260.121
15.139     257.133
15.145     255.652
15.151     257.133
15.157     261.628
15.163     0.000
15.168     0.000
15.174     0.000
15.180     0.000
15.186     0.000
15.192     0.000
15.197     0.000
15.203     0.000
15.209     0.000
15.215     0.000
15.221     0.000
15.226     0.000
15.232     0.000
15.238     0.000
15.244     197.135
15.250     198.277
15.256     199.425
15.261     199.425
15.267     199.425
15.273     199.425
15.279     199.425
15.285     199.425
15.290     199.425
15.296     199.425
15.302     197.135
15.308     197.135
15.314     198.277
15.319     199.425
15.325     197.135
15.331     195.999
15.337     197.135
15.343     198.277
15.348     197.135
15.354     194.870
15.360     195.999
15.366     197.135
15.372     198.277
15.377     197.135
15.383     194.870
15.389     195.999
15.395     195.999
15.401     195.999
15.406     194.870
15.412     194.870
15.418     194.870
15.424     194.870
15.430     194.870
15.435     194.870
15.441     194.870
15.447     194.870
15.453     195.999
15.459     193.748
15.464     192.632
15.470     194.870
15.476     194.870
15.482     194.870
15.488     194.870
15.494     194.870
15.499     194.870
15.505     194.870
15.511     194.870
15.517     193.748
15.523     193.748
15.528     194.870
15.534     197.135
15.540     194.870
15.546     193.748
15.552     194.870
15.557     195.999
15.563     194.870
15.569     192.632
15.575     192.632
15.581     192.632
15.586     192.632
15.592     192.632
15.598     192.632
15.604     194.870
15.610     193.748
15.615     193.748
15.621     191.523
15.627     192.632
15.633     193.748
15.639     193.748
15.644     192.632
15.650     192.632
15.656     192.632
15.662     193.748
15.668     194.870
15.673     193.748
15.679     194.870
15.685     194.870
15.691     193.748
15.697     193.748
15.702     193.748
15.708     194.870
15.714     193.748
15.720     193.748
15.726     192.632
15.732     192.632
15.737     194.870
15.743     194.870
15.749     193.748
15.755     193.748
15.761     192.632
15.766     194.870
15.772     194.870
15.778     192.632
15.784     192.632
15.790     192.632
15.795     194.870
15.801     193.748
15.807     192.632
15.813     192.632
15.819     192.632
15.824     192.632
15.830     192.632
15.836     193.748
15.842     193.748
15.848     193.748
15.853     193.748
15.859     193.748
15.865     192.632
15.871     193.748
15.877     193.748
15.882     193.748
15.888     193.748
15.894     193.748
15.900     194.870
15.906     194.870
15.911     193.748
15.917     194.870
15.923     194.870
15.929     194.870
15.935     194.870
15.940     195.999
15.946     195.999
15.952     195.999
15.958     195.999
15.964     195.999
15.970     195.999
15.975     194.870
15.981     195.999
15.987     195.999
15.993     195.999
15.999     194.870
16.004     194.870
16.010     194.870
16.016     195.999
16.022     197.135
16.028     194.870
16.033     195.999
16.039     194.870
16.045     194.870
16.051     194.870
16.057     193.748
16.062     193.748
16.068     194.870
16.074     194.870
16.080     193.748
16.086     193.748
16.091     194.870
16.097     194.870
16.103     194.870
16.109     194.870
16.115     195.999
16.120     195.999
16.126     195.999
16.132     195.999
16.138     195.999
16.144     198.277
16.149     198.277
16.155     198.277
16.161     197.135
16.167     197.135
16.173     198.277
16.179     198.277
16.184     198.277
16.190     197.135
16.196     197.135
16.202     198.277
16.208     197.135
16.213     197.135
16.219     195.999
16.225     194.870
16.231     195.999
16.237     195.999
16.242     194.870
16.248     194.870
16.254     194.870
16.260     194.870
16.266     194.870
16.271     193.748
16.277     193.748
16.283     193.748
16.289     194.870
16.295     194.870
16.300     194.870
16.306     194.870
16.312     194.870
16.318     195.999
16.324     195.999
16.329     195.999
16.335     198.277
16.341     197.135
16.347     197.135
16.353     197.135
16.358     198.277
16.364     198.277
16.370     198.277
16.376     198.277
16.382     198.277
16.387     198.277
16.393     198.277
16.399     198.277
16.405     198.277
16.411     195.999
16.417     194.870
16.422     195.999
16.428     197.135
16.434     195.999
16.440     194.870
16.446     195.999
16.451     195.999
16.457     195.999
16.463     197.135
16.469     197.135
16.475     197.135
16.480     198.277
16.486     198.277
16.492     198.277
16.498     199.425
16.504     199.425
16.509     198.277
16.515     197.135
16.521     198.277
16.527     198.277
16.533     197.135
16.538     195.999
16.544     194.870
16.550     195.999
16.556     193.748
16.562     191.523
16.567     189.323
16.573     188.232
16.579     186.070
16.585     180.773
16.591     176.644
16.596     174.615
16.602     172.610
16.608     171.615
16.614     170.627
16.620     170.627
16.625     170.627
16.631     170.627
16.637     170.627
16.643     170.627
16.649     170.627
16.655     170.627
16.660     171.615
16.666     171.615
16.672     171.615
16.678     172.610
16.684     174.615
16.689     174.615
16.695     174.615
16.701     174.615
16.707     173.610
16.713     173.610
16.718     172.610
16.724     172.610
16.730     172.610
16.736     173.610
16.742     174.615
16.747     173.610
16.753     174.615
16.759     172.610
16.765     172.610
16.771     172.610
16.776     172.610
16.782     172.610
16.788     173.610
16.794     173.610
16.800     173.610
16.805     174.615
16.811     173.610
16.817     173.610
16.823     174.615
16.829     174.615
16.834     172.610
16.840     174.615
16.846     173.610
16.852     171.615
16.858     172.610
16.863     172.610
16.869     173.610
16.875     172.610
16.881     172.610
16.887     173.610
16.893     173.610
16.898     172.610
16.904     173.610
16.910     173.610
16.916     173.610
16.922     174.615
16.927     175.627
16.933     174.615
16.939     174.615
16.945     174.615
16.951     173.610
16.956     173.610
16.962     173.610
16.968     172.610
16.974     173.610
16.980     174.615
16.985     174.615
16.991     174.615
16.997     173.610
17.003     172.610
17.009     173.610
17.014     173.610
17.020     173.610
17.026     173.610
17.032     173.610
17.038     174.615
17.043     173.610
17.049     172.610
17.055     171.615
17.061     171.615
17.067     172.610
17.072     173.610
17.078     174.615
17.084     175.627
17.090     175.627
17.096     175.627
17.101     174.615
17.107     174.615
17.113     174.615
17.119     174.615
17.125     174.615
17.131     175.627
17.136     175.627
17.142     175.627
17.148     175.627
17.154     174.615
17.160     173.610
17.165     173.610
17.171     172.610
17.177     173.610
17.183     174.615
17.189     175.627
17.194     175.627
17.200     176.644
17.206     174.615
17.212     173.610
17.218     173.610
17.223     173.610
17.229     174.615
17.235     173.610
17.241     174.615
17.247     174.615
17.252     173.610
17.258     173.610
17.264     172.610
17.270     171.615
17.276     172.610
17.281     170.627
17.287     167.696
17.293     170.627
17.299     171.615
17.305     171.615
17.310     172.610
17.316     173.610
17.322     175.627
17.328     174.615
17.334     172.610
17.340     172.610
17.345     174.615
17.351     177.668
17.357     174.615
17.363     171.615
17.369     170.627
17.374     172.610
17.380     176.644
17.386     176.644
17.392     173.610
17.398     172.610
17.403     173.610
17.409     175.627
17.415     175.627
17.421     173.610
17.427     173.610
17.432     173.610
17.438     175.627
17.444     174.615
17.450     173.610
17.456     172.610
17.461     172.610
17.467     173.610
17.473     174.615
17.479     173.610
17.485     172.610
17.490     172.610
17.496     173.610
17.502     175.627
17.508     174.615
17.514     173.610
17.519     172.610
17.525     173.610
17.531     173.610
17.537     173.610
17.543     173.610
17.548     174.615
17.554     177.668
17.560     177.668
17.566     173.610
17.572     172.610
17.578     173.610
17.583     175.627
17.589     176.644
17.595     174.615
17.601     173.610
17.607     174.615
17.612     176.644
17.618     177.668
17.624     176.644
17.630     175.627
17.636     175.627
17.641     176.644
17.647     176.644
17.653     176.644
17.659     177.668
17.665     176.644
17.670     175.627
17.676     174.615
17.682     174.615
17.688     173.610
17.694     171.615
17.699     170.627
17.705     171.615
17.711     173.610
17.717     173.610
17.723     173.610
17.728     175.627
17.734     178.697
17.740     177.668
17.746     174.615
17.752     171.615
17.757     174.615
17.763     177.668
17.769     0.000
17.775     0.000
17.781     0.000
17.786     0.000
17.792     0.000
17.798     0.000
17.804     0.000
17.810     0.000
17.816     0.000
17.821     0.000
17.827     0.000
17.833     0.000
17.839     0.000
17.845     0.000
17.850     0.000
17.856     0.000
17.862     0.000
17.868     0.000
17.874     0.000
17.879     0.000
17.885     0.000
17.891     0.000
17.897     0.000
17.903     0.000
17.908     0.000
17.914     0.000
17.920     0.000
17.926     0.000
17.932     0.000
17.937     0.000
17.943     0.000
17.949     0.000
17.955     0.000
17.961     0.000
17.966     0.000
17.972     0.000
17.978     0.000
17.984     0.000
17.990     0.000
17.995     0.000
18.001     0.000
18.007     0.000
18.013     0.000
18.019     0.000
18.024     0.000
18.030     0.000
18.036     0.000
18.042     0.000
18.048     0.000
18.054     0.000
18.059     0.000
18.065     0.000
18.071     0.000
18.077     0.000
18.083     0.000
18.088     0.000
18.094     0.000
18.100     0.000
18.106     0.000
18.112     0.000
18.117     0.000
18.123     0.000
18.129     0.000
18.135     0.000
18.141     0.000
18.146     0.000
18.152     0.000
18.158     0.000
18.164     0.000
18.170     0.000
18.175     0.000
18.181     0.000
18.187     0.000
18.193     0.000
18.199     0.000
18.204     0.000
18.210     178.697
18.216     180.773
18.222     182.874
18.228     183.933
18.233     187.148
18.239     189.323
18.245     192.632
18.251     195.999
18.257     197.135
18.262     200.580
18.268     200.580
18.274     200.580
18.280     201.742
18.286     204.087
18.292     206.458
18.297     207.654
18.303     206.458
18.309     207.654
18.315     206.458
18.321     208.857
18.326     208.857
18.332     208.857
18.338     208.857
18.344     208.857
18.350     207.654
18.355     207.654
18.361     206.458
18.367     205.269
18.373     204.087
18.379     204.087
18.384     202.911
18.390     206.458
18.396     204.087
18.402     201.742
18.408     199.425
18.413     199.425
18.419     199.425
18.425     195.999
18.431     197.135
18.437     195.999
18.442     193.748
18.448     192.632
18.454     192.632
18.460     191.523
18.466     190.419
18.471     188.232
18.477     187.148
18.483     187.148
18.489     189.323
18.495     190.419
18.500     190.419
18.506     191.523
18.512     192.632
18.518     195.999
18.524     194.870
18.530     198.277
18.535     199.425
18.541     201.742
18.547     204.087
18.553     205.269
18.559     206.458
18.564     207.654
18.570     208.857
18.576     208.857
18.582     207.654
18.588     207.654
18.593     207.654
18.599     208.857
18.605     207.654
18.611     207.654
18.617     205.269
18.622     205.269
18.628     205.269
18.634     207.654
18.640     208.857
18.646     618.679
18.651     0.000
18.657     0.000
18.663     0.000
18.669     0.000
18.675     0.000
18.680     0.000
18.686     0.000
18.692     0.000
18.698     0.000
18.704     0.000
18.709     0.000
18.715     0.000
18.721     0.000
18.727     0.000
18.733     0.000
18.739     0.000
18.744     0.000
18.750     0.000
18.756     0.000
18.762     0.000
18.768     0.000
18.773     0.000
18.779     0.000
18.785     0.000
18.791     0.000
18.797     0.000
18.802     0.000
18.808     0.000
18.814     0.000
18.820     0.000
18.826     0.000
18.831     0.000
18.837     0.000
18.843     0.000
18.849     0.000
18.855     204.087
18.860     204.087
18.866     204.087
18.872     200.580
18.878     197.135
18.884     200.580
18.889     198.277
18.895     198.277
18.901     199.425
18.907     204.087
18.913     200.580
18.918     199.425
18.924     198.277
18.930     198.277
18.936     198.277
18.942     197.135
18.947     195.999
18.953     194.870
18.959     195.999
18.965     194.870
18.971     194.870
18.977     194.870
18.982     194.870
18.988     194.870
18.994     194.870
19.000     194.870
19.006     194.870
19.011     194.870
19.017     193.748
19.023     194.870
19.029     193.748
19.035     193.748
19.040     193.748
19.046     193.748
19.052     193.748
19.058     193.748
19.064     193.748
19.069     192.632
19.075     192.632
19.081     193.748
19.087     193.748
19.093     194.870
19.098     194.870
19.104     194.870
19.110     193.748
19.116     193.748
19.122     193.748
19.127     192.632
19.133     193.748
19.139     194.870
19.145     194.870
19.151     194.870
19.156     194.870
19.162     193.748
19.168     193.748
19.174     193.748
19.180     193.748
19.185     193.748
19.191     193.748
19.197     193.748
19.203     193.748
19.209     193.748
19.215     193.748
19.220     193.748
19.226     193.748
19.232     193.748
19.238     193.748
19.244     193.748
19.249     193.748
19.255     193.748
19.261     193.748
19.267     193.748
19.273     193.748
19.278     193.748
19.284     193.748
19.290     193.748
19.296     193.748
19.302     194.870
19.307     194.870
19.313     194.870
19.319     194.870
19.325     194.870
19.331     194.870
19.336     194.870
19.342     194.870
19.348     194.870
19.354     194.870
19.360     194.870
19.365     194.870
19.371     194.870
19.377     194.870
19.383     194.870
19.389     194.870
19.394     194.870
19.400     195.999
19.406     195.999
19.412     195.999
19.418     195.999
19.423     195.999
19.429     195.999
19.435     195.999
19.441     194.870
19.447     194.870
19.453     194.870
19.458     194.870
19.464     194.870
19.470     194.870
19.476     194.870
19.482     194.870
19.487     194.870
19.493     194.870
19.499     194.870
19.505     194.870
19.511     194.870
19.516     194.870
19.522     194.870
19.528     194.870
19.534     195.999
19.540     195.999
19.545     195.999
19.551     195.999
19.557     195.999
19.563     195.999
19.569     195.999
19.574     195.999
19.580     195.999
19.586     195.999
19.592     195.999
19.598     195.999
19.603     195.999
19.609     195.999
19.615     195.999
19.621     195.999
19.627     195.999
19.632     195.999
19.638     195.999
19.644     195.999
19.650     195.999
19.656     195.999
19.661     195.999
19.667     194.870
19.673     194.870
19.679     194.870
19.685     194.870
19.691     194.870
19.696     194.870
19.702     194.870
19.708     194.870
19.714     194.870
19.720     194.870
19.725     194.870
19.731     194.870
19.737     194.870
19.743     193.748
19.749     193.748
19.754     193.748
19.760     193.748
19.766     193.748
19.772     193.748
19.778     193.748
19.783     193.748
19.789     193.748
19.795     193.748
19.801     193.748
19.807     193.748
19.812     193.748
19.818     193.748
19.824     194.870
19.830     194.870
19.836     194.870
19.841     194.870
19.847     194.870
19.853     194.870
19.859     194.870
19.865     194.870
19.870     194.870
19.876     194.870
19.882     194.870
19.888     194.870
19.894     194.870
19.900     194.870
19.905     194.870
19.911     194.870
19.917     194.870
19.923     194.870
19.929     194.870
19.934     194.870
19.940     194.870
19.946     194.870
19.952     194.870
19.958     194.870
19.963     194.870
19.969     194.870
19.975     194.870
19.981     194.870
19.987     194.870
19.992     194.870
19.998     194.870
20.004     194.870
20.010     194.870
20.016     194.870
20.021     194.870
20.027     194.870
20.033     194.870
20.039     194.870
20.045     194.870
20.050     194.870
20.056     194.870
20.062     194.870
20.068     194.870
20.074     194.870
20.079     194.870
20.085     194.870
20.091     194.870
20.097     194.870
20.103     194.870
20.108     194.870
20.114     194.870
20.120     193.748
20.126     193.748
20.132     193.748
20.138     193.748
20.143     193.748
20.149     193.748
20.155     193.748
20.161     194.870
20.167     194.870
20.172     194.870
20.178     194.870
20.184     194.870
20.190     194.870
20.196     194.870
20.201     194.870
20.207     194.870
20.213     194.870
20.219     194.870
20.225     194.870
20.230     194.870
20.236     194.870
20.242     194.870
20.248     194.870
20.254     194.870
20.259     194.870
20.265     194.870
20.271     194.870
20.277     194.870
20.283     194.870
20.288     193.748
20.294     193.748
20.300     193.748
20.306     193.748
20.312     194.870
20.317     194.870
20.323     194.870
20.329     193.748
20.335     193.748
20.341     193.748
20.346     193.748
20.352     193.748
20.358     193.748
20.364     193.748
20.370     193.748
20.376     193.748
20.381     193.748
20.387     193.748
20.393     193.748
20.399     193.748
20.405     193.748
20.410     193.748
20.416     193.748
20.422     193.748
20.428     193.748
20.434     193.748
20.439     193.748
20.445     193.748
20.451     193.748
20.457     194.870
20.463     194.870
20.468     194.870
20.474     194.870
20.480     194.870
20.486     194.870
20.492     194.870
20.497     194.870
20.503     195.999
20.509     195.999
20.515     195.999
20.521     195.999
20.526     197.135
20.532     197.135
20.538     197.135
20.544     195.999
20.550     195.999
20.555     195.999
20.561     195.999
20.567     195.999
20.573     197.135
20.579     197.135
20.584     197.135
20.590     197.135
20.596     195.999
20.602     195.999
20.608     195.999
20.614     195.999
20.619     195.999
20.625     195.999
20.631     195.999
20.637     195.999
20.643     195.999
20.648     195.999
20.654     194.870
20.660     194.870
20.666     194.870
20.672     194.870
20.677     194.870
20.683     193.748
20.689     193.748
20.695     193.748
20.701     193.748
20.706     193.748
20.712     193.748
20.718     193.748
20.724     193.748
20.730     194.870
20.735     194.870
20.741     194.870
20.747     194.870
20.753     194.870
20.759     194.870
20.764     194.870
20.770     195.999
20.776     195.999
20.782     195.999
20.788     195.999
20.793     195.999
20.799     195.999
20.805     195.999
20.811     194.870
20.817     194.870
20.822     194.870
20.828     194.870
20.834     194.870
20.840     194.870
20.846     194.870
20.852     194.870
20.857     194.870
20.863     193.748
20.869     193.748
20.875     193.748
20.881     193.748
20.886     193.748
20.892     193.748
20.898     194.870
20.904     194.870
20.910     194.870
20.915     194.870
20.921     194.870
20.927     194.870
20.933     194.870
20.939     194.870
20.944     194.870
20.950     194.870
20.956     194.870
20.962     194.870
20.968     195.999
20.973     195.999
20.979     195.999
20.985     195.999
20.991     195.999
20.997     195.999
21.002     195.999
21.008     194.870
21.014     194.870
21.020     194.870
21.026     193.748
21.031     193.748
21.037     193.748
21.043     193.748
21.049     193.748
21.055     194.870
21.060     194.870
21.066     195.999
21.072     0.000
21.078     0.000
21.084     0.000
21.090     0.000
21.095     0.000
21.101     0.000
21.107     0.000
21.113     0.000
21.119     0.000
21.124     0.000
21.130     0.000
21.136     0.000
21.142     0.000
21.148     0.000
21.153     0.000
21.159     0.000
21.165     0.000
21.171     0.000
21.177     0.000
21.182     0.000
21.188     0.000
21.194     0.000
21.200     0.000
21.206     0.000
21.211     0.000
21.217     0.000
21.223     0.000
21.229     0.000
21.235     0.000
21.240     0.000
21.246     0.000
21.252     0.000
21.258     0.000
21.264     0.000
21.269     0.000
21.275     0.000
21.281     0.000
21.287     0.000
21.293     0.000
21.299     0.000
21.304     0.000
21.310     0.000
21.316     0.000
21.322     0.000
21.328     0.000
21.333     0.000
21.339     0.000
21.345     0.000
21.351     0.000
21.357     0.000
21.362     0.000
21.368     0.000
21.374     0.000
21.380     0.000
21.386     0.000
21.391     0.000
21.397     0.000
21.403     0.000
21.409     0.000
21.415     0.000
21.420     0.000
21.426     0.000
21.432     0.000
21.438     0.000
21.444     0.000
21.449     0.000
21.455     0.000
21.461     0.000
21.467     0.000
21.473     0.000
21.478     0.000
21.484     0.000
21.490     0.000
21.496     0.000
21.502     0.000
21.507     0.000
21.513     0.000
21.519     0.000
21.525     0.000
21.531     0.000
21.537     0.000
21.542     0.000
21.548     0.000
21.554     0.000
21.560     0.000
21.566     0.000
21.571     0.000
21.577     0.000
21.583     0.000
21.589     0.000
21.595     0.000
21.600     0.000
21.606     0.000
21.612     0.000
21.618     0.000
21.624     0.000
21.629     0.000
21.635     0.000
21.641     0.000
21.647     0.000
21.653     0.000
21.658     0.000
