0.000     0.000
0.006     0.000
0.012     0.000
0.017     0.000
0.023     0.000
0.029     0.000
0.035     0.000
0.041     0.000
0.046     0.000
0.052     0.000
0.058     0.000
0.064     0.000
0.070     0.000
0.075     0.000
0.081     0.000
0.087     0.000
0.093     0.000
0.099     0.000
0.104     0.000
0.110     0.000
0.116     0.000
0.122     0.000
0.128     0.000
0.134     0.000
0.139     0.000
0.145     0.000
0.151     0.000
0.157     0.000
0.163     0.000
0.168     0.000
0.174     0.000
0.180     0.000
0.186     0.000
0.192     0.000
0.197     0.000
0.203     0.000
0.209     0.000
0.215     0.000
0.221     0.000
0.226     0.000
0.232     0.000
0.238     0.000
0.244     0.000
0.250     0.000
0.255     0.000
0.261     0.000
0.267     0.000
0.273     0.000
0.279     0.000
0.284     0.000
0.290     0.000
0.296     0.000
0.302     0.000
0.308     0.000
0.313     0.000
0.319     0.000
0.325     0.000
0.331     0.000
0.337     0.000
0.342     0.000
0.348     0.000
0.354     0.000
0.360     0.000
0.366     0.000
0.372     0.000
0.377     0.000
0.383     0.000
0.389     0.000
0.395     0.000
0.401     0.000
0.406     0.000
0.412     0.000
0.418     0.000
0.424     0.000
0.430     0.000
0.435     0.000
0.441     0.000
0.447     0.000
0.453     0.000
0.459     0.000
0.464     0.000
0.470     0.000
0.476     0.000
0.482     0.000
0.488     0.000
0.493     0.000
0.499     0.000
0.505     0.000
0.511     0.000
0.517     0.000
0.522     0.000
0.528     0.000
0.534     0.000
0.540     0.000
0.546     300.000
0.551     300.000
0.557     295.973
0.563     295.973
0.569     294.000
0.575     295.973
0.580     297.973
0.586     294.000
0.592     292.053
0.598     294.000
0.604     292.053
0.610     292.053
0.615     295.973
0.621     294.000
0.627     294.000
0.633     294.000
0.639     294.000
0.644     294.000
0.650     294.000
0.656     294.000
0.662     295.973
0.668     294.000
0.673     294.000
0.679     294.000
0.685     294.000
0.691     294.000
0.697     294.000
0.702     295.973
0.708     294.000
0.714     294.000
0.720     294.000
0.726     294.000
0.731     294.000
0.737     294.000
0.743     294.000
0.749     295.973
0.755     295.973
0.760     295.973
0.766     295.973
0.772     295.973
0.778     295.973
0.784     295.973
0.789     295.973
0.795     295.973
0.801     295.973
0.807     295.973
0.813     295.973
0.819     295.973
0.824     295.973
0.830     295.973
0.836     295.973
0.842     297.973
0.848     295.973
0.853     295.973
0.859     295.973
0.865     295.973
0.871     295.973
0.877     295.973
0.882     295.973
0.888     297.973
0.894     295.973
0.900     295.973
0.906     295.973
0.911     295.973
0.917     295.973
0.923     295.973
0.929     297.973
0.935     295.973
0.940     295.973
0.946     295.973
0.952     295.973
0.958     297.973
0.964     297.973
0.969     297.973
0.975     295.973
0.981     295.973
0.987     295.973
0.993     295.973
0.998     297.973
1.004     295.973
1.010     295.973
1.016     295.973
1.022     297.973
1.027     295.973
1.033     297.973
1.039     295.973
1.045     295.973
1.051     295.973
1.057     297.973
1.062     297.973
1.068     297.973
1.074     300.000
1.080     300.000
1.086     300.000
1.091     297.973
1.097     300.000
1.103     300.000
1.109     300.000
1.115     300.000
1.120     297.973
1.126     297.973
1.132     297.973
1.138     297.973
1.144     297.973
1.149     297.973
1.155     295.973
1.161     294.000
1.167     295.973
1.173     295.973
1.178     295.973
1.184     295.973
1.190     294.000
1.196     294.000
1.202     294.000
1.207     292.053
1.213     290.132
1.219     286.364
1.225     279.114
1.231     272.222
1.236     267.273
1.242     267.273
1.248     262.500
1.254     257.895
1.260     256.395
1.265     254.913
1.271     254.913
1.277     254.913
1.283     254.913
1.289     254.913
1.295     254.913
1.300     254.913
1.306     256.395
1.312     256.395
1.318     257.895
1.324     259.412
1.329     259.412
1.335     260.947
1.341     260.947
1.347     260.947
1.353     262.500
1.358     262.500
1.364     262.500
1.370     262.500
1.376     262.500
1.382     264.072
1.387     262.500
1.393     264.072
1.399     262.500
1.405     262.500
1.411     262.500
1.416     260.947
1.422     262.500
1.428     262.500
1.434     260.947
1.440     262.500
1.445     260.947
1.451     262.500
1.457     262.500
1.463     262.500
1.469     262.500
1.474     260.947
1.480     262.500
1.486     262.500
1.492     262.500
1.498     262.500
1.503     262.500
1.509     262.500
1.515     260.947
1.521     262.500
1.527     262.500
1.533     260.947
1.538     262.500
1.544     262.500
1.550     260.947
1.556     262.500
1.562     262.500
1.567     262.500
1.573     260.947
1.579     260.947
1.585     262.500
1.591     262.500
1.596     260.947
1.602     262.500
1.608     262.500
1.614     262.500
1.620     262.500
1.625     262.500
1.631     262.500
1.637     262.500
1.643     262.500
1.649     262.500
1.654     262.500
1.660     262.500
1.666     262.500
1.672     260.947
1.678     260.947
1.683     262.500
1.689     260.947
1.695     262.500
1.701     262.500
1.707     262.500
1.712     260.947
1.718     260.947
1.724     260.947
1.730     260.947
1.736     260.947
1.741     260.947
1.747     260.947
1.753     262.500
1.759     262.500
1.765     264.072
1.771     262.500
1.776     264.072
1.782     262.500
1.788     260.947
1.794     262.500
1.800     262.500
1.805     262.500
1.811     264.072
1.817     264.072
1.823     262.500
1.829     264.072
1.834     264.072
1.840     264.072
1.846     264.072
1.852     262.500
1.858     264.072
1.863     262.500
1.869     262.500
1.875     264.072
1.881     267.273
1.887     265.663
1.892     265.663
1.898     264.072
1.904     262.500
1.910     262.500
1.916     260.947
1.921     260.947
1.927     260.947
1.933     260.947
1.939     262.500
1.945     262.500
1.950     260.947
1.956     260.947
1.962     260.947
1.968     260.947
1.974     260.947
1.980     260.947
1.985     260.947
1.991     260.947
1.997     260.947
2.003     260.947
2.009     260.947
2.014     260.947
2.020     260.947
2.026     260.947
2.032     260.947
2.038     260.947
2.043     260.947
2.049     260.947
2.055     260.947
2.061     260.947
2.067     260.947
2.072     260.947
2.078     260.947
2.084     260.947
2.090     260.947
2.096     260.947
2.101     260.947
2.107     260.947
2.113     260.947
2.119     260.947
2.125     260.947
2.130     260.947
2.136     260.947
2.142     260.947
2.148     260.947
2.154     260.947
2.159     260.947
2.165     260.947
2.171     260.947
2.177     260.947
2.183     260.947
2.188     260.947
2.194     260.947
2.200     260.947
2.206     260.947
2.212     260.947
2.218     260.947
2.223     260.947
2.229     260.947
2.235     260.947
2.241     260.947
2.247     260.947
2.252     262.500
2.258     262.500
2.264     262.500
2.270     262.500
2.276     262.500
2.281     262.500
2.287     262.500
2.293     262.500
2.299     260.947
2.305     262.500
2.310     260.947
2.316     260.947
2.322     260.947
2.328     262.500
2.334     260.947
2.339     262.500
2.345     262.500
2.351     262.500
2.357     262.500
2.363     262.500
2.368     260.947
2.374     260.947
2.380     260.947
2.386     260.947
2.392     260.947
2.397     262.500
2.403     260.947
2.409     262.500
2.415     262.500
2.421     262.500
2.426     262.500
2.432     262.500
2.438     262.500
2.444     262.500
2.450     264.072
2.456     264.072
2.461     264.072
2.467     262.500
2.473     262.500
2.479     262.500
2.485     262.500
2.490     262.500
2.496     262.500
2.502     262.500
2.508     262.500
2.514     262.500
2.519     264.072
2.525     264.072
2.531     265.663
2.537     265.663
2.543     265.663
2.548     265.663
2.554     267.273
2.560     267.273
2.566     265.663
2.572     265.663
2.577     265.663
2.583     265.663
2.589     265.663
2.595     264.072
2.601     262.500
2.606     262.500
2.612     259.412
2.618     259.412
2.624     256.395
2.630     256.395
2.635     250.568
2.641     249.153
2.647     245.000
2.653     245.000
2.659     240.984
2.664     240.984
2.670     238.378
2.676     238.378
2.682     259.412
2.688     175.000
2.694     174.308
2.699     264.072
2.705     262.500
2.711     259.412
2.717     210.000
2.723     223.858
2.728     218.317
2.734     220.500
2.740     215.122
2.746     219.403
2.752     217.241
2.757     216.176
2.763     218.317
2.769     218.317
2.775     217.241
2.781     215.122
2.786     220.500
2.792     218.317
2.798     219.403
2.804     219.403
2.810     218.317
2.815     219.403
2.821     220.500
2.827     220.500
2.833     220.500
2.839     219.403
2.844     219.403
2.850     219.403
2.856     219.403
2.862     218.317
2.868     218.317
2.873     220.500
2.879     218.317
2.885     219.403
2.891     219.403
2.897     220.500
2.902     220.500
2.908     220.500
2.914     221.608
2.920     220.500
2.926     220.500
2.932     220.500
2.937     220.500
2.943     220.500
2.949     220.500
2.955     218.317
2.961     220.500
2.966     219.403
2.972     220.500
2.978     219.403
2.984     218.317
2.990     219.403
2.995     218.317
3.001     216.176
3.007     219.403
3.013     219.403
3.019     218.317
3.024     217.241
3.030     218.317
3.036     218.317
3.042     217.241
3.048     216.176
3.053     216.176
3.059     216.176
3.065     216.176
3.071     215.122
3.077     216.176
3.082     217.241
3.088     216.176
3.094     216.176
3.100     216.176
3.106     217.241
3.111     216.176
3.117     216.176
3.123     217.241
3.129     217.241
3.135     219.403
3.140     217.241
3.146     221.608
3.152     216.176
3.158     112.788
3.164     113.660
3.170     223.858
3.175     229.688
3.181     228.497
3.187     232.105
3.193     233.333
3.199     234.574
3.204     234.574
3.210     234.574
3.216     235.829
3.222     235.829
3.228     237.097
3.233     237.097
3.239     237.097
3.245     237.097
3.251     237.097
3.257     237.097
3.262     237.097
3.268     235.829
3.274     235.829
3.280     235.829
3.286     234.574
3.291     234.574
3.297     234.574
3.303     234.574
3.309     234.574
3.315     234.574
3.320     232.105
3.326     233.333
3.332     232.105
3.338     232.105
3.344     232.105
3.349     232.105
3.355     230.890
3.361     230.890
3.367     230.890
3.373     230.890
3.379     232.105
3.384     232.105
3.390     232.105
3.396     232.105
3.402     232.105
3.408     233.333
3.413     233.333
3.419     233.333
3.425     234.574
3.431     233.333
3.437     233.333
3.442     233.333
3.448     233.333
3.454     233.333
3.460     233.333
3.466     233.333
3.471     232.105
3.477     233.333
3.483     232.105
3.489     233.333
3.495     233.333
3.500     232.105
3.506     232.105
3.512     232.105
3.518     232.105
3.524     233.333
3.529     232.105
3.535     233.333
3.541     233.333
3.547     233.333
3.553     233.333
3.558     233.333
3.564     233.333
3.570     233.333
3.576     233.333
3.582     233.333
3.587     232.105
3.593     253.448
3.599     234.574
3.605     254.913
3.611     254.913
3.617     0.000
3.622     0.000
3.628     0.000
3.634     0.000
3.640     0.000
3.646     0.000
3.651     0.000
3.657     0.000
3.663     0.000
3.669     0.000
3.675     0.000
3.680     0.000
3.686     0.000
3.692     0.000
3.698     0.000
3.704     0.000
3.709     0.000
3.715     0.000
3.721     0.000
3.727     0.000
3.733     0.000
3.738     0.000
3.744     0.000
3.750     0.000
3.756     0.000
3.762     0.000
3.767     0.000
3.773     0.000
3.779     0.000
3.785     0.000
3.791     0.000
3.796     0.000
3.802     0.000
3.808     0.000
3.814     0.000
3.820     0.000
3.825     0.000
3.831     0.000
3.837     0.000
3.843     0.000
3.849     0.000
3.855     0.000
3.860     0.000
3.866     0.000
3.872     0.000
3.878     0.000
3.884     0.000
3.889     0.000
3.895     0.000
3.901     0.000
3.907     0.000
3.913     0.000
3.918     0.000
3.924     0.000
3.930     0.000
3.936     0.000
3.942     0.000
3.947     0.000
3.953     0.000
3.959     0.000
3.965     0.000
3.971     0.000
3.976     0.000
3.982     0.000
3.988     0.000
3.994     0.000
4.000     0.000
4.005     0.000
4.011     0.000
4.017     0.000
4.023     0.000
4.029     0.000
4.034     0.000
4.040     0.000
4.046     0.000
4.052     0.000
4.058     0.000
4.063     0.000
4.069     0.000
4.075     0.000
4.081     0.000
4.087     0.000
4.093     0.000
4.098     0.000
4.104     0.000
4.110     0.000
4.116     0.000
4.122     0.000
4.127     0.000
4.133     0.000
4.139     0.000
4.145     0.000
4.151     0.000
4.156     0.000
4.162     0.000
4.168     0.000
4.174     0.000
4.180     0.000
4.185     441.000
4.191     441.000
4.197     441.000
4.203     441.000
4.209     147.987
4.214     441.000
4.220     147.987
4.226     147.987
4.232     147.492
4.238     147.492
4.243     319.565
4.249     267.273
4.255     267.273
4.261     265.663
4.267     264.072
4.272     264.072
4.278     264.072
4.284     264.072
4.290     264.072
4.296     264.072
4.301     264.072
4.307     264.072
4.313     262.500
4.319     265.663
4.325     268.902
4.331     264.072
4.336     265.663
4.342     265.663
4.348     265.663
4.354     265.663
4.360     264.072
4.365     264.072
4.371     264.072
4.377     264.072
4.383     260.947
4.389     260.947
4.394     260.947
4.400     260.947
4.406     262.500
4.412     262.500
4.418     264.072
4.423     264.072
4.429     265.663
4.435     265.663
4.441     265.663
4.447     265.663
4.452     264.072
4.458     264.072
4.464     264.072
4.470     262.500
4.476     265.663
4.481     262.500
4.487     264.072
4.493     264.072
4.499     265.663
4.505     264.072
4.510     264.072
4.516     265.663
4.522     260.947
4.528     262.500
4.534     259.412
4.540     254.913
4.545     253.448
4.551     249.153
4.557     250.568
4.563     246.369
4.569     235.829
4.574     234.574
4.580     233.333
4.586     228.497
4.592     229.688
4.598     232.105
4.603     229.688
4.609     228.497
4.615     233.333
4.621     230.890
4.627     232.105
4.632     230.890
4.638     232.105
4.644     232.105
4.650     230.890
4.656     235.829
4.661     230.890
4.667     232.105
4.673     232.105
4.679     232.105
4.685     234.574
4.690     233.333
4.696     232.105
4.702     237.097
4.708     234.574
4.714     233.333
4.719     234.574
4.725     235.829
4.731     235.829
4.737     235.829
4.743     235.829
4.748     240.984
4.754     243.646
4.760     240.984
4.766     242.308
4.772     238.378
4.778     238.378
4.783     238.378
4.789     235.829
4.795     235.829
4.801     235.829
4.807     233.333
4.812     233.333
4.818     234.574
4.824     233.333
4.830     233.333
4.836     235.829
4.841     232.105
4.847     234.574
4.853     235.829
4.859     232.105
4.865     235.829
4.870     232.105
4.876     223.858
4.882     227.320
4.888     226.154
4.894     229.688
4.899     232.105
4.905     230.890
4.911     240.984
4.917     229.688
4.923     240.984
4.928     237.097
4.934     235.829
4.940     243.646
4.946     235.829
4.952     242.308
4.957     239.674
4.963     234.574
4.969     234.574
4.975     234.574
4.981     234.574
4.986     233.333
4.992     233.333
4.998     234.574
5.004     233.333
5.010     234.574
5.016     233.333
5.021     232.105
5.027     234.574
5.033     229.688
5.039     230.890
5.045     227.320
5.050     227.320
5.056     225.000
5.062     225.000
5.068     226.154
5.074     226.154
5.079     230.890
5.085     223.858
5.091     228.497
5.097     531.325
5.103     531.325
5.108     525.000
5.114     525.000
5.120     256.395
5.126     518.824
5.132     518.824
5.137     518.824
5.143     518.824
5.149     525.000
5.155     531.325
5.161     525.000
5.166     525.000
5.172     525.000
5.178     265.663
5.184     264.072
5.190     262.500
5.195     264.072
5.201     265.663
5.207     265.663
5.213     267.273
5.219     267.273
5.224     267.273
5.230     265.663
5.236     267.273
5.242     265.663
5.248     265.663
5.254     265.663
5.259     265.663
5.265     264.072
5.271     264.072
5.277     264.072
5.283     264.072
5.288     262.500
5.294     262.500
5.300     262.500
5.306     262.500
5.312     260.947
5.317     262.500
5.323     260.947
5.329     260.947
5.335     262.500
5.341     260.947
5.346     262.500
5.352     262.500
5.358     262.500
5.364     262.500
5.370     262.500
5.375     262.500
5.381     264.072
5.387     262.500
5.393     262.500
5.399     262.500
5.404     262.500
5.410     262.500
5.416     262.500
5.422     262.500
5.428     262.500
5.433     260.947
5.439     260.947
5.445     260.947
5.451     260.947
5.457     260.947
5.462     260.947
5.468     260.947
5.474     260.947
5.480     259.412
5.486     259.412
5.492     259.412
5.497     259.412
5.503     259.412
5.509     259.412
5.515     261.721
5.521     260.947
5.526     259.412
5.532     261.721
5.538     260.947
5.544     259.412
5.550     262.500
5.555     259.412
5.561     260.947
5.567     262.500
5.573     260.947
5.579     262.500
5.584     261.721
5.590     235.829
5.596     235.829
5.602     235.829
5.608     234.574
5.613     234.574
5.619     235.829
5.625     234.574
5.631     234.574
5.637     234.574
5.642     234.574
5.648     234.574
5.654     234.574
5.660     235.829
5.666     234.574
5.671     474.194
5.677     469.149
5.683     469.149
5.689     469.149
5.695     469.149
5.700     469.149
5.706     474.194
5.712     474.194
5.718     474.194
5.724     474.194
5.730     469.149
5.735     469.149
5.741     469.149
5.747     238.378
5.753     284.516
5.759     270.552
5.764     277.358
5.770     280.892
5.776     280.892
5.782     279.114
5.788     286.364
5.793     290.132
5.799     295.973
5.805     295.973
5.811     295.973
5.817     295.973
5.822     295.973
5.828     295.973
5.834     297.973
5.840     297.973
5.846     297.973
5.851     295.973
5.857     295.973
5.863     295.973
5.869     295.973
5.875     295.973
5.880     295.973
5.886     295.973
5.892     295.973
5.898     295.973
5.904     294.000
5.909     295.973
5.915     294.000
5.921     295.973
5.927     294.000
5.933     294.000
5.939     294.000
5.944     294.000
5.950     294.000
5.956     294.000
5.962     294.000
5.968     294.000
5.973     294.000
5.979     294.000
5.985     294.000
5.991     292.053
5.997     294.000
6.002     294.000
6.008     294.000
6.014     294.000
6.020     294.000
6.026     294.000
6.031     294.000
6.037     295.973
6.043     294.000
6.049     294.000
6.055     295.973
6.060     295.973
6.066     294.000
6.072     294.000
6.078     294.000
6.084     295.973
6.089     295.973
6.095     295.973
6.101     295.973
6.107     294.000
6.113     294.000
6.118     294.000
6.124     294.000
6.130     294.000
6.136     294.000
6.142     294.000
6.147     294.000
6.153     294.000
6.159     294.000
6.165     294.000
6.171     294.000
6.177     295.973
6.182     294.000
6.188     294.000
6.194     294.000
6.200     295.973
6.206     294.000
6.211     295.973
6.217     295.973
6.223     295.973
6.229     295.973
6.235     295.973
6.240     295.973
6.246     295.973
6.252     295.973
6.258     295.973
6.264     295.973
6.269     295.973
6.275     295.973
6.281     295.973
6.287     294.000
6.293     294.000
6.298     294.000
6.304     292.053
6.310     294.000
6.316     292.053
6.322     290.132
6.327     292.053
6.333     290.132
6.339     290.132
6.345     292.053
6.351     292.053
6.356     294.000
6.362     294.000
6.368     294.000
6.374     295.973
6.380     295.973
6.385     297.973
6.391     297.973
6.397     300.000
6.403     297.973
6.409     297.973
6.415     294.000
6.420     295.973
6.426     153.659
6.432     262.500
6.438     268.902
6.444     268.902
6.449     264.072
6.455     390.265
6.461     393.750
6.467     393.750
6.473     397.297
6.478     400.909
6.484     397.297
6.490     400.909
6.496     400.909
6.502     400.909
6.507     400.909
6.513     400.909
6.519     400.909
6.525     397.297
6.531     397.297
6.536     397.297
6.542     397.297
6.548     397.297
6.554     397.297
6.560     397.297
6.565     397.297
6.571     393.750
6.577     393.750
6.583     393.750
6.589     393.750
6.594     393.750
6.600     393.750
6.606     390.265
6.612     390.265
6.618     390.265
6.623     390.265
6.629     390.265
6.635     390.265
6.641     390.265
6.647     390.265
6.653     390.265
6.658     393.750
6.664     393.750
6.670     393.750
6.676     393.750
6.682     393.750
6.687     393.750
6.693     393.750
6.699     393.750
6.705     393.750
6.711     393.750
6.716     393.750
6.722     393.750
6.728     393.750
6.734     393.750
6.740     393.750
6.745     393.750
6.751     390.265
6.757     390.265
6.763     390.265
6.769     390.265
6.774     393.750
6.780     390.265
6.786     390.265
6.792     390.265
6.798     390.265
6.803     393.750
6.809     393.750
6.815     393.750
6.821     397.297
6.827     393.750
6.832     397.297
6.838     397.297
6.844     397.297
6.850     397.297
6.856     397.297
6.861     397.297
6.867     400.909
6.873     397.297
6.879     400.909
6.885     397.297
6.891     397.297
6.896     393.750
6.902     393.750
6.908     397.297
6.914     393.750
6.920     393.750
6.925     393.750
6.931     393.750
6.937     393.750
6.943     397.297
6.949     400.909
6.954     400.909
6.960     400.909
6.966     400.909
6.972     400.909
6.978     400.909
6.983     816.667
6.989     801.818
6.995     801.818
7.001     801.818
7.007     801.818
7.012     801.818
7.018     787.500
7.024     794.595
7.030     787.500
7.036     386.842
7.041     380.172
7.047     373.729
7.053     355.645
7.059     352.800
7.065     350.000
7.070     350.000
7.076     347.244
7.082     350.000
7.088     347.244
7.094     350.000
7.100     350.000
7.105     350.000
7.111     350.000
7.117     350.000
7.123     350.000
7.129     350.000
7.134     350.000
7.140     350.000
7.146     347.244
7.152     347.244
7.158     350.000
7.163     350.000
7.169     350.000
7.175     350.000
7.181     350.000
7.187     350.000
7.192     350.000
7.198     350.000
7.204     350.000
7.210     350.000
7.216     350.000
7.221     350.000
7.227     350.000
7.233     350.000
7.239     350.000
7.245     347.244
7.250     350.000
7.256     347.244
7.262     350.000
7.268     347.244
7.274     350.000
7.279     350.000
7.285     350.000
7.291     350.000
7.297     352.800
7.303     352.800
7.308     350.000
7.314     350.000
7.320     350.000
7.326     350.000
7.332     350.000
7.338     350.000
7.343     350.000
7.349     350.000
7.355     350.000
7.361     350.000
7.367     350.000
7.372     350.000
7.378     350.000
7.384     350.000
7.390     350.000
7.396     350.000
7.401     350.000
7.407     350.000
7.413     350.000
7.419     347.244
7.425     350.000
7.430     350.000
7.436     350.000
7.442     347.244
7.448     350.000
7.454     347.244
7.459     347.244
7.465     350.000
7.471     347.244
7.477     347.244
7.483     347.244
7.488     347.244
7.494     347.244
7.500     347.244
7.506     347.244
7.512     347.244
7.517     350.000
7.523     350.000
7.529     350.000
7.535     350.000
7.541     350.000
7.546     350.000
7.552     350.000
7.558     347.244
7.564     347.244
7.570     347.244
7.576     347.244
7.581     347.244
7.587     350.000
7.593     347.244
7.599     347.244
7.605     350.000
7.610     350.000
7.616     352.800
7.622     352.800
7.628     352.800
7.634     350.000
7.639     350.000
7.645     350.000
7.651     350.000
7.657     352.800
7.663     352.800
7.668     352.800
7.674     352.800
7.680     352.800
7.686     352.800
7.692     350.000
7.697     350.000
7.703     350.000
7.709     350.000
7.715     350.000
7.721     350.000
7.726     350.000
7.732     350.000
7.738     350.000
7.744     350.000
7.750     350.000
7.755     350.000
7.761     350.000
7.767     350.000
7.773     350.000
7.779     350.000
7.784     350.000
7.790     350.000
7.796     350.000
7.802     350.000
7.808     350.000
7.814     350.000
7.819     352.800
7.825     352.800
7.831     352.800
7.837     350.000
7.843     350.000
7.848     350.000
7.854     350.000
7.860     350.000
7.866     350.000
7.872     350.000
7.877     350.000
7.883     352.800
7.889     350.000
7.895     350.000
7.901     350.000
7.906     350.000
7.912     350.000
7.918     347.244
7.924     350.000
7.930     350.000
7.935     347.244
7.941     350.000
7.947     350.000
7.953     350.000
7.959     350.000
7.964     350.000
7.970     350.000
7.976     350.000
7.982     350.000
7.988     350.000
7.993     347.244
7.999     350.000
8.005     347.244
8.011     347.244
8.017     350.000
8.022     347.244
8.028     350.000
8.034     350.000
8.040     350.000
8.046     350.000
8.052     352.800
8.057     350.000
8.063     350.000
8.069     350.000
8.075     347.244
8.081     347.244
8.086     350.000
8.092     350.000
8.098     347.244
8.104     347.244
8.110     347.244
8.115     347.244
8.121     347.244
8.127     344.531
8.133     344.531
8.139     341.860
8.144     347.244
8.150     347.244
8.156     344.531
8.162     344.531
8.168     347.244
8.173     347.244
8.179     347.244
8.185     350.000
8.191     347.244
8.197     347.244
8.202     350.000
8.208     344.531
8.214     344.531
8.220     344.531
8.226     0.000
8.231     0.000
8.237     0.000
8.243     0.000
8.249     0.000
8.255     0.000
8.260     0.000
8.266     0.000
8.272     0.000
8.278     0.000
8.284     0.000
8.290     0.000
8.295     0.000
8.301     0.000
8.307     0.000
8.313     0.000
8.319     0.000
8.324     0.000
8.330     0.000
8.336     0.000
8.342     0.000
8.348     0.000
8.353     0.000
8.359     0.000
8.365     0.000
8.371     0.000
8.377     0.000
8.382     0.000
8.388     0.000
8.394     0.000
8.400     0.000
8.406     0.000
8.411     0.000
8.417     0.000
8.423     0.000
8.429     0.000
8.435     0.000
8.440     0.000
8.446     0.000
8.452     0.000
8.458     0.000
8.464     0.000
8.469     0.000
8.475     0.000
8.481     0.000
8.487     0.000
8.493     0.000
8.499     0.000
8.504     0.000
8.510     0.000
8.516     0.000
8.522     0.000
8.528     0.000
8.533     0.000
8.539     0.000
8.545     0.000
8.551     0.000
8.557     0.000
8.562     0.000
8.568     0.000
8.574     0.000
8.580     0.000
8.586     0.000
8.591     0.000
8.597     0.000
8.603     0.000
8.609     0.000
8.615     0.000
8.620     0.000
8.626     0.000
8.632     0.000
8.638     0.000
8.644     0.000
8.649     0.000
8.655     0.000
8.661     0.000
8.667     0.000
8.673     0.000
8.678     0.000
8.684     0.000
8.690     0.000
8.696     0.000
8.702     0.000
8.707     0.000
8.713     0.000
8.719     0.000
8.725     0.000
8.731     0.000
8.737     0.000
8.742     0.000
8.748     0.000
8.754     0.000
8.760     0.000
8.766     0.000
8.771     0.000
8.777     0.000
8.783     0.000
8.789     0.000
8.795     0.000
8.800     0.000
8.806     0.000
8.812     0.000
8.818     0.000
8.824     0.000
8.829     0.000
8.835     0.000
8.841     0.000
8.847     0.000
8.853     0.000
8.858     0.000
8.864     0.000
8.870     0.000
8.876     0.000
8.882     0.000
8.887     0.000
8.893     0.000
8.899     0.000
8.905     0.000
8.911     0.000
8.916     0.000
8.922     0.000
8.928     0.000
8.934     0.000
8.940     0.000
8.945     0.000
8.951     290.132
8.957     282.692
8.963     272.222
8.969     268.902
8.975     267.273
8.980     273.913
8.986     264.072
8.992     315.000
8.998     315.000
9.004     312.766
9.009     310.563
9.015     310.563
9.021     310.563
9.027     310.563
9.033     310.563
9.038     310.563
9.044     310.563
9.050     310.563
9.056     310.563
9.062     310.563
9.067     310.563
9.073     308.392
9.079     310.563
9.085     310.563
9.091     310.563
9.096     310.563
9.102     310.563
9.108     312.766
9.114     310.563
9.120     312.766
9.125     310.563
9.131     310.563
9.137     310.563
9.143     310.563
9.149     312.766
9.154     310.563
9.160     310.563
9.166     310.563
9.172     310.563
9.178     310.563
9.183     310.563
9.189     310.563
9.195     310.563
9.201     312.766
9.207     310.563
9.213     310.563
9.218     310.563
9.224     310.563
9.230     310.563
9.236     310.563
9.242     310.563
9.247     310.563
9.253     310.563
9.259     310.563
9.265     310.563
9.271     310.563
9.276     312.766
9.282     310.563
9.288     312.766
9.294     310.563
9.300     310.563
9.305     310.563
9.311     310.563
9.317     310.563
9.323     310.563
9.329     312.766
9.334     312.766
9.340     312.766
9.346     312.766
9.352     312.766
9.358     312.766
9.363     310.563
9.369     312.766
9.375     312.766
9.381     312.766
9.387     312.766
9.392     312.766
9.398     310.563
9.404     312.766
9.410     312.766
9.416     310.563
9.421     310.563
9.427     310.563
9.433     310.563
9.439     310.563
9.445     310.563
9.451     310.563
9.456     310.563
9.462     310.563
9.468     310.563
9.474     308.392
9.480     308.392
9.485     310.563
9.491     308.392
9.497     308.392
9.503     308.392
9.509     308.392
9.514     308.392
9.520     308.392
9.526     308.392
9.532     308.392
9.538     310.563
9.543     310.563
9.549     312.766
9.555     312.766
9.561     315.000
9.567     317.266
9.572     317.266
9.578     317.266
9.584     315.000
9.590     315.000
9.596     639.130
9.601     630.000
9.607     630.000
9.613     630.000
9.619     630.000
9.625     634.532
9.630     639.130
9.636     639.130
9.642     643.796
9.648     648.529
9.654     648.529
9.660     648.529
9.665     329.104
9.671     334.091
9.677     344.531
9.683     350.000
9.689     352.800
9.694     352.800
9.700     352.800
9.706     352.800
9.712     352.800
9.718     352.800
9.723     352.800
9.729     350.000
9.735     352.800
9.741     350.000
9.747     350.000
9.752     350.000
9.758     350.000
9.764     347.244
9.770     350.000
9.776     347.244
9.781     347.244
9.787     347.244
9.793     347.244
9.799     347.244
9.805     350.000
9.810     350.000
9.816     350.000
9.822     350.000
9.828     350.000
9.834     350.000
9.839     350.000
9.845     350.000
9.851     347.244
9.857     347.244
9.863     347.244
9.868     347.244
9.874     350.000
9.880     350.000
9.886     350.000
9.892     350.000
9.898     350.000
9.903     350.000
9.909     350.000
9.915     350.000
9.921     350.000
9.927     350.000
9.932     350.000
9.938     350.000
9.944     350.000
9.950     350.000
9.956     350.000
9.961     350.000
9.967     350.000
9.973     347.244
9.979     350.000
9.985     347.244
9.990     350.000
9.996     350.000
10.002     347.244
10.008     350.000
10.014     347.244
10.019     347.244
10.025     347.244
10.031     347.244
10.037     347.244
10.043     347.244
10.048     347.244
10.054     347.244
10.060     347.244
10.066     350.000
10.072     350.000
10.077     350.000
10.083     352.800
10.089     350.000
10.095     350.000
10.101     350.000
10.106     350.000
10.112     350.000
10.118     350.000
10.124     350.000
10.130     352.800
10.136     352.800
10.141     352.800
10.147     352.800
10.153     352.800
10.159     355.645
10.165     355.645
10.170     355.645
10.176     355.645
10.182     355.645
10.188     355.645
10.194     352.800
10.199     352.800
10.205     350.000
10.211     350.000
10.217     350.000
10.223     350.000
10.228     347.244
10.234     341.860
10.240     341.860
10.246     339.231
10.252     334.091
10.257     334.091
10.263     321.898
10.269     317.266
10.275     315.000
10.281     317.266
10.286     315.000
10.292     312.766
10.298     310.563
10.304     310.563
10.310     308.392
10.315     306.250
10.321     306.250
10.327     306.250
10.333     304.138
10.339     304.138
10.344     304.138
10.350     304.138
10.356     304.138
10.362     304.138
10.368     306.250
10.374     306.250
10.379     308.392
10.385     306.250
10.391     308.392
10.397     308.392
10.403     310.563
10.408     310.563
10.414     310.563
10.420     310.563
10.426     310.563
10.432     310.563
10.437     310.563
10.443     310.563
10.449     310.563
10.455     310.563
10.461     310.563
10.466     310.563
10.472     310.563
10.478     310.563
10.484     310.563
10.490     308.392
10.495     310.563
10.501     310.563
10.507     310.563
10.513     310.563
10.519     310.563
10.524     312.766
10.530     312.766
10.536     312.766
10.542     312.766
10.548     312.766
10.553     312.766
10.559     312.766
10.565     312.766
10.571     312.766
10.577     312.766
10.582     312.766
10.588     312.766
10.594     310.563
10.600     310.563
10.606     310.563
10.612     310.563
10.617     310.563
10.623     310.563
10.629     310.563
10.635     310.563
10.641     310.563
10.646     310.563
10.652     310.563
10.658     310.563
10.664     310.563
10.670     310.563
10.675     310.563
10.681     312.766
10.687     312.766
10.693     315.000
10.699     312.766
10.704     312.766
10.710     312.766
10.716     312.766
10.722     312.766
10.728     315.000
10.733     312.766
10.739     312.766
10.745     315.000
10.751     312.766
10.757     315.000
10.762     312.766
10.768     315.000
10.774     312.766
10.780     312.766
10.786     312.766
10.791     312.766
10.797     315.000
10.803     312.766
10.809     312.766
10.815     306.250
10.820     308.392
10.826     306.250
10.832     306.250
10.838     304.138
10.844     308.392
10.850     300.000
10.855     302.055
10.861     302.055
10.867     300.000
10.873     300.000
10.879     300.000
10.884     302.055
10.890     300.000
10.896     304.138
10.902     302.055
10.908     302.055
10.913     304.138
10.919     297.973
10.925     300.000
10.931     297.973
10.937     294.000
10.942     292.053
10.948     292.053
10.954     292.053
10.960     290.132
10.966     290.132
10.971     290.132
10.977     288.235
10.983     288.235
10.989     288.235
10.995     288.235
11.000     288.235
11.006     288.235
11.012     288.235
11.018     288.235
11.024     290.132
11.029     290.132
11.035     290.132
11.041     290.132
11.047     290.132
11.053     292.053
11.059     292.053
11.064     292.053
11.070     294.000
11.076     294.000
11.082     294.000
11.088     294.000
11.093     292.053
11.099     294.000
11.105     292.053
11.111     292.053
11.117     294.000
11.122     292.053
11.128     294.000
11.134     294.000
11.140     294.000
11.146     294.000
11.151     294.000
11.157     294.000
11.163     294.000
11.169     294.000
11.175     294.000
11.180     294.000
11.186     294.000
11.192     294.000
11.198     294.000
11.204     294.000
11.209     294.000
11.215     294.000
11.221     294.000
11.227     294.000
11.233     294.000
11.238     294.000
11.244     294.000
11.250     294.000
11.256     294.000
11.262     294.000
11.267     294.000
11.273     294.000
11.279     294.000
11.285     294.000
11.291     294.000
11.297     294.000
11.302     294.000
11.308     295.973
11.314     294.000
11.320     294.000
11.326     294.000
11.331     294.000
11.337     294.000
11.343     294.000
11.349     294.000
11.355     294.000
11.360     294.000
11.366     295.973
11.372     294.000
11.378     294.000
11.384     295.973
11.389     294.000
11.395     294.000
11.401     294.000
11.407     294.000
11.413     294.000
11.418     294.000
11.424     294.000
11.430     294.000
11.436     294.000
11.442     294.000
11.447     294.000
11.453     294.000
11.459     294.000
11.465     294.000
11.471     294.000
11.476     294.000
11.482     294.000
11.488     295.973
11.494     295.973
11.500     295.973
11.505     295.973
11.511     295.973
11.517     295.973
11.523     295.973
11.529     295.973
11.535     295.973
11.540     295.973
11.546     295.973
11.552     295.973
11.558     295.973
11.564     295.973
11.569     295.973
11.575     297.973
11.581     297.973
11.587     297.973
11.593     297.973
11.598     297.973
11.604     297.973
11.610     300.000
11.616     297.973
11.622     531.325
11.627     531.325
11.633     295.973
11.639     295.973
11.645     294.000
11.651     292.053
11.656     275.625
11.662     270.552
11.668     268.902
11.674     265.663
11.680     265.663
11.685     265.663
11.691     267.273
11.697     267.273
11.703     267.273
11.709     265.663
11.714     265.663
11.720     264.072
11.726     264.072
11.732     264.072
11.738     264.072
11.743     265.663
11.749     264.072
11.755     264.072
11.761     260.947
11.767     260.947
11.773     259.412
11.778     259.412
11.784     259.412
11.790     257.895
11.796     259.412
11.802     259.412
11.807     259.412
11.813     259.412
11.819     259.412
11.825     259.412
11.831     260.947
11.836     259.412
11.842     260.947
11.848     260.947
11.854     260.947
11.860     262.500
11.865     262.500
11.871     262.500
11.877     260.947
11.883     262.500
11.889     262.500
11.894     262.500
11.900     260.947
11.906     262.500
11.912     260.947
11.918     262.500
11.923     262.500
11.929     262.500
11.935     262.500
11.941     262.500
11.947     262.500
11.952     262.500
11.958     262.500
11.964     262.500
11.970     262.500
11.976     262.500
11.981     264.072
11.987     262.500
11.993     262.500
11.999     262.500
12.005     262.500
12.011     262.500
12.016     262.500
12.022     262.500
12.028     262.500
12.034     262.500
12.040     262.500
12.045     262.500
12.051     262.500
12.057     262.500
12.063     260.947
12.069     260.947
12.074     260.947
12.080     260.947
12.086     260.947
12.092     262.500
12.098     260.947
12.103     260.947
12.109     260.947
12.115     260.947
12.121     260.947
12.127     260.947
12.132     262.500
12.138     262.500
12.144     262.500
12.150     262.500
12.156     262.500
12.161     262.500
12.167     262.500
12.173     262.500
12.179     260.947
12.185     265.663
12.190     268.902
12.196     270.552
12.202     273.913
12.208     280.892
12.214     282.692
12.220     286.364
12.225     288.235
12.231     292.053
12.237     294.000
12.243     292.053
12.249     294.000
12.254     295.973
12.260     295.973
12.266     295.973
12.272     295.973
12.278     294.000
12.283     294.000
12.289     295.973
12.295     297.973
12.301     295.973
12.307     295.973
12.312     295.973
12.318     295.973
12.324     295.973
12.330     295.973
12.336     295.973
12.341     295.973
12.347     294.000
12.353     294.000
12.359     294.000
12.365     294.000
12.370     294.000
12.376     294.000
12.382     295.973
12.388     294.000
12.394     294.000
12.399     294.000
12.405     294.000
12.411     294.000
12.417     294.000
12.423     294.000
12.428     294.000
12.434     294.000
12.440     294.000
12.446     294.000
12.452     292.053
12.458     292.053
12.463     294.000
12.469     294.000
12.475     294.000
12.481     294.000
12.487     292.053
12.492     294.000
12.498     294.000
12.504     294.000
12.510     294.000
12.516     294.000
12.521     294.000
12.527     294.000
12.533     295.973
12.539     294.000
12.545     294.000
12.550     294.000
12.556     295.973
12.562     294.000
12.568     294.000
12.574     295.973
12.579     294.000
12.585     295.973
12.591     295.973
12.597     295.973
12.603     294.000
12.608     294.000
12.614     294.000
12.620     294.000
12.626     294.000
12.632     294.000
12.637     294.000
12.643     292.053
12.649     292.053
12.655     292.053
12.661     292.053
12.666     292.053
12.672     292.053
12.678     292.053
12.684     292.053
12.690     294.000
12.696     294.000
12.701     294.000
12.707     294.000
12.713     294.000
12.719     294.000
12.725     295.973
12.730     295.973
12.736     294.000
12.742     294.000
12.748     295.973
12.754     294.000
12.759     294.000
12.765     294.000
12.771     294.000
12.777     292.053
12.783     294.000
12.788     294.000
12.794     292.053
12.800     292.053
12.806     292.053
12.812     292.053
12.817     292.053
12.823     292.053
12.829     292.053
12.835     294.000
12.841     294.000
12.846     294.000
12.852     294.000
12.858     295.973
12.864     295.973
12.870     295.973
12.875     295.973
12.881     295.973
12.887     295.973
12.893     295.973
12.899     295.973
12.904     295.973
12.910     294.000
12.916     295.973
12.922     295.973
12.928     294.000
12.934     294.000
12.939     295.973
12.945     294.000
12.951     294.000
12.957     294.000
12.963     295.973
12.968     294.000
12.974     294.000
12.980     294.000
12.986     294.000
12.992     294.000
12.997     295.973
13.003     294.000
13.009     294.000
13.015     294.000
13.021     294.000
13.026     295.973
13.032     294.000
13.038     295.973
13.044     295.973
13.050     295.973
13.055     295.973
13.061     295.973
13.067     295.973
13.073     295.973
13.079     295.973
13.084     295.973
13.090     295.973
13.096     295.973
13.102     295.973
13.108     294.000
13.113     294.000
13.119     294.000
13.125     294.000
13.131     294.000
13.137     294.000
13.142     292.053
13.148     294.000
13.154     294.000
13.160     294.000
13.166     294.000
13.172     292.053
13.177     294.000
13.183     294.000
13.189     294.000
13.195     294.000
13.201     295.973
13.206     294.000
13.212     294.000
13.218     295.973
13.224     294.000
13.230     295.973
13.235     295.973
13.241     295.973
13.247     297.973
13.253     297.973
13.259     297.973
13.264     295.973
13.270     295.973
13.276     295.973
13.282     294.000
13.288     294.000
13.293     294.000
13.299     294.000
13.305     294.000
13.311     295.973
13.317     294.000
13.322     294.000
13.328     294.000
13.334     294.000
13.340     294.000
13.346     294.000
13.351     295.973
13.357     295.973
13.363     295.973
13.369     294.000
13.375     295.973
13.380     294.000
13.386     294.000
13.392     294.000
13.398     294.000
13.404     295.973
13.410     295.973
13.415     295.973
13.421     294.000
13.427     295.973
13.433     295.973
13.439     294.000
13.444     294.000
13.450     294.000
13.456     294.000
13.462     292.053
13.468     294.000
13.473     294.000
13.479     292.053
13.485     295.973
13.491     292.053
13.497     292.053
13.502     292.053
13.508     294.000
13.514     294.000
13.520     294.000
13.526     295.973
13.531     294.000
13.537     294.000
13.543     294.000
13.549     292.053
13.555     292.053
13.560     294.000
13.566     294.000
13.572     294.000
13.578     295.973
13.584     295.973
13.589     295.973
13.595     295.973
13.601     295.973
13.607     295.973
13.613     295.973
13.619     295.973
13.624     295.973
13.630     294.000
13.636     294.000
13.642     294.000
13.648     294.000
13.653     294.000
13.659     292.053
13.665     294.000
13.671     295.973
13.677     295.973
13.682     295.973
13.688     297.973
13.694     297.973
13.700     297.973
13.706     297.973
13.711     297.973
13.717     297.973
13.723     300.000
13.729     297.973
13.735     297.973
13.740     0.000
13.746     0.000
13.752     0.000
13.758     0.000
13.764     0.000
13.769     0.000
13.775     0.000
13.781     0.000
13.787     0.000
13.793     0.000
13.798     0.000
13.804     0.000
13.810     0.000
13.816     0.000
13.822     0.000
13.827     0.000
13.833     0.000
13.839     0.000
13.845     0.000
13.851     0.000
13.857     0.000
13.862     0.000
13.868     0.000
13.874     0.000
13.880     0.000
13.886     0.000
13.891     0.000
13.897     0.000
13.903     0.000
13.909     0.000
13.915     0.000
13.920     0.000
13.926     0.000
13.932     0.000
13.938     0.000
13.944     0.000
13.949     0.000
13.955     0.000
13.961     0.000
13.967     0.000
13.973     0.000
13.978     0.000
13.984     0.000
13.990     0.000
13.996     0.000
14.002     0.000
14.007     0.000
14.013     0.000
14.019     0.000
14.025     0.000
14.031     0.000
14.036     0.000
14.042     0.000
14.048     0.000
14.054     0.000
14.060     0.000
14.065     0.000
14.071     0.000
14.077     0.000
14.083     0.000
14.089     0.000
14.095     0.000
14.100     0.000
14.106     0.000
14.112     0.000
14.118     0.000
14.124     0.000
14.129     0.000
14.135     0.000
14.141     0.000
14.147     0.000
14.153     0.000
14.158     0.000
14.164     0.000
14.170     0.000
14.176     0.000
14.182     0.000
14.187     0.000
14.193     0.000
14.199     0.000
14.205     0.000
14.211     220.500
14.216     219.403
14.222     220.500
14.228     219.403
14.234     219.403
14.240     219.403
14.245     219.403
14.251     220.500
14.257     219.403
14.263     219.403
14.269     219.403
14.274     219.403
14.280     220.500
14.286     219.403
14.292     219.403
14.298     219.403
14.303     219.403
14.309     219.403
14.315     219.403
14.321     219.403
14.327     219.403
14.333     218.317
14.338     218.317
14.344     218.317
14.350     219.403
14.356     218.317
14.362     218.317
14.367     218.317
14.373     218.317
14.379     219.403
14.385     219.403
14.391     219.403
14.396     219.403
14.402     219.403
14.408     220.500
14.414     220.500
14.420     220.500
14.425     220.500
14.431     220.500
14.437     220.500
14.443     220.500
14.449     220.500
14.454     220.500
14.460     220.500
14.466     219.403
14.472     220.500
14.478     219.403
14.483     219.403
14.489     219.403
14.495     219.403
14.501     219.403
14.507     219.403
14.512     219.403
14.518     219.403
14.524     219.403
14.530     219.403
14.536     219.403
14.541     219.403
14.547     219.403
14.553     219.403
14.559     219.403
14.565     218.317
14.571     218.317
14.576     219.403
14.582     219.403
14.588     219.403
14.594     219.403
14.600     219.403
14.605     219.403
14.611     219.403
14.617     219.403
14.623     219.403
14.629     219.403
14.634     219.403
14.640     220.500
14.646     220.500
14.652     221.608
14.658     220.500
14.663     221.608
14.669     221.608
14.675     221.608
14.681     221.608
14.687     0.000
14.692     0.000
14.698     0.000
14.704     0.000
14.710     0.000
14.716     0.000
14.721     0.000
14.727     0.000
14.733     0.000
14.739     0.000
14.745     0.000
14.750     0.000
14.756     0.000
14.762     0.000
14.768     0.000
14.774     0.000
14.780     531.325
14.785     525.000
14.791     525.000
14.797     525.000
14.803     525.000
14.809     259.412
14.814     257.895
14.820     254.913
14.826     254.913
14.832     257.895
14.838     260.947
14.843     260.947
14.849     262.500
14.855     262.500
14.861     264.072
14.867     265.663
14.872     265.663
14.878     265.663
14.884     265.663
14.890     265.663
14.896     264.072
14.901     265.663
14.907     264.072
14.913     264.072
14.919     264.072
14.925     264.072
14.930     264.072
14.936     264.072
14.942     264.072
14.948     264.072
14.954     264.072
14.959     264.072
14.965     264.072
14.971     262.500
14.977     262.500
14.983     262.500
14.988     262.500
14.994     260.947
15.000     260.947
15.006     260.947
15.012     262.500
15.018     262.500
15.023     262.500
15.029     262.500
15.035     262.500
15.041     262.500
15.047     264.072
15.052     262.500
15.058     262.500
15.064     264.072
15.070     262.500
15.076     262.500
15.081     262.500
15.087     262.500
15.093     262.500
15.099     262.500
15.105     262.500
15.110     262.500
15.116     262.500
15.122     262.500
15.128     262.500
15.134     260.947
15.139     260.947
15.145     260.947
15.151     260.947
15.157     260.947
15.163     260.947
15.168     260.947
15.174     260.947
15.180     260.947
15.186     260.947
15.192     260.947
15.197     260.947
15.203     262.500
15.209     262.500
15.215     262.500
15.221     262.500
15.226     262.500
15.232     262.500
15.238     264.072
15.244     264.072
15.250     264.072
15.256     264.072
15.261     264.072
15.267     262.500
15.273     262.500
15.279     262.500
15.285     262.500
15.290     262.500
15.296     262.500
15.302     262.500
15.308     262.500
15.314     262.500
15.319     260.947
15.325     260.947
15.331     260.947
15.337     260.947
15.343     260.947
15.348     260.947
15.354     260.947
15.360     260.947
15.366     260.947
15.372     260.947
15.377     262.500
15.383     262.500
15.389     262.500
15.395     264.072
15.401     264.072
15.406     264.072
15.412     264.072
15.418     264.072
15.424     264.072
15.430     262.500
15.435     262.500
15.441     262.500
15.447     264.072
15.453     262.500
15.459     262.500
15.464     264.072
15.470     262.500
15.476     264.072
15.482     264.072
15.488     264.072
15.494     265.663
15.499     264.072
15.505     267.273
15.511     265.663
15.517     267.273
15.523     264.072
15.528     262.500
15.534     267.273
15.540     267.273
15.546     264.072
15.552     260.947
15.557     247.753
15.563     243.646
15.569     240.984
15.575     235.829
15.581     233.333
15.586     234.574
15.592     233.333
15.598     234.574
15.604     232.105
15.610     230.890
15.615     232.105
15.621     232.105
15.627     230.890
15.633     232.105
15.639     230.890
15.644     230.890
15.650     232.105
15.656     184.519
15.662     184.519
15.668     185.294
15.673     232.105
15.679     233.333
15.685     234.574
15.691     232.105
15.697     233.333
15.702     232.105
15.708     232.105
15.714     232.105
15.720     233.333
15.726     232.105
15.732     232.105
15.737     233.333
15.743     232.105
15.749     233.333
15.755     233.333
15.761     232.105
15.766     233.333
15.772     233.333
15.778     232.105
15.784     233.333
15.790     233.333
15.795     232.105
15.801     233.333
15.807     234.574
15.813     233.333
15.819     234.574
15.824     233.333
15.830     233.333
15.836     233.333
15.842     233.333
15.848     233.333
15.853     233.333
15.859     233.333
15.865     233.333
15.871     233.333
15.877     233.333
15.882     233.333
15.888     233.333
15.894     233.333
15.900     234.574
15.906     234.574
15.911     234.574
15.917     234.574
15.923     233.333
15.929     234.574
15.935     233.333
15.940     233.333
15.946     233.333
15.952     233.333
15.958     233.333
15.964     232.105
15.970     233.333
15.975     233.333
15.981     232.105
15.987     233.333
15.993     234.574
15.999     233.333
16.004     235.829
16.010     235.829
16.016     234.574
16.022     235.829
16.028     235.829
16.033     233.333
16.039     233.333
16.045     233.333
16.051     229.688
16.057     230.890
16.062     229.688
16.068     227.320
16.074     228.497
16.080     226.154
16.086     223.858
16.091     225.000
16.097     222.727
16.103     222.727
16.109     223.858
16.115     223.858
16.120     222.727
16.126     222.727
16.132     222.727
16.138     221.608
16.144     222.727
16.149     222.727
16.155     222.727
16.161     221.608
16.167     220.500
16.173     218.317
16.179     217.241
16.184     216.176
16.190     215.122
16.196     216.176
16.202     215.122
16.208     215.122
16.213     215.122
16.219     215.122
16.225     216.176
16.231     216.176
16.237     216.176
16.242     217.241
16.248     217.241
16.254     218.317
16.260     218.317
16.266     218.317
16.271     218.317
16.277     218.317
16.283     219.403
16.289     219.403
16.295     219.403
16.300     219.403
16.306     219.403
16.312     219.403
16.318     219.403
16.324     220.500
16.329     219.403
16.335     219.403
16.341     219.403
16.347     219.403
16.353     219.403
16.358     219.403
16.364     219.403
16.370     219.403
16.376     219.403
16.382     219.403
16.387     219.403
16.393     219.403
16.399     219.403
16.405     219.403
16.411     219.403
16.417     219.403
16.422     219.403
16.428     219.403
16.434     219.403
16.440     219.403
16.446     219.403
16.451     220.500
16.457     220.500
16.463     220.500
16.469     220.500
16.475     220.500
16.480     219.403
16.486     219.403
16.492     220.500
16.498     219.403
16.504     219.403
16.509     219.403
16.515     219.403
16.521     219.403
16.527     219.403
16.533     219.403
16.538     219.403
16.544     219.403
16.550     220.500
16.556     219.403
16.562     220.500
16.567     219.403
16.573     219.403
16.579     219.403
16.585     219.403
16.591     219.403
16.596     219.403
16.602     219.403
16.608     219.403
16.614     219.403
16.620     220.500
16.625     220.500
16.631     220.500
16.637     220.500
16.643     220.500
16.649     220.500
16.655     220.500
16.660     220.500
16.666     219.403
16.672     219.403
16.678     219.403
16.684     219.403
16.689     219.403
16.695     219.403
16.701     219.403
16.707     219.403
16.713     219.403
16.718     220.500
16.724     220.500
16.730     220.500
16.736     220.500
16.742     220.500
16.747     220.500
16.753     220.500
16.759     220.500
16.765     220.500
16.771     220.500
16.776     220.500
16.782     220.500
16.788     220.500
16.794     220.500
16.800     220.500
16.805     220.500
16.811     220.500
16.817     220.500
16.823     219.403
16.829     219.403
16.834     219.403
16.840     219.403
16.846     219.403
16.852     219.403
16.858     218.317
16.863     219.403
16.869     218.317
16.875     218.317
16.881     219.403
16.887     219.403
16.893     219.403
16.898     220.500
16.904     221.608
16.910     220.500
16.916     222.727
16.922     223.858
16.927     235.829
16.933     238.378
16.939     199.548
16.945     198.649
16.951     198.649
16.956     198.649
16.962     198.649
16.968     198.649
16.974     198.649
16.980     196.875
16.985     198.649
16.991     196.875
16.997     198.649
17.003     390.265
17.009     393.750
17.014     386.842
17.020     390.265
17.026     386.842
17.032     380.172
17.038     380.172
17.043     128.198
17.049     232.105
17.055     235.829
17.061     235.829
17.067     234.574
17.072     234.574
17.078     233.333
17.084     233.333
17.090     230.890
17.096     232.105
17.101     229.688
17.107     230.890
17.113     230.890
17.119     230.890
17.125     232.105
17.131     230.890
17.136     230.890
17.142     232.105
17.148     232.105
17.154     232.105
17.160     233.333
17.165     232.105
17.171     233.333
17.177     233.333
17.183     233.333
17.189     233.333
17.194     233.333
17.200     233.333
17.206     232.105
17.212     232.105
17.218     233.333
17.223     232.105
17.229     232.105
17.235     232.105
17.241     232.105
17.247     232.105
17.252     232.105
17.258     232.105
17.264     232.105
17.270     233.333
17.276     232.105
17.281     232.105
17.287     232.105
17.293     232.105
17.299     232.105
17.305     232.105
17.310     232.105
17.316     232.105
17.322     232.105
17.328     232.105
17.334     232.105
17.340     230.890
17.345     230.890
17.351     230.890
17.357     229.688
17.363     228.497
17.369     229.688
17.374     230.890
17.380     230.890
17.386     229.688
17.392     250.568
17.398     257.895
17.403     262.500
17.409     176.400
17.415     0.000
17.421     0.000
17.427     0.000
17.432     0.000
17.438     0.000
17.444     0.000
17.450     0.000
17.456     525.000
17.461     259.412
17.467     259.412
17.473     260.947
17.479     265.663
17.485     265.663
17.490     265.663
17.496     265.663
17.502     265.663
17.508     265.663
17.514     265.663
17.519     264.072
17.525     264.072
17.531     264.072
17.537     264.072
17.543     264.072
17.548     264.072
17.554     265.663
17.560     262.500
17.566     262.500
17.572     262.500
17.578     260.947
17.583     262.500
17.589     260.947
17.595     260.947
17.601     262.500
17.607     260.947
17.612     262.500
17.618     260.947
17.624     262.500
17.630     260.947
17.636     262.500
17.641     260.947
17.647     260.947
17.653     260.947
17.659     260.947
17.665     260.947
17.670     260.947
17.676     260.947
17.682     260.947
17.688     260.947
17.694     260.947
17.699     262.500
17.705     260.947
17.711     262.500
17.717     260.947
17.723     262.500
17.728     260.947
17.734     260.947
17.740     260.947
17.746     260.947
17.752     260.947
17.757     262.500
17.763     262.500
17.769     262.500
17.775     262.500
17.781     262.500
17.786     262.500
17.792     262.500
17.798     262.500
17.804     262.500
17.810     262.500
17.816     264.072
17.821     262.500
17.827     260.947
17.833     260.947
17.839     260.947
17.845     260.947
17.850     260.947
17.856     260.947
17.862     260.947
17.868     260.947
17.874     260.947
17.879     260.947
17.885     259.412
17.891     260.947
17.897     259.412
17.903     260.947
17.908     260.947
17.914     260.947
17.920     260.947
17.926     262.500
17.932     260.947
17.937     260.947
17.943     260.947
17.949     262.500
17.955     260.947
17.961     260.947
17.966     260.947
17.972     260.947
17.978     260.947
17.984     260.947
17.990     262.500
17.995     260.947
18.001     260.947
18.007     260.947
18.013     260.947
18.019     260.947
18.024     259.412
18.030     260.947
18.036     260.947
18.042     260.947
18.048     259.412
18.054     260.947
18.059     260.947
18.065     262.500
18.071     260.947
18.077     260.947
18.083     262.500
18.088     262.500
18.094     262.500
18.100     262.500
18.106     262.500
18.112     262.500
18.117     264.072
18.123     262.500
18.129     262.500
18.135     262.500
18.141     262.500
18.146     262.500
18.152     262.500
18.158     262.500
18.164     262.500
18.170     262.500
18.175     262.500
18.181     262.500
18.187     262.500
18.193     262.500
18.199     262.500
18.204     262.500
18.210     264.072
18.216     262.500
18.222     262.500
18.228     262.500
18.233     262.500
18.239     260.947
18.245     262.500
18.251     262.500
18.257     262.500
18.262     262.500
18.268     262.500
18.274     262.500
18.280     262.500
18.286     262.500
18.292     262.500
18.297     262.500
18.303     262.500
18.309     262.500
18.315     262.500
18.321     262.500
18.326     264.072
18.332     264.072
18.338     262.500
18.344     264.072
18.350     264.072
18.355     264.072
18.361     262.500
18.367     262.500
18.373     264.072
18.379     262.500
18.384     262.500
18.390     262.500
18.396     262.500
18.402     262.500
18.408     262.500
18.413     262.500
18.419     262.500
18.425     262.500
18.431     262.500
18.437     260.947
18.442     262.500
18.448     262.500
18.454     264.072
18.460     262.500
18.466     262.500
18.471     262.500
18.477     262.500
18.483     264.072
18.489     264.072
18.495     264.072
18.500     264.072
18.506     264.072
18.512     264.072
18.518     262.500
18.524     264.072
18.530     264.072
18.535     262.500
18.541     262.500
18.547     262.500
18.553     264.072
18.559     262.500
18.564     262.500
18.570     262.500
18.576     262.500
18.582     262.500
18.588     264.072
18.593     262.500
18.599     264.072
18.605     262.500
18.611     262.500
18.617     264.072
18.622     262.500
18.628     262.500
18.634     262.500
18.640     262.500
18.646     262.500
18.651     260.947
18.657     262.500
18.663     262.500
18.669     264.072
18.675     262.500
18.680     264.072
18.686     264.072
18.692     262.500
18.698     262.500
18.704     264.072
18.709     262.500
18.715     264.072
18.721     262.500
18.727     262.500
18.733     262.500
18.739     262.500
18.744     262.500
18.750     260.947
18.756     262.500
18.762     262.500
18.768     262.500
18.773     260.947
18.779     262.500
18.785     262.500
18.791     262.500
18.797     260.947
18.802     262.500
18.808     262.500
18.814     262.500
18.820     260.947
18.826     262.500
18.831     262.500
18.837     262.500
18.843     262.500
18.849     262.500
18.855     262.500
18.860     262.500
18.866     262.500
18.872     264.072
18.878     264.072
18.884     264.072
18.889     264.072
18.895     264.072
18.901     264.072
18.907     264.072
18.913     262.500
18.918     262.500
18.924     262.500
18.930     262.500
18.936     260.947
18.942     260.947
18.947     262.500
18.953     260.947
18.959     260.947
18.965     260.947
18.971     260.947
18.977     262.500
18.982     260.947
18.988     260.947
18.994     262.500
19.000     260.947
19.006     262.500
19.011     260.947
19.017     262.500
19.023     262.500
19.029     262.500
19.035     262.500
19.040     264.072
19.046     264.072
19.052     264.072
19.058     264.072
19.064     264.072
19.069     264.072
19.075     264.072
19.081     262.500
19.087     264.072
19.093     262.500
19.098     262.500
19.104     262.500
19.110     262.500
19.116     262.500
19.122     262.500
19.127     262.500
19.133     262.500
19.139     264.072
19.145     262.500
19.151     262.500
19.156     260.947
19.162     262.500
19.168     262.500
19.174     262.500
19.180     260.947
19.185     262.500
19.191     262.500
19.197     262.500
19.203     262.500
19.209     262.500
19.215     262.500
19.220     262.500
19.226     262.500
19.232     262.500
19.238     264.072
19.244     264.072
19.249     264.072
19.255     265.663
19.261     264.072
19.267     265.663
19.273     264.072
19.278     265.663
19.284     264.072
19.290     264.072
19.296     264.072
19.302     264.072
19.307     264.072
19.313     264.072
19.319     264.072
19.325     264.072
19.331     265.663
19.336     264.072
19.342     265.663
19.348     265.663
19.354     265.663
19.360     264.072
19.365     264.072
19.371     262.500
19.377     264.072
19.383     264.072
19.389     264.072
19.394     262.500
19.400     262.500
19.406     264.072
19.412     262.500
19.418     262.500
19.423     262.500
19.429     262.500
19.435     264.072
19.441     262.500
19.447     262.500
19.453     260.947
19.458     262.500
19.464     262.500
19.470     264.072
19.476     262.500
19.482     262.500
19.487     260.947
19.493     262.500
19.499     260.947
19.505     262.500
19.511     262.500
19.516     262.500
19.522     264.072
19.528     262.500
19.534     264.072
19.540     262.500
19.545     264.072
19.551     262.500
19.557     264.072
19.563     264.072
19.569     264.072
19.574     264.072
19.580     264.072
19.586     264.072
19.592     264.072
19.598     264.072
19.603     264.072
19.609     264.072
19.615     264.072
19.621     264.072
19.627     264.072
19.632     264.072
19.638     264.072
19.644     262.500
19.650     262.500
19.656     260.947
19.661     262.500
19.667     262.500
19.673     260.947
19.679     260.947
19.685     260.947
19.691     260.947
19.696     260.947
19.702     260.947
19.708     260.947
19.714     260.947
19.720     260.947
19.725     260.947
19.731     260.947
19.737     262.500
19.743     260.947
19.749     262.500
19.754     262.500
19.760     264.072
19.766     262.500
19.772     264.072
19.778     264.072
19.783     264.072
19.789     264.072
19.795     264.072
19.801     264.072
19.807     265.663
19.812     264.072
19.818     264.072
19.824     262.500
19.830     262.500
19.836     260.947
19.841     262.500
19.847     260.947
19.853     260.947
19.859     259.412
19.865     259.412
19.870     259.412
19.876     260.947
19.882     259.412
19.888     259.412
19.894     259.412
19.900     260.947
19.905     259.412
19.911     260.947
19.917     260.947
19.923     260.947
19.929     260.947
19.934     260.947
19.940     262.500
19.946     262.500
19.952     262.500
19.958     262.500
19.963     264.072
19.969     264.072
19.975     264.072
19.981     264.072
19.987     264.072
19.992     264.072
19.998     264.072
20.004     264.072
20.010     264.072
20.016     264.072
20.021     264.072
20.027     262.500
20.033     262.500
20.039     262.500
20.045     262.500
20.050     262.500
20.056     260.947
20.062     260.947
20.068     260.947
20.074     260.947
20.079     259.412
20.085     260.947
20.091     260.947
20.097     260.947
20.103     260.947
20.108     260.947
20.114     260.947
20.120     260.947
20.126     260.947
20.132     260.947
20.138     262.500
20.143     260.947
20.149     262.500
20.155     262.500
20.161     262.500
20.167     262.500
20.172     262.500
20.178     262.500
20.184     264.072
20.190     262.500
20.196     264.072
20.201     262.500
20.207     262.500
20.213     264.072
20.219     264.072
20.225     264.072
20.230     262.500
20.236     264.072
20.242     262.500
20.248     262.500
20.254     262.500
20.259     262.500
20.265     262.500
20.271     260.947
20.277     260.947
20.283     260.947
20.288     260.947
20.294     260.947
20.300     260.947
20.306     260.947
20.312     260.947
20.317     260.947
20.323     260.947
20.329     260.947
20.335     262.500
20.341     260.947
20.346     262.500
20.352     262.500
20.358     264.072
20.364     262.500
20.370     262.500
20.376     262.500
20.381     262.500
20.387     262.500
20.393     262.500
20.399     262.500
20.405     264.072
20.410     262.500
20.416     265.663
20.422     264.072
20.428     264.072
20.434     264.072
20.439     264.072
20.445     262.500
20.451     262.500
20.457     262.500
20.463     262.500
20.468     260.947
20.474     260.947
20.480     262.500
20.486     260.947
20.492     262.500
20.497     260.947
20.503     262.500
20.509     260.947
20.515     262.500
20.521     260.947
20.526     262.500
20.532     262.500
20.538     262.500
20.544     262.500
20.550     260.947
20.555     260.947
20.561     260.947
20.567     260.947
20.573     262.500
20.579     262.500
20.584     262.500
20.590     262.500
20.596     264.072
20.602     264.072
20.608     262.500
20.614     262.500
20.619     262.500
20.625     264.072
20.631     262.500
20.637     262.500
20.643     260.947
20.648     262.500
20.654     262.500
20.660     262.500
20.666     262.500
20.672     260.947
20.677     262.500
20.683     260.947
20.689     262.500
20.695     262.500
20.701     260.947
20.706     262.500
20.712     262.500
20.718     260.947
20.724     262.500
20.730     264.072
20.735     259.412
20.741     262.500
20.747     259.412
20.753     262.500
20.759     262.500
20.764     260.947
20.770     262.500
20.776     260.947
20.782     262.500
20.788     260.947
20.793     262.500
20.799     262.500
20.805     262.500
20.811     262.500
20.817     262.500
20.822     265.663
20.828     264.072
20.834     267.273
20.840     262.500
20.846     267.273
20.852     264.072
20.857     268.902
20.863     265.663
20.869     270.552
20.875     279.114
20.881     292.053
20.886     300.000
20.892     0.000
20.898     0.000
20.904     0.000
20.910     0.000
20.915     0.000
20.921     0.000
20.927     0.000
20.933     0.000
20.939     0.000
20.944     0.000
20.950     0.000
20.956     0.000
20.962     0.000
20.968     0.000
20.973     0.000
20.979     0.000
20.985     0.000
20.991     0.000
20.997     0.000
21.002     0.000
21.008     0.000
21.014     0.000
21.020     0.000
21.026     0.000
21.031     0.000
21.037     0.000
21.043     0.000
21.049     0.000
21.055     0.000
21.060     0.000
21.066     0.000
21.072     0.000
21.078     0.000
21.084     0.000
21.090     0.000
21.095     0.000
21.101     0.000
21.107     0.000
21.113     0.000
21.119     0.000
21.124     0.000
21.130     0.000
21.136     0.000
21.142     0.000
21.148     0.000
21.153     0.000
21.159     0.000
21.165     0.000
21.171     0.000
21.177     0.000
21.182     0.000
21.188     0.000
21.194     0.000
21.200     0.000
21.206     0.000
21.211     0.000
21.217     0.000
21.223     0.000
21.229     0.000
21.235     0.000
21.240     0.000
21.246     0.000
21.252     0.000
21.258     0.000
21.264     0.000
21.269     0.000
21.275     0.000
21.281     0.000
21.287     0.000
21.293     0.000
21.299     0.000
21.304     0.000
21.310     0.000
21.316     0.000
21.322     0.000
21.328     0.000
21.333     0.000
21.339     0.000
21.345     0.000
21.351     0.000
21.357     0.000
21.362     0.000
21.368     0.000
21.374     0.000
21.380     0.000
21.386     0.000
21.391     0.000
21.397     0.000
21.403     0.000
21.409     0.000
21.415     0.000
21.420     0.000
21.426     0.000
21.432     0.000
21.438     0.000
21.444     0.000
21.449     0.000
21.455     0.000
21.461     0.000
21.467     0.000
21.473     0.000
21.478     0.000
21.484     0.000
21.490     0.000
21.496     0.000
21.502     0.000
21.507     0.000
21.513     0.000
21.519     0.000
21.525     0.000
21.531     0.000
21.537     0.000
21.542     0.000
21.548     0.000
21.554     0.000
21.560     0.000
21.566     0.000
21.571     0.000
21.577     0.000
21.583     0.000
21.589     0.000
21.595     0.000
21.600     0.000
21.606     0.000
21.612     0.000
21.618     0.000
21.624     0.000
21.629     0.000
21.635     0.000
21.641     0.000
21.647     0.000
21.653     0.000
21.658     0.000
21.664     0.000
21.670     0.000
21.676     0.000
21.682     0.000
21.687     0.000
21.693     0.000
21.699     0.000
21.705     0.000
21.711     0.000
21.716     0.000
21.722     0.000
21.728     0.000
21.734     0.000
21.740     0.000
21.745     0.000
21.751     0.000
21.757     0.000
21.763     0.000
21.769     0.000
21.775     0.000
21.780     0.000
21.786     0.000
21.792     0.000
21.798     0.000
21.804     0.000
21.809     0.000
21.815     0.000
21.821     0.000
21.827     0.000
21.833     0.000
21.838     0.000
21.844     0.000
21.850     0.000
21.856     0.000
21.862     0.000
21.867     0.000
21.873     0.000
21.879     0.000
21.885     0.000
21.891     0.000
21.896     0.000
21.902     0.000
21.908     0.000
21.914     0.000
21.920     0.000
21.925     0.000
21.931     0.000
21.937     0.000
21.943     0.000
21.949     0.000
21.954     0.000
21.960     0.000
21.966     0.000
21.972     0.000
21.978     0.000
21.983     0.000
21.989     0.000
21.995     0.000
22.001     0.000
