0.000     0.000
0.006     0.000
0.012     0.000
0.017     0.000
0.023     0.000
0.029     0.000
0.035     0.000
0.041     0.000
0.046     0.000
0.052     0.000
0.058     0.000
0.064     0.000
0.070     0.000
0.075     0.000
0.081     0.000
0.087     0.000
0.093     0.000
0.099     0.000
0.104     0.000
0.110     0.000
0.116     0.000
0.122     0.000
0.128     0.000
0.134     0.000
0.139     0.000
0.145     0.000
0.151     0.000
0.157     0.000
0.163     0.000
0.168     0.000
0.174     0.000
0.180     0.000
0.186     0.000
0.192     0.000
0.197     0.000
0.203     0.000
0.209     0.000
0.215     0.000
0.221     0.000
0.226     0.000
0.232     0.000
0.238     0.000
0.244     0.000
0.250     0.000
0.255     0.000
0.261     0.000
0.267     0.000
0.273     0.000
0.279     0.000
0.284     0.000
0.290     0.000
0.296     0.000
0.302     0.000
0.308     0.000
0.313     0.000
0.319     0.000
0.325     0.000
0.331     0.000
0.337     0.000
0.342     0.000
0.348     0.000
0.354     0.000
0.360     0.000
0.366     0.000
0.372     0.000
0.377     0.000
0.383     0.000
0.389     0.000
0.395     0.000
0.401     0.000
0.406     0.000
0.412     0.000
0.418     0.000
0.424     0.000
0.430     0.000
0.435     0.000
0.441     0.000
0.447     0.000
0.453     0.000
0.459     0.000
0.464     0.000
0.470     0.000
0.476     0.000
0.482     0.000
0.488     0.000
0.493     0.000
0.499     0.000
0.505     0.000
0.511     0.000
0.517     0.000
0.522     0.000
0.528     0.000
0.534     0.000
0.540     0.000
0.546     0.000
0.551     0.000
0.557     0.000
0.563     0.000
0.569     0.000
0.575     0.000
0.580     0.000
0.586     0.000
0.592     0.000
0.598     0.000
0.604     0.000
0.610     0.000
0.615     0.000
0.621     0.000
0.627     0.000
0.633     0.000
0.639     0.000
0.644     0.000
0.650     0.000
0.656     0.000
0.662     0.000
0.668     0.000
0.673     0.000
0.679     0.000
0.685     0.000
0.691     0.000
0.697     0.000
0.702     0.000
0.708     0.000
0.714     0.000
0.720     0.000
0.726     0.000
0.731     0.000
0.737     0.000
0.743     0.000
0.749     0.000
0.755     0.000
0.760     0.000
0.766     0.000
0.772     0.000
0.778     0.000
0.784     0.000
0.789     0.000
0.795     0.000
0.801     0.000
0.807     0.000
0.813     0.000
0.819     0.000
0.824     0.000
0.830     0.000
0.836     0.000
0.842     0.000
0.848     0.000
0.853     0.000
0.859     0.000
0.865     0.000
0.871     0.000
0.877     0.000
0.882     0.000
0.888     0.000
0.894     0.000
0.900     0.000
0.906     0.000
0.911     0.000
0.917     0.000
0.923     0.000
0.929     0.000
0.935     0.000
0.940     0.000
0.946     0.000
0.952     0.000
0.958     0.000
0.964     0.000
0.969     0.000
0.975     0.000
0.981     0.000
0.987     0.000
0.993     0.000
0.998     0.000
1.004     0.000
1.010     0.000
1.016     0.000
1.022     0.000
1.027     0.000
1.033     0.000
1.039     0.000
1.045     0.000
1.051     0.000
1.057     0.000
1.062     0.000
1.068     0.000
1.074     0.000
1.080     0.000
1.086     0.000
1.091     0.000
1.097     0.000
1.103     0.000
1.109     0.000
1.115     0.000
1.120     0.000
1.126     0.000
1.132     0.000
1.138     0.000
1.144     0.000
1.149     0.000
1.155     0.000
1.161     0.000
1.167     0.000
1.173     0.000
1.178     0.000
1.184     0.000
1.190     0.000
1.196     0.000
1.202     0.000
1.207     0.000
1.213     0.000
1.219     0.000
1.225     0.000
1.231     0.000
1.236     0.000
1.242     0.000
1.248     0.000
1.254     0.000
1.260     0.000
1.265     0.000
1.271     0.000
1.277     0.000
1.283     0.000
1.289     0.000
1.295     0.000
1.300     0.000
1.306     0.000
1.312     0.000
1.318     0.000
1.324     0.000
1.329     0.000
1.335     0.000
1.341     0.000
1.347     0.000
1.353     0.000
1.358     0.000
1.364     0.000
1.370     0.000
1.376     0.000
1.382     0.000
1.387     300.000
1.393     300.000
1.399     304.138
1.405     304.138
1.411     304.138
1.416     304.138
1.422     306.250
1.428     304.138
1.434     306.250
1.440     306.250
1.445     306.250
1.451     306.250
1.457     308.392
1.463     310.563
1.469     306.250
1.474     308.392
1.480     308.392
1.486     308.392
1.492     308.392
1.498     308.392
1.503     308.392
1.509     308.392
1.515     308.392
1.521     308.392
1.527     308.392
1.533     308.392
1.538     308.392
1.544     310.563
1.550     308.392
1.556     308.392
1.562     308.392
1.567     308.392
1.573     308.392
1.579     308.392
1.585     308.392
1.591     308.392
1.596     308.392
1.602     308.392
1.608     310.563
1.614     310.563
1.620     308.392
1.625     308.392
1.631     310.563
1.637     310.563
1.643     310.563
1.649     310.563
1.654     310.563
1.660     308.392
1.666     310.563
1.672     310.563
1.678     308.392
1.683     310.563
1.689     310.563
1.695     310.563
1.701     310.563
1.707     310.563
1.712     310.563
1.718     310.563
1.724     310.563
1.730     310.563
1.736     310.563
1.741     310.563
1.747     310.563
1.753     312.766
1.759     312.766
1.765     312.766
1.771     312.766
1.776     312.766
1.782     312.766
1.788     312.766
1.794     312.766
1.800     312.766
1.805     312.766
1.811     312.766
1.817     312.766
1.823     312.766
1.829     312.766
1.834     312.766
1.840     315.000
1.846     315.000
1.852     315.000
1.858     317.266
1.863     317.266
1.869     317.266
1.875     317.266
1.881     317.266
1.887     317.266
1.892     317.266
1.898     317.266
1.904     317.266
1.910     317.266
1.916     315.000
1.921     312.766
1.927     312.766
1.933     310.563
1.939     310.563
1.945     312.766
1.950     308.392
1.956     315.000
1.962     317.266
1.968     315.000
1.974     331.579
1.980     317.266
1.985     317.266
1.991     329.104
1.997     317.266
2.003     321.898
2.009     329.104
2.014     294.000
2.020     294.000
2.026     292.053
2.032     292.053
2.038     290.132
2.043     290.132
2.049     290.132
2.055     290.132
2.061     288.235
2.067     288.235
2.072     288.235
2.078     290.132
2.084     290.132
2.090     290.132
2.096     290.132
2.101     290.132
2.107     290.132
2.113     290.132
2.119     290.132
2.125     292.053
2.130     292.053
2.136     292.053
2.142     294.000
2.148     294.000
2.154     294.000
2.159     294.000
2.165     294.000
2.171     294.000
2.177     294.000
2.183     294.000
2.188     294.000
2.194     294.000
2.200     294.000
2.206     294.000
2.212     294.000
2.218     294.000
2.223     294.000
2.229     294.000
2.235     294.000
2.241     294.000
2.247     294.000
2.252     294.000
2.258     294.000
2.264     294.000
2.270     294.000
2.276     294.000
2.281     294.000
2.287     294.000
2.293     294.000
2.299     294.000
2.305     294.000
2.310     294.000
2.316     294.000
2.322     294.000
2.328     294.000
2.334     294.000
2.339     294.000
2.345     294.000
2.351     294.000
2.357     294.000
2.363     294.000
2.368     295.973
2.374     294.000
2.380     294.000
2.386     294.000
2.392     294.000
2.397     294.000
2.403     294.000
2.409     295.973
2.415     294.000
2.421     294.000
2.426     294.000
2.432     294.000
2.438     294.000
2.444     294.000
2.450     295.973
2.456     295.973
2.461     295.973
2.467     295.973
2.473     295.973
2.479     294.000
2.485     295.973
2.490     295.973
2.496     295.973
2.502     295.973
2.508     295.973
2.514     294.000
2.519     295.973
2.525     295.973
2.531     295.973
2.537     295.973
2.543     295.973
2.548     294.000
2.554     295.973
2.560     295.973
2.566     295.973
2.572     295.973
2.577     295.973
2.583     295.973
2.589     295.973
2.595     294.000
2.601     295.973
2.606     295.973
2.612     295.973
2.618     295.973
2.624     295.973
2.630     295.973
2.635     295.973
2.641     295.973
2.647     295.973
2.653     295.973
2.659     295.973
2.664     295.973
2.670     295.973
2.676     295.973
2.682     295.973
2.688     294.000
2.694     294.000
2.699     294.000
2.705     294.000
2.711     294.000
2.717     294.000
2.723     295.973
2.728     295.973
2.734     294.000
2.740     295.973
2.746     294.000
2.752     294.000
2.757     294.000
2.763     294.000
2.769     294.000
2.775     295.973
2.781     294.000
2.786     295.973
2.792     295.973
2.798     295.973
2.804     295.973
2.810     295.973
2.815     295.973
2.821     295.973
2.827     295.973
2.833     295.973
2.839     295.973
2.844     295.973
2.850     295.973
2.856     295.973
2.862     295.973
2.868     295.973
2.873     294.000
2.879     295.973
2.885     295.973
2.891     294.000
2.897     295.973
2.902     295.973
2.908     295.973
2.914     294.000
2.920     294.000
2.926     294.000
2.932     294.000
2.937     295.973
2.943     294.000
2.949     294.000
2.955     295.973
2.961     294.000
2.966     294.000
2.972     294.000
2.978     294.000
2.984     295.973
2.990     295.973
2.995     295.973
3.001     295.973
3.007     295.973
3.013     295.973
3.019     295.973
3.024     295.973
3.030     295.973
3.036     295.973
3.042     294.000
3.048     294.000
3.053     294.000
3.059     294.000
3.065     294.000
3.071     294.000
3.077     294.000
3.082     294.000
3.088     294.000
3.094     294.000
3.100     294.000
3.106     294.000
3.111     294.000
3.117     294.000
3.123     294.000
3.129     295.973
3.135     295.973
3.140     295.973
3.146     295.973
3.152     295.973
3.158     295.973
3.164     295.973
3.170     295.973
3.175     295.973
3.181     295.973
3.187     295.973
3.193     297.973
3.199     297.973
3.204     295.973
3.210     295.973
3.216     295.973
3.222     295.973
3.228     295.973
3.233     294.000
3.239     294.000
3.245     294.000
3.251     292.053
3.257     294.000
3.262     292.053
3.268     292.053
3.274     292.053
3.280     292.053
3.286     292.053
3.291     292.053
3.297     292.053
3.303     292.053
3.309     292.053
3.315     294.000
3.320     294.000
3.326     295.973
3.332     295.973
3.338     295.973
3.344     297.973
3.349     297.973
3.355     297.973
3.361     297.973
3.367     297.973
3.373     297.973
3.379     297.973
3.384     297.973
3.390     297.973
3.396     297.973
3.402     297.973
3.408     295.973
3.413     297.973
3.419     295.973
3.425     295.973
3.431     294.000
3.437     294.000
3.442     294.000
3.448     294.000
3.454     292.053
3.460     292.053
3.466     290.132
3.471     290.132
3.477     290.132
3.483     290.132
3.489     290.132
3.495     288.235
3.500     288.235
3.506     290.132
3.512     290.132
3.518     290.132
3.524     292.053
3.529     292.053
3.535     292.053
3.541     294.000
3.547     294.000
3.553     295.973
3.558     295.973
3.564     295.973
3.570     295.973
3.576     297.973
3.582     297.973
3.587     297.973
3.593     297.973
3.599     297.973
3.605     297.973
3.611     297.973
3.617     297.973
3.622     295.973
3.628     294.000
3.634     294.000
3.640     294.000
3.646     294.000
3.651     294.000
3.657     294.000
3.663     292.053
3.669     292.053
3.675     292.053
3.680     290.132
3.686     292.053
3.692     292.053
3.698     292.053
3.704     292.053
3.709     294.000
3.715     294.000
3.721     294.000
3.727     294.000
3.733     295.973
3.738     295.973
3.744     295.973
3.750     295.973
3.756     295.973
3.762     297.973
3.767     295.973
3.773     295.973
3.779     295.973
3.785     295.973
3.791     295.973
3.796     295.973
3.802     295.973
3.808     294.000
3.814     294.000
3.820     294.000
3.825     294.000
3.831     294.000
3.837     294.000
3.843     294.000
3.849     292.053
3.855     292.053
3.860     292.053
3.866     292.053
3.872     292.053
3.878     292.053
3.884     292.053
3.889     292.053
3.895     294.000
3.901     294.000
3.907     294.000
3.913     295.973
3.918     295.973
3.924     297.973
3.930     297.973
3.936     295.973
3.942     295.973
3.947     295.973
3.953     295.973
3.959     295.973
3.965     294.000
3.971     294.000
3.976     294.000
3.982     294.000
3.988     294.000
3.994     294.000
4.000     294.000
4.005     294.000
4.011     294.000
4.017     295.973
4.023     294.000
4.029     294.000
4.034     294.000
4.040     294.000
4.046     294.000
4.052     294.000
4.058     294.000
4.063     294.000
4.069     294.000
4.075     295.973
4.081     295.973
4.087     295.973
4.093     295.973
4.098     295.973
4.104     295.973
4.110     297.973
4.116     297.973
4.122     295.973
4.127     295.973
4.133     295.973
4.139     294.000
4.145     292.053
4.151     292.053
4.156     292.053
4.162     292.053
4.168     290.132
4.174     290.132
4.180     292.053
4.185     292.053
4.191     292.053
4.197     292.053
4.203     292.053
4.209     292.053
4.214     294.000
4.220     294.000
4.226     292.053
4.232     294.000
4.238     295.973
4.243     295.973
4.249     297.973
4.255     297.973
4.261     297.973
4.267     300.000
4.272     300.000
4.278     297.973
4.284     295.973
4.290     297.973
4.296     297.973
4.301     295.973
4.307     295.973
4.313     295.973
4.319     295.973
4.325     292.053
4.331     294.000
4.336     294.000
4.342     290.132
4.348     288.235
4.354     292.053
4.360     288.235
4.365     288.235
4.371     292.053
4.377     288.235
4.383     288.235
4.389     292.053
4.394     288.235
4.400     149.492
4.406     294.000
4.412     292.053
4.418     294.000
4.423     297.973
4.429     297.973
4.435     297.973
4.441     295.973
4.447     297.973
4.452     297.973
4.458     297.973
4.464     297.973
4.470     297.973
4.476     297.973
4.481     588.000
4.487     595.946
4.493     588.000
4.499     588.000
4.505     588.000
4.510     588.000
4.516     588.000
4.522     580.263
4.528     580.263
4.534     588.000
4.540     580.263
4.545     588.000
4.551     580.263
4.557     572.727
4.563     292.053
4.569     290.132
4.574     588.000
4.580     595.946
4.586     588.000
4.592     580.263
4.598     588.000
4.603     588.000
4.609     588.000
4.615     595.946
4.621     588.000
4.627     595.946
4.632     588.000
4.638     588.000
4.644     591.946
4.650     196.875
4.656     295.973
4.661     294.000
4.667     604.110
4.673     595.946
4.679     0.000
4.685     0.000
4.690     0.000
4.696     0.000
4.702     0.000
4.708     0.000
4.714     0.000
4.719     0.000
4.725     0.000
4.731     196.000
4.737     292.053
4.743     595.946
4.748     595.946
4.754     588.000
4.760     580.263
4.766     588.000
4.772     595.946
4.778     595.946
4.783     600.000
4.789     600.000
4.795     595.946
4.801     588.000
4.807     297.973
4.812     300.000
4.818     297.973
4.824     588.000
4.830     588.000
4.836     588.000
4.841     588.000
4.847     588.000
4.853     588.000
4.859     588.000
4.865     580.263
4.870     588.000
4.876     588.000
4.882     588.000
4.888     595.946
4.894     588.000
4.899     591.946
4.905     300.000
4.911     295.973
4.917     297.973
4.923     295.973
4.928     294.000
4.934     294.000
4.940     294.000
4.946     294.000
4.952     294.000
4.957     595.946
4.963     588.000
4.969     595.946
4.975     595.946
4.981     588.000
4.986     595.946
4.992     588.000
4.998     595.946
5.004     595.946
5.010     595.946
5.016     591.946
5.021     595.946
5.027     595.946
5.033     588.000
5.039     588.000
5.045     588.000
5.050     588.000
5.056     595.946
5.062     588.000
5.068     588.000
5.074     591.946
5.079     595.946
5.085     196.000
5.091     196.000
5.097     190.086
5.103     186.864
5.108     190.909
5.114     195.133
5.120     196.000
5.126     588.000
5.132     595.946
5.137     595.946
5.143     595.946
5.149     595.946
5.155     595.946
5.161     595.946
5.166     595.946
5.172     595.946
5.178     595.946
5.184     595.946
5.190     595.946
5.195     595.946
5.201     595.946
5.207     595.946
5.213     588.000
5.219     588.000
5.224     588.000
5.230     588.000
5.236     595.946
5.242     588.000
5.248     595.946
5.254     595.946
5.259     588.000
5.265     595.946
5.271     588.000
5.277     588.000
5.283     595.946
5.288     595.946
5.294     595.946
5.300     595.946
5.306     600.000
5.312     604.110
5.317     600.000
5.323     600.000
5.329     310.563
5.335     292.053
5.341     284.516
5.346     272.222
5.352     270.552
5.358     262.500
5.364     264.072
5.370     262.500
5.375     262.500
5.381     262.500
5.387     264.072
5.393     260.947
5.399     262.500
5.404     262.500
5.410     262.500
5.416     264.072
5.422     262.500
5.428     262.500
5.433     265.663
5.439     264.072
5.445     265.663
5.451     262.500
5.457     264.072
5.462     265.663
5.468     262.500
5.474     264.072
5.480     260.947
5.486     262.500
5.492     260.947
5.497     262.500
5.503     260.947
5.509     262.500
5.515     260.947
5.521     262.500
5.526     260.947
5.532     262.500
5.538     262.500
5.544     262.500
5.550     262.500
5.555     262.500
5.561     262.500
5.567     262.500
5.573     264.072
5.579     262.500
5.584     264.072
5.590     260.947
5.596     262.500
5.602     262.500
5.608     262.500
5.613     262.500
5.619     260.947
5.625     262.500
5.631     260.947
5.637     260.947
5.642     262.500
5.648     262.500
5.654     260.947
5.660     262.500
5.666     262.500
5.671     262.500
5.677     262.500
5.683     262.500
5.689     262.500
5.695     264.072
5.700     262.500
5.706     264.072
5.712     262.500
5.718     265.663
5.724     264.072
5.730     264.072
5.735     262.500
5.741     264.072
5.747     264.072
5.753     264.072
5.759     265.663
5.764     264.072
5.770     265.663
5.776     264.072
5.782     265.663
5.788     265.663
5.793     265.663
5.799     267.273
5.805     267.273
5.811     267.273
5.817     268.902
5.822     265.663
5.828     267.273
5.834     265.663
5.840     268.902
5.846     267.273
5.851     267.273
5.857     265.663
5.863     265.663
5.869     264.072
5.875     265.663
5.880     265.663
5.886     265.663
5.892     525.000
5.898     525.000
5.904     525.000
5.909     525.000
5.915     531.325
5.921     531.325
5.927     531.325
5.933     531.325
5.939     534.545
5.944     531.325
5.950     268.902
5.956     268.902
5.962     273.913
5.968     284.516
5.973     288.235
5.979     290.132
5.985     292.053
5.991     290.132
5.997     286.364
6.002     290.132
6.008     288.235
6.014     288.235
6.020     288.235
6.026     288.235
6.031     290.132
6.037     294.000
6.043     294.000
6.049     297.973
6.055     297.973
6.060     297.973
6.066     300.000
6.072     300.000
6.078     300.000
6.084     300.000
6.089     300.000
6.095     300.000
6.101     297.973
6.107     297.973
6.113     295.973
6.118     294.000
6.124     294.000
6.130     294.000
6.136     294.000
6.142     294.000
6.147     294.000
6.153     294.000
6.159     294.000
6.165     294.000
6.171     294.000
6.177     294.000
6.182     294.000
6.188     294.000
6.194     294.000
6.200     294.000
6.206     294.000
6.211     295.973
6.217     295.973
6.223     295.973
6.229     294.000
6.235     294.000
6.240     294.000
6.246     294.000
6.252     294.000
6.258     294.000
6.264     294.000
6.269     294.000
6.275     294.000
6.281     294.000
6.287     294.000
6.293     294.000
6.298     294.000
6.304     294.000
6.310     294.000
6.316     294.000
6.322     294.000
6.327     294.000
6.333     294.000
6.339     294.000
6.345     292.053
6.351     294.000
6.356     294.000
6.362     294.000
6.368     294.000
6.374     294.000
6.380     294.000
6.385     294.000
6.391     294.000
6.397     295.973
6.403     294.000
6.409     294.000
6.415     294.000
6.420     294.000
6.426     294.000
6.432     294.000
6.438     294.000
6.444     294.000
6.449     294.000
6.455     294.000
6.461     294.000
6.467     294.000
6.473     295.973
6.478     295.973
6.484     295.973
6.490     294.000
6.496     294.000
6.502     294.000
6.507     294.000
6.513     294.000
6.519     294.000
6.525     294.000
6.531     292.053
6.536     292.053
6.542     292.053
6.548     292.053
6.554     292.053
6.560     292.053
6.565     292.053
6.571     290.132
6.577     290.132
6.583     290.132
6.589     292.053
6.594     292.053
6.600     294.000
6.606     295.973
6.612     295.973
6.618     297.973
6.623     310.563
6.629     308.392
6.635     326.667
6.641     315.000
6.647     315.000
6.653     324.265
6.658     324.265
6.664     331.579
6.670     344.531
6.676     347.244
6.682     350.000
6.687     352.800
6.693     352.800
6.699     352.800
6.705     352.800
6.711     352.800
6.716     352.800
6.722     355.645
6.728     352.800
6.734     352.800
6.740     352.800
6.745     352.800
6.751     352.800
6.757     352.800
6.763     350.000
6.769     350.000
6.774     350.000
6.780     350.000
6.786     350.000
6.792     350.000
6.798     350.000
6.803     347.244
6.809     347.244
6.815     347.244
6.821     347.244
6.827     347.244
6.832     344.531
6.838     347.244
6.844     347.244
6.850     347.244
6.856     347.244
6.861     347.244
6.867     347.244
6.873     347.244
6.879     350.000
6.885     350.000
6.891     350.000
6.896     352.800
6.902     350.000
6.908     352.800
6.914     350.000
6.920     352.800
6.925     350.000
6.931     350.000
6.937     350.000
6.943     350.000
6.949     350.000
6.954     350.000
6.960     350.000
6.966     350.000
6.972     350.000
6.978     350.000
6.983     347.244
6.989     350.000
6.995     347.244
7.001     347.244
7.007     347.244
7.012     347.244
7.018     347.244
7.024     347.244
7.030     347.244
7.036     347.244
7.041     347.244
7.047     347.244
7.053     347.244
7.059     347.244
7.065     347.244
7.070     347.244
7.076     347.244
7.082     347.244
7.088     347.244
7.094     350.000
7.100     350.000
7.105     350.000
7.111     350.000
7.117     350.000
7.123     350.000
7.129     350.000
7.134     350.000
7.140     350.000
7.146     350.000
7.152     350.000
7.158     350.000
7.163     352.800
7.169     350.000
7.175     350.000
7.181     350.000
7.187     350.000
7.192     350.000
7.198     347.244
7.204     347.244
7.210     176.400
7.216     176.400
7.221     177.108
7.227     350.000
7.233     350.000
7.239     352.800
7.245     350.000
7.250     352.800
7.256     355.645
7.262     367.500
7.268     367.500
7.274     373.729
7.279     376.923
7.285     383.478
7.291     386.842
7.297     386.842
7.303     386.842
7.308     393.750
7.314     393.750
7.320     390.265
7.326     390.265
7.332     386.842
7.338     386.842
7.343     390.265
7.349     390.265
7.355     390.265
7.361     390.265
7.367     390.265
7.372     397.297
7.378     393.750
7.384     393.750
7.390     393.750
7.396     393.750
7.401     393.750
7.407     393.750
7.413     393.750
7.419     393.750
7.425     393.750
7.430     393.750
7.436     393.750
7.442     390.265
7.448     393.750
7.454     390.265
7.459     390.265
7.465     390.265
7.471     390.265
7.477     390.265
7.483     390.265
7.488     390.265
7.494     390.265
7.500     390.265
7.506     390.265
7.512     386.842
7.517     390.265
7.523     390.265
7.529     390.265
7.535     390.265
7.541     390.265
7.546     390.265
7.552     390.265
7.558     390.265
7.564     393.750
7.570     393.750
7.576     393.750
7.581     393.750
7.587     393.750
7.593     390.265
7.599     390.265
7.605     393.750
7.610     390.265
7.616     390.265
7.622     390.265
7.628     390.265
7.634     390.265
7.639     393.750
7.645     393.750
7.651     393.750
7.657     393.750
7.663     393.750
7.668     393.750
7.674     393.750
7.680     393.750
7.686     393.750
7.692     393.750
7.697     393.750
7.703     393.750
7.709     393.750
7.715     393.750
7.721     393.750
7.726     390.265
7.732     393.750
7.738     390.265
7.744     390.265
7.750     393.750
7.755     390.265
7.761     390.265
7.767     390.265
7.773     390.265
7.779     390.265
7.784     390.265
7.790     390.265
7.796     390.265
7.802     390.265
7.808     390.265
7.814     393.750
7.819     397.297
7.825     393.750
7.831     393.750
7.837     393.750
7.843     393.750
7.848     397.297
7.854     397.297
7.860     397.297
7.866     393.750
7.872     393.750
7.877     393.750
7.883     393.750
7.889     393.750
7.895     393.750
7.901     393.750
7.906     393.750
7.912     390.265
7.918     390.265
7.924     390.265
7.930     390.265
7.935     390.265
7.941     390.265
7.947     390.265
7.953     390.265
7.959     390.265
7.964     390.265
7.970     390.265
7.976     390.265
7.982     390.265
7.988     390.265
7.993     393.750
7.999     393.750
8.005     393.750
8.011     390.265
8.017     390.265
8.022     390.265
8.028     390.265
8.034     393.750
8.040     393.750
8.046     390.265
8.052     390.265
8.057     390.265
8.063     393.750
8.069     393.750
8.075     390.265
8.081     390.265
8.086     390.265
8.092     390.265
8.098     393.750
8.104     393.750
8.110     393.750
8.115     393.750
8.121     390.265
8.127     390.265
8.133     393.750
8.139     393.750
8.144     393.750
8.150     393.750
8.156     390.265
8.162     390.265
8.168     393.750
8.173     390.265
8.179     393.750
8.185     393.750
8.191     393.750
8.197     393.750
8.202     393.750
8.208     397.297
8.214     395.516
8.220     393.750
8.226     397.297
8.231     397.297
8.237     397.297
8.243     397.297
8.249     397.297
8.255     393.750
8.260     393.750
8.266     390.265
8.272     392.000
8.278     393.750
8.284     390.265
8.290     390.265
8.295     390.265
8.301     390.265
8.307     390.265
8.313     390.265
8.319     390.265
8.324     393.750
8.330     393.750
8.336     393.750
8.342     393.750
8.348     393.750
8.353     397.297
8.359     397.297
8.365     400.909
8.371     400.909
8.377     400.909
8.382     400.909
8.388     397.297
8.394     400.909
8.400     400.909
8.406     400.909
8.411     400.909
8.417     400.909
8.423     400.909
8.429     397.297
8.435     397.297
8.440     397.297
8.446     393.750
8.452     397.297
8.458     397.297
8.464     397.297
8.469     393.750
8.475     393.750
8.481     397.297
8.487     397.297
8.493     397.297
8.499     397.297
8.504     400.909
8.510     397.297
8.516     400.909
8.522     400.909
8.528     400.909
8.533     404.587
8.539     400.909
8.545     400.909
8.551     404.587
8.557     400.909
8.562     397.297
8.568     400.909
8.574     397.297
8.580     400.909
8.586     397.297
8.591     400.909
8.597     400.909
8.603     402.740
8.609     404.587
8.615     404.587
8.620     397.297
8.626     397.297
8.632     400.909
8.638     400.909
8.644     209.005
8.649     393.750
8.655     114.844
8.661     361.475
8.667     114.545
8.673     355.645
8.678     352.800
8.684     355.645
8.690     352.800
8.696     352.800
8.702     352.800
8.707     347.244
8.713     350.000
8.719     350.000
8.725     350.000
8.731     350.000
8.737     350.000
8.742     350.000
8.748     347.244
8.754     350.000
8.760     352.800
8.766     352.800
8.771     352.800
8.777     352.800
8.783     350.000
8.789     352.800
8.795     350.000
8.800     350.000
8.806     350.000
8.812     350.000
8.818     350.000
8.824     350.000
8.829     350.000
8.835     350.000
8.841     350.000
8.847     347.244
8.853     350.000
8.858     350.000
8.864     350.000
8.870     350.000
8.876     350.000
8.882     350.000
8.887     350.000
8.893     350.000
8.899     350.000
8.905     350.000
8.911     350.000
8.916     350.000
8.922     350.000
8.928     350.000
8.934     350.000
8.940     350.000
8.945     350.000
8.951     350.000
8.957     350.000
8.963     350.000
8.969     350.000
8.975     350.000
8.980     350.000
8.986     350.000
8.992     350.000
8.998     350.000
9.004     350.000
9.009     350.000
9.015     350.000
9.021     350.000
9.027     350.000
9.033     350.000
9.038     350.000
9.044     350.000
9.050     350.000
9.056     350.000
9.062     350.000
9.067     350.000
9.073     347.244
9.079     350.000
9.085     350.000
9.091     350.000
9.096     350.000
9.102     350.000
9.108     350.000
9.114     350.000
9.120     350.000
9.125     350.000
9.131     350.000
9.137     350.000
9.143     350.000
9.149     350.000
9.154     350.000
9.160     350.000
9.166     350.000
9.172     350.000
9.178     350.000
9.183     350.000
9.189     350.000
9.195     350.000
9.201     350.000
9.207     350.000
9.213     350.000
9.218     350.000
9.224     350.000
9.230     350.000
9.236     350.000
9.242     350.000
9.247     350.000
9.253     350.000
9.259     350.000
9.265     350.000
9.271     350.000
9.276     350.000
9.282     350.000
9.288     350.000
9.294     350.000
9.300     350.000
9.305     350.000
9.311     347.244
9.317     350.000
9.323     350.000
9.329     347.244
9.334     350.000
9.340     350.000
9.346     350.000
9.352     350.000
9.358     350.000
9.363     350.000
9.369     350.000
9.375     350.000
9.381     350.000
9.387     350.000
9.392     350.000
9.398     350.000
9.404     350.000
9.410     350.000
9.416     350.000
9.421     350.000
9.427     350.000
9.433     350.000
9.439     350.000
9.445     350.000
9.451     350.000
9.456     350.000
9.462     350.000
9.468     350.000
9.474     350.000
9.480     350.000
9.485     350.000
9.491     350.000
9.497     350.000
9.503     350.000
9.509     350.000
9.514     347.244
9.520     350.000
9.526     347.244
9.532     350.000
9.538     347.244
9.543     350.000
9.549     350.000
9.555     350.000
9.561     350.000
9.567     350.000
9.572     350.000
9.578     350.000
9.584     350.000
9.590     350.000
9.596     350.000
9.601     350.000
9.607     350.000
9.613     350.000
9.619     350.000
9.625     350.000
9.630     352.800
9.636     352.800
9.642     350.000
9.648     350.000
9.654     350.000
9.660     350.000
9.665     347.244
9.671     350.000
9.677     347.244
9.683     347.244
9.689     347.244
9.694     347.244
9.700     347.244
9.706     347.244
9.712     347.244
9.718     347.244
9.723     347.244
9.729     347.244
9.735     347.244
9.741     347.244
9.747     347.244
9.752     350.000
9.758     350.000
9.764     350.000
9.770     350.000
9.776     350.000
9.781     350.000
9.787     350.000
9.793     352.800
9.799     352.800
9.805     350.000
9.810     352.800
9.816     352.800
9.822     352.800
9.828     350.000
9.834     350.000
9.839     350.000
9.845     350.000
9.851     350.000
9.857     350.000
9.863     350.000
9.868     350.000
9.874     350.000
9.880     350.000
9.886     350.000
9.892     347.244
9.898     347.244
9.903     347.244
9.909     347.244
9.915     347.244
9.921     347.244
9.927     347.244
9.932     347.244
9.938     347.244
9.944     347.244
9.950     347.244
9.956     347.244
9.961     347.244
9.967     347.244
9.973     350.000
9.979     350.000
9.985     350.000
9.990     350.000
9.996     350.000
10.002     350.000
10.008     350.000
10.014     352.800
10.019     352.800
10.025     350.000
10.031     350.000
10.037     352.800
10.043     350.000
10.048     350.000
10.054     350.000
10.060     350.000
10.066     350.000
10.072     347.244
10.077     347.244
10.083     347.244
10.089     347.244
10.095     347.244
10.101     347.244
10.106     344.531
10.112     344.531
10.118     344.531
10.124     344.531
10.130     347.244
10.136     347.244
10.141     347.244
10.147     347.244
10.153     347.244
10.159     347.244
10.165     350.000
10.170     350.000
10.176     350.000
10.182     352.800
10.188     352.800
10.194     352.800
10.199     352.800
10.205     352.800
10.211     352.800
10.217     352.800
10.223     352.800
10.228     352.800
10.234     352.800
10.240     350.000
10.246     350.000
10.252     350.000
10.257     350.000
10.263     350.000
10.269     350.000
10.275     347.244
10.281     347.244
10.286     347.244
10.292     347.244
10.298     347.244
10.304     347.244
10.310     347.244
10.315     347.244
10.321     347.244
10.327     347.244
10.333     350.000
10.339     350.000
10.344     350.000
10.350     350.000
10.356     350.000
10.362     350.000
10.368     350.000
10.374     347.244
10.379     347.244
10.385     237.097
10.391     174.308
10.397     175.697
10.403     175.000
10.408     174.308
10.414     175.000
10.420     173.622
10.426     0.000
10.432     0.000
10.437     0.000
10.443     0.000
10.449     0.000
10.455     0.000
10.461     0.000
10.466     0.000
10.472     0.000
10.478     0.000
10.484     0.000
10.490     0.000
10.495     0.000
10.501     0.000
10.507     0.000
10.513     0.000
10.519     0.000
10.524     0.000
10.530     0.000
10.536     0.000
10.542     0.000
10.548     0.000
10.553     0.000
10.559     0.000
10.565     0.000
10.571     0.000
10.577     0.000
10.582     0.000
10.588     0.000
10.594     0.000
10.600     0.000
10.606     0.000
10.612     0.000
10.617     0.000
10.623     0.000
10.629     0.000
10.635     0.000
10.641     0.000
10.646     0.000
10.652     0.000
10.658     0.000
10.664     0.000
10.670     0.000
10.675     0.000
10.681     0.000
10.687     0.000
10.693     0.000
10.699     0.000
10.704     0.000
10.710     0.000
10.716     0.000
10.722     0.000
10.728     0.000
10.733     0.000
10.739     0.000
10.745     0.000
10.751     0.000
10.757     0.000
10.762     0.000
10.768     0.000
10.774     0.000
10.780     0.000
10.786     0.000
10.791     0.000
10.797     0.000
10.803     0.000
10.809     0.000
10.815     0.000
10.820     0.000
10.826     0.000
10.832     0.000
10.838     0.000
10.844     0.000
10.850     0.000
10.855     0.000
10.861     0.000
10.867     0.000
10.873     0.000
10.879     0.000
10.884     0.000
10.890     0.000
10.896     0.000
10.902     0.000
10.908     0.000
10.913     0.000
10.919     0.000
10.925     0.000
10.931     0.000
10.937     0.000
10.942     0.000
10.948     0.000
10.954     0.000
10.960     0.000
10.966     0.000
10.971     0.000
10.977     0.000
10.983     0.000
10.989     0.000
10.995     0.000
11.000     0.000
11.006     0.000
11.012     0.000
11.018     0.000
11.024     0.000
11.029     0.000
11.035     0.000
11.041     0.000
11.047     0.000
11.053     0.000
11.059     0.000
11.064     0.000
11.070     0.000
11.076     0.000
11.082     0.000
11.088     0.000
11.093     0.000
11.099     0.000
11.105     0.000
11.111     0.000
11.117     0.000
11.122     0.000
11.128     0.000
11.134     0.000
11.140     0.000
11.146     221.608
11.151     222.727
11.157     223.291
11.163     331.579
11.169     331.579
11.175     329.104
11.180     321.898
11.186     308.392
11.192     221.608
11.198     175.697
11.204     334.091
11.209     350.000
11.215     347.244
11.221     352.800
11.227     350.000
11.233     355.645
11.238     352.800
11.244     352.800
11.250     350.000
11.256     350.000
11.262     350.000
11.267     350.000
11.273     350.000
11.279     350.000
11.285     350.000
11.291     350.000
11.297     350.000
11.302     347.244
11.308     350.000
11.314     350.000
11.320     350.000
11.326     350.000
11.331     350.000
11.337     350.000
11.343     350.000
11.349     350.000
11.355     350.000
11.360     350.000
11.366     350.000
11.372     350.000
11.378     350.000
11.384     350.000
11.389     350.000
11.395     350.000
11.401     347.244
11.407     347.244
11.413     347.244
11.418     347.244
11.424     347.244
11.430     347.244
11.436     350.000
11.442     350.000
11.447     350.000
11.453     350.000
11.459     350.000
11.465     350.000
11.471     350.000
11.476     350.000
11.482     350.000
11.488     350.000
11.494     350.000
11.500     350.000
11.505     350.000
11.511     350.000
11.517     350.000
11.523     350.000
11.529     350.000
11.535     350.000
11.540     350.000
11.546     350.000
11.552     350.000
11.558     347.244
11.564     347.244
11.569     347.244
11.575     347.244
11.581     347.244
11.587     347.244
11.593     347.244
11.598     347.244
11.604     347.244
11.610     347.244
11.616     347.244
11.622     347.244
11.627     347.244
11.633     347.244
11.639     347.244
11.645     347.244
11.651     347.244
11.656     347.244
11.662     347.244
11.668     347.244
11.674     347.244
11.680     347.244
11.685     347.244
11.691     350.000
11.697     350.000
11.703     350.000
11.709     350.000
11.714     350.000
11.720     352.800
11.726     352.800
11.732     352.800
11.738     352.800
11.743     352.800
11.749     355.645
11.755     355.645
11.761     352.800
11.767     352.800
11.773     352.800
11.778     352.800
11.784     352.800
11.790     352.800
11.796     352.800
11.802     352.800
11.807     352.800
11.813     352.800
11.819     352.800
11.825     234.574
11.831     352.800
11.836     352.800
11.842     350.000
11.848     350.000
11.854     351.394
11.860     352.800
11.865     352.800
11.871     352.800
11.877     352.800
11.883     352.800
11.889     352.800
11.894     234.574
11.900     347.244
11.906     292.053
11.912     290.132
11.918     290.132
11.923     288.235
11.929     288.235
11.935     288.235
11.941     286.364
11.947     286.364
11.952     288.235
11.958     288.235
11.964     288.235
11.970     288.235
11.976     288.235
11.981     290.132
11.987     290.132
11.993     292.053
11.999     292.053
12.005     292.053
12.011     292.053
12.016     292.053
12.022     294.000
12.028     292.053
12.034     292.053
12.040     292.053
12.045     292.053
12.051     292.053
12.057     292.053
12.063     290.132
12.069     290.132
12.074     292.053
12.080     292.053
12.086     292.053
12.092     294.000
12.098     294.000
12.103     294.000
12.109     294.000
12.115     294.000
12.121     294.000
12.127     294.000
12.132     294.000
12.138     294.000
12.144     294.000
12.150     294.000
12.156     294.000
12.161     294.000
12.167     294.000
12.173     294.000
12.179     294.000
12.185     294.000
12.190     294.000
12.196     294.000
12.202     294.000
12.208     294.000
12.214     294.000
12.220     292.053
12.225     294.000
12.231     292.053
12.237     292.053
12.243     292.053
12.249     292.053
12.254     292.053
12.260     292.053
12.266     292.053
12.272     292.053
12.278     292.053
12.283     292.053
12.289     292.053
12.295     292.053
12.301     292.053
12.307     292.053
12.312     292.053
12.318     292.053
12.324     292.053
12.330     294.000
12.336     294.000
12.341     294.000
12.347     294.000
12.353     294.000
12.359     294.000
12.365     294.000
12.370     294.000
12.376     294.000
12.382     295.973
12.388     295.973
12.394     294.000
12.399     295.973
12.405     295.973
12.411     294.000
12.417     295.973
12.423     295.973
12.428     295.973
12.434     295.973
12.440     295.973
12.446     295.973
12.452     294.000
12.458     297.973
12.463     295.973
12.469     297.973
12.475     295.973
12.481     295.973
12.487     297.973
12.492     295.973
12.498     295.973
12.504     295.973
12.510     295.973
12.516     295.973
12.521     295.973
12.527     295.973
12.533     295.973
12.539     295.973
12.545     295.973
12.550     295.973
12.556     294.000
12.562     294.000
12.568     294.000
12.574     294.000
12.579     294.000
12.585     294.000
12.591     294.000
12.597     294.000
12.603     294.000
12.608     294.000
12.614     295.973
12.620     295.973
12.626     295.973
12.632     295.973
12.637     295.973
12.643     294.000
12.649     294.000
12.655     294.000
12.661     294.000
12.666     295.973
12.672     294.000
12.678     294.000
12.684     294.000
12.690     294.000
12.696     294.000
12.701     294.000
12.707     294.000
12.713     294.000
12.719     294.000
12.725     294.000
12.730     294.000
12.736     294.000
12.742     294.000
12.748     294.000
12.754     294.000
12.759     294.000
12.765     294.000
12.771     295.973
12.777     294.000
12.783     294.000
12.788     294.000
12.794     294.000
12.800     294.000
12.806     294.000
12.812     294.000
12.817     294.000
12.823     294.000
12.829     294.000
12.835     294.000
12.841     294.000
12.846     294.000
12.852     294.000
12.858     294.000
12.864     294.000
12.870     294.000
12.875     294.000
12.881     294.000
12.887     294.000
12.893     294.000
12.899     294.000
12.904     294.000
12.910     294.000
12.916     294.000
12.922     294.000
12.928     294.000
12.934     294.000
12.939     294.000
12.945     294.000
12.951     294.000
12.957     294.000
12.963     294.000
12.968     294.000
12.974     294.000
12.980     294.000
12.986     294.000
12.992     294.000
12.997     294.000
13.003     294.000
13.009     294.000
13.015     294.000
13.021     294.000
13.026     294.000
13.032     294.000
13.038     294.000
13.044     295.973
13.050     295.973
13.055     295.973
13.061     295.973
13.067     297.973
13.073     297.973
13.079     297.973
13.084     297.973
13.090     297.973
13.096     297.973
13.102     297.973
13.108     297.973
13.113     295.973
13.119     294.000
13.125     294.000
13.131     292.053
13.137     290.132
13.142     288.235
13.148     286.364
13.154     284.516
13.160     282.692
13.166     279.114
13.172     273.913
13.177     265.663
13.183     267.273
13.189     272.222
13.195     268.902
13.201     267.273
13.206     267.273
13.212     264.072
13.218     257.895
13.224     254.913
13.230     256.395
13.235     257.895
13.241     256.395
13.247     257.895
13.253     259.412
13.259     259.412
13.264     259.412
13.270     259.412
13.276     260.947
13.282     260.947
13.288     260.947
13.293     262.500
13.299     262.500
13.305     262.500
13.311     262.500
13.317     262.500
13.322     262.500
13.328     260.947
13.334     260.947
13.340     262.500
13.346     260.947
13.351     260.947
13.357     260.947
13.363     260.947
13.369     262.500
13.375     260.947
13.380     260.947
13.386     260.947
13.392     260.947
13.398     260.947
13.404     262.500
13.410     262.500
13.415     260.947
13.421     260.947
13.427     260.947
13.433     259.412
13.439     260.947
13.444     259.412
13.450     259.412
13.456     262.500
13.462     264.072
13.468     262.500
13.473     260.947
13.479     262.500
13.485     262.500
13.491     262.500
13.497     288.235
13.502     292.053
13.508     290.132
13.514     294.000
13.520     286.364
13.526     130.088
13.531     130.473
13.537     288.235
13.543     286.364
13.549     286.364
13.555     270.552
13.560     259.412
13.566     262.500
13.572     264.072
13.578     267.273
13.584     262.500
13.589     267.273
13.595     265.663
13.601     265.663
13.607     267.273
13.613     265.663
13.619     262.500
13.624     265.663
13.630     270.552
13.636     264.072
13.642     260.947
13.648     262.500
13.653     262.500
13.659     260.947
13.665     262.500
13.671     260.947
13.677     260.947
13.682     259.412
13.688     260.947
13.694     260.947
13.700     260.947
13.706     260.947
13.711     260.947
13.717     260.947
13.723     262.500
13.729     260.947
13.735     262.500
13.740     260.947
13.746     262.500
13.752     262.500
13.758     262.500
13.764     262.500
13.769     262.500
13.775     262.500
13.781     260.947
13.787     262.500
13.793     262.500
13.798     262.500
13.804     262.500
13.810     262.500
13.816     262.500
13.822     262.500
13.827     262.500
13.833     264.072
13.839     261.721
13.845     261.721
13.851     261.721
13.857     261.721
13.862     260.947
13.868     260.947
13.874     260.947
13.880     260.947
13.886     260.947
13.891     261.721
13.897     260.947
13.903     260.947
13.909     260.947
13.915     260.947
13.920     260.947
13.926     260.947
13.932     260.947
13.938     260.947
13.944     260.947
13.949     261.721
13.955     260.947
13.961     260.947
13.967     262.500
13.973     261.721
13.978     262.500
13.984     260.947
13.990     260.947
13.996     260.947
14.002     260.947
14.007     259.412
14.013     260.947
14.019     260.947
14.025     260.947
14.031     260.947
14.036     259.412
14.042     260.177
14.048     260.947
14.054     260.177
14.060     260.947
14.065     260.947
14.071     262.500
14.077     260.947
14.083     260.947
14.089     262.500
14.095     262.500
14.100     260.947
14.106     260.947
14.112     262.500
14.118     262.500
14.124     262.500
14.129     262.500
14.135     265.663
14.141     264.072
14.147     264.072
14.153     262.500
14.158     264.072
14.164     264.072
14.170     264.072
14.176     262.500
14.182     262.500
14.187     262.500
14.193     262.500
14.199     260.947
14.205     260.947
14.211     262.500
14.216     260.947
14.222     260.947
14.228     260.177
14.234     260.947
14.240     260.177
14.245     260.177
14.251     260.177
14.257     260.947
14.263     260.177
14.269     260.947
14.274     260.947
14.280     262.500
14.286     262.500
14.292     262.500
14.298     262.500
14.303     264.072
14.309     264.072
14.315     264.072
14.321     264.072
14.327     264.072
14.333     264.072
14.338     265.663
14.344     264.072
14.350     265.663
14.356     264.072
14.362     264.072
14.367     262.500
14.373     264.072
14.379     264.072
14.385     262.500
14.391     262.500
14.396     262.500
14.402     262.500
14.408     262.500
14.414     261.721
14.420     260.947
14.425     260.947
14.431     260.947
14.437     260.947
14.443     259.412
14.449     260.947
14.454     259.412
14.460     260.947
14.466     259.412
14.472     260.947
14.478     260.947
14.483     260.947
14.489     260.947
14.495     260.947
14.501     262.500
14.507     262.500
14.512     262.500
14.518     262.500
14.524     264.072
14.530     262.500
14.536     264.072
14.541     264.072
14.547     264.072
14.553     264.072
14.559     264.072
14.565     262.500
14.571     263.284
14.576     262.500
14.582     262.500
14.588     261.721
14.594     262.500
14.600     262.500
14.605     260.947
14.611     260.947
14.617     259.412
14.623     260.947
14.629     260.947
14.634     259.412
14.640     259.412
14.646     259.412
14.652     259.412
14.658     259.412
14.663     259.412
14.669     259.412
14.675     260.947
14.681     260.947
14.687     260.947
14.692     260.947
14.698     260.947
14.704     260.947
14.710     262.500
14.716     262.500
14.721     264.072
14.727     262.500
14.733     264.072
14.739     264.072
14.745     264.072
14.750     267.273
14.756     262.500
14.762     264.072
14.768     264.072
14.774     264.072
14.780     264.072
14.785     264.072
14.791     260.947
14.797     262.500
14.803     260.947
14.809     260.947
14.814     260.947
14.820     259.412
14.826     259.412
14.832     259.412
14.838     259.412
14.843     257.895
14.849     259.412
14.855     259.412
14.861     259.412
14.867     259.412
14.872     259.412
14.878     259.412
14.884     260.947
14.890     260.947
14.896     260.947
14.901     260.947
14.907     264.072
14.913     264.072
14.919     264.072
14.925     264.072
14.930     264.072
14.936     264.072
14.942     265.663
14.948     264.072
14.954     265.663
14.959     264.072
14.965     262.500
14.971     264.072
14.977     264.072
14.983     262.500
14.988     260.947
14.994     262.500
15.000     262.500
15.006     260.947
15.012     260.947
15.018     260.947
15.023     259.412
15.029     260.947
15.035     259.412
15.041     259.412
15.047     259.412
15.052     257.895
15.058     259.412
15.064     259.412
15.070     259.412
15.076     260.947
15.081     260.947
15.087     262.500
15.093     260.947
15.099     260.947
15.105     262.500
15.110     262.500
15.116     262.500
15.122     263.284
15.128     263.284
15.134     264.072
15.139     264.072
15.145     264.072
15.151     262.500
15.157     264.072
15.163     262.500
15.168     264.072
15.174     264.072
15.180     262.500
15.186     262.500
15.192     260.947
15.197     262.500
15.203     262.500
15.209     260.947
15.215     260.947
15.221     260.947
15.226     259.412
15.232     260.947
15.238     260.947
15.244     260.947
15.250     260.947
15.256     260.947
15.261     262.500
15.267     264.072
15.273     262.500
15.279     263.284
15.285     264.072
15.290     263.284
15.296     264.072
15.302     200.455
15.308     131.250
15.314     130.473
15.319     131.642
15.325     134.862
15.331     233.333
15.337     0.000
15.343     0.000
15.348     0.000
15.354     0.000
15.360     0.000
15.366     0.000
15.372     0.000
15.377     0.000
15.383     0.000
15.389     0.000
15.395     0.000
15.401     0.000
15.406     0.000
15.412     0.000
15.418     0.000
15.424     0.000
15.430     0.000
15.435     0.000
15.441     0.000
15.447     0.000
15.453     0.000
15.459     0.000
15.464     0.000
15.470     0.000
15.476     0.000
15.482     0.000
15.488     0.000
15.494     0.000
15.499     0.000
15.505     0.000
15.511     0.000
15.517     0.000
15.523     0.000
15.528     0.000
15.534     0.000
15.540     0.000
15.546     0.000
15.552     0.000
15.557     0.000
15.563     0.000
15.569     0.000
15.575     0.000
15.581     0.000
15.586     0.000
15.592     0.000
15.598     0.000
15.604     0.000
15.610     0.000
15.615     0.000
15.621     0.000
15.627     0.000
15.633     0.000
15.639     0.000
15.644     0.000
15.650     0.000
15.656     0.000
15.662     0.000
15.668     0.000
15.673     0.000
15.679     0.000
15.685     0.000
15.691     0.000
15.697     0.000
15.702     0.000
15.708     0.000
15.714     0.000
15.720     0.000
15.726     0.000
15.732     0.000
15.737     0.000
15.743     0.000
15.749     0.000
15.755     0.000
15.761     0.000
15.766     0.000
15.772     0.000
15.778     0.000
15.784     0.000
15.790     0.000
15.795     0.000
15.801     0.000
15.807     199.548
15.813     199.548
15.819     197.758
15.824     199.548
15.830     200.455
15.836     199.548
15.842     201.370
15.848     200.455
15.853     199.548
15.859     199.548
15.865     202.294
15.871     198.649
15.877     202.294
15.882     199.548
15.888     200.455
15.894     201.370
15.900     200.455
15.906     201.370
15.911     202.294
15.917     198.649
15.923     199.548
15.929     197.758
15.935     199.548
15.940     373.729
15.946     200.455
15.952     197.758
15.958     200.455
15.964     202.294
15.970     200.455
15.975     206.075
15.981     199.548
15.987     203.226
15.993     199.548
15.999     209.005
16.004     206.075
16.010     0.000
16.016     0.000
16.022     0.000
16.028     0.000
16.033     0.000
16.039     0.000
16.045     0.000
16.051     0.000
16.057     0.000
16.062     0.000
16.068     0.000
16.074     0.000
16.080     0.000
16.086     0.000
16.091     0.000
16.097     0.000
16.103     0.000
16.109     0.000
16.115     0.000
16.120     0.000
16.126     0.000
16.132     0.000
16.138     0.000
16.144     0.000
16.149     0.000
16.155     0.000
16.161     0.000
16.167     0.000
16.173     0.000
16.179     0.000
16.184     0.000
16.190     0.000
16.196     0.000
16.202     0.000
16.208     0.000
16.213     0.000
16.219     0.000
16.225     0.000
16.231     0.000
16.237     0.000
16.242     0.000
16.248     0.000
16.254     0.000
16.260     0.000
16.266     0.000
16.271     0.000
16.277     0.000
16.283     0.000
16.289     331.579
16.295     331.579
16.300     329.104
16.306     334.091
16.312     336.641
16.318     336.641
16.324     336.641
16.329     331.579
16.335     347.244
16.341     350.000
16.347     352.800
16.353     355.645
16.358     352.800
16.364     350.000
16.370     350.000
16.376     350.000
16.382     347.244
16.387     350.000
16.393     350.000
16.399     347.244
16.405     350.000
16.411     350.000
16.417     350.000
16.422     350.000
16.428     350.000
16.434     350.000
16.440     350.000
16.446     347.244
16.451     350.000
16.457     350.000
16.463     350.000
16.469     350.000
16.475     350.000
16.480     350.000
16.486     350.000
16.492     350.000
16.498     350.000
16.504     350.000
16.509     350.000
16.515     350.000
16.521     350.000
16.527     350.000
16.533     350.000
16.538     350.000
16.544     350.000
16.550     350.000
16.556     350.000
16.562     350.000
16.567     350.000
16.573     350.000
16.579     350.000
16.585     350.000
16.591     350.000
16.596     350.000
16.602     350.000
16.608     350.000
16.614     350.000
16.620     350.000
16.625     350.000
16.631     350.000
16.637     350.000
16.643     350.000
16.649     350.000
16.655     350.000
16.660     350.000
16.666     350.000
16.672     350.000
16.678     350.000
16.684     350.000
16.689     350.000
16.695     350.000
16.701     350.000
16.707     350.000
16.713     350.000
16.718     350.000
16.724     350.000
16.730     350.000
16.736     350.000
16.742     350.000
16.747     350.000
16.753     350.000
16.759     350.000
16.765     350.000
16.771     350.000
16.776     350.000
16.782     350.000
16.788     350.000
16.794     350.000
16.800     350.000
16.805     350.000
16.811     350.000
16.817     350.000
16.823     350.000
16.829     350.000
16.834     350.000
16.840     352.800
16.846     352.800
16.852     352.800
16.858     352.800
16.863     352.800
16.869     355.645
16.875     355.645
16.881     355.645
16.887     358.537
16.893     358.537
16.898     358.537
16.904     358.537
16.910     358.537
16.916     358.537
16.922     358.537
16.927     355.645
16.933     355.645
16.939     352.800
16.945     352.800
16.951     350.000
16.956     347.244
16.962     344.531
16.968     341.860
16.974     339.231
16.980     341.860
16.985     347.244
16.991     347.244
16.997     350.000
17.003     347.244
17.009     350.000
17.014     304.138
17.020     344.531
17.026     352.800
17.032     347.244
17.038     302.055
17.043     294.000
17.049     295.973
17.055     292.053
17.061     292.053
17.067     292.053
17.072     290.132
17.078     290.132
17.084     290.132
17.090     288.235
17.096     290.132
17.101     290.132
17.107     290.132
17.113     290.132
17.119     292.053
17.125     292.053
17.131     292.053
17.136     294.000
17.142     294.000
17.148     292.053
17.154     292.053
17.160     292.053
17.165     292.053
17.171     294.000
17.177     294.000
17.183     294.000
17.189     294.000
17.194     294.000
17.200     294.000
17.206     294.000
17.212     294.000
17.218     294.000
17.223     294.000
17.229     294.000
17.235     294.000
17.241     294.000
17.247     294.000
17.252     294.000
17.258     294.000
17.264     294.000
17.270     294.000
17.276     294.000
17.281     294.000
17.287     294.000
17.293     294.000
17.299     294.000
17.305     294.000
17.310     294.000
17.316     294.000
17.322     294.000
17.328     294.000
17.334     292.053
17.340     294.000
17.345     294.000
17.351     294.000
17.357     294.000
17.363     294.000
17.369     295.973
17.374     294.000
17.380     294.000
17.386     294.000
17.392     294.000
17.398     294.000
17.403     294.000
17.409     295.973
17.415     295.973
17.421     295.973
17.427     294.000
17.432     295.973
17.438     295.973
17.444     294.000
17.450     294.000
17.456     294.000
17.461     295.973
17.467     294.000
17.473     294.000
17.479     294.000
17.485     294.000
17.490     294.000
17.496     294.000
17.502     294.000
17.508     294.000
17.514     294.000
17.519     295.973
17.525     294.000
17.531     295.973
17.537     295.973
17.543     295.973
17.548     295.973
17.554     295.973
17.560     294.000
17.566     295.973
17.572     295.973
17.578     295.973
17.583     297.973
17.589     198.649
17.595     595.946
17.601     595.946
17.607     595.946
17.612     595.946
17.618     591.946
17.624     588.000
17.630     595.946
17.636     588.000
17.641     595.946
17.647     591.946
17.653     591.946
17.659     580.263
17.665     588.000
17.670     588.000
17.676     572.727
17.682     580.263
17.688     297.973
17.694     297.973
17.699     295.973
17.705     294.000
17.711     295.973
17.717     294.000
17.723     294.000
17.728     294.000
17.734     294.000
17.740     294.000
17.746     294.000
17.752     294.000
17.757     294.000
17.763     294.000
17.769     294.000
17.775     294.000
17.781     294.000
17.786     294.000
17.792     294.000
17.798     294.000
17.804     294.000
17.810     294.000
17.816     294.000
17.821     294.000
17.827     295.973
17.833     294.000
17.839     294.000
17.845     295.973
17.850     295.973
17.856     295.973
17.862     294.000
17.868     294.000
17.874     294.000
17.879     294.000
17.885     294.000
17.891     294.000
17.897     294.000
17.903     294.000
17.908     294.000
17.914     294.000
17.920     294.000
17.926     294.000
17.932     294.000
17.937     294.000
17.943     294.000
17.949     294.000
17.955     292.053
17.961     294.000
17.966     294.000
17.972     294.000
17.978     294.000
17.984     294.000
17.990     294.000
17.995     294.000
18.001     294.000
18.007     294.000
18.013     294.000
18.019     294.000
18.024     295.973
18.030     294.000
18.036     294.000
18.042     294.000
18.048     294.000
18.054     294.000
18.059     294.000
18.065     294.000
18.071     294.000
18.077     294.000
18.083     294.000
18.088     294.000
18.094     294.000
18.100     294.000
18.106     294.000
18.112     294.000
18.117     294.000
18.123     294.000
18.129     294.000
18.135     294.000
18.141     294.000
18.146     292.053
18.152     292.053
18.158     294.000
18.164     294.000
18.170     294.000
18.175     292.053
18.181     292.053
18.187     292.053
18.193     292.053
18.199     292.053
18.204     290.132
18.210     290.132
18.216     290.132
18.222     290.132
18.228     290.132
18.233     290.132
18.239     290.132
18.245     290.132
18.251     292.053
18.257     292.053
18.262     294.000
18.268     294.000
18.274     294.000
18.280     295.973
18.286     295.973
18.292     294.000
18.297     295.973
18.303     295.973
18.309     300.000
18.315     295.973
18.321     297.973
18.326     295.973
18.332     292.053
18.338     295.973
18.344     300.000
18.350     306.250
18.355     312.766
18.361     312.766
18.367     315.000
18.373     315.000
18.379     315.000
18.384     315.000
18.390     315.000
18.396     315.000
18.402     315.000
18.408     312.766
18.413     310.563
18.419     310.563
18.425     310.563
18.431     310.563
18.437     310.563
18.442     308.392
18.448     308.392
18.454     306.250
18.460     306.250
18.466     304.138
18.471     302.055
18.477     300.000
18.483     297.973
18.489     195.133
18.495     297.973
18.500     302.055
18.506     302.055
18.512     300.000
18.518     302.055
18.524     300.000
18.530     297.973
18.535     297.973
18.541     300.000
18.547     294.000
18.553     294.000
18.559     292.053
18.564     294.000
18.570     292.053
18.576     300.000
18.582     297.973
18.588     302.055
18.593     290.132
18.599     297.973
18.605     300.000
18.611     292.053
18.617     300.000
18.622     297.973
18.628     292.053
18.634     292.053
18.640     294.000
18.646     290.132
18.651     294.000
18.657     286.364
18.663     288.235
18.669     292.053
18.675     288.235
18.680     294.000
18.686     300.000
18.692     302.055
18.698     308.392
18.704     300.000
18.709     306.250
18.715     304.138
18.721     310.563
18.727     308.392
18.733     310.563
18.739     308.392
18.744     310.563
18.750     310.563
18.756     310.563
18.762     310.563
18.768     310.563
18.773     310.563
18.779     308.392
18.785     308.392
18.791     308.392
18.797     308.392
18.802     308.392
18.808     310.563
18.814     310.563
18.820     308.392
18.826     310.563
18.831     310.563
18.837     310.563
18.843     310.563
18.849     310.563
18.855     310.563
18.860     310.563
18.866     310.563
18.872     310.563
18.878     310.563
18.884     310.563
18.889     310.563
18.895     310.563
18.901     310.563
18.907     310.563
18.913     310.563
18.918     310.563
18.924     310.563
18.930     310.563
18.936     310.563
18.942     310.563
18.947     310.563
18.953     310.563
18.959     310.563
18.965     310.563
18.971     310.563
18.977     310.563
18.982     308.392
18.988     310.563
18.994     310.563
19.000     310.563
19.006     310.563
19.011     310.563
19.017     310.563
19.023     310.563
19.029     310.563
19.035     308.392
19.040     310.563
19.046     310.563
19.052     310.563
19.058     310.563
19.064     308.392
19.069     310.563
19.075     310.563
19.081     310.563
19.087     310.563
19.093     310.563
19.098     310.563
19.104     310.563
19.110     312.766
19.116     310.563
19.122     310.563
19.127     312.766
19.133     312.766
19.139     310.563
19.145     310.563
19.151     312.766
19.156     310.563
19.162     310.563
19.168     312.766
19.174     312.766
19.180     312.766
19.185     312.766
19.191     312.766
19.197     312.766
19.203     312.766
19.209     312.766
19.215     312.766
19.220     312.766
19.226     312.766
19.232     312.766
19.238     312.766
19.244     312.766
19.249     310.563
19.255     310.563
19.261     310.563
19.267     312.766
19.273     312.766
19.278     312.766
19.284     310.563
19.290     310.563
19.296     310.563
19.302     312.766
19.307     310.563
19.313     312.766
19.319     312.766
19.325     310.563
19.331     312.766
19.336     312.766
19.342     312.766
19.348     310.563
19.354     310.563
19.360     310.563
19.365     310.563
19.371     312.766
19.377     312.766
19.383     312.766
19.389     312.766
19.394     312.766
19.400     312.766
19.406     312.766
19.412     312.766
19.418     310.563
19.423     312.766
19.429     312.766
19.435     312.766
19.441     312.766
19.447     312.766
19.453     312.766
19.458     312.766
19.464     312.766
19.470     310.563
19.476     310.563
19.482     310.563
19.487     310.563
19.493     311.661
19.499     312.766
19.505     312.766
19.511     310.563
19.516     312.766
19.522     310.563
19.528     310.563
19.534     310.563
19.540     310.563
19.545     312.766
19.551     312.766
19.557     310.563
19.563     310.563
19.569     310.563
19.574     312.766
19.580     310.563
19.586     310.563
19.592     312.766
19.598     310.563
19.603     352.800
19.609     352.800
19.615     355.645
19.621     358.537
19.627     355.645
19.632     355.645
19.638     156.940
19.644     157.500
19.650     156.940
19.656     156.383
19.661     157.500
19.667     157.500
19.673     156.383
19.679     156.383
19.685     157.500
19.691     156.383
19.696     156.383
19.702     156.383
19.708     156.383
19.714     156.383
19.720     156.383
19.725     156.383
19.731     156.383
19.737     156.383
19.743     155.282
19.749     156.383
19.754     156.383
19.760     156.383
19.766     155.282
19.772     350.000
19.778     352.800
19.783     358.537
19.789     361.475
19.795     361.475
19.801     280.892
19.807     282.692
19.812     282.692
19.818     280.892
19.824     280.892
19.830     280.892
19.836     358.537
19.841     358.537
19.847     358.537
19.853     355.645
19.859     350.000
19.865     312.766
19.870     312.766
19.876     315.000
19.882     312.766
19.888     315.000
19.894     312.766
19.900     315.000
19.905     312.766
19.911     315.000
19.917     312.766
19.923     315.000
19.929     312.766
19.934     312.766
19.940     315.000
19.946     315.000
19.952     155.830
19.958     155.282
19.963     347.244
19.969     155.830
19.975     280.892
19.981     355.645
19.987     280.892
19.992     280.892
19.998     280.892
20.004     355.645
20.010     355.645
20.016     280.892
20.021     355.645
20.027     286.364
20.033     284.516
20.039     306.250
20.045     310.563
20.050     310.563
20.056     308.392
20.062     312.766
20.068     312.766
20.074     312.766
20.079     312.766
20.085     315.000
20.091     312.766
20.097     312.766
20.103     315.000
20.108     317.266
20.114     315.000
20.120     315.000
20.126     315.000
20.132     350.000
20.138     315.000
20.143     352.800
20.149     352.800
20.155     358.537
20.161     361.475
20.167     358.537
20.172     364.463
20.178     364.463
20.184     364.463
20.190     361.475
20.196     367.500
20.201     358.537
20.207     352.800
20.213     352.800
20.219     308.392
20.225     310.563
20.230     306.250
20.236     308.392
20.242     308.392
20.248     308.392
20.254     310.563
20.259     310.563
20.265     310.563
20.271     310.563
20.277     308.392
20.283     310.563
20.288     312.766
20.294     310.563
20.300     350.000
20.306     350.000
20.312     358.537
20.317     352.800
20.323     350.000
20.329     355.645
20.335     350.000
20.341     350.000
20.346     352.800
20.352     355.645
20.358     358.537
20.364     364.463
20.370     361.475
20.376     364.463
20.381     358.537
20.387     355.645
20.393     350.000
20.399     347.244
20.405     341.860
20.410     350.000
20.416     347.244
20.422     350.000
20.428     355.645
20.434     361.475
20.439     350.000
20.445     347.244
20.451     0.000
20.457     0.000
20.463     0.000
20.468     0.000
20.474     0.000
20.480     0.000
20.486     0.000
20.492     0.000
20.497     0.000
20.503     0.000
20.509     0.000
20.515     0.000
20.521     0.000
20.526     0.000
20.532     0.000
20.538     0.000
20.544     0.000
20.550     0.000
20.555     0.000
20.561     0.000
20.567     0.000
20.573     0.000
20.579     0.000
20.584     0.000
20.590     0.000
20.596     0.000
20.602     0.000
20.608     0.000
20.614     0.000
20.619     0.000
20.625     0.000
20.631     0.000
20.637     0.000
20.643     0.000
20.648     0.000
20.654     0.000
20.660     0.000
20.666     0.000
20.672     0.000
20.677     0.000
20.683     0.000
20.689     0.000
20.695     0.000
20.701     0.000
20.706     0.000
20.712     0.000
20.718     0.000
20.724     0.000
20.730     0.000
20.735     0.000
20.741     0.000
20.747     0.000
20.753     0.000
20.759     0.000
20.764     0.000
20.770     0.000
20.776     0.000
20.782     0.000
20.788     0.000
20.793     0.000
20.799     0.000
20.805     0.000
20.811     0.000
20.817     0.000
20.822     0.000
20.828     0.000
20.834     0.000
20.840     0.000
20.846     0.000
20.852     0.000
20.857     0.000
20.863     0.000
20.869     0.000
20.875     0.000
20.881     0.000
20.886     0.000
20.892     0.000
20.898     0.000
20.904     0.000
20.910     0.000
20.915     0.000
20.921     0.000
20.927     0.000
20.933     0.000
20.939     0.000
20.944     0.000
20.950     0.000
20.956     0.000
20.962     0.000
20.968     0.000
20.973     0.000
20.979     0.000
20.985     0.000
20.991     0.000
20.997     0.000
21.002     0.000
21.008     0.000
21.014     0.000
21.020     0.000
21.026     0.000
21.031     0.000
21.037     0.000
21.043     0.000
21.049     0.000
21.055     0.000
21.060     0.000
21.066     0.000
21.072     0.000
21.078     0.000
21.084     0.000
