0.000     308.392
0.006     315.000
0.012     310.563
0.017     306.250
0.023     306.250
0.029     308.392
0.035     306.250
0.041     315.000
0.046     310.563
0.052     315.000
0.058     317.266
0.064     312.766
0.070     310.563
0.075     321.898
0.081     324.265
0.087     326.667
0.093     331.579
0.099     331.579
0.104     334.091
0.110     331.579
0.116     331.579
0.122     331.579
0.128     331.579
0.134     329.104
0.139     331.579
0.145     331.579
0.151     331.579
0.157     329.104
0.163     331.579
0.168     331.579
0.174     331.579
0.180     329.104
0.186     329.104
0.192     329.104
0.197     331.579
0.203     334.091
0.209     331.579
0.215     329.104
0.221     331.579
0.226     331.579
0.232     331.579
0.238     331.579
0.244     334.091
0.250     329.104
0.255     329.104
0.261     331.579
0.267     334.091
0.273     331.579
0.279     331.579
0.284     329.104
0.290     329.104
0.296     329.104
0.302     331.579
0.308     331.579
0.313     331.579
0.319     329.104
0.325     331.579
0.331     329.104
0.337     331.579
0.342     331.579
0.348     331.579
0.354     329.104
0.360     331.579
0.366     331.579
0.372     331.579
0.377     331.579
0.383     334.091
0.389     331.579
0.395     331.579
0.401     331.579
0.406     334.091
0.412     331.579
0.418     331.579
0.424     329.104
0.430     329.104
0.435     329.104
0.441     334.091
0.447     331.579
0.453     329.104
0.459     329.104
0.464     329.104
0.470     331.579
0.476     329.104
0.482     331.579
0.488     329.104
0.493     331.579
0.499     331.579
0.505     334.091
0.511     329.104
0.517     331.579
0.522     329.104
0.528     331.579
0.534     331.579
0.540     336.641
0.546     331.579
0.551     331.579
0.557     331.579
0.563     331.579
0.569     329.104
0.575     331.579
0.580     331.579
0.586     329.104
0.592     329.104
0.598     329.104
0.604     331.579
0.610     326.667
0.615     329.104
0.621     329.104
0.627     329.104
0.633     331.579
0.639     334.091
0.644     334.091
0.650     331.579
0.656     331.579
0.662     331.579
0.668     334.091
0.673     334.091
0.679     334.091
0.685     331.579
0.691     331.579
0.697     329.104
0.702     334.091
0.708     329.104
0.714     329.104
0.720     326.667
0.726     329.104
0.731     329.104
0.737     331.579
0.743     326.667
0.749     326.667
0.755     326.667
0.760     329.104
0.766     329.104
0.772     331.579
0.778     331.579
0.784     329.104
0.789     331.579
0.795     334.091
0.801     334.091
0.807     336.641
0.813     331.579
0.819     334.091
0.824     331.579
0.830     334.091
0.836     334.091
0.842     331.579
0.848     329.104
0.853     329.104
0.859     329.104
0.865     329.104
0.871     329.104
0.877     329.104
0.882     329.104
0.888     329.104
0.894     329.104
0.900     331.579
0.906     331.579
0.911     329.104
0.917     331.579
0.923     329.104
0.929     331.579
0.935     329.104
0.940     331.579
0.946     329.104
0.952     331.579
0.958     329.104
0.964     329.104
0.969     326.667
0.975     329.104
0.981     329.104
0.987     329.104
0.993     329.104
0.998     329.104
1.004     329.104
1.010     329.104
1.016     329.104
1.022     331.579
1.027     331.579
1.033     331.579
1.039     329.104
1.045     329.104
1.051     329.104
1.057     329.104
1.062     326.667
1.068     326.667
1.074     326.667
1.080     329.104
1.086     329.104
1.091     331.579
1.097     336.641
1.103     344.531
1.109     373.729
1.115     380.172
1.120     390.265
1.126     197.758
1.132     412.150
1.138     412.150
1.144     216.176
1.149     219.403
1.155     459.375
1.161     459.375
1.167     479.348
1.173     245.000
1.178     495.506
1.184     165.789
1.190     165.169
1.196     165.789
1.202     166.415
1.207     165.789
1.213     165.789
1.219     165.169
1.225     165.169
1.231     164.552
1.236     164.552
1.242     164.552
1.248     163.941
1.254     164.552
1.260     163.941
1.265     165.169
1.271     164.552
1.277     495.506
1.283     495.506
1.289     501.136
1.295     501.136
1.300     164.552
1.306     163.941
1.312     495.506
1.318     164.552
1.324     495.506
1.329     495.506
1.335     495.506
1.341     495.506
1.347     495.506
1.353     495.506
1.358     495.506
1.364     495.506
1.370     495.506
1.376     495.506
1.382     495.506
1.387     501.136
1.393     495.506
1.399     495.506
1.405     501.136
1.411     495.506
1.416     495.506
1.422     495.506
1.428     495.506
1.434     495.506
1.440     490.000
1.445     490.000
1.451     490.000
1.457     490.000
1.463     495.506
1.469     495.506
1.474     495.506
1.480     164.552
1.486     165.169
1.492     501.136
1.498     495.506
1.503     495.506
1.509     495.506
1.515     495.506
1.521     495.506
1.527     490.000
1.533     164.552
1.538     164.552
1.544     164.552
1.550     163.941
1.556     164.552
1.562     164.552
1.567     164.552
1.573     495.506
1.579     495.506
1.585     495.506
1.591     495.506
1.596     164.552
1.602     164.552
1.608     164.552
1.614     163.941
1.620     163.941
1.625     163.333
1.631     518.824
1.637     479.348
1.643     163.333
1.649     163.333
1.654     164.552
1.660     163.333
1.666     163.941
1.672     490.000
1.678     495.506
1.683     495.506
1.689     495.506
1.695     495.506
1.701     495.506
1.707     495.506
1.712     495.506
1.718     495.506
1.724     495.506
1.730     490.000
1.736     490.000
1.741     495.506
1.747     495.506
1.753     495.506
1.759     495.506
1.765     495.506
1.771     495.506
1.776     501.136
1.782     495.506
1.788     495.506
1.794     501.136
1.800     501.136
1.805     495.506
1.811     495.506
1.817     490.000
1.823     484.615
1.829     163.941
1.834     164.552
1.840     490.000
1.846     164.552
1.852     495.506
1.858     501.136
1.863     501.136
1.869     501.136
1.875     498.305
1.881     501.136
1.887     498.305
1.892     495.506
1.898     495.506
1.904     498.305
1.910     495.506
1.916     495.506
1.921     495.506
1.927     495.506
1.933     501.136
1.939     490.000
1.945     490.000
1.950     495.506
1.956     490.000
1.962     495.506
1.968     495.506
1.974     501.136
1.980     501.136
1.985     246.369
1.991     247.753
1.997     165.789
2.003     165.169
2.009     165.169
2.014     165.169
2.020     165.169
2.026     165.169
2.032     495.506
2.038     495.506
2.043     501.136
2.049     501.136
2.055     495.506
2.061     495.506
2.067     501.136
2.072     501.136
2.078     247.753
2.084     501.136
2.090     501.136
2.096     501.136
2.101     495.506
2.107     495.506
2.113     495.506
2.119     501.136
2.125     495.506
2.130     495.506
2.136     495.506
2.142     490.000
2.148     490.000
2.154     484.615
2.159     484.615
2.165     484.615
2.171     484.615
2.177     490.000
2.183     484.615
2.188     479.348
2.194     484.615
2.200     474.194
2.206     469.149
2.212     469.149
2.218     474.194
2.223     474.194
2.229     474.194
2.235     233.333
2.241     232.105
2.247     232.105
2.252     459.375
2.258     459.375
2.264     454.639
2.270     464.211
2.276     464.211
2.281     464.211
2.287     469.149
2.293     469.149
2.299     469.149
2.305     474.194
2.310     469.149
2.316     474.194
2.322     469.149
2.328     469.149
2.334     469.149
2.339     469.149
2.345     474.194
2.351     469.149
2.357     474.194
2.363     474.194
2.368     464.211
2.374     474.194
2.380     469.149
2.386     469.149
2.392     469.149
2.397     469.149
2.403     474.194
2.409     469.149
2.415     469.149
2.421     469.149
2.426     469.149
2.432     469.149
2.438     469.149
2.444     469.149
2.450     464.211
2.456     469.149
2.461     474.194
2.467     474.194
2.473     474.194
2.479     469.149
2.485     469.149
2.490     469.149
2.496     464.211
2.502     464.211
2.508     464.211
2.514     466.667
2.519     466.667
2.525     469.149
2.531     474.194
2.537     474.194
2.543     474.194
2.548     474.194
2.554     469.149
2.560     479.348
2.566     469.149
2.572     466.667
2.577     474.194
2.583     233.333
2.589     474.194
2.595     474.194
2.601     474.194
2.606     469.149
2.612     474.194
2.618     469.149
2.624     469.149
2.630     469.149
2.635     469.149
2.641     474.194
2.647     469.149
2.653     469.149
2.659     474.194
2.664     469.149
2.670     469.149
2.676     469.149
2.682     469.149
2.688     469.149
2.694     464.211
2.699     469.149
2.705     469.149
2.711     464.211
2.717     469.149
2.723     464.211
2.728     469.149
2.734     469.149
2.740     466.667
2.746     466.667
2.752     464.211
2.757     464.211
2.763     466.667
2.769     464.211
2.775     464.211
2.781     461.780
2.786     464.211
2.792     464.211
2.798     464.211
2.804     461.780
2.810     461.780
2.815     464.211
2.821     464.211
2.827     461.780
2.833     459.375
2.839     461.780
2.844     461.780
2.850     464.211
2.856     464.211
2.862     461.780
2.868     461.780
2.873     461.780
2.879     461.780
2.885     474.194
2.891     479.348
2.897     230.890
2.902     234.574
2.908     234.574
2.914     233.333
2.920     474.194
2.926     232.105
2.932     474.194
2.937     232.105
2.943     234.574
2.949     234.574
2.955     234.574
2.961     232.105
2.966     233.333
2.972     232.105
2.978     469.149
2.984     469.149
2.990     466.667
2.995     466.667
3.001     466.667
3.007     466.667
3.013     469.149
3.019     464.211
3.024     464.211
3.030     464.211
3.036     469.149
3.042     232.105
3.048     479.348
3.053     232.105
3.059     469.149
3.065     466.667
3.071     469.149
3.077     156.383
3.082     232.105
3.088     232.105
3.094     232.105
3.100     230.890
3.106     234.574
3.111     234.574
3.117     233.333
3.123     233.333
3.129     232.105
3.135     232.105
3.140     233.333
3.146     232.105
3.152     232.105
3.158     234.574
3.164     464.211
3.170     234.574
3.175     235.829
3.181     234.574
3.187     474.194
3.193     234.574
3.199     234.574
3.204     474.194
3.210     459.375
3.216     454.639
3.222     221.608
3.228     436.634
3.233     214.078
3.239     212.019
3.245     210.000
3.251     208.019
3.257     208.019
3.262     198.649
3.268     196.000
3.274     195.133
3.280     187.660
3.286     186.864
3.291     186.076
3.297     183.750
3.303     184.519
3.309     183.750
3.315     177.108
3.320     373.729
3.326     370.588
3.332     373.729
3.338     370.588
3.344     373.729
3.349     370.588
3.355     370.588
3.361     370.588
3.367     373.729
3.373     373.729
3.379     370.588
3.384     373.729
3.390     373.729
3.396     373.729
3.402     373.729
3.408     373.729
3.413     373.729
3.419     370.588
3.425     373.729
3.431     370.588
3.437     370.588
3.442     373.729
3.448     370.588
3.454     373.729
3.460     370.588
3.466     373.729
3.471     373.729
3.477     370.588
3.483     373.729
3.489     370.588
3.495     370.588
3.500     370.588
3.506     370.588
3.512     370.588
3.518     367.500
3.524     370.588
3.529     373.729
3.535     370.588
3.541     370.588
3.547     373.729
3.553     370.588
3.558     373.729
3.564     367.500
3.570     370.588
3.576     367.500
3.582     373.729
3.587     376.923
3.593     373.729
3.599     370.588
3.605     370.588
3.611     373.729
3.617     370.588
3.622     370.588
3.628     373.729
3.634     373.729
3.640     370.588
3.646     373.729
3.651     373.729
3.657     373.729
3.663     370.588
3.669     373.729
3.675     370.588
3.680     370.588
3.686     370.588
3.692     370.588
3.698     370.588
3.704     370.588
3.709     370.588
3.715     370.588
3.721     367.500
3.727     370.588
3.733     370.588
3.738     370.588
3.744     370.588
3.750     370.588
3.756     373.729
3.762     370.588
3.767     370.588
3.773     373.729
3.779     370.588
3.785     370.588
3.791     370.588
3.796     370.588
3.802     370.588
3.808     370.588
3.814     370.588
3.820     370.588
3.825     370.588
3.831     370.588
3.837     370.588
3.843     370.588
3.849     370.588
3.855     370.588
3.860     370.588
3.866     370.588
3.872     370.588
3.878     370.588
3.884     370.588
3.889     370.588
3.895     370.588
3.901     370.588
3.907     370.588
3.913     370.588
3.918     370.588
3.924     370.588
3.930     370.588
3.936     370.588
3.942     370.588
3.947     370.588
3.953     370.588
3.959     370.588
3.965     370.588
3.971     370.588
3.976     370.588
3.982     370.588
3.988     370.588
3.994     370.588
4.000     370.588
4.005     370.588
4.011     370.588
4.017     370.588
4.023     367.500
4.029     370.588
4.034     370.588
4.040     370.588
4.046     370.588
4.052     370.588
4.058     373.729
4.063     370.588
4.069     370.588
4.075     370.588
4.081     370.588
4.087     370.588
4.093     373.729
4.098     372.152
4.104     370.588
4.110     370.588
4.116     370.588
4.122     373.729
4.127     373.729
4.133     372.152
4.139     370.588
4.145     370.588
4.151     187.660
4.156     182.988
4.162     186.076
4.168     185.294
4.174     186.864
4.180     185.294
4.185     186.864
4.191     185.294
4.197     186.864
4.203     185.294
4.209     186.864
4.214     185.294
4.220     186.864
4.226     185.294
4.232     183.750
4.238     185.294
4.243     183.750
4.249     183.750
4.255     185.294
4.261     185.294
4.267     186.864
4.272     186.864
4.278     186.864
4.284     185.294
4.290     186.864
4.296     186.864
4.301     186.864
4.307     416.038
4.313     197.758
4.319     416.038
4.325     416.038
4.331     416.038
4.336     420.000
4.342     416.038
4.348     420.000
4.354     420.000
4.360     420.000
4.365     420.000
4.371     420.000
4.377     420.000
4.383     420.000
4.389     420.000
4.394     420.000
4.400     420.000
4.406     420.000
4.412     420.000
4.418     420.000
4.423     416.038
4.429     416.038
4.435     416.038
4.441     420.000
4.447     412.150
4.452     416.038
4.458     416.038
4.464     416.038
4.470     416.038
4.476     416.038
4.481     412.150
4.487     412.150
4.493     416.038
4.499     412.150
4.505     416.038
4.510     412.150
4.516     412.150
4.522     412.150
4.528     412.150
4.534     412.150
4.540     416.038
4.545     414.085
4.551     412.150
4.557     209.005
4.563     208.019
4.569     208.019
4.574     206.075
4.580     208.019
4.586     206.075
4.592     208.019
4.598     206.075
4.603     208.019
4.609     206.075
4.615     206.075
4.621     206.075
4.627     206.075
4.632     206.075
4.638     206.075
4.644     420.000
4.650     206.075
4.656     207.042
4.661     420.000
4.667     420.000
4.673     416.038
4.679     414.085
4.685     414.085
4.690     414.085
4.696     414.085
4.702     412.150
4.708     428.155
4.714     206.075
4.719     208.019
4.725     208.019
4.731     210.000
4.737     208.019
4.743     210.000
4.748     412.150
4.754     416.038
4.760     412.150
4.766     416.038
4.772     424.038
4.778     416.038
4.783     420.000
4.789     416.038
4.795     424.038
4.801     208.019
4.807     210.000
4.812     212.019
4.818     210.000
4.824     208.019
4.830     208.019
4.836     208.019
4.841     207.042
4.847     207.042
4.853     207.042
4.859     208.019
4.865     207.042
4.870     208.019
4.876     208.019
4.882     207.042
4.888     207.042
4.894     207.042
4.899     208.019
4.905     207.042
4.911     207.042
4.917     208.019
4.923     207.042
4.928     206.075
4.934     208.019
4.940     206.075
4.946     208.019
4.952     206.075
4.957     208.019
4.963     209.005
4.969     208.019
4.975     210.000
4.981     208.019
4.986     208.019
4.992     205.116
4.998     420.000
5.004     207.042
5.010     424.038
5.016     420.000
5.021     424.038
5.027     416.038
5.033     416.038
5.039     420.000
5.045     424.038
5.050     428.155
5.056     420.000
5.062     420.000
5.068     416.038
5.074     420.000
5.079     420.000
5.085     420.000
5.091     416.038
5.097     420.000
5.103     416.038
5.108     416.038
5.114     420.000
5.120     420.000
5.126     420.000
5.132     416.038
5.137     416.038
5.143     412.150
5.149     424.038
5.155     420.000
5.161     424.038
5.166     416.038
5.172     420.000
5.178     416.038
5.184     420.000
5.190     416.038
5.195     408.333
5.201     416.038
5.207     408.333
5.213     408.333
5.219     416.038
5.224     408.333
5.230     209.005
5.236     408.333
5.242     213.043
5.248     408.333
5.254     416.038
5.259     416.038
5.265     418.009
5.271     412.150
5.277     211.005
5.283     205.116
5.288     416.038
5.294     203.226
5.300     204.167
5.306     204.167
5.312     202.294
5.317     204.167
5.323     416.038
5.329     428.155
5.335     441.000
5.341     450.000
5.346     464.211
5.352     484.615
5.358     495.506
5.364     506.897
5.370     518.824
5.375     531.325
5.381     551.250
5.387     286.364
5.393     294.000
5.399     300.000
5.404     612.500
5.410     630.000
5.416     630.000
5.422     630.000
5.428     630.000
5.433     634.532
5.439     630.000
5.445     630.000
5.451     621.127
5.457     625.532
5.462     630.000
5.468     621.127
5.474     621.127
5.480     621.127
5.486     315.000
5.492     621.127
5.497     621.127
5.503     621.127
5.509     630.000
5.515     621.127
5.521     621.127
5.526     621.127
5.532     621.127
5.538     621.127
5.544     621.127
5.550     621.127
5.555     621.127
5.561     621.127
5.567     621.127
5.573     621.127
5.579     621.127
5.584     621.127
5.590     621.127
5.596     630.000
5.602     621.127
5.608     621.127
5.613     621.127
5.619     630.000
5.625     630.000
5.631     621.127
5.637     621.127
5.642     621.127
5.648     630.000
5.654     621.127
5.660     630.000
5.666     621.127
5.671     621.127
5.677     621.127
5.683     621.127
5.689     621.127
5.695     621.127
5.700     621.127
5.706     621.127
5.712     621.127
5.718     621.127
5.724     621.127
5.730     621.127
5.735     630.000
5.741     621.127
5.747     621.127
5.753     621.127
5.759     630.000
5.764     630.000
5.770     621.127
5.776     621.127
5.782     630.000
5.788     621.127
5.793     621.127
5.799     621.127
5.805     621.127
5.811     630.000
5.817     621.127
5.822     621.127
5.828     621.127
5.834     630.000
5.840     630.000
5.846     630.000
5.851     630.000
5.857     630.000
5.863     630.000
5.869     621.127
5.875     630.000
5.880     621.127
5.886     630.000
5.892     621.127
5.898     630.000
5.904     630.000
5.909     630.000
5.915     621.127
5.921     621.127
5.927     630.000
5.933     621.127
5.939     621.127
5.944     621.127
5.950     630.000
5.956     630.000
5.962     630.000
5.968     630.000
5.973     630.000
5.979     630.000
5.985     630.000
5.991     630.000
5.997     630.000
6.002     630.000
6.008     630.000
6.014     630.000
6.020     630.000
6.026     630.000
6.031     630.000
6.037     630.000
6.043     630.000
6.049     630.000
6.055     630.000
6.060     630.000
6.066     630.000
6.072     630.000
6.078     621.127
6.084     621.127
6.089     630.000
6.095     621.127
6.101     621.127
6.107     621.127
6.113     621.127
6.118     630.000
6.124     630.000
6.130     621.127
6.136     621.127
6.142     621.127
6.147     621.127
6.153     621.127
6.159     621.127
6.165     621.127
6.171     621.127
6.177     630.000
6.182     621.127
6.188     621.127
6.194     621.127
6.200     621.127
6.206     621.127
6.211     630.000
6.217     621.127
6.223     630.000
6.229     630.000
6.235     621.127
6.240     630.000
6.246     621.127
6.252     621.127
6.258     621.127
6.264     630.000
6.269     621.127
6.275     621.127
6.281     621.127
6.287     621.127
6.293     621.127
6.298     630.000
6.304     621.127
6.310     621.127
6.316     630.000
6.322     621.127
6.327     621.127
6.333     621.127
6.339     621.127
6.345     621.127
6.351     630.000
6.356     630.000
6.362     630.000
6.368     630.000
6.374     630.000
6.380     310.563
6.385     630.000
6.391     625.532
6.397     621.127
6.403     630.000
6.409     630.000
6.415     630.000
6.420     630.000
6.426     205.116
6.432     205.116
6.438     205.116
6.444     205.116
6.449     205.116
6.455     205.116
6.461     205.116
6.467     206.075
6.473     308.392
6.478     639.130
6.484     206.075
6.490     205.116
6.496     639.130
6.502     205.116
6.507     639.130
6.513     310.563
6.519     308.392
6.525     310.563
6.531     204.167
6.536     204.167
6.542     205.116
6.548     204.167
6.554     204.167
6.560     639.130
6.565     310.563
6.571     310.563
6.577     310.563
6.583     310.563
6.589     310.563
6.594     207.042
6.600     205.116
6.606     639.130
6.612     630.000
6.618     630.000
6.623     630.000
6.629     630.000
6.635     630.000
6.641     630.000
6.647     206.075
6.653     630.000
6.658     630.000
6.664     630.000
6.670     630.000
6.676     630.000
6.682     639.130
6.687     639.130
6.693     639.130
6.699     630.000
6.705     206.075
6.711     312.766
6.716     315.000
6.722     315.000
6.728     315.000
6.734     310.563
6.740     207.042
6.745     630.000
6.751     630.000
6.757     630.000
6.763     630.000
6.769     630.000
6.774     207.042
6.780     206.075
6.786     206.075
6.792     206.075
6.798     630.000
6.803     621.127
6.809     621.127
6.815     621.127
6.821     630.000
6.827     630.000
6.832     630.000
6.838     621.127
6.844     630.000
6.850     621.127
6.856     630.000
6.861     630.000
6.867     621.127
6.873     630.000
6.879     621.127
6.885     630.000
6.891     621.127
6.896     206.075
6.902     207.042
6.908     312.766
6.914     310.563
6.920     310.563
6.925     310.563
6.931     630.000
6.937     630.000
6.943     630.000
6.949     621.127
6.954     621.127
6.960     621.127
6.966     621.127
6.972     630.000
6.978     621.127
6.983     621.127
6.989     621.127
6.995     630.000
7.001     621.127
7.007     621.127
7.012     630.000
7.018     621.127
7.024     630.000
7.030     621.127
7.036     621.127
7.041     621.127
7.047     625.532
7.053     621.127
7.059     621.127
7.065     621.127
7.070     630.000
7.076     630.000
7.082     630.000
7.088     630.000
7.094     630.000
7.100     621.127
7.105     630.000
7.111     630.000
7.117     630.000
7.123     630.000
7.129     630.000
7.134     630.000
7.140     630.000
7.146     630.000
7.152     630.000
7.158     630.000
7.163     630.000
7.169     630.000
7.175     630.000
7.181     630.000
7.187     639.130
7.192     630.000
7.198     630.000
7.204     630.000
7.210     630.000
7.216     630.000
7.221     630.000
7.227     630.000
7.233     630.000
7.239     630.000
7.245     630.000
7.250     621.127
7.256     621.127
7.262     621.127
7.268     621.127
7.274     630.000
7.279     621.127
7.285     630.000
7.291     621.127
7.297     630.000
7.303     621.127
7.308     621.127
7.314     621.127
7.320     621.127
7.326     630.000
7.332     621.127
7.338     621.127
7.343     621.127
7.349     630.000
7.355     621.127
7.361     621.127
7.367     621.127
7.372     630.000
7.378     621.127
7.384     621.127
7.390     621.127
7.396     621.127
7.401     621.127
7.407     630.000
7.413     630.000
7.419     621.127
7.425     621.127
7.430     621.127
7.436     630.000
7.442     621.127
7.448     621.127
7.454     621.127
7.459     630.000
7.465     621.127
7.471     630.000
7.477     630.000
7.483     630.000
7.488     630.000
7.494     630.000
7.500     621.127
7.506     621.127
7.512     630.000
7.517     621.127
7.523     630.000
7.529     621.127
7.535     630.000
7.541     621.127
7.546     630.000
7.552     621.127
7.558     621.127
7.564     630.000
7.570     621.127
7.576     621.127
7.581     621.127
7.587     621.127
7.593     621.127
7.599     621.127
7.605     621.127
7.610     630.000
7.616     630.000
7.622     630.000
7.628     630.000
7.634     621.127
7.639     630.000
7.645     630.000
7.651     630.000
7.657     630.000
7.663     630.000
7.668     630.000
7.674     630.000
7.680     621.127
7.686     621.127
7.692     621.127
7.697     630.000
7.703     630.000
7.709     630.000
7.715     621.127
7.721     630.000
7.726     630.000
7.732     630.000
7.738     621.127
7.744     621.127
7.750     630.000
7.755     630.000
7.761     630.000
7.767     630.000
7.773     621.127
7.779     630.000
7.784     621.127
7.790     621.127
7.796     621.127
7.802     630.000
7.808     621.127
7.814     630.000
7.819     621.127
7.825     621.127
7.831     630.000
7.837     621.127
7.843     630.000
7.848     630.000
7.854     630.000
7.860     630.000
7.866     630.000
7.872     630.000
7.877     630.000
7.883     630.000
7.889     630.000
7.895     630.000
7.901     630.000
7.906     630.000
7.912     630.000
7.918     630.000
7.924     630.000
7.930     630.000
7.935     630.000
7.941     630.000
7.947     630.000
7.953     639.130
7.959     630.000
7.964     630.000
7.970     630.000
7.976     630.000
7.982     621.127
7.988     630.000
7.993     630.000
7.999     630.000
8.005     630.000
8.011     630.000
8.017     630.000
8.022     630.000
8.028     630.000
8.034     630.000
8.040     630.000
8.046     630.000
8.052     630.000
8.057     630.000
8.063     630.000
8.069     621.127
8.075     630.000
8.081     630.000
8.086     630.000
8.092     630.000
8.098     630.000
8.104     621.127
8.110     630.000
8.115     630.000
8.121     621.127
8.127     630.000
8.133     630.000
8.139     630.000
8.144     621.127
8.150     621.127
8.156     630.000
8.162     630.000
8.168     630.000
8.173     630.000
8.179     630.000
8.185     630.000
8.191     630.000
8.197     621.127
8.202     630.000
8.208     630.000
8.214     630.000
8.220     630.000
8.226     621.127
8.231     621.127
8.237     630.000
8.243     621.127
8.249     621.127
8.255     621.127
8.260     630.000
8.266     621.127
8.272     630.000
8.278     621.127
8.284     621.127
8.290     621.127
8.295     630.000
8.301     621.127
8.307     621.127
8.313     621.127
8.319     621.127
8.324     621.127
8.330     621.127
8.336     621.127
8.342     621.127
8.348     630.000
8.353     621.127
8.359     621.127
8.365     621.127
8.371     621.127
8.377     630.000
8.382     621.127
8.388     621.127
8.394     621.127
8.400     630.000
8.406     621.127
8.411     630.000
8.417     621.127
8.423     621.127
8.429     630.000
8.435     621.127
8.440     621.127
8.446     621.127
8.452     621.127
8.458     630.000
8.464     630.000
8.469     630.000
8.475     630.000
8.481     630.000
8.487     630.000
8.493     621.127
8.499     612.500
8.504     604.110
8.510     588.000
8.516     565.385
8.522     558.228
8.528     544.444
8.533     506.897
8.539     495.506
8.545     490.000
8.551     208.019
8.557     205.116
8.562     386.842
8.568     373.729
8.574     358.537
8.580     352.800
8.586     339.231
8.591     329.104
8.597     326.667
8.603     324.265
8.609     324.265
8.615     331.579
8.620     329.104
8.626     329.104
8.632     329.104
8.638     331.579
8.644     329.104
8.649     331.579
8.655     329.104
8.661     331.579
8.667     329.104
8.673     331.579
8.678     331.579
8.684     329.104
8.690     326.667
8.696     331.579
8.702     329.104
8.707     326.667
8.713     329.104
8.719     324.265
8.725     329.104
8.731     329.104
8.737     331.579
8.742     329.104
8.748     329.104
8.754     329.104
8.760     329.104
8.766     331.579
8.771     331.579
8.777     331.579
8.783     329.104
8.789     329.104
8.795     329.104
8.800     334.091
8.806     329.104
8.812     329.104
8.818     329.104
8.824     329.104
8.829     329.104
8.835     331.579
8.841     331.579
8.847     329.104
8.853     331.579
8.858     331.579
8.864     331.579
8.870     334.091
8.876     336.641
8.882     334.091
8.887     331.579
8.893     331.579
8.899     334.091
8.905     331.579
8.911     331.579
8.916     329.104
8.922     329.104
8.928     329.104
8.934     334.091
8.940     331.579
8.945     331.579
8.951     329.104
8.957     329.104
8.963     326.667
8.969     329.104
8.975     329.104
8.980     326.667
8.986     329.104
8.992     326.667
8.998     329.104
9.004     331.579
9.009     331.579
9.015     329.104
9.021     331.579
9.027     329.104
9.033     331.579
9.038     331.579
9.044     330.337
9.050     330.337
9.056     329.104
9.062     331.579
9.067     331.579
9.073     334.091
9.079     331.579
9.085     329.104
9.091     326.667
9.096     334.091
9.102     329.104
9.108     331.579
9.114     326.667
9.120     331.579
9.125     329.104
9.131     334.091
9.137     334.091
9.143     331.579
9.149     329.104
9.154     331.579
9.160     334.091
9.166     334.091
9.172     331.579
9.178     331.579
9.183     329.104
9.189     331.579
9.195     331.579
9.201     334.091
9.207     329.104
9.213     329.104
9.218     329.104
9.224     331.579
9.230     329.104
9.236     331.579
9.242     326.667
9.247     329.104
9.253     326.667
9.259     331.579
9.265     331.579
9.271     331.579
9.276     329.104
9.282     331.579
9.288     329.104
9.294     336.641
9.300     331.579
9.305     331.579
9.311     331.579
9.317     331.579
9.323     329.104
9.329     331.579
9.334     331.579
9.340     329.104
9.346     326.667
9.352     329.104
9.358     331.579
9.363     329.104
9.369     329.104
9.375     329.104
9.381     329.104
9.387     329.104
9.392     331.579
9.398     331.579
9.404     326.667
9.410     331.579
9.416     331.579
9.421     331.579
9.427     331.579
9.433     331.579
9.439     331.579
9.445     331.579
9.451     331.579
9.456     334.091
9.462     331.579
9.468     331.579
9.474     331.579
9.480     331.579
9.485     331.579
9.491     331.579
9.497     329.104
9.503     329.104
9.509     329.104
9.514     326.667
9.520     331.579
9.526     324.265
9.532     324.265
9.538     329.104
9.543     326.667
9.549     329.104
9.555     329.104
9.561     336.641
9.567     339.231
9.572     355.645
9.578     355.645
9.584     370.588
9.590     376.923
9.596     416.038
9.601     416.038
9.607     416.038
9.613     416.038
9.619     464.211
9.625     464.211
9.630     464.211
9.636     469.149
9.642     474.194
9.648     474.194
9.654     474.194
9.660     512.791
9.665     506.897
9.671     167.681
9.677     165.789
9.683     164.552
9.689     165.169
9.694     164.552
9.700     165.169
9.706     164.552
9.712     165.169
9.718     490.000
9.723     165.169
9.729     164.552
9.735     164.552
9.741     165.169
9.747     163.333
9.752     165.789
9.758     163.333
9.764     165.789
9.770     163.941
9.776     495.506
9.781     163.941
9.787     164.552
9.793     163.941
9.799     165.169
9.805     163.941
9.810     164.552
9.816     163.941
9.822     164.552
9.828     163.941
9.834     495.506
9.839     495.506
9.845     165.169
9.851     164.552
9.857     165.169
9.863     164.552
9.868     164.552
9.874     165.169
9.880     164.552
9.886     495.506
9.892     495.506
9.898     490.000
9.903     495.506
9.909     0.000
9.915     0.000
9.921     0.000
9.927     0.000
9.932     0.000
9.938     0.000
9.944     0.000
9.950     0.000
9.956     0.000
9.961     0.000
9.967     0.000
9.973     0.000
9.979     0.000
9.985     0.000
9.990     0.000
9.996     0.000
10.002     0.000
10.008     0.000
10.014     0.000
10.019     163.941
10.025     164.552
10.031     163.941
10.037     163.941
10.043     495.506
10.048     495.506
10.054     490.000
10.060     164.552
10.066     501.136
10.072     164.552
10.077     247.753
10.083     247.753
10.089     164.552
10.095     247.753
10.101     247.753
10.106     164.552
10.112     164.552
10.118     164.552
10.124     164.552
10.130     164.552
10.136     495.506
10.141     495.506
10.147     495.506
10.153     495.506
10.159     495.506
10.165     495.506
10.170     495.506
10.176     495.506
10.182     495.506
10.188     495.506
10.194     495.506
10.199     495.506
10.205     495.506
10.211     495.506
10.217     495.506
10.223     492.737
10.228     495.506
10.234     495.506
10.240     495.506
10.246     495.506
10.252     495.506
10.257     495.506
10.263     495.506
10.269     501.136
10.275     495.506
10.281     495.506
10.286     495.506
10.292     490.000
10.298     495.506
10.304     490.000
10.310     495.506
10.315     495.506
10.321     495.506
10.327     495.506
10.333     495.506
10.339     495.506
10.344     495.506
10.350     495.506
10.356     495.506
10.362     495.506
10.368     495.506
10.374     495.506
10.379     495.506
10.385     495.506
10.391     495.506
10.397     495.506
10.403     495.506
10.408     495.506
10.414     495.506
10.420     501.136
10.426     495.506
10.432     495.506
10.437     501.136
10.443     495.506
10.449     495.506
10.455     495.506
10.461     495.506
10.466     501.136
10.472     495.506
10.478     495.506
10.484     495.506
10.490     495.506
10.495     495.506
10.501     495.506
10.507     495.506
10.513     501.136
10.519     501.136
10.524     501.136
10.530     495.506
10.536     495.506
10.542     495.506
10.548     501.136
10.553     501.136
10.559     495.506
10.565     495.506
10.571     495.506
10.577     495.506
10.582     495.506
10.588     495.506
10.594     495.506
10.600     495.506
10.606     501.136
10.612     501.136
10.617     501.136
10.623     495.506
10.629     490.000
10.635     490.000
10.641     484.615
10.646     484.615
10.652     479.348
10.658     479.348
10.664     479.348
10.670     474.194
10.675     474.194
10.681     469.149
10.687     469.149
10.693     459.375
10.699     464.211
10.704     459.375
10.710     454.639
10.716     454.639
10.722     459.375
10.728     454.639
10.733     454.639
10.739     454.639
10.745     464.211
10.751     464.211
10.757     469.149
10.762     469.149
10.768     469.149
10.774     469.149
10.780     469.149
10.786     469.149
10.791     469.149
10.797     469.149
10.803     469.149
10.809     469.149
10.815     464.211
10.820     469.149
10.826     469.149
10.832     464.211
10.838     469.149
10.844     469.149
10.850     469.149
10.855     469.149
10.861     469.149
10.867     469.149
10.873     474.194
10.879     469.149
10.884     469.149
10.890     464.211
10.896     469.149
10.902     474.194
10.908     469.149
10.913     474.194
10.919     469.149
10.925     469.149
10.931     474.194
10.937     474.194
10.942     474.194
10.948     469.149
10.954     469.149
10.960     466.667
10.966     474.194
10.971     469.149
10.977     469.149
10.983     469.149
10.989     232.105
10.995     233.333
11.000     230.890
11.006     474.194
11.012     233.333
11.018     232.105
11.024     156.383
11.029     233.333
11.035     232.105
11.041     234.574
11.047     232.105
11.053     232.105
11.059     232.105
11.064     233.333
11.070     232.105
11.076     233.333
11.082     233.333
11.088     233.333
11.093     232.105
11.099     233.333
11.105     234.574
11.111     233.333
11.117     232.105
11.122     233.333
11.128     232.105
11.134     233.333
11.140     474.194
11.146     233.333
11.151     232.105
11.157     233.333
11.163     232.105
11.169     234.574
11.175     232.105
11.180     155.282
11.186     232.105
11.192     232.105
11.198     233.333
11.204     232.105
11.209     232.105
11.215     233.333
11.221     233.333
11.227     234.574
11.233     234.574
11.238     234.574
11.244     464.211
11.250     464.211
11.256     464.211
11.262     464.211
11.267     469.149
11.273     464.211
11.279     464.211
11.285     464.211
11.291     464.211
11.297     469.149
11.302     464.211
11.308     464.211
11.314     464.211
11.320     464.211
11.326     469.149
11.331     469.149
11.337     469.149
11.343     464.211
11.349     464.211
11.355     474.194
11.360     469.149
11.366     464.211
11.372     469.149
11.378     464.211
11.384     469.149
11.389     474.194
11.395     474.194
11.401     474.194
11.407     233.333
11.413     454.639
11.418     479.348
11.424     450.000
11.430     454.639
11.436     454.639
11.442     464.211
11.447     469.149
11.453     469.149
11.459     469.149
11.465     469.149
11.471     469.149
11.476     469.149
11.482     469.149
11.488     474.194
11.494     464.211
11.500     464.211
11.505     464.211
11.511     464.211
11.517     464.211
11.523     469.149
11.529     464.211
11.535     464.211
11.540     464.211
11.546     469.149
11.552     464.211
11.558     469.149
11.564     464.211
11.569     464.211
11.575     464.211
11.581     464.211
11.587     464.211
11.593     469.149
11.598     464.211
11.604     469.149
11.610     464.211
11.616     464.211
11.622     464.211
11.627     464.211
11.633     464.211
11.639     464.211
11.645     469.149
11.651     474.194
11.656     474.194
11.662     474.194
11.668     469.149
11.674     464.211
11.680     459.375
11.685     454.639
11.691     454.639
11.697     454.639
11.703     420.000
11.709     416.038
11.714     416.038
11.720     412.150
11.726     412.150
11.732     412.150
11.738     404.587
11.743     404.587
11.749     189.270
11.755     370.588
11.761     367.500
11.767     370.588
11.773     367.500
11.778     367.500
11.784     367.500
11.790     367.500
11.796     370.588
11.802     367.500
11.807     364.463
11.813     367.500
11.819     186.076
11.825     186.864
11.831     186.864
11.836     186.864
11.842     188.462
11.848     186.864
11.854     188.462
11.860     370.588
11.865     370.588
11.871     370.588
11.877     373.729
11.883     370.588
11.889     370.588
11.894     370.588
11.900     370.588
11.906     370.588
11.912     370.588
11.918     370.588
11.923     370.588
11.929     370.588
11.935     370.588
11.941     370.588
11.947     370.588
11.952     370.588
11.958     370.588
11.964     370.588
11.970     367.500
11.976     367.500
11.981     367.500
11.987     370.588
11.993     370.588
11.999     370.588
12.005     367.500
12.011     370.588
12.016     370.588
12.022     373.729
12.028     370.588
12.034     370.588
12.040     373.729
12.045     373.729
12.051     373.729
12.057     370.588
12.063     373.729
12.069     370.588
12.074     370.588
12.080     370.588
12.086     370.588
12.092     370.588
12.098     370.588
12.103     373.729
12.109     370.588
12.115     373.729
12.121     373.729
12.127     373.729
12.132     370.588
12.138     370.588
12.144     370.588
12.150     370.588
12.156     373.729
12.161     370.588
12.167     370.588
12.173     370.588
12.179     373.729
12.185     370.588
12.190     370.588
12.196     370.588
12.202     373.729
12.208     370.588
12.214     370.588
12.220     370.588
12.225     370.588
12.231     370.588
12.237     370.588
12.243     370.588
12.249     370.588
12.254     370.588
12.260     370.588
12.266     373.729
12.272     370.588
12.278     370.588
12.283     367.500
12.289     370.588
12.295     370.588
12.301     370.588
12.307     370.588
12.312     370.588
12.318     370.588
12.324     370.588
12.330     370.588
12.336     370.588
12.341     370.588
12.347     370.588
12.353     370.588
12.359     370.588
12.365     370.588
12.370     370.588
12.376     370.588
12.382     370.588
12.388     370.588
12.394     370.588
12.399     370.588
12.405     370.588
12.411     370.588
12.417     370.588
12.423     370.588
12.428     370.588
12.434     370.588
12.440     370.588
12.446     370.588
12.452     370.588
12.458     370.588
12.463     370.588
12.469     367.500
12.475     367.500
12.481     367.500
12.487     370.588
12.492     367.500
12.498     370.588
12.504     370.588
12.510     370.588
12.516     373.729
12.521     370.588
12.527     370.588
12.533     370.588
12.539     370.588
12.545     370.588
12.550     370.588
12.556     367.500
12.562     367.500
12.568     367.500
12.574     367.500
12.579     370.588
12.585     370.588
12.591     370.588
12.597     370.588
12.603     370.588
12.608     370.588
12.614     370.588
12.620     370.588
12.626     370.588
12.632     370.588
12.637     370.588
12.643     370.588
12.649     370.588
12.655     370.588
12.661     370.588
12.666     372.152
12.672     370.588
12.678     370.588
12.684     370.588
12.690     370.588
12.696     373.729
12.701     370.588
12.707     370.588
12.713     372.152
12.719     373.729
12.725     370.588
12.730     370.588
12.736     373.729
12.742     370.588
12.748     370.588
12.754     370.588
12.759     370.588
12.765     370.588
12.771     370.588
12.777     369.038
12.783     370.588
12.788     370.588
12.794     370.588
12.800     370.588
12.806     370.588
12.812     370.588
12.817     372.152
12.823     370.588
12.829     370.588
12.835     370.588
12.841     370.588
12.846     370.588
12.852     370.588
12.858     370.588
12.864     370.588
12.870     370.588
12.875     370.588
12.881     370.588
12.887     370.588
12.893     370.588
12.899     370.588
12.904     370.588
12.910     370.588
12.916     370.588
12.922     370.588
12.928     370.588
12.934     373.729
12.939     370.588
12.945     370.588
12.951     370.588
12.957     367.500
12.963     367.500
12.968     367.500
12.974     370.588
12.980     367.500
12.986     370.588
12.992     373.729
12.997     370.588
13.003     370.588
13.009     187.660
13.015     186.864
13.021     185.294
13.026     189.270
13.032     186.864
13.038     186.076
13.044     186.076
13.050     187.660
13.055     185.294
13.061     186.076
13.067     186.076
13.073     186.076
13.079     367.500
13.084     367.500
13.090     370.588
13.096     372.152
13.102     373.729
13.108     370.588
13.113     373.729
13.119     372.152
13.125     370.588
13.131     370.588
13.137     187.660
13.142     186.076
13.148     185.294
13.154     191.739
13.160     185.294
13.166     186.076
13.172     186.076
13.177     185.294
13.183     186.864
13.189     186.076
13.195     185.294
13.201     190.909
13.206     186.076
13.212     185.294
13.218     376.923
13.224     370.588
13.230     370.588
13.235     373.729
13.241     373.729
13.247     370.588
13.253     370.588
13.259     370.588
13.264     370.588
13.270     370.588
13.276     370.588
13.282     373.729
13.288     370.588
13.293     370.588
13.299     190.086
13.305     184.519
13.311     185.294
13.317     186.864
13.322     185.294
13.328     185.294
13.334     186.864
13.340     186.076
13.346     185.294
13.351     185.294
13.357     185.294
13.363     186.076
13.369     186.864
13.375     186.864
13.380     186.864
13.386     186.076
13.392     185.294
13.398     185.294
13.404     185.294
13.410     186.864
13.415     185.294
13.421     185.294
13.427     185.294
13.433     185.294
13.439     185.294
13.444     185.294
13.450     185.294
13.456     186.864
13.462     186.864
13.468     186.864
13.473     188.462
13.479     188.462
13.485     386.842
13.491     373.729
13.497     376.923
13.502     373.729
13.508     373.729
13.514     370.588
13.520     188.462
13.526     185.294
13.531     187.660
13.537     187.660
13.543     367.500
13.549     186.864
13.555     367.500
13.560     187.660
13.566     364.463
13.572     190.086
13.578     186.076
13.584     185.294
13.589     185.294
13.595     185.294
13.601     194.273
13.607     185.294
13.613     185.294
13.619     186.864
13.624     186.076
13.630     186.076
13.636     186.864
13.642     186.076
13.648     185.294
13.653     186.864
13.659     367.500
13.665     187.660
13.671     188.462
13.677     189.270
13.682     185.294
13.688     190.909
13.694     187.660
13.700     186.864
13.706     185.294
13.711     188.462
13.717     189.270
13.723     186.076
13.729     188.462
13.735     189.270
13.740     190.909
13.746     376.923
13.752     376.923
13.758     376.923
13.764     370.588
13.769     373.729
13.775     370.588
13.781     373.729
13.787     376.923
13.793     376.923
13.798     373.729
13.804     373.729
13.810     376.923
13.816     185.294
13.822     184.519
13.827     192.576
13.833     184.519
13.839     184.519
13.845     184.519
13.851     183.750
13.857     183.750
13.862     182.988
13.868     186.076
13.874     182.988
13.880     186.076
13.886     184.519
13.891     186.076
13.897     186.864
13.903     188.462
13.909     370.588
13.915     370.588
13.920     370.588
13.926     367.500
13.932     370.588
13.938     370.588
13.944     373.729
13.949     373.729
13.955     380.172
13.961     373.729
13.967     380.172
13.973     373.729
13.978     373.729
13.984     370.588
13.990     370.588
13.996     373.729
14.002     373.729
14.007     370.588
14.013     364.463
14.019     364.463
14.025     361.475
14.031     361.475
14.036     364.463
14.042     370.588
14.048     370.588
14.054     373.729
14.060     370.588
14.065     187.660
14.071     367.500
14.077     367.500
14.083     367.500
14.089     370.588
14.095     370.588
14.100     367.500
14.106     370.588
14.112     367.500
14.118     370.588
14.124     370.588
14.129     367.500
14.135     370.588
14.141     367.500
14.147     370.588
14.153     367.500
14.158     189.270
14.164     186.076
14.170     186.864
14.176     186.864
14.182     367.500
14.187     370.588
14.193     370.588
14.199     373.729
14.205     370.588
14.211     370.588
14.216     370.588
14.222     370.588
14.228     367.500
14.234     367.500
14.240     370.588
14.245     370.588
14.251     373.729
14.257     373.729
14.263     373.729
14.269     370.588
14.274     370.588
14.280     370.588
14.286     370.588
14.292     370.588
14.298     370.588
14.303     367.500
14.309     367.500
14.315     367.500
14.321     370.588
14.327     372.152
14.333     367.500
14.338     370.588
14.344     370.588
14.350     367.500
14.356     376.923
14.362     373.729
14.367     370.588
14.373     190.086
14.379     184.519
14.385     184.519
14.391     185.294
14.396     187.660
14.402     185.294
14.408     185.294
14.414     188.462
14.420     184.519
14.425     186.076
14.431     185.294
14.437     376.923
14.443     186.076
14.449     189.270
14.454     187.660
14.460     186.864
14.466     187.660
14.472     186.864
14.478     383.478
14.483     186.076
14.489     186.076
14.495     186.076
14.501     185.294
14.507     186.076
14.512     189.270
14.518     185.294
14.524     189.270
14.530     189.270
14.536     185.294
14.541     187.660
14.547     186.864
14.553     189.270
14.559     189.270
14.565     188.462
14.571     188.462
14.576     187.660
14.582     186.864
14.588     186.864
14.594     186.076
14.600     188.462
14.605     185.294
14.611     364.463
14.617     188.462
14.623     185.294
14.629     188.462
14.634     188.462
14.640     188.462
14.646     187.660
14.652     190.086
14.658     187.660
14.663     189.270
14.669     190.086
14.675     187.660
14.681     185.294
14.687     190.086
14.692     184.519
14.698     183.750
14.704     186.076
14.710     184.519
14.716     186.076
14.721     185.294
14.727     184.519
14.733     183.750
14.739     185.294
14.745     185.294
14.750     186.076
14.756     187.660
14.762     184.519
14.768     186.076
14.774     367.500
14.780     367.500
14.785     370.588
14.791     370.588
14.797     370.588
14.803     370.588
14.809     370.588
14.814     370.588
14.820     367.500
14.826     370.588
14.832     370.588
14.838     370.588
14.843     373.729
14.849     367.500
14.855     367.500
14.861     358.537
14.867     358.537
14.872     358.537
14.878     361.475
14.884     355.645
14.890     352.800
14.896     170.270
14.901     170.270
14.907     326.667
14.913     321.898
14.919     326.667
14.925     326.667
14.930     324.265
14.936     329.104
14.942     308.392
14.948     312.766
14.954     315.000
14.959     321.898
14.965     319.565
14.971     319.565
14.977     317.266
14.983     310.563
14.988     159.783
14.994     302.055
15.000     312.766
15.006     312.766
15.012     319.565
15.018     318.412
15.023     308.392
15.029     310.563
15.035     310.563
15.041     308.392
15.047     306.250
15.052     308.392
15.058     312.766
15.064     315.000
15.070     317.266
15.076     310.563
15.081     302.055
15.087     310.563
15.093     306.250
15.099     304.138
15.105     304.138
15.110     308.392
15.116     308.392
15.122     310.563
15.128     310.563
15.134     310.563
15.139     312.766
15.145     310.563
15.151     306.250
15.157     312.766
15.163     310.563
15.168     312.766
15.174     310.563
15.180     308.392
15.186     317.266
15.192     312.766
15.197     310.563
15.203     308.392
15.209     315.000
15.215     310.563
15.221     310.563
15.226     312.766
15.232     312.766
15.238     310.563
15.244     310.563
15.250     312.766
15.256     310.563
15.261     315.000
15.267     310.563
15.273     315.000
15.279     310.563
15.285     310.563
15.290     310.563
15.296     310.563
15.302     312.766
15.308     312.766
15.314     312.766
15.319     312.766
15.325     312.766
15.331     310.563
15.337     312.766
15.343     310.563
15.348     310.563
15.354     310.563
15.360     308.392
15.366     315.000
15.372     310.563
15.377     308.392
15.383     315.000
15.389     310.563
15.395     310.563
15.401     312.766
15.406     312.766
15.412     315.000
15.418     312.766
15.424     315.000
15.430     294.000
15.435     312.766
15.441     315.000
15.447     300.000
15.453     308.392
15.459     310.563
15.464     159.783
15.470     308.392
15.476     302.055
15.482     308.392
15.488     317.266
15.494     310.563
15.499     302.055
15.505     306.250
15.511     308.392
15.517     310.563
15.523     308.392
15.528     310.563
15.534     312.766
15.540     312.766
15.546     310.563
15.552     306.250
15.557     312.766
15.563     312.766
15.569     306.250
15.575     308.392
15.581     315.000
15.586     310.563
15.592     315.000
15.598     310.563
15.604     312.766
15.610     315.000
15.615     310.563
15.621     310.563
15.627     308.392
15.633     310.563
15.639     310.563
15.644     312.766
15.650     312.766
15.656     312.766
15.662     317.266
15.668     312.766
15.673     315.000
15.679     312.766
15.685     312.766
15.691     308.392
15.697     308.392
15.702     312.766
15.708     310.563
15.714     312.766
15.720     310.563
15.726     310.563
15.732     312.766
15.737     312.766
15.743     310.563
15.749     310.563
15.755     310.563
15.761     312.766
15.766     308.392
15.772     308.392
15.778     310.563
15.784     310.563
15.790     310.563
15.795     310.563
15.801     306.250
15.807     310.563
15.813     310.563
15.819     306.250
15.824     308.392
15.830     308.392
15.836     315.000
15.842     308.392
15.848     304.138
15.853     312.766
15.859     308.392
15.865     310.563
15.871     308.392
15.877     308.392
15.882     310.563
15.888     308.392
15.894     310.563
15.900     308.392
15.906     310.563
15.911     308.392
15.917     310.563
15.923     308.392
15.929     312.766
15.935     304.138
15.940     312.766
15.946     315.000
15.952     312.766
15.958     312.766
15.964     306.250
15.970     310.563
15.975     312.766
15.981     310.563
15.987     312.766
15.993     315.000
15.999     159.206
16.004     310.563
16.010     312.766
16.016     312.766
16.022     310.563
16.028     312.766
16.033     306.250
16.039     315.000
16.045     310.563
16.051     315.000
16.057     315.000
16.062     310.563
16.068     317.266
16.074     312.766
16.080     310.563
16.086     310.563
16.091     310.563
16.097     315.000
16.103     310.563
16.109     312.766
16.115     312.766
16.120     312.766
16.126     315.000
16.132     315.000
16.138     310.563
16.144     308.392
16.149     312.766
16.155     308.392
16.161     308.392
16.167     310.563
16.173     312.766
16.179     312.766
16.184     312.766
16.190     312.766
16.196     315.000
16.202     306.250
16.208     310.563
16.213     308.392
16.219     308.392
16.225     312.766
16.231     308.392
16.237     312.766
16.242     312.766
16.248     310.563
16.254     317.266
16.260     310.563
16.266     310.563
16.271     312.766
16.277     308.392
16.283     310.563
16.289     308.392
16.295     310.563
16.300     310.563
16.306     310.563
16.312     310.563
16.318     312.766
16.324     310.563
16.329     312.766
16.335     310.563
16.341     310.563
16.347     312.766
16.353     310.563
16.358     310.563
16.364     310.563
16.370     312.766
16.376     310.563
16.382     315.000
16.387     310.563
16.393     310.563
16.399     312.766
16.405     308.392
16.411     312.766
16.417     310.563
16.422     310.563
16.428     312.766
16.434     310.563
16.440     312.766
16.446     312.766
16.451     310.563
16.457     310.563
16.463     310.563
16.469     312.766
16.475     315.000
16.480     317.266
16.486     312.766
16.492     315.000
16.498     315.000
16.504     312.766
16.509     308.392
16.515     310.563
16.521     317.266
16.527     312.766
16.533     312.766
16.538     312.766
16.544     315.000
16.550     315.000
16.556     308.392
16.562     308.392
16.567     315.000
16.573     312.766
16.579     315.000
16.585     312.766
16.591     312.766
16.596     317.266
16.602     310.563
16.608     312.766
16.614     312.766
16.620     310.563
16.625     312.766
16.631     308.392
16.637     312.766
16.643     312.766
16.649     310.563
16.655     312.766
16.660     310.563
16.666     310.563
16.672     312.766
16.678     310.563
16.684     312.766
16.689     312.766
16.695     310.563
16.701     317.266
16.707     306.250
16.713     310.563
16.718     310.563
16.724     312.766
16.730     310.563
16.736     308.392
16.742     310.563
16.747     308.392
16.753     310.563
16.759     308.392
16.765     306.250
16.771     308.392
16.776     308.392
16.782     308.392
16.788     308.392
16.794     310.563
16.800     312.766
16.805     310.563
16.811     308.392
16.817     308.392
16.823     310.563
16.829     306.250
16.834     306.250
16.840     308.392
16.846     310.563
16.852     308.392
16.858     306.250
16.863     310.563
16.869     308.392
16.875     308.392
16.881     306.250
16.887     308.392
16.893     310.563
16.898     308.392
16.904     310.563
16.910     310.563
16.916     308.392
16.922     308.392
16.927     308.392
16.933     310.563
16.939     308.392
16.945     310.563
16.951     310.563
16.956     310.563
16.962     312.766
16.968     310.563
16.974     310.563
16.980     308.392
16.985     312.766
16.991     306.250
16.997     159.206
17.003     154.737
17.009     157.500
17.014     156.940
17.020     156.940
17.026     310.563
17.032     312.766
