0.000     193.421
0.006     196.875
0.012     196.000
0.017     277.358
0.023     295.973
0.029     297.973
0.035     0.000
0.041     0.000
0.046     0.000
0.052     0.000
0.058     0.000
0.064     0.000
0.070     0.000
0.075     0.000
0.081     0.000
0.087     0.000
0.093     0.000
0.099     0.000
0.104     0.000
0.110     0.000
0.116     0.000
0.122     0.000
0.128     0.000
0.134     0.000
0.139     0.000
0.145     0.000
0.151     0.000
0.157     0.000
0.163     0.000
0.168     0.000
0.174     0.000
0.180     0.000
0.186     0.000
0.192     0.000
0.197     0.000
0.203     0.000
0.209     0.000
0.215     0.000
0.221     0.000
0.226     0.000
0.232     0.000
0.238     0.000
0.244     0.000
0.250     0.000
0.255     0.000
0.261     0.000
0.267     0.000
0.273     0.000
0.279     0.000
0.284     0.000
0.290     0.000
0.296     0.000
0.302     0.000
0.308     0.000
0.313     0.000
0.319     0.000
0.325     0.000
0.331     0.000
0.337     0.000
0.342     0.000
0.348     0.000
0.354     0.000
0.360     0.000
0.366     0.000
0.372     0.000
0.377     0.000
0.383     0.000
0.389     0.000
0.395     0.000
0.401     0.000
0.406     0.000
0.412     0.000
0.418     0.000
0.424     0.000
0.430     0.000
0.435     0.000
0.441     0.000
0.447     0.000
0.453     0.000
0.459     312.766
0.464     312.766
0.470     312.766
0.476     312.766
0.482     312.766
0.488     310.563
0.493     310.563
0.499     312.766
0.505     310.563
0.511     310.563
0.517     310.563
0.522     312.766
0.528     312.766
0.534     312.766
0.540     312.766
0.546     310.563
0.551     312.766
0.557     312.766
0.563     312.766
0.569     312.766
0.575     312.766
0.580     312.766
0.586     312.766
0.592     312.766
0.598     312.766
0.604     312.766
0.610     312.766
0.615     312.766
0.621     315.000
0.627     312.766
0.633     312.766
0.639     312.766
0.644     312.766
0.650     312.766
0.656     312.766
0.662     312.766
0.668     312.766
0.673     312.766
0.679     312.766
0.685     312.766
0.691     312.766
0.697     312.766
0.702     312.766
0.708     312.766
0.714     315.000
0.720     312.766
0.726     312.766
0.731     310.563
0.737     310.563
0.743     310.563
0.749     310.563
0.755     310.563
0.760     312.766
0.766     310.563
0.772     310.563
0.778     306.250
0.784     306.250
0.789     306.250
0.795     306.250
0.801     310.563
0.807     310.563
0.813     310.563
0.819     310.563
0.824     310.563
0.830     312.766
0.836     310.563
0.842     310.563
0.848     310.563
0.853     310.563
0.859     312.766
0.865     310.563
0.871     310.563
0.877     310.563
0.882     310.563
0.888     312.766
0.894     310.563
0.900     310.563
0.906     310.563
0.911     310.563
0.917     312.766
0.923     310.563
0.929     310.563
0.935     310.563
0.940     310.563
0.946     310.563
0.952     312.766
0.958     310.563
0.964     310.563
0.969     310.563
0.975     310.563
0.981     310.563
0.987     312.766
0.993     310.563
0.998     310.563
1.004     310.563
1.010     312.766
1.016     310.563
1.022     310.563
1.027     312.766
1.033     310.563
1.039     312.766
1.045     310.563
1.051     310.563
1.057     310.563
1.062     310.563
1.068     310.563
1.074     310.563
1.080     310.563
1.086     312.766
1.091     315.000
1.097     319.565
1.103     319.565
1.109     324.265
1.115     0.000
1.120     0.000
1.126     0.000
1.132     0.000
1.138     0.000
1.144     0.000
1.149     0.000
1.155     0.000
1.161     0.000
1.167     0.000
1.173     0.000
1.178     0.000
1.184     0.000
1.190     0.000
1.196     0.000
1.202     0.000
1.207     0.000
1.213     0.000
1.219     0.000
1.225     0.000
1.231     0.000
1.236     0.000
1.242     0.000
1.248     0.000
1.254     0.000
1.260     0.000
1.265     0.000
1.271     0.000
1.277     0.000
1.283     0.000
1.289     0.000
1.295     0.000
1.300     0.000
1.306     0.000
1.312     0.000
1.318     0.000
1.324     367.500
1.329     370.588
1.335     367.500
1.341     367.500
1.347     367.500
1.353     367.500
1.358     367.500
1.364     367.500
1.370     367.500
1.376     364.463
1.382     367.500
1.387     367.500
1.393     367.500
1.399     367.500
1.405     367.500
1.411     364.463
1.416     367.500
1.422     367.500
1.428     364.463
1.434     364.463
1.440     367.500
1.445     364.463
1.451     364.463
1.457     367.500
1.463     358.537
1.469     355.645
1.474     347.244
1.480     347.244
1.486     344.531
1.492     350.000
1.498     347.244
1.503     352.800
1.509     355.645
1.515     358.537
1.521     358.537
1.527     367.500
1.533     361.475
1.538     361.475
1.544     367.500
1.550     364.463
1.556     367.500
1.562     367.500
1.567     367.500
1.573     367.500
1.579     370.588
1.585     367.500
1.591     370.588
1.596     370.588
1.602     370.588
1.608     370.588
1.614     370.588
1.620     370.588
1.625     370.588
1.631     370.588
1.637     370.588
1.643     370.588
1.649     370.588
1.654     370.588
1.660     370.588
1.666     370.588
1.672     370.588
1.678     370.588
1.683     370.588
1.689     369.038
1.695     370.588
1.701     370.588
1.707     370.588
1.712     370.588
1.718     370.588
1.724     370.588
1.730     370.588
1.736     370.588
1.741     370.588
1.747     370.588
1.753     370.588
1.759     370.588
1.765     370.588
1.771     370.588
1.776     370.588
1.782     370.588
1.788     370.588
1.794     370.588
1.800     370.588
1.805     370.588
1.811     367.500
1.817     370.588
1.823     367.500
1.829     367.500
1.834     367.500
1.840     364.463
1.846     364.463
1.852     367.500
1.858     367.500
1.863     367.500
1.869     370.588
1.875     370.588
1.881     370.588
1.887     370.588
1.892     370.588
1.898     370.588
1.904     370.588
1.910     367.500
1.916     370.588
1.921     370.588
1.927     370.588
1.933     370.588
1.939     370.588
1.945     370.588
1.950     370.588
1.956     370.588
1.962     370.588
1.968     370.588
1.974     370.588
1.980     370.588
1.985     370.588
1.991     370.588
1.997     370.588
2.003     370.588
2.009     370.588
2.014     370.588
2.020     370.588
2.026     370.588
2.032     370.588
2.038     370.588
2.043     370.588
2.049     370.588
2.055     370.588
2.061     367.500
2.067     370.588
2.072     367.500
2.078     370.588
2.084     370.588
2.090     370.588
2.096     367.500
2.101     370.588
2.107     370.588
2.113     370.588
2.119     370.588
2.125     370.588
2.130     370.588
2.136     370.588
2.142     370.588
2.148     370.588
2.154     370.588
2.159     370.588
2.165     370.588
2.171     369.038
2.177     370.588
2.183     367.500
2.188     365.975
2.194     364.463
2.200     367.500
2.206     367.500
2.212     367.500
2.218     367.500
2.223     367.500
2.229     370.588
2.235     370.588
2.241     370.588
2.247     370.588
2.252     367.500
2.258     370.588
2.264     370.588
2.270     370.588
2.276     370.588
2.281     370.588
2.287     370.588
2.293     370.588
2.299     370.588
2.305     370.588
2.310     370.588
2.316     370.588
2.322     370.588
2.328     370.588
2.334     370.588
2.339     370.588
2.345     370.588
2.351     370.588
2.357     370.588
2.363     370.588
2.368     370.588
2.374     370.588
2.380     370.588
2.386     370.588
2.392     370.588
2.397     370.588
2.403     370.588
2.409     370.588
2.415     370.588
2.421     370.588
2.426     370.588
2.432     370.588
2.438     370.588
2.444     370.588
2.450     370.588
2.456     370.588
2.461     370.588
2.467     370.588
2.473     370.588
2.479     370.588
2.485     370.588
2.490     370.588
2.496     370.588
2.502     370.588
2.508     370.588
2.514     370.588
2.519     370.588
2.525     370.588
2.531     370.588
2.537     370.588
2.543     370.588
2.548     370.588
2.554     370.588
2.560     373.729
2.566     370.588
2.572     373.729
2.577     370.588
2.583     370.588
2.589     370.588
2.595     370.588
2.601     370.588
2.606     370.588
2.612     370.588
2.618     370.588
2.624     370.588
2.630     370.588
2.635     370.588
2.641     370.588
2.647     370.588
2.653     370.588
2.659     367.500
2.664     370.588
2.670     370.588
2.676     367.500
2.682     370.588
2.688     370.588
2.694     370.588
2.699     370.588
2.705     370.588
2.711     370.588
2.717     370.588
2.723     370.588
2.728     370.588
2.734     370.588
2.740     370.588
2.746     370.588
2.752     370.588
2.757     370.588
2.763     370.588
2.769     370.588
2.775     370.588
2.781     370.588
2.786     370.588
2.792     370.588
2.798     370.588
2.804     370.588
2.810     370.588
2.815     370.588
2.821     370.588
2.827     370.588
2.833     370.588
2.839     370.588
2.844     370.588
2.850     370.588
2.856     370.588
2.862     370.588
2.868     370.588
2.873     370.588
2.879     370.588
2.885     370.588
2.891     370.588
2.897     367.500
2.902     370.588
2.908     370.588
2.914     367.500
2.920     370.588
2.926     370.588
2.932     370.588
2.937     367.500
2.943     367.500
2.949     367.500
2.955     367.500
2.961     370.588
2.966     367.500
2.972     370.588
2.978     367.500
2.984     367.500
2.990     370.588
2.995     367.500
3.001     370.588
3.007     367.500
3.013     370.588
3.019     367.500
3.024     367.500
3.030     367.500
3.036     367.500
3.042     370.588
3.048     370.588
3.053     367.500
3.059     370.588
3.065     370.588
3.071     370.588
3.077     370.588
3.082     370.588
3.088     370.588
3.094     370.588
3.100     370.588
3.106     370.588
3.111     370.588
3.117     370.588
3.123     370.588
3.129     370.588
3.135     370.588
3.140     370.588
3.146     370.588
3.152     373.729
3.158     370.588
3.164     373.729
3.170     373.729
3.175     373.729
3.181     373.729
3.187     373.729
3.193     370.588
3.199     367.500
3.204     364.463
3.210     358.537
3.216     355.645
3.222     0.000
3.228     0.000
3.233     0.000
3.239     0.000
3.245     0.000
3.251     0.000
3.257     0.000
3.262     0.000
3.268     0.000
3.274     0.000
3.280     0.000
3.286     0.000
3.291     0.000
3.297     0.000
3.303     0.000
3.309     0.000
3.315     0.000
3.320     0.000
3.326     0.000
3.332     0.000
3.338     0.000
3.344     0.000
3.349     0.000
3.355     0.000
3.361     0.000
3.367     0.000
3.373     0.000
3.379     0.000
3.384     0.000
3.390     0.000
3.396     0.000
3.402     0.000
3.408     0.000
3.413     0.000
3.419     0.000
3.425     0.000
3.431     0.000
3.437     0.000
3.442     0.000
3.448     0.000
3.454     0.000
3.460     0.000
3.466     0.000
3.471     0.000
3.477     0.000
3.483     0.000
3.489     0.000
3.495     0.000
3.500     0.000
3.506     0.000
3.512     0.000
3.518     0.000
3.524     0.000
3.529     0.000
3.535     0.000
3.541     0.000
3.547     0.000
3.553     0.000
3.558     0.000
3.564     0.000
3.570     0.000
3.576     0.000
3.582     0.000
3.587     0.000
3.593     0.000
3.599     0.000
3.605     0.000
3.611     0.000
3.617     0.000
3.622     0.000
3.628     0.000
3.634     0.000
3.640     0.000
3.646     0.000
3.651     0.000
3.657     0.000
3.663     0.000
3.669     0.000
3.675     0.000
3.680     0.000
3.686     0.000
3.692     0.000
3.698     0.000
3.704     0.000
3.709     0.000
3.715     0.000
3.721     0.000
3.727     0.000
3.733     0.000
3.738     279.114
3.744     277.358
3.750     279.114
3.756     279.114
3.762     279.114
3.767     279.114
3.773     277.358
3.779     277.358
3.785     277.358
3.791     277.358
3.796     279.114
3.802     277.358
3.808     277.358
3.814     279.114
3.820     279.114
3.825     277.358
3.831     279.114
3.837     277.358
3.843     279.114
3.849     279.114
3.855     279.114
3.860     279.114
3.866     279.114
3.872     279.114
3.878     279.114
3.884     279.114
3.889     279.114
3.895     279.114
3.901     279.114
3.907     279.114
3.913     279.114
3.918     279.114
3.924     279.114
3.930     279.114
3.936     279.114
3.942     279.114
3.947     279.114
3.953     279.114
3.959     279.114
3.965     279.114
3.971     279.114
3.976     279.114
3.982     277.358
3.988     277.358
3.994     279.114
4.000     277.358
4.005     279.114
4.011     277.358
4.017     279.114
4.023     279.114
4.029     279.114
4.034     279.114
4.040     279.114
4.046     279.114
4.052     279.114
4.058     279.114
4.063     279.114
4.069     279.114
4.075     279.114
4.081     279.114
4.087     279.114
4.093     279.114
4.098     279.114
4.104     279.114
4.110     279.114
4.116     279.114
4.122     279.114
4.127     279.114
4.133     277.358
4.139     279.114
4.145     277.358
4.151     277.358
4.156     277.358
4.162     277.358
4.168     277.358
4.174     277.358
4.180     277.358
4.185     277.358
4.191     277.358
4.197     277.358
4.203     277.358
4.209     277.358
4.214     277.358
4.220     277.358
4.226     277.358
4.232     277.358
4.238     277.358
4.243     277.358
4.249     277.358
4.255     0.000
4.261     0.000
4.267     0.000
4.272     0.000
4.278     0.000
4.284     0.000
4.290     0.000
4.296     0.000
4.301     0.000
4.307     0.000
4.313     0.000
4.319     0.000
4.325     0.000
4.331     0.000
4.336     0.000
4.342     0.000
4.348     0.000
4.354     0.000
4.360     0.000
4.365     0.000
4.371     0.000
4.377     0.000
4.383     0.000
4.389     0.000
4.394     0.000
4.400     0.000
4.406     0.000
4.412     0.000
4.418     0.000
4.423     0.000
4.429     0.000
4.435     0.000
4.441     0.000
4.447     0.000
4.452     0.000
4.458     0.000
4.464     0.000
4.470     0.000
4.476     0.000
4.481     0.000
4.487     0.000
4.493     0.000
4.499     0.000
4.505     0.000
4.510     0.000
4.516     0.000
4.522     0.000
4.528     0.000
4.534     0.000
4.540     0.000
4.545     0.000
4.551     0.000
4.557     0.000
4.563     0.000
4.569     0.000
4.574     0.000
4.580     0.000
4.586     0.000
4.592     0.000
4.598     0.000
4.603     0.000
4.609     0.000
4.615     0.000
4.621     0.000
4.627     0.000
4.632     0.000
4.638     0.000
4.644     0.000
4.650     0.000
4.656     0.000
4.661     308.392
4.667     310.563
4.673     310.563
4.679     310.563
4.685     310.563
4.690     310.563
4.696     310.563
4.702     310.563
4.708     310.563
4.714     310.563
4.719     310.563
4.725     310.563
4.731     310.563
4.737     310.563
4.743     310.563
4.748     310.563
4.754     310.563
4.760     310.563
4.766     310.563
4.772     310.563
4.778     310.563
4.783     310.563
4.789     310.563
4.795     310.563
4.801     310.563
4.807     310.563
4.812     310.563
4.818     310.563
4.824     312.766
4.830     310.563
4.836     310.563
4.841     310.563
4.847     312.766
4.853     310.563
4.859     310.563
4.865     310.563
4.870     310.563
4.876     310.563
4.882     310.563
4.888     310.563
4.894     310.563
4.899     310.563
4.905     310.563
4.911     310.563
4.917     310.563
4.923     310.563
4.928     310.563
4.934     310.563
4.940     310.563
4.946     310.563
4.952     310.563
4.957     310.563
4.963     312.766
4.969     310.563
4.975     310.563
4.981     310.563
4.986     310.563
4.992     312.766
4.998     310.563
5.004     310.563
5.010     308.392
5.016     306.250
5.021     306.250
5.027     306.250
5.033     306.250
5.039     308.392
5.045     310.563
5.050     310.563
5.056     310.563
5.062     310.563
5.068     310.563
5.074     310.563
5.079     310.563
5.085     310.563
5.091     310.563
5.097     310.563
5.103     310.563
5.108     310.563
5.114     310.563
5.120     310.563
5.126     310.563
5.132     310.563
5.137     310.563
5.143     310.563
5.149     310.563
5.155     310.563
5.161     310.563
5.166     312.766
5.172     310.563
5.178     310.563
5.184     310.563
5.190     310.563
5.195     312.766
5.201     312.766
5.207     312.766
5.213     312.766
5.219     312.766
5.224     312.766
5.230     312.766
5.236     312.766
5.242     312.766
5.248     312.766
5.254     312.766
5.259     312.766
5.265     312.766
5.271     312.766
5.277     312.766
5.283     312.766
5.288     312.766
5.294     312.766
5.300     310.563
5.306     310.563
5.312     310.563
5.317     312.766
5.323     317.266
5.329     319.565
5.335     321.898
5.341     324.265
5.346     326.667
5.352     0.000
5.358     0.000
5.364     0.000
5.370     0.000
5.375     0.000
5.381     0.000
5.387     0.000
5.393     0.000
5.399     0.000
5.404     0.000
5.410     0.000
5.416     0.000
5.422     0.000
5.428     0.000
5.433     0.000
5.439     0.000
5.445     0.000
5.451     0.000
5.457     0.000
5.462     0.000
5.468     0.000
5.474     0.000
5.480     0.000
5.486     0.000
5.492     0.000
5.497     0.000
5.503     0.000
5.509     0.000
5.515     0.000
5.521     0.000
5.526     0.000
5.532     0.000
5.538     0.000
5.544     0.000
5.550     0.000
5.555     0.000
5.561     0.000
5.567     0.000
5.573     0.000
5.579     0.000
5.584     0.000
5.590     0.000
5.596     0.000
5.602     0.000
5.608     0.000
5.613     0.000
5.619     0.000
5.625     0.000
5.631     0.000
5.637     0.000
5.642     0.000
5.648     0.000
5.654     0.000
5.660     0.000
5.666     0.000
5.671     0.000
5.677     0.000
5.683     0.000
5.689     0.000
5.695     0.000
5.700     0.000
5.706     0.000
5.712     0.000
5.718     0.000
5.724     0.000
5.730     0.000
5.735     0.000
5.741     0.000
5.747     0.000
5.753     0.000
5.759     0.000
5.764     367.500
5.770     367.500
5.776     367.500
5.782     370.588
5.788     367.500
5.793     370.588
5.799     370.588
5.805     370.588
5.811     370.588
5.817     370.588
5.822     370.588
5.828     367.500
5.834     370.588
5.840     367.500
5.846     370.588
5.851     367.500
5.857     370.588
5.863     367.500
5.869     367.500
5.875     370.588
5.880     367.500
5.886     367.500
5.892     370.588
5.898     370.588
5.904     367.500
5.909     370.588
5.915     367.500
5.921     367.500
5.927     367.500
5.933     186.076
5.939     367.500
5.944     370.588
5.950     372.152
5.956     367.500
5.962     367.500
5.968     186.076
5.973     367.500
5.979     367.500
5.985     370.588
5.991     367.500
5.997     367.500
6.002     370.588
6.008     367.500
6.014     367.500
6.020     370.588
6.026     370.588
6.031     367.500
6.037     370.588
6.043     370.588
6.049     370.588
6.055     370.588
6.060     370.588
6.066     364.463
6.072     364.463
6.078     364.463
6.084     367.500
6.089     367.500
6.095     367.500
6.101     370.588
6.107     370.588
6.113     370.588
6.118     370.588
6.124     370.588
6.130     370.588
6.136     370.588
6.142     370.588
6.147     370.588
6.153     370.588
6.159     370.588
6.165     370.588
6.171     370.588
6.177     370.588
6.182     370.588
6.188     370.588
6.194     370.588
6.200     370.588
6.206     370.588
6.211     370.588
6.217     370.588
6.223     370.588
6.229     370.588
6.235     370.588
6.240     370.588
6.246     370.588
6.252     370.588
6.258     370.588
6.264     367.500
6.269     370.588
6.275     370.588
6.281     367.500
6.287     370.588
6.293     370.588
6.298     370.588
6.304     370.588
6.310     370.588
6.316     370.588
6.322     370.588
6.327     370.588
6.333     370.588
6.339     370.588
6.345     370.588
6.351     370.588
6.356     370.588
6.362     370.588
6.368     370.588
6.374     370.588
6.380     370.588
6.385     370.588
6.391     370.588
6.397     370.588
6.403     370.588
6.409     370.588
6.415     369.038
6.420     369.038
6.426     367.500
6.432     364.463
6.438     367.500
6.444     370.588
6.449     373.729
6.455     370.588
6.461     370.588
6.467     367.500
6.473     370.588
6.478     370.588
6.484     370.588
6.490     370.588
6.496     370.588
6.502     370.588
6.507     370.588
6.513     367.500
6.519     370.588
6.525     370.588
6.531     370.588
6.536     370.588
6.542     370.588
6.548     370.588
6.554     370.588
6.560     370.588
6.565     370.588
6.571     370.588
6.577     370.588
6.583     370.588
6.589     370.588
6.594     370.588
6.600     370.588
6.606     367.500
6.612     370.588
6.618     367.500
6.623     370.588
6.629     370.588
6.635     367.500
6.641     370.588
6.647     370.588
6.653     370.588
6.658     367.500
6.664     370.588
6.670     370.588
6.676     367.500
6.682     370.588
6.687     370.588
6.693     370.588
6.699     370.588
6.705     370.588
6.711     370.588
6.716     370.588
6.722     370.588
6.728     370.588
6.734     370.588
6.740     370.588
6.745     370.588
6.751     370.588
6.757     370.588
6.763     370.588
6.769     370.588
6.774     370.588
6.780     370.588
6.786     373.729
6.792     370.588
6.798     370.588
6.803     370.588
6.809     370.588
6.815     370.588
6.821     370.588
6.827     370.588
6.832     370.588
6.838     370.588
6.844     370.588
6.850     370.588
6.856     370.588
6.861     370.588
6.867     370.588
6.873     370.588
6.879     370.588
6.885     370.588
6.891     370.588
6.896     370.588
6.902     370.588
6.908     370.588
6.914     370.588
6.920     370.588
6.925     370.588
6.931     370.588
6.937     370.588
6.943     370.588
6.949     370.588
6.954     370.588
6.960     370.588
6.966     370.588
6.972     370.588
6.978     370.588
6.983     370.588
6.989     370.588
6.995     370.588
7.001     370.588
7.007     370.588
7.012     370.588
7.018     370.588
7.024     370.588
7.030     370.588
7.036     370.588
7.041     370.588
7.047     370.588
7.053     370.588
7.059     370.588
7.065     370.588
7.070     370.588
7.076     370.588
7.082     370.588
7.088     370.588
7.094     370.588
7.100     370.588
7.105     370.588
7.111     370.588
7.117     370.588
7.123     370.588
7.129     370.588
7.134     370.588
7.140     370.588
7.146     370.588
7.152     370.588
7.158     370.588
7.163     370.588
7.169     370.588
7.175     373.729
7.181     370.588
7.187     370.588
7.192     370.588
7.198     370.588
7.204     370.588
7.210     370.588
7.216     370.588
7.221     370.588
7.227     370.588
7.233     370.588
7.239     370.588
7.245     370.588
7.250     370.588
7.256     370.588
7.262     370.588
7.268     370.588
7.274     370.588
7.279     367.500
7.285     370.588
7.291     370.588
7.297     370.588
7.303     367.500
7.308     370.588
7.314     367.500
7.320     370.588
7.326     370.588
7.332     370.588
7.338     370.588
7.343     370.588
7.349     370.588
7.355     370.588
7.361     370.588
7.367     370.588
7.372     370.588
7.378     370.588
7.384     370.588
7.390     370.588
7.396     373.729
7.401     373.729
7.407     373.729
7.413     373.729
7.419     373.729
7.425     373.729
7.430     0.000
7.436     0.000
7.442     0.000
7.448     0.000
7.454     0.000
7.459     0.000
7.465     0.000
7.471     0.000
7.477     0.000
7.483     0.000
7.488     0.000
7.494     0.000
7.500     0.000
7.506     0.000
7.512     0.000
7.517     0.000
7.523     0.000
7.529     0.000
7.535     0.000
7.541     0.000
7.546     0.000
7.552     0.000
7.558     0.000
7.564     0.000
7.570     0.000
7.576     0.000
7.581     0.000
7.587     0.000
7.593     0.000
7.599     0.000
7.605     0.000
7.610     0.000
7.616     0.000
7.622     0.000
7.628     0.000
7.634     0.000
7.639     0.000
7.645     0.000
7.651     0.000
7.657     0.000
7.663     0.000
7.668     0.000
7.674     0.000
7.680     0.000
7.686     0.000
7.692     0.000
7.697     0.000
7.703     0.000
7.709     0.000
7.715     0.000
7.721     0.000
7.726     0.000
7.732     0.000
7.738     0.000
7.744     0.000
7.750     279.114
7.755     279.114
7.761     279.114
7.767     279.114
7.773     816.667
7.779     787.500
7.784     760.345
7.790     760.345
7.796     735.000
7.802     760.345
7.808     747.458
7.814     747.458
7.819     747.458
7.825     722.951
7.831     735.000
7.837     722.951
7.843     722.951
7.848     735.000
7.854     711.290
7.860     722.951
7.866     722.951
7.872     711.290
7.877     722.951
7.883     722.951
7.889     747.458
7.895     747.458
7.901     747.458
7.906     747.458
7.912     735.000
7.918     137.812
7.924     138.679
7.930     138.245
7.935     137.812
7.941     279.114
7.947     275.625
7.953     279.114
7.959     277.358
7.964     277.358
7.970     277.358
7.976     277.358
7.982     277.358
7.988     277.358
7.993     277.358
7.999     277.358
8.005     277.358
8.011     277.358
8.017     277.358
8.022     277.358
8.028     279.114
8.034     277.358
8.040     277.358
8.046     279.114
8.052     277.358
8.057     277.358
8.063     277.358
8.069     277.358
8.075     277.358
8.081     277.358
8.086     279.114
8.092     277.358
8.098     277.358
8.104     279.114
8.110     277.358
8.115     279.114
8.121     279.114
8.127     279.114
8.133     279.114
8.139     279.114
8.144     279.114
8.150     279.114
8.156     279.114
8.162     279.114
8.168     279.114
8.173     279.114
8.179     279.114
8.185     279.114
8.191     279.114
8.197     279.114
8.202     280.892
8.208     279.114
8.214     279.114
8.220     279.114
8.226     279.114
8.231     279.114
8.237     277.358
8.243     279.114
8.249     279.114
8.255     277.358
8.260     279.114
8.266     277.358
8.272     277.358
8.278     279.114
8.284     277.358
8.290     279.114
8.295     279.114
8.301     279.114
8.307     279.114
8.313     279.114
8.319     279.114
8.324     279.114
8.330     279.114
8.336     277.358
8.342     279.114
8.348     277.358
8.353     277.358
8.359     279.114
8.365     279.114
8.371     279.114
8.377     279.114
8.382     277.358
8.388     277.358
8.394     279.114
8.400     277.358
8.406     279.114
8.411     277.358
8.417     277.358
8.423     277.358
8.429     277.358
8.435     277.358
8.440     277.358
8.446     279.114
8.452     277.358
8.458     277.358
8.464     279.114
8.469     277.358
8.475     277.358
8.481     277.358
8.487     275.625
8.493     279.114
8.499     282.692
8.504     288.235
8.510     0.000
8.516     0.000
8.522     0.000
8.528     0.000
8.533     0.000
8.539     0.000
8.545     0.000
8.551     0.000
8.557     0.000
8.562     0.000
8.568     0.000
8.574     0.000
8.580     0.000
8.586     0.000
8.591     0.000
8.597     0.000
8.603     0.000
8.609     0.000
8.615     0.000
8.620     0.000
8.626     0.000
8.632     0.000
8.638     0.000
8.644     0.000
8.649     0.000
8.655     0.000
8.661     0.000
8.667     0.000
8.673     0.000
8.678     0.000
8.684     0.000
8.690     0.000
8.696     0.000
8.702     0.000
8.707     0.000
8.713     0.000
8.719     0.000
8.725     741.176
8.731     741.176
8.737     735.000
8.742     741.176
8.748     741.176
8.754     735.000
8.760     735.000
8.766     735.000
8.771     722.951
8.777     722.951
8.783     722.951
8.789     722.951
8.795     722.951
8.800     722.951
8.806     722.951
8.812     722.951
8.818     722.951
8.824     722.951
8.829     722.951
8.835     735.000
8.841     722.951
8.847     711.290
8.853     722.951
8.858     711.290
8.864     711.290
8.870     722.951
8.876     711.290
8.882     711.290
8.887     711.290
8.893     700.000
8.899     711.290
8.905     722.951
8.911     722.951
8.916     711.290
8.922     722.951
8.928     711.290
8.934     711.290
8.940     367.500
8.945     367.500
8.951     364.463
8.957     367.500
8.963     370.588
8.969     367.500
8.975     367.500
8.980     370.588
8.986     370.588
8.992     370.588
8.998     370.588
9.004     370.588
9.009     370.588
9.015     370.588
9.021     370.588
9.027     370.588
9.033     370.588
9.038     370.588
9.044     370.588
9.050     367.500
9.056     370.588
9.062     370.588
9.067     367.500
9.073     370.588
9.079     367.500
9.085     370.588
9.091     370.588
9.096     367.500
9.102     367.500
9.108     370.588
9.114     367.500
9.120     367.500
9.125     370.588
9.131     367.500
9.137     370.588
9.143     370.588
9.149     367.500
9.154     370.588
9.160     370.588
9.166     367.500
9.172     367.500
9.178     367.500
9.183     361.475
9.189     364.463
9.195     364.463
9.201     361.475
9.207     364.463
9.213     367.500
9.218     361.475
9.224     367.500
9.230     367.500
9.236     364.463
9.242     367.500
9.247     367.500
9.253     367.500
9.259     370.588
9.265     367.500
9.271     367.500
9.276     370.588
9.282     367.500
9.288     367.500
9.294     367.500
9.300     370.588
9.305     367.500
9.311     367.500
9.317     370.588
9.323     367.500
9.329     367.500
9.334     367.500
9.340     370.588
9.346     367.500
9.352     367.500
9.358     370.588
9.363     367.500
9.369     370.588
9.375     370.588
9.381     370.588
9.387     370.588
9.392     367.500
9.398     370.588
9.404     367.500
9.410     367.500
9.416     370.588
9.421     367.500
9.427     370.588
9.433     370.588
9.439     367.500
9.445     367.500
9.451     367.500
9.456     370.588
9.462     367.500
9.468     370.588
9.474     367.500
9.480     367.500
9.485     370.588
9.491     367.500
9.497     367.500
9.503     370.588
9.509     370.588
9.514     367.500
9.520     370.588
9.526     367.500
9.532     364.463
9.538     367.500
9.543     364.463
9.549     364.463
9.555     367.500
9.561     370.588
9.567     376.923
9.572     386.842
9.578     393.750
9.584     0.000
9.590     0.000
9.596     0.000
9.601     0.000
9.607     0.000
9.613     0.000
9.619     0.000
9.625     0.000
9.630     0.000
9.636     0.000
9.642     0.000
9.648     0.000
9.654     0.000
9.660     0.000
9.665     0.000
9.671     0.000
9.677     0.000
9.683     0.000
9.689     0.000
9.694     0.000
9.700     0.000
9.706     0.000
9.712     0.000
9.718     0.000
9.723     0.000
9.729     0.000
9.735     0.000
9.741     0.000
9.747     0.000
9.752     0.000
9.758     495.506
9.764     495.506
9.770     490.000
9.776     490.000
9.781     495.506
9.787     490.000
9.793     490.000
9.799     495.506
9.805     495.506
9.810     495.506
9.816     490.000
9.822     495.506
9.828     490.000
9.834     495.506
9.839     495.506
9.845     501.136
9.851     495.506
9.857     495.506
9.863     495.506
9.868     495.506
9.874     495.506
9.880     495.506
9.886     495.506
9.892     495.506
9.898     495.506
9.903     495.506
9.909     495.506
9.915     490.000
9.921     495.506
9.927     490.000
9.932     495.506
9.938     495.506
9.944     495.506
9.950     495.506
9.956     495.506
9.961     495.506
9.967     495.506
9.973     495.506
9.979     495.506
9.985     495.506
9.990     495.506
9.996     495.506
10.002     495.506
10.008     495.506
10.014     495.506
10.019     495.506
10.025     495.506
10.031     495.506
10.037     495.506
10.043     495.506
10.048     495.506
10.054     495.506
10.060     495.506
10.066     495.506
10.072     495.506
10.077     495.506
10.083     495.506
10.089     495.506
10.095     495.506
10.101     495.506
10.106     495.506
10.112     495.506
10.118     495.506
10.124     495.506
10.130     495.506
10.136     495.506
10.141     495.506
10.147     495.506
10.153     495.506
10.159     495.506
10.165     495.506
10.170     495.506
10.176     495.506
10.182     495.506
10.188     495.506
10.194     495.506
10.199     495.506
10.205     495.506
10.211     495.506
10.217     495.506
10.223     495.506
10.228     495.506
10.234     495.506
10.240     495.506
10.246     495.506
10.252     495.506
10.257     495.506
10.263     495.506
10.269     495.506
10.275     495.506
10.281     495.506
10.286     495.506
10.292     495.506
10.298     495.506
10.304     495.506
10.310     495.506
10.315     495.506
10.321     495.506
10.327     495.506
10.333     495.506
10.339     495.506
10.344     495.506
10.350     490.000
10.356     495.506
10.362     495.506
10.368     495.506
10.374     495.506
10.379     495.506
10.385     495.506
10.391     490.000
10.397     495.506
10.403     495.506
10.408     495.506
10.414     495.506
10.420     495.506
10.426     495.506
10.432     495.506
10.437     495.506
10.443     495.506
10.449     495.506
10.455     495.506
10.461     495.506
10.466     495.506
10.472     495.506
10.478     495.506
10.484     495.506
10.490     495.506
10.495     495.506
10.501     495.506
10.507     495.506
10.513     495.506
10.519     495.506
10.524     495.506
10.530     495.506
10.536     495.506
10.542     495.506
10.548     495.506
10.553     495.506
10.559     495.506
10.565     495.506
10.571     495.506
10.577     495.506
10.582     495.506
10.588     495.506
10.594     495.506
10.600     495.506
10.606     495.506
10.612     495.506
10.617     490.000
10.623     490.000
10.629     490.000
10.635     484.615
10.641     484.615
10.646     479.348
10.652     479.348
10.658     479.348
10.664     479.348
10.670     476.757
10.675     476.757
10.681     479.348
10.687     235.829
10.693     232.105
10.699     230.890
10.704     230.890
10.710     232.105
10.716     230.890
10.722     229.688
10.728     230.890
10.733     230.890
10.739     233.333
10.745     233.333
10.751     233.333
10.757     237.097
10.762     238.378
10.768     239.674
10.774     239.674
10.780     239.674
10.786     239.674
10.791     239.674
10.797     239.674
10.803     239.674
10.809     239.674
10.815     238.378
10.820     238.378
10.826     239.674
10.832     238.378
10.838     238.378
10.844     239.674
10.850     239.674
10.855     239.674
10.861     238.378
10.867     239.674
10.873     238.378
10.879     239.674
10.884     239.674
10.890     239.674
10.896     239.674
10.902     238.378
10.908     238.378
10.913     235.829
10.919     237.097
10.925     237.097
10.931     235.829
10.937     235.829
10.942     235.829
10.948     234.574
10.954     464.211
10.960     464.211
10.966     464.211
10.971     464.211
10.977     469.149
10.983     469.149
10.989     464.211
10.995     464.211
11.000     464.211
11.006     464.211
11.012     469.149
11.018     469.149
11.024     469.149
11.029     469.149
11.035     469.149
11.041     469.149
11.047     469.149
11.053     464.211
11.059     469.149
11.064     469.149
11.070     469.149
11.076     469.149
11.082     469.149
11.088     469.149
11.093     464.211
11.099     469.149
11.105     464.211
11.111     464.211
11.117     469.149
11.122     469.149
11.128     469.149
11.134     464.211
11.140     235.829
11.146     464.211
11.151     464.211
11.157     235.829
11.163     234.574
11.169     235.829
11.175     235.829
11.180     235.829
11.186     235.829
11.192     235.829
11.198     235.829
11.204     234.574
11.209     234.574
11.215     234.574
11.221     233.333
11.227     234.574
11.233     234.574
11.238     234.574
11.244     234.574
11.250     233.333
11.256     234.574
11.262     234.574
11.267     234.574
11.273     234.574
11.279     234.574
11.285     234.574
11.291     234.574
11.297     234.574
11.302     234.574
11.308     234.574
11.314     234.574
11.320     234.574
11.326     234.574
11.331     234.574
11.337     234.574
11.343     234.574
11.349     234.574
11.355     234.574
11.360     234.574
11.366     234.574
11.372     234.574
11.378     234.574
11.384     234.574
11.389     234.574
11.395     234.574
11.401     234.574
11.407     234.574
11.413     234.574
11.418     234.574
11.424     234.574
11.430     234.574
11.436     234.574
11.442     234.574
11.447     234.574
11.453     234.574
11.459     234.574
11.465     234.574
11.471     474.194
11.476     469.149
11.482     469.149
11.488     469.149
11.494     469.149
11.500     469.149
11.505     469.149
11.511     469.149
11.517     469.149
11.523     469.149
11.529     469.149
11.535     469.149
11.540     469.149
11.546     469.149
11.552     469.149
11.558     469.149
11.564     469.149
11.569     469.149
11.575     469.149
11.581     469.149
11.587     469.149
11.593     469.149
11.598     469.149
11.604     469.149
11.610     469.149
11.616     469.149
11.622     469.149
11.627     469.149
11.633     469.149
11.639     469.149
11.645     469.149
11.651     469.149
11.656     469.149
11.662     469.149
11.668     469.149
11.674     469.149
11.680     469.149
11.685     469.149
11.691     469.149
11.697     469.149
11.703     469.149
11.709     469.149
11.714     469.149
11.720     469.149
11.726     466.667
11.732     466.667
11.738     469.149
11.743     469.149
11.749     469.149
11.755     466.667
11.761     474.194
11.767     469.149
11.773     469.149
11.778     469.149
11.784     469.149
11.790     466.667
11.796     469.149
11.802     469.149
11.807     469.149
11.813     469.149
11.819     469.149
11.825     469.149
11.831     469.149
11.836     469.149
11.842     469.149
11.848     469.149
11.854     469.149
11.860     469.149
11.865     469.149
11.871     469.149
11.877     469.149
11.883     469.149
11.889     469.149
11.894     469.149
11.900     469.149
11.906     469.149
11.912     469.149
11.918     469.149
11.923     469.149
11.929     464.211
11.935     469.149
11.941     469.149
11.947     469.149
11.952     469.149
11.958     469.149
11.964     469.149
11.970     469.149
11.976     469.149
11.981     469.149
11.987     469.149
11.993     469.149
11.999     469.149
12.005     469.149
12.011     469.149
12.016     469.149
12.022     469.149
12.028     469.149
12.034     469.149
12.040     469.149
12.045     469.149
12.051     469.149
12.057     469.149
12.063     469.149
12.069     469.149
12.074     469.149
12.080     469.149
12.086     469.149
12.092     469.149
12.098     469.149
12.103     469.149
12.109     469.149
12.115     469.149
12.121     469.149
12.127     469.149
12.132     469.149
12.138     469.149
12.144     469.149
12.150     469.149
12.156     469.149
12.161     469.149
12.167     469.149
12.173     464.211
12.179     464.211
12.185     464.211
12.190     464.211
12.196     464.211
12.202     469.149
12.208     469.149
12.214     469.149
12.220     464.211
12.225     469.149
12.231     464.211
12.237     464.211
12.243     464.211
12.249     464.211
12.254     464.211
12.260     464.211
12.266     469.149
12.272     469.149
12.278     469.149
12.283     232.105
12.289     232.105
12.295     233.333
12.301     232.105
12.307     233.333
12.312     234.574
12.318     233.333
12.324     234.574
12.330     234.574
12.336     464.211
12.341     469.149
12.347     469.149
12.353     469.149
12.359     469.149
12.365     469.149
12.370     464.211
12.376     469.149
12.382     469.149
12.388     469.149
12.394     469.149
12.399     469.149
12.405     469.149
12.411     464.211
12.417     469.149
12.423     469.149
12.428     469.149
12.434     469.149
12.440     469.149
12.446     469.149
12.452     469.149
12.458     469.149
12.463     0.000
12.469     0.000
12.475     0.000
12.481     0.000
12.487     0.000
12.492     232.105
12.498     233.333
12.504     234.574
12.510     464.211
12.516     464.211
12.521     469.149
12.527     464.211
12.533     469.149
12.539     469.149
12.545     469.149
12.550     469.149
12.556     464.211
12.562     469.149
12.568     464.211
12.574     464.211
12.579     464.211
12.585     464.211
12.591     469.149
12.597     469.149
12.603     469.149
12.608     464.211
12.614     469.149
12.620     469.149
12.626     464.211
12.632     469.149
12.637     469.149
12.643     469.149
12.649     469.149
12.655     469.149
12.661     469.149
12.666     469.149
12.672     469.149
12.678     469.149
12.684     469.149
12.690     469.149
12.696     469.149
12.701     469.149
12.707     469.149
12.713     464.211
12.719     464.211
12.725     464.211
12.730     464.211
12.736     469.149
12.742     469.149
12.748     469.149
12.754     474.194
12.759     474.194
12.765     474.194
12.771     479.348
12.777     479.348
12.783     476.757
12.788     162.731
12.794     163.941
12.800     164.552
12.806     164.552
12.812     164.552
12.817     165.169
12.823     165.169
12.829     165.789
12.835     165.789
12.841     165.169
12.846     165.169
12.852     165.169
12.858     165.169
12.864     164.552
12.870     165.169
12.875     164.552
12.881     164.552
12.887     0.000
12.893     0.000
12.899     0.000
12.904     0.000
12.910     0.000
12.916     0.000
12.922     0.000
12.928     0.000
12.934     0.000
12.939     0.000
12.945     0.000
12.951     0.000
12.957     0.000
12.963     0.000
12.968     0.000
12.974     0.000
12.980     0.000
12.986     0.000
12.992     0.000
12.997     0.000
13.003     0.000
13.009     0.000
13.015     0.000
13.021     0.000
13.026     0.000
13.032     0.000
13.038     165.169
13.044     165.169
13.050     165.169
13.055     165.169
13.061     164.552
13.067     164.552
13.073     164.552
13.079     165.169
13.084     165.169
13.090     165.169
13.096     165.169
13.102     165.169
13.108     165.169
13.113     164.552
13.119     165.169
13.125     165.169
13.131     165.169
13.137     165.169
13.142     165.169
13.148     165.169
13.154     512.791
13.160     512.791
13.166     512.791
13.172     506.897
13.177     506.897
13.183     501.136
13.189     501.136
13.195     501.136
13.201     495.506
13.206     495.506
13.212     495.506
13.218     495.506
13.224     495.506
13.230     495.506
13.235     495.506
13.241     495.506
13.247     495.506
13.253     501.136
13.259     495.506
13.264     495.506
13.270     495.506
13.276     495.506
13.282     495.506
13.288     495.506
13.293     495.506
13.299     495.506
13.305     495.506
13.311     495.506
13.317     495.506
13.322     495.506
13.328     495.506
13.334     495.506
13.340     495.506
13.346     495.506
13.351     495.506
13.357     495.506
13.363     495.506
13.369     495.506
13.375     501.136
13.380     495.506
13.386     495.506
13.392     495.506
13.398     495.506
13.404     495.506
13.410     495.506
13.415     495.506
13.421     495.506
13.427     495.506
13.433     495.506
13.439     495.506
13.444     495.506
13.450     495.506
13.456     495.506
13.462     495.506
13.468     495.506
13.473     495.506
13.479     495.506
13.485     495.506
13.491     495.506
13.497     495.506
13.502     495.506
13.508     495.506
13.514     495.506
13.520     495.506
13.526     495.506
13.531     495.506
13.537     495.506
13.543     495.506
13.549     495.506
13.555     495.506
13.560     495.506
13.566     495.506
13.572     495.506
13.578     495.506
13.584     495.506
13.589     495.506
13.595     495.506
13.601     495.506
13.607     495.506
13.613     495.506
13.619     495.506
13.624     495.506
13.630     495.506
13.636     495.506
13.642     495.506
13.648     495.506
13.653     495.506
13.659     495.506
13.665     495.506
13.671     495.506
13.677     495.506
13.682     495.506
13.688     495.506
13.694     492.737
13.700     495.506
13.706     495.506
13.711     495.506
13.717     492.737
13.723     495.506
13.729     495.506
13.735     490.000
13.740     495.506
13.746     495.506
13.752     495.506
13.758     490.000
13.764     490.000
13.769     495.506
13.775     490.000
13.781     495.506
13.787     495.506
13.793     495.506
13.798     495.506
13.804     495.506
13.810     495.506
13.816     495.506
13.822     492.737
13.827     492.737
13.833     164.552
13.839     246.369
13.845     246.369
13.851     0.000
13.857     164.552
13.862     164.552
13.868     165.169
13.874     490.000
13.880     490.000
13.886     490.000
13.891     490.000
13.897     490.000
13.903     490.000
13.909     495.506
13.915     490.000
13.920     490.000
13.926     490.000
13.932     490.000
13.938     490.000
13.944     490.000
13.949     495.506
13.955     492.737
13.961     495.506
13.967     495.506
13.973     495.506
13.978     495.506
13.984     495.506
13.990     495.506
13.996     495.506
14.002     495.506
14.007     495.506
14.013     495.506
14.019     495.506
14.025     495.506
14.031     495.506
14.036     495.506
14.042     495.506
14.048     495.506
14.054     495.506
14.060     495.506
14.065     495.506
14.071     490.000
14.077     495.506
14.083     490.000
14.089     495.506
14.095     495.506
14.100     490.000
14.106     490.000
14.112     490.000
14.118     495.506
14.124     495.506
14.129     495.506
14.135     495.506
14.141     495.506
14.147     495.506
14.153     495.506
14.158     495.506
14.164     495.506
14.170     495.506
14.176     495.506
14.182     495.506
14.187     495.506
14.193     495.506
14.199     495.506
14.205     495.506
14.211     495.506
14.216     495.506
14.222     495.506
14.228     495.506
14.234     495.506
14.240     495.506
14.245     495.506
14.251     495.506
14.257     495.506
14.263     495.506
14.269     495.506
14.274     495.506
14.280     495.506
14.286     495.506
14.292     495.506
14.298     495.506
14.303     490.000
14.309     490.000
14.315     495.506
14.321     495.506
14.327     495.506
14.333     495.506
14.338     495.506
14.344     495.506
14.350     495.506
14.356     495.506
14.362     495.506
14.367     495.506
14.373     495.506
14.379     495.506
14.385     492.737
14.391     492.737
14.396     495.506
14.402     495.506
14.408     495.506
14.414     495.506
14.420     495.506
14.425     495.506
14.431     495.506
14.437     490.000
14.443     490.000
14.449     490.000
14.454     490.000
14.460     490.000
14.466     490.000
14.472     490.000
14.478     490.000
14.483     490.000
14.489     495.506
14.495     495.506
14.501     495.506
14.507     495.506
14.512     495.506
14.518     495.506
14.524     495.506
14.530     495.506
14.536     495.506
14.541     495.506
14.547     495.506
14.553     495.506
14.559     495.506
14.565     495.506
14.571     490.000
14.576     495.506
14.582     490.000
14.588     490.000
14.594     495.506
14.600     490.000
14.605     495.506
14.611     490.000
14.617     490.000
14.623     490.000
14.629     490.000
14.634     495.506
14.640     495.506
14.646     495.506
14.652     495.506
14.658     495.506
14.663     495.506
14.669     495.506
14.675     495.506
14.681     495.506
14.687     495.506
14.692     495.506
14.698     501.136
14.704     495.506
14.710     495.506
14.716     495.506
14.721     495.506
14.727     495.506
14.733     495.506
14.739     495.506
14.745     495.506
14.750     495.506
14.756     495.506
14.762     495.506
14.768     495.506
14.774     495.506
14.780     495.506
14.785     495.506
14.791     495.506
14.797     495.506
