0.000     0.000
0.006     0.000
0.012     393.750
0.017     400.909
0.023     397.297
0.029     170.930
0.035     331.579
0.041     352.800
0.046     171.595
0.052     104.255
0.058     176.400
0.064     122.500
0.070     196.875
0.075     190.909
0.081     196.000
0.087     196.875
0.093     196.875
0.099     196.875
0.104     196.000
0.110     196.000
0.116     196.000
0.122     195.133
0.128     195.133
0.134     195.133
0.139     195.133
0.145     195.133
0.151     195.133
0.157     195.133
0.163     195.133
0.168     195.133
0.174     195.133
0.180     195.133
0.186     195.133
0.192     195.133
0.197     195.133
0.203     195.133
0.209     195.133
0.215     194.273
0.221     195.133
0.226     195.133
0.232     195.133
0.238     195.133
0.244     196.000
0.250     196.000
0.255     196.000
0.261     196.000
0.267     195.133
0.273     196.000
0.279     194.273
0.284     196.875
0.290     192.576
0.296     185.294
0.302     185.294
0.308     0.000
0.313     0.000
0.319     0.000
0.325     0.000
0.331     0.000
0.337     0.000
0.342     0.000
0.348     0.000
0.354     0.000
0.360     0.000
0.366     0.000
0.372     0.000
0.377     0.000
0.383     0.000
0.389     0.000
0.395     0.000
0.401     0.000
0.406     0.000
0.412     0.000
0.418     0.000
0.424     0.000
0.430     0.000
0.435     0.000
0.441     0.000
0.447     0.000
0.453     0.000
0.459     0.000
0.464     0.000
0.470     0.000
0.476     0.000
0.482     0.000
0.488     142.718
0.493     147.987
0.499     149.492
0.505     204.167
0.511     126.724
0.517     184.519
0.522     126.724
0.528     980.000
0.534     980.000
0.540     119.189
0.546     123.184
0.551     122.500
0.557     122.161
0.563     123.876
0.569     188.462
0.575     186.864
0.580     386.842
0.586     386.842
0.592     390.265
0.598     390.265
0.604     393.750
0.610     393.750
0.615     393.750
0.621     393.750
0.627     393.750
0.633     393.750
0.639     393.750
0.644     393.750
0.650     393.750
0.656     397.297
0.662     393.750
0.668     397.297
0.673     397.297
0.679     397.297
0.685     393.750
0.691     397.297
0.697     393.750
0.702     397.297
0.708     397.297
0.714     397.297
0.720     397.297
0.726     397.297
0.731     397.297
0.737     393.750
0.743     397.297
0.749     397.297
0.755     397.297
0.760     397.297
0.766     397.297
0.772     397.297
0.778     397.297
0.784     397.297
0.789     397.297
0.795     397.297
0.801     397.297
0.807     397.297
0.813     397.297
0.819     397.297
0.824     397.297
0.830     397.297
0.836     397.297
0.842     397.297
0.848     397.297
0.853     397.297
0.859     397.297
0.865     397.297
0.871     397.297
0.877     393.750
0.882     397.297
0.888     397.297
0.894     397.297
0.900     397.297
0.906     397.297
0.911     397.297
0.917     397.297
0.923     397.297
0.929     397.297
0.935     397.297
0.940     397.297
0.946     397.297
0.952     397.297
0.958     397.297
0.964     397.297
0.969     397.297
0.975     393.750
0.981     397.297
0.987     397.297
0.993     397.297
0.998     397.297
1.004     397.297
1.010     393.750
1.016     397.297
1.022     397.297
1.027     397.297
1.033     397.297
1.039     397.297
1.045     397.297
1.051     397.297
1.057     397.297
1.062     397.297
1.068     397.297
1.074     397.297
1.080     397.297
1.086     397.297
1.091     397.297
1.097     397.297
1.103     397.297
1.109     393.750
1.115     397.297
1.120     393.750
1.126     397.297
1.132     397.297
1.138     397.297
1.144     397.297
1.149     397.297
1.155     393.750
1.161     397.297
1.167     393.750
1.173     397.297
1.178     397.297
1.184     397.297
1.190     397.297
1.196     397.297
1.202     397.297
1.207     397.297
1.213     397.297
1.219     397.297
1.225     397.297
1.231     397.297
1.236     397.297
1.242     397.297
1.248     397.297
1.254     397.297
1.260     397.297
1.265     397.297
1.271     397.297
1.277     397.297
1.283     400.909
1.289     0.000
1.295     0.000
1.300     0.000
1.306     0.000
1.312     0.000
1.318     0.000
1.324     0.000
1.329     0.000
1.335     0.000
1.341     0.000
1.347     0.000
1.353     0.000
1.358     0.000
1.364     0.000
1.370     0.000
1.376     0.000
1.382     0.000
1.387     0.000
1.393     0.000
1.399     0.000
1.405     0.000
1.411     0.000
1.416     0.000
1.422     0.000
1.428     0.000
1.434     0.000
1.440     0.000
1.445     0.000
1.451     0.000
1.457     0.000
1.463     0.000
1.469     0.000
1.474     0.000
1.480     0.000
1.486     0.000
1.492     0.000
1.498     0.000
1.503     0.000
1.509     0.000
1.515     0.000
1.521     0.000
1.527     0.000
1.533     0.000
1.538     0.000
1.544     0.000
1.550     0.000
1.556     0.000
1.562     0.000
1.567     0.000
1.573     0.000
1.579     0.000
1.585     0.000
1.591     0.000
1.596     0.000
1.602     0.000
1.608     0.000
1.614     0.000
1.620     0.000
1.625     0.000
1.631     0.000
1.637     0.000
1.643     0.000
1.649     0.000
1.654     0.000
1.660     0.000
1.666     0.000
1.672     0.000
1.678     0.000
1.683     308.392
1.689     308.392
1.695     308.392
1.701     310.563
1.707     310.563
1.712     308.392
1.718     308.392
1.724     310.563
1.730     310.563
1.736     310.563
1.741     310.563
1.747     310.563
1.753     310.563
1.759     310.563
1.765     310.563
1.771     308.392
1.776     308.392
1.782     310.563
1.788     308.392
1.794     308.392
1.800     310.563
1.805     308.392
1.811     310.563
1.817     310.563
1.823     308.392
1.829     310.563
1.834     310.563
1.840     310.563
1.846     310.563
1.852     310.563
1.858     310.563
1.863     310.563
1.869     310.563
1.875     310.563
1.881     310.563
1.887     310.563
1.892     310.563
1.898     310.563
1.904     310.563
1.910     310.563
1.916     310.563
1.921     310.563
1.927     310.563
1.933     308.392
1.939     308.392
1.945     306.250
1.950     304.138
1.956     284.516
1.962     290.132
1.968     292.053
1.974     294.000
1.980     292.053
1.985     292.053
1.991     292.053
1.997     292.053
2.003     292.053
2.009     292.053
2.014     292.053
2.020     292.053
2.026     292.053
2.032     292.053
2.038     292.053
2.043     292.053
2.049     292.053
2.055     292.053
2.061     292.053
2.067     292.053
2.072     292.053
2.078     292.053
2.084     292.053
2.090     292.053
2.096     292.053
2.101     292.053
2.107     292.053
2.113     292.053
2.119     292.053
2.125     292.053
2.130     292.053
2.136     292.053
2.142     292.053
2.148     292.053
2.154     292.053
2.159     292.053
2.165     292.053
2.171     292.053
2.177     294.000
2.183     292.053
2.188     294.000
2.194     294.000
2.200     292.053
2.206     295.973
2.212     292.053
2.218     294.000
2.223     300.000
2.229     0.000
2.235     0.000
2.241     0.000
2.247     0.000
2.252     0.000
2.258     0.000
2.264     0.000
2.270     0.000
2.276     0.000
2.281     0.000
2.287     0.000
2.293     0.000
2.299     0.000
2.305     0.000
2.310     0.000
2.316     0.000
2.322     0.000
2.328     0.000
2.334     0.000
2.339     0.000
2.345     0.000
2.351     0.000
2.357     0.000
2.363     0.000
2.368     0.000
2.374     0.000
2.380     0.000
2.386     0.000
2.392     0.000
2.397     0.000
2.403     0.000
2.409     0.000
2.415     0.000
2.421     0.000
2.426     0.000
2.432     0.000
2.438     0.000
2.444     0.000
2.450     259.412
2.456     259.412
2.461     259.412
2.467     259.412
2.473     260.947
2.479     264.072
2.485     262.500
2.490     260.947
2.496     264.072
2.502     260.947
2.508     262.500
2.514     260.947
2.519     260.947
2.525     262.500
2.531     260.947
2.537     260.947
2.543     260.947
2.548     260.947
2.554     262.500
2.560     260.947
2.566     262.500
2.572     262.500
2.577     262.500
2.583     262.500
2.589     260.947
2.595     260.947
2.601     262.500
2.606     260.947
2.612     260.947
2.618     260.947
2.624     260.947
2.630     260.947
2.635     260.947
2.641     260.947
2.647     260.947
2.653     260.947
2.659     260.947
2.664     260.947
2.670     260.947
2.676     262.500
2.682     260.947
2.688     260.947
2.694     260.947
2.699     260.947
2.705     260.947
2.711     260.947
2.717     260.947
2.723     260.947
2.728     260.947
2.734     260.947
2.740     260.947
2.746     260.947
2.752     262.500
2.757     260.947
2.763     260.947
2.769     260.947
2.775     262.500
2.781     260.947
2.786     260.947
2.792     260.947
2.798     260.947
2.804     260.947
2.810     260.947
2.815     262.500
2.821     260.947
2.827     262.500
2.833     260.947
2.839     262.500
2.844     260.947
2.850     260.947
2.856     260.947
2.862     260.947
2.868     260.947
2.873     260.947
2.879     260.947
2.885     260.947
2.891     260.947
2.897     260.947
2.902     260.947
2.908     260.947
2.914     260.947
2.920     260.947
2.926     260.947
2.932     260.947
2.937     260.947
2.943     260.947
2.949     260.947
2.955     260.947
2.961     260.947
2.966     262.500
2.972     260.947
2.978     260.947
2.984     260.947
2.990     260.947
2.995     260.947
3.001     262.500
3.007     262.500
3.013     262.500
3.019     262.500
3.024     260.947
3.030     262.500
3.036     260.947
3.042     262.500
3.048     262.500
3.053     262.500
3.059     260.947
3.065     262.500
3.071     260.947
3.077     262.500
3.082     260.947
3.088     262.500
3.094     260.947
3.100     260.947
3.106     262.500
3.111     260.947
3.117     260.947
3.123     260.947
3.129     262.500
3.135     260.947
3.140     260.947
3.146     262.500
3.152     260.947
3.158     262.500
3.164     260.947
3.170     262.500
3.175     262.500
3.181     262.500
3.187     262.500
3.193     262.500
3.199     264.072
3.204     262.500
3.210     260.947
3.216     260.947
3.222     260.947
3.228     260.947
3.233     264.072
3.239     260.947
3.245     262.500
3.251     260.947
3.257     262.500
3.262     262.500
3.268     262.500
3.274     262.500
3.280     262.500
3.286     262.500
3.291     262.500
3.297     262.500
3.303     260.947
3.309     260.947
3.315     262.500
3.320     262.500
3.326     262.500
3.332     260.947
3.338     262.500
3.344     260.947
3.349     260.947
3.355     262.500
3.361     262.500
3.367     262.500
3.373     262.500
3.379     262.500
3.384     262.500
3.390     264.072
3.396     260.947
3.402     264.072
3.408     262.500
3.413     262.500
3.419     262.500
3.425     262.500
3.431     262.500
3.437     262.500
3.442     262.500
3.448     0.000
3.454     0.000
3.460     0.000
3.466     0.000
3.471     0.000
3.477     0.000
3.483     0.000
3.489     0.000
3.495     0.000
3.500     0.000
3.506     0.000
3.512     0.000
3.518     0.000
3.524     0.000
3.529     0.000
3.535     0.000
3.541     0.000
3.547     0.000
3.553     0.000
3.558     0.000
3.564     0.000
3.570     0.000
3.576     0.000
3.582     0.000
3.587     0.000
3.593     0.000
3.599     0.000
3.605     0.000
3.611     0.000
3.617     265.663
3.622     265.663
3.628     267.273
3.634     267.273
3.640     267.273
3.646     262.500
3.651     264.072
3.657     267.273
3.663     265.663
3.669     264.072
3.675     264.072
3.680     260.947
3.686     264.072
3.692     262.500
3.698     260.947
3.704     262.500
3.709     265.663
3.715     259.412
3.721     262.500
3.727     262.500
3.733     262.500
3.738     264.072
3.744     264.072
3.750     219.403
3.756     219.403
3.762     132.831
3.767     131.642
3.773     130.088
3.779     131.250
3.785     132.831
3.791     131.642
3.796     130.473
3.802     214.078
3.808     132.036
3.814     131.250
3.820     130.473
3.825     216.176
3.831     218.317
3.837     131.642
3.843     132.432
3.849     132.432
3.855     131.250
3.860     130.861
3.866     132.432
3.872     0.000
3.878     0.000
3.884     0.000
3.889     0.000
3.895     0.000
3.901     0.000
3.907     0.000
3.913     0.000
3.918     0.000
3.924     0.000
3.930     0.000
3.936     0.000
3.942     0.000
3.947     0.000
3.953     0.000
3.959     0.000
3.965     0.000
3.971     0.000
3.976     0.000
3.982     0.000
3.988     0.000
3.994     0.000
4.000     0.000
4.005     0.000
4.011     0.000
4.017     0.000
4.023     0.000
4.029     0.000
4.034     0.000
4.040     230.890
4.046     229.688
4.052     229.688
4.058     230.890
4.063     229.688
4.069     230.890
4.075     230.890
4.081     230.890
4.087     230.890
4.093     230.890
4.098     230.890
4.104     230.890
4.110     230.890
4.116     229.688
4.122     230.890
4.127     229.688
4.133     230.890
4.139     229.688
4.145     231.496
4.151     230.890
4.156     230.890
4.162     230.890
4.168     230.890
4.174     230.890
4.180     230.890
4.185     230.890
4.191     230.890
4.197     230.890
4.203     230.890
4.209     230.890
4.214     232.105
4.220     230.890
4.226     232.105
4.232     230.890
4.238     230.890
4.243     232.105
4.249     232.105
4.255     113.953
4.261     233.333
4.267     136.533
4.272     400.909
4.278     397.297
4.284     404.587
4.290     400.909
4.296     404.587
4.301     404.587
4.307     400.909
4.313     408.333
4.319     400.909
4.325     404.587
4.331     397.297
4.336     400.909
4.342     400.909
4.348     400.909
4.354     404.587
4.360     400.909
4.365     404.587
4.371     400.909
4.377     404.587
4.383     404.587
4.389     404.587
4.394     408.333
4.400     404.587
4.406     404.587
4.412     404.587
4.418     408.333
4.423     404.587
4.429     400.909
4.435     404.587
4.441     400.909
4.447     404.587
4.452     400.909
4.458     404.587
4.464     404.587
4.470     412.150
4.476     200.455
4.481     202.294
4.487     412.150
4.493     408.333
4.499     408.333
4.505     412.150
4.510     412.150
4.516     412.150
4.522     408.333
4.528     404.587
4.534     400.909
4.540     400.909
4.545     203.226
4.551     205.116
4.557     205.594
4.563     204.167
4.569     205.116
4.574     204.167
4.580     204.167
4.586     204.167
4.592     205.116
4.598     205.116
4.603     206.075
4.609     206.075
4.615     205.116
4.621     206.075
4.627     204.167
4.632     205.116
4.638     206.075
4.644     205.116
4.650     206.075
4.656     208.019
4.661     206.075
4.667     206.075
4.673     207.042
4.679     206.075
4.685     205.116
4.690     207.042
4.696     206.075
4.702     208.019
4.708     205.116
4.714     207.042
4.719     206.075
4.725     206.075
4.731     207.042
4.737     207.042
4.743     206.075
4.748     206.075
4.754     208.019
4.760     204.167
4.766     205.116
4.772     201.370
4.778     202.294
4.783     201.370
4.789     200.455
4.795     202.294
4.801     200.455
4.807     202.294
4.812     206.075
4.818     206.075
4.824     200.455
4.830     206.075
4.836     200.455
4.841     204.167
4.847     204.167
4.853     204.167
4.859     203.226
4.865     201.370
4.870     206.075
4.876     203.226
4.882     205.116
4.888     205.116
4.894     204.167
4.899     205.116
4.905     205.116
4.911     204.167
4.917     204.167
4.923     202.294
4.928     206.075
4.934     200.455
4.940     207.042
4.946     206.075
4.952     202.294
4.957     206.075
4.963     203.226
4.969     204.167
4.975     204.167
4.981     204.167
4.986     205.116
4.992     206.075
4.998     206.075
5.004     205.116
5.010     204.167
5.016     204.167
5.021     204.167
5.027     207.042
5.033     204.167
5.039     206.075
5.045     204.167
5.050     205.116
5.056     205.116
5.062     204.167
5.068     205.116
5.074     204.167
5.079     206.075
5.085     206.075
5.091     206.075
5.097     205.116
5.103     205.116
5.108     205.116
5.114     205.116
5.120     204.167
5.126     206.075
5.132     205.116
5.137     206.075
5.143     206.075
5.149     203.226
5.155     205.116
5.161     203.226
5.166     206.075
5.172     205.116
5.178     205.116
5.184     206.075
5.190     205.116
5.195     206.075
5.201     206.075
5.207     203.226
5.213     205.116
5.219     202.294
5.224     206.075
5.230     205.116
5.236     205.116
5.242     206.075
5.248     204.167
5.254     206.075
5.259     203.226
5.265     204.167
5.271     204.167
5.277     205.116
5.283     207.042
5.288     206.075
5.294     205.116
5.300     204.167
5.306     205.116
5.312     204.167
5.317     205.116
5.323     205.116
5.329     206.075
5.335     205.116
5.341     206.075
5.346     204.167
5.352     205.116
5.358     203.226
5.364     205.116
5.370     203.226
5.375     207.042
5.381     206.075
5.387     204.167
5.393     206.075
5.399     206.075
5.404     203.226
5.410     206.075
5.416     201.370
5.422     206.075
5.428     206.075
5.433     205.116
5.439     206.075
5.445     204.167
5.451     206.075
5.457     205.116
5.462     206.075
5.468     208.019
5.474     206.075
5.480     207.042
5.486     206.075
5.492     206.075
5.497     208.019
5.503     206.075
5.509     206.075
5.515     206.075
5.521     206.075
5.526     206.075
5.532     105.000
5.538     0.000
5.544     0.000
5.550     0.000
5.555     0.000
5.561     0.000
5.567     0.000
5.573     0.000
5.579     0.000
5.584     0.000
5.590     0.000
5.596     0.000
5.602     402.740
5.608     404.587
5.613     404.587
5.619     393.750
5.625     397.297
5.631     400.909
5.637     399.095
5.642     399.095
5.648     397.297
5.654     201.370
5.660     199.548
5.666     199.548
5.671     199.548
5.677     198.649
5.683     205.116
5.689     209.005
5.695     198.649
5.700     206.075
5.706     202.294
5.712     202.294
5.718     199.548
5.724     202.294
5.730     203.226
5.735     198.649
5.741     206.075
5.747     200.455
5.753     203.226
5.759     203.226
5.764     201.370
5.770     200.455
5.776     206.075
5.782     202.294
5.788     203.226
5.793     202.294
5.799     204.167
5.805     204.167
5.811     205.116
5.817     203.226
5.822     200.455
5.828     103.279
5.834     200.455
5.840     199.548
5.846     201.370
5.851     202.294
5.857     200.455
5.863     202.294
5.869     214.078
5.875     207.042
5.880     205.116
5.886     206.075
5.892     201.370
5.898     215.122
5.904     203.226
5.909     220.500
5.915     0.000
5.921     0.000
5.927     0.000
5.933     0.000
5.939     0.000
5.944     0.000
5.950     0.000
5.956     0.000
5.962     0.000
5.968     0.000
5.973     0.000
5.979     0.000
5.985     0.000
5.991     0.000
5.997     0.000
6.002     0.000
6.008     0.000
6.014     0.000
6.020     0.000
6.026     0.000
6.031     0.000
6.037     0.000
6.043     0.000
6.049     0.000
6.055     0.000
6.060     0.000
6.066     0.000
6.072     0.000
6.078     0.000
6.084     393.750
6.089     393.750
6.095     393.750
6.101     393.750
6.107     393.750
6.113     393.750
6.118     393.750
6.124     393.750
6.130     393.750
6.136     393.750
6.142     393.750
6.147     393.750
6.153     393.750
6.159     393.750
6.165     393.750
6.171     393.750
6.177     393.750
6.182     393.750
6.188     393.750
6.194     393.750
6.200     393.750
6.206     393.750
6.211     393.750
6.217     393.750
6.223     393.750
6.229     393.750
6.235     397.297
6.240     393.750
6.246     393.750
6.252     393.750
6.258     397.297
6.264     393.750
6.269     393.750
6.275     397.297
6.281     393.750
6.287     397.297
6.293     393.750
6.298     397.297
6.304     397.297
6.310     397.297
6.316     390.265
6.322     386.842
6.327     386.842
6.333     393.750
6.339     383.478
6.345     397.297
6.351     376.923
6.356     380.172
6.362     341.860
6.368     336.641
6.374     331.579
6.380     102.797
6.385     0.000
6.391     0.000
6.397     0.000
6.403     0.000
6.409     0.000
6.415     0.000
6.420     0.000
6.426     0.000
6.432     0.000
6.438     0.000
6.444     0.000
6.449     0.000
6.455     0.000
6.461     0.000
6.467     0.000
6.473     0.000
6.478     0.000
6.484     0.000
6.490     0.000
6.496     0.000
6.502     0.000
6.507     0.000
6.513     0.000
6.519     0.000
6.525     0.000
6.531     0.000
6.536     0.000
6.542     0.000
6.548     0.000
6.554     0.000
6.560     0.000
6.565     0.000
6.571     0.000
6.577     0.000
6.583     0.000
6.589     0.000
6.594     0.000
6.600     0.000
6.606     0.000
6.612     0.000
6.618     0.000
6.623     0.000
6.629     355.645
6.635     355.645
6.641     352.800
6.647     352.800
6.653     355.645
6.658     352.800
6.664     352.800
6.670     352.800
6.676     352.800
6.682     352.800
6.687     350.000
6.693     350.000
6.699     352.800
6.705     352.800
6.711     352.800
6.716     352.800
6.722     352.800
6.728     352.800
6.734     352.800
6.740     352.800
6.745     352.800
6.751     352.800
6.757     352.800
6.763     352.800
6.769     352.800
6.774     352.800
6.780     352.800
6.786     352.800
6.792     352.800
6.798     352.800
6.803     350.000
6.809     352.800
6.815     352.800
6.821     352.800
6.827     352.800
6.832     352.800
6.838     352.800
6.844     352.800
6.850     352.800
6.856     352.800
6.861     350.000
6.867     352.800
6.873     352.800
6.879     352.800
6.885     352.800
6.891     355.645
6.896     358.537
6.902     361.475
6.908     358.537
6.914     355.645
6.920     352.800
6.925     355.645
6.931     355.645
6.937     361.475
6.943     358.537
6.949     355.645
6.954     355.645
6.960     352.800
6.966     352.800
6.972     355.645
6.978     358.537
6.983     358.537
6.989     355.645
6.995     358.537
7.001     358.537
7.007     355.645
7.012     350.000
7.018     352.800
7.024     355.645
7.030     355.645
7.036     361.475
7.041     358.537
7.047     361.475
7.053     355.645
7.059     355.645
7.065     352.800
7.070     361.475
7.076     358.537
7.082     355.645
7.088     352.800
7.094     352.800
7.100     352.800
7.105     352.800
7.111     355.645
7.117     358.537
7.123     361.475
7.129     355.645
7.134     352.800
7.140     355.645
7.146     355.645
7.152     352.800
7.158     355.645
7.163     352.800
7.169     355.645
7.175     355.645
7.181     358.537
7.187     352.800
7.192     352.800
7.198     355.645
7.204     355.645
7.210     355.645
7.216     358.537
7.221     358.537
7.227     355.645
7.233     355.645
7.239     352.800
7.245     358.537
7.250     361.475
7.256     361.475
7.262     355.645
7.268     358.537
7.274     355.645
7.279     355.645
7.285     352.800
7.291     358.537
7.297     358.537
7.303     361.475
7.308     355.645
7.314     355.645
7.320     355.645
7.326     355.645
7.332     355.645
7.338     352.800
7.343     355.645
7.349     352.800
7.355     352.800
7.361     352.800
7.367     355.645
7.372     355.645
7.378     358.537
7.384     352.800
7.390     352.800
7.396     355.645
7.401     355.645
7.407     352.800
7.413     350.000
7.419     350.000
7.425     352.800
7.430     355.645
7.436     355.645
7.442     355.645
7.448     355.645
7.454     355.645
7.459     352.800
7.465     350.000
7.471     350.000
7.477     352.800
7.483     352.800
7.488     355.645
7.494     352.800
7.500     355.645
7.506     352.800
7.512     352.800
7.517     352.800
7.523     352.800
7.529     350.000
7.535     352.800
7.541     352.800
7.546     352.800
7.552     355.645
7.558     355.645
7.564     352.800
7.570     352.800
7.576     352.800
7.581     352.800
7.587     355.645
7.593     352.800
7.599     352.800
7.605     352.800
7.610     355.645
7.616     355.645
7.622     355.645
7.628     355.645
7.634     355.645
7.639     358.537
7.645     358.537
7.651     367.500
7.657     380.172
7.663     370.588
7.668     373.729
7.674     380.172
7.680     370.588
7.686     383.478
7.692     386.842
7.697     390.265
7.703     370.588
7.709     361.475
7.715     370.588
7.721     364.463
7.726     367.500
7.732     364.463
7.738     361.475
7.744     361.475
7.750     358.537
7.755     358.537
7.761     355.645
7.767     352.800
7.773     355.645
7.779     358.537
7.784     355.645
7.790     358.537
7.796     358.537
7.802     352.800
7.808     355.645
7.814     352.800
7.819     352.800
7.825     355.645
7.831     352.800
7.837     352.800
7.843     352.800
7.848     355.645
7.854     355.645
7.860     358.537
7.866     355.645
7.872     355.645
7.877     352.800
7.883     352.800
7.889     352.800
7.895     355.645
7.901     355.645
7.906     358.537
7.912     358.537
7.918     358.537
7.924     352.800
7.930     355.645
7.935     355.645
7.941     352.800
7.947     355.645
7.953     352.800
7.959     352.800
7.964     352.800
7.970     358.537
7.976     355.645
7.982     355.645
7.988     352.800
7.993     352.800
7.999     352.800
8.005     352.800
8.011     352.800
8.017     355.645
8.022     355.645
8.028     355.645
8.034     355.645
8.040     352.800
8.046     355.645
8.052     352.800
8.057     352.800
8.063     350.000
8.069     352.800
8.075     352.800
8.081     352.800
8.086     0.000
8.092     0.000
8.098     0.000
8.104     0.000
8.110     0.000
8.115     0.000
8.121     0.000
8.127     0.000
8.133     0.000
8.139     0.000
8.144     0.000
8.150     0.000
8.156     0.000
8.162     0.000
8.168     0.000
8.173     0.000
8.179     0.000
8.185     0.000
8.191     0.000
8.197     0.000
8.202     0.000
8.208     0.000
8.214     0.000
8.220     0.000
8.226     0.000
8.231     0.000
8.237     0.000
8.243     0.000
8.249     0.000
8.255     0.000
8.260     0.000
8.266     0.000
8.272     0.000
8.278     0.000
8.284     0.000
8.290     0.000
8.295     0.000
8.301     0.000
8.307     0.000
8.313     0.000
8.319     0.000
8.324     0.000
8.330     0.000
8.336     0.000
8.342     0.000
8.348     0.000
8.353     0.000
8.359     0.000
8.365     0.000
8.371     0.000
8.377     0.000
8.382     0.000
8.388     0.000
8.394     0.000
8.400     0.000
8.406     0.000
8.411     0.000
8.417     0.000
8.423     0.000
8.429     0.000
8.435     0.000
8.440     0.000
8.446     0.000
8.452     0.000
8.458     0.000
8.464     0.000
8.469     0.000
8.475     0.000
8.481     0.000
8.487     0.000
8.493     0.000
8.499     0.000
8.504     0.000
8.510     0.000
8.516     0.000
8.522     0.000
8.528     0.000
8.533     0.000
8.539     0.000
8.545     0.000
8.551     0.000
8.557     0.000
8.562     0.000
8.568     0.000
8.574     0.000
8.580     0.000
8.586     0.000
8.591     0.000
8.597     0.000
8.603     0.000
8.609     0.000
8.615     0.000
8.620     0.000
8.626     0.000
8.632     0.000
8.638     0.000
8.644     0.000
8.649     0.000
8.655     0.000
8.661     0.000
8.667     0.000
8.673     0.000
8.678     0.000
8.684     0.000
8.690     0.000
8.696     0.000
8.702     0.000
8.707     0.000
8.713     0.000
8.719     0.000
8.725     0.000
8.731     0.000
8.737     0.000
8.742     0.000
8.748     0.000
8.754     0.000
8.760     0.000
8.766     0.000
8.771     0.000
8.777     0.000
8.783     0.000
8.789     0.000
8.795     0.000
8.800     0.000
8.806     0.000
8.812     0.000
8.818     0.000
8.824     0.000
8.829     0.000
8.835     0.000
8.841     0.000
8.847     0.000
8.853     0.000
8.858     0.000
8.864     0.000
8.870     0.000
8.876     0.000
8.882     0.000
8.887     0.000
8.893     0.000
8.899     0.000
8.905     0.000
8.911     0.000
8.916     0.000
8.922     0.000
8.928     0.000
8.934     0.000
8.940     0.000
8.945     350.000
8.951     350.000
8.957     350.000
8.963     350.000
8.969     350.000
8.975     350.000
8.980     350.000
8.986     350.000
8.992     350.000
8.998     350.000
9.004     350.000
9.009     350.000
9.015     350.000
9.021     350.000
9.027     350.000
9.033     352.800
9.038     352.800
9.044     352.800
9.050     355.645
9.056     352.800
9.062     352.800
9.067     352.800
9.073     352.800
9.079     352.800
9.085     355.645
9.091     352.800
9.096     352.800
9.102     352.800
9.108     355.645
9.114     355.645
9.120     352.800
9.125     352.800
9.131     352.800
9.137     352.800
9.143     352.800
9.149     352.800
9.154     352.800
9.160     352.800
9.166     352.800
9.172     352.800
9.178     355.645
9.183     352.800
9.189     352.800
9.195     352.800
9.201     352.800
9.207     352.800
9.213     352.800
9.218     352.800
9.224     350.000
9.230     355.645
9.236     355.645
9.242     355.645
9.247     358.537
9.253     358.537
9.259     355.645
9.265     355.645
9.271     352.800
9.276     355.645
9.282     355.645
9.288     358.537
9.294     358.537
9.300     358.537
9.305     355.645
9.311     358.537
9.317     352.800
9.323     355.645
9.329     355.645
9.334     355.645
9.340     352.800
9.346     352.800
9.352     355.645
9.358     352.800
9.363     355.645
9.369     352.800
9.375     352.800
9.381     352.800
9.387     352.800
9.392     352.800
9.398     352.800
9.404     352.800
9.410     355.645
9.416     352.800
9.421     352.800
9.427     355.645
9.433     352.800
9.439     352.800
9.445     355.645
9.451     355.645
9.456     358.537
9.462     355.645
9.468     355.645
9.474     358.537
9.480     352.800
9.485     358.537
9.491     358.537
9.497     358.537
9.503     364.463
9.509     358.537
9.514     358.537
9.520     358.537
9.526     350.000
9.532     352.800
9.538     355.645
9.543     355.645
9.549     358.537
9.555     355.645
9.561     352.800
9.567     355.645
9.572     350.000
9.578     352.800
9.584     350.000
9.590     352.800
9.596     352.800
9.601     352.800
9.607     355.645
9.613     355.645
9.619     355.645
9.625     355.645
9.630     358.537
9.636     358.537
9.642     355.645
9.648     358.537
9.654     355.645
9.660     361.475
9.665     358.537
9.671     352.800
9.677     355.645
9.683     386.842
9.689     383.478
9.694     390.265
9.700     306.250
9.706     302.055
9.712     306.250
9.718     304.138
9.723     306.250
9.729     308.392
9.735     310.563
9.741     308.392
9.747     310.563
9.752     308.392
9.758     308.392
9.764     310.563
9.770     308.392
9.776     308.392
9.781     308.392
9.787     308.392
9.793     308.392
9.799     308.392
9.805     308.392
9.810     306.250
9.816     310.563
9.822     308.392
9.828     308.392
9.834     312.766
9.839     310.563
9.845     315.000
9.851     310.563
9.857     308.392
9.863     308.392
9.868     308.392
9.874     310.563
9.880     310.563
9.886     308.392
9.892     315.000
9.898     310.563
9.903     308.392
9.909     308.392
9.915     306.250
9.921     308.392
9.927     306.250
9.932     308.392
9.938     297.973
9.944     310.563
9.950     295.973
9.956     294.000
9.961     294.000
9.967     288.235
9.973     290.132
9.979     290.132
9.985     290.132
9.990     290.132
9.996     290.132
10.002     290.132
10.008     290.132
10.014     290.132
10.019     290.132
10.025     292.053
10.031     292.053
10.037     290.132
10.043     292.053
10.048     292.053
10.054     292.053
10.060     292.053
10.066     291.089
10.072     294.000
10.077     292.053
10.083     292.053
10.089     294.000
10.095     292.053
10.101     292.053
10.106     292.053
10.112     294.000
10.118     292.053
10.124     292.053
10.130     292.053
10.136     292.053
10.141     292.053
10.147     292.053
10.153     294.000
10.159     292.053
10.165     292.053
10.170     292.053
10.176     294.000
10.182     292.053
10.188     292.053
10.194     292.053
10.199     292.053
10.205     292.053
10.211     294.000
10.217     292.053
10.223     292.053
10.228     292.053
10.234     292.053
10.240     292.053
10.246     292.053
10.252     292.053
10.257     290.132
10.263     290.132
10.269     292.053
10.275     290.132
10.281     294.000
10.286     292.053
10.292     294.000
10.298     288.235
10.304     135.276
10.310     232.105
10.315     257.895
10.321     262.500
10.327     260.947
10.333     260.947
10.339     259.412
10.344     260.947
10.350     259.412
10.356     259.412
10.362     259.412
10.368     259.412
10.374     259.412
10.379     259.412
10.385     259.412
10.391     259.412
10.397     259.412
10.403     259.412
10.408     259.412
10.414     259.412
10.420     259.412
10.426     259.412
10.432     259.412
10.437     259.412
10.443     259.412
10.449     259.412
10.455     260.947
10.461     260.947
10.466     260.947
10.472     260.947
10.478     260.947
10.484     260.947
10.490     260.947
10.495     260.947
10.501     260.947
10.507     260.947
10.513     260.947
10.519     260.947
10.524     260.947
10.530     0.000
10.536     0.000
10.542     0.000
10.548     0.000
10.553     0.000
10.559     0.000
10.565     0.000
10.571     0.000
10.577     0.000
10.582     0.000
10.588     0.000
10.594     0.000
10.600     0.000
10.606     0.000
10.612     0.000
10.617     0.000
10.623     0.000
10.629     0.000
10.635     0.000
10.641     0.000
10.646     0.000
10.652     0.000
10.658     0.000
10.664     0.000
10.670     0.000
10.675     0.000
10.681     0.000
10.687     0.000
10.693     0.000
10.699     0.000
10.704     0.000
10.710     0.000
10.716     0.000
10.722     0.000
10.728     0.000
10.733     0.000
10.739     0.000
10.745     0.000
10.751     0.000
10.757     0.000
10.762     0.000
10.768     0.000
10.774     0.000
10.780     227.320
10.786     229.688
10.791     230.890
10.797     230.890
10.803     230.890
10.809     230.890
10.815     230.890
10.820     230.890
10.826     230.890
10.832     230.890
10.838     230.890
10.844     230.890
10.850     230.890
10.855     230.890
10.861     230.890
10.867     230.890
10.873     230.890
10.879     232.105
10.884     232.105
10.890     230.890
10.896     230.890
10.902     232.105
10.908     232.105
10.913     232.105
10.919     232.105
10.925     230.890
10.931     232.105
10.937     232.105
10.942     232.105
10.948     232.105
10.954     232.105
10.960     232.105
10.966     232.105
10.971     232.105
10.977     230.890
10.983     230.890
10.989     232.105
10.995     230.890
11.000     232.105
11.006     232.105
11.012     232.105
11.018     232.105
11.024     230.890
11.029     232.105
11.035     232.105
11.041     230.890
11.047     228.497
11.053     230.890
11.059     225.000
11.064     232.105
11.070     228.497
11.076     229.688
11.082     233.333
11.088     232.105
11.093     230.890
11.099     232.105
11.105     230.890
11.111     230.890
11.117     232.105
11.122     233.333
11.128     229.688
11.134     233.333
11.140     232.105
11.146     228.497
11.151     232.105
11.157     229.688
11.163     230.890
11.169     228.497
11.175     230.890
11.180     229.688
11.186     230.890
11.192     230.890
11.198     229.688
11.204     230.890
11.209     232.105
11.215     230.890
11.221     233.333
11.227     230.890
11.233     232.105
11.238     230.890
11.244     230.890
11.250     232.105
11.256     229.688
11.262     232.105
11.267     233.333
11.273     232.105
11.279     230.890
11.285     233.333
11.291     233.333
11.297     230.890
11.302     230.890
11.308     232.105
11.314     230.890
11.320     233.333
11.326     230.890
11.331     230.890
11.337     232.105
11.343     232.105
11.349     230.890
11.355     230.890
11.360     232.105
11.366     230.890
11.372     230.890
11.378     230.890
11.384     230.890
11.389     232.105
11.395     232.105
11.401     232.105
11.407     230.890
11.413     230.890
11.418     232.105
11.424     232.105
11.430     230.890
11.436     232.105
11.442     232.105
11.447     232.105
11.453     232.105
11.459     230.890
11.465     232.105
11.471     232.105
11.476     232.105
11.482     230.890
11.488     233.333
11.494     232.105
11.500     230.890
11.505     232.105
11.511     232.105
11.517     230.890
11.523     232.105
11.529     232.105
11.535     230.890
11.540     232.105
11.546     232.105
11.552     230.890
11.558     232.105
11.564     232.105
11.569     230.890
11.575     230.890
11.581     232.105
11.587     230.890
11.593     232.105
11.598     232.105
11.604     232.105
11.610     232.105
11.616     232.105
11.622     232.105
11.627     232.105
11.633     232.105
11.639     232.105
11.645     232.105
11.651     232.105
11.656     232.105
11.662     232.105
11.668     232.105
11.674     232.105
11.680     232.105
11.685     232.105
11.691     233.333
11.697     233.333
11.703     232.105
11.709     232.105
11.714     232.105
11.720     232.105
11.726     233.333
11.732     232.105
11.738     232.105
11.743     232.105
11.749     232.105
11.755     230.890
11.761     232.105
11.767     232.105
11.773     230.890
11.778     232.105
11.784     230.890
11.790     230.890
11.796     232.105
11.802     226.154
11.807     243.646
11.813     116.359
11.819     116.667
11.825     0.000
11.831     0.000
11.836     0.000
11.842     0.000
11.848     0.000
11.854     0.000
11.860     0.000
11.865     0.000
11.871     0.000
11.877     0.000
11.883     0.000
11.889     0.000
11.894     0.000
11.900     0.000
11.906     0.000
11.912     232.105
11.918     230.890
11.923     233.333
11.929     233.333
11.935     232.105
11.941     230.890
11.947     232.105
11.952     232.105
11.958     232.105
11.964     232.105
11.970     232.105
11.976     230.890
11.981     232.105
11.987     232.105
11.993     230.890
11.999     0.000
12.005     0.000
12.011     0.000
12.016     0.000
12.022     0.000
12.028     0.000
12.034     0.000
12.040     0.000
12.045     0.000
12.051     0.000
12.057     0.000
12.063     0.000
12.069     0.000
12.074     0.000
12.080     0.000
12.086     0.000
12.092     0.000
12.098     0.000
12.103     0.000
12.109     0.000
12.115     0.000
12.121     0.000
12.127     0.000
12.132     0.000
12.138     0.000
12.144     0.000
12.150     0.000
12.156     0.000
12.161     0.000
12.167     0.000
12.173     0.000
12.179     0.000
12.185     0.000
12.190     0.000
12.196     0.000
12.202     0.000
12.208     0.000
12.214     0.000
12.220     0.000
12.225     0.000
12.231     0.000
12.237     0.000
12.243     0.000
12.249     0.000
12.254     0.000
12.260     0.000
12.266     0.000
12.272     0.000
12.278     0.000
12.283     0.000
12.289     0.000
12.295     0.000
12.301     0.000
12.307     0.000
12.312     0.000
12.318     0.000
12.324     0.000
12.330     0.000
12.336     0.000
12.341     0.000
12.347     0.000
12.353     0.000
12.359     0.000
12.365     0.000
12.370     0.000
12.376     0.000
12.382     0.000
12.388     0.000
12.394     0.000
12.399     0.000
12.405     0.000
12.411     0.000
12.417     0.000
12.423     0.000
12.428     0.000
12.434     0.000
12.440     0.000
12.446     0.000
12.452     0.000
12.458     0.000
12.463     0.000
12.469     0.000
12.475     0.000
12.481     205.116
12.487     205.116
12.492     206.075
12.498     205.116
12.504     207.042
12.510     206.075
12.516     205.116
12.521     206.075
12.527     205.116
12.533     207.042
12.539     206.075
12.545     205.116
12.550     206.075
12.556     206.075
12.562     207.042
12.568     206.075
12.574     206.075
12.579     206.075
12.585     207.042
12.591     206.075
12.597     206.075
12.603     206.075
12.608     203.226
12.614     204.167
12.620     202.294
12.626     201.370
12.632     204.167
12.637     201.370
12.643     203.226
12.649     204.167
12.655     202.294
12.661     202.294
12.666     201.370
12.672     201.370
12.678     198.649
12.684     199.548
12.690     196.875
12.696     196.875
12.701     197.758
12.707     196.875
12.713     197.758
12.719     197.758
12.725     196.000
12.730     196.875
12.736     0.000
12.742     0.000
12.748     0.000
12.754     0.000
12.759     0.000
12.765     0.000
12.771     0.000
12.777     0.000
12.783     0.000
12.788     0.000
12.794     0.000
12.800     0.000
12.806     0.000
12.812     0.000
12.817     0.000
12.823     0.000
12.829     0.000
12.835     0.000
12.841     0.000
12.846     0.000
12.852     0.000
12.858     0.000
12.864     0.000
12.870     0.000
12.875     0.000
12.881     0.000
12.887     0.000
12.893     0.000
12.899     0.000
12.904     0.000
12.910     0.000
12.916     0.000
12.922     0.000
12.928     0.000
12.934     0.000
12.939     195.133
12.945     194.273
12.951     195.133
12.957     195.133
12.963     195.133
12.968     195.133
12.974     195.133
12.980     195.133
12.986     195.133
12.992     196.000
12.997     196.000
13.003     196.000
13.009     196.000
13.015     195.133
13.021     195.133
13.026     195.133
13.032     195.133
13.038     195.133
13.044     195.133
13.050     196.875
13.055     195.133
13.061     196.000
13.067     195.133
13.073     196.000
13.079     195.133
13.084     196.000
13.090     196.875
13.096     196.000
13.102     196.000
13.108     196.000
13.113     196.000
13.119     196.000
13.125     196.875
13.131     196.000
13.137     196.000
13.142     192.576
13.148     196.875
13.154     184.519
13.160     197.758
13.166     182.988
13.172     196.875
13.177     198.649
13.183     196.875
13.189     188.462
13.195     192.576
13.201     196.875
13.206     186.864
13.212     197.758
13.218     196.000
13.224     196.000
13.230     195.133
13.235     194.273
13.241     195.133
13.247     192.576
13.253     196.000
13.259     193.421
13.264     195.133
13.270     196.000
13.276     195.133
13.282     196.000
13.288     193.421
13.293     196.875
13.299     195.133
13.305     194.273
13.311     193.421
13.317     196.875
13.322     195.133
13.328     195.133
13.334     197.758
13.340     194.273
13.346     195.133
13.351     196.875
13.357     194.273
13.363     196.875
13.369     195.133
13.375     197.758
13.380     195.133
13.386     197.758
13.392     196.875
13.398     196.875
13.404     195.133
13.410     196.000
13.415     197.758
13.421     192.576
13.427     197.758
13.433     196.000
13.439     196.875
13.444     196.000
13.450     195.133
13.456     196.000
13.462     195.133
13.468     196.875
13.473     194.273
13.479     197.758
13.485     197.758
13.491     196.000
13.497     196.000
13.502     195.133
13.508     197.758
13.514     198.649
13.520     195.133
13.526     196.000
13.531     196.875
13.537     196.000
13.543     195.133
13.549     196.875
13.555     197.758
13.560     196.000
13.566     196.000
13.572     196.000
13.578     196.875
13.584     195.133
13.589     197.758
13.595     196.000
13.601     196.875
13.607     196.875
13.613     196.000
13.619     196.875
13.624     194.273
13.630     196.875
13.636     194.273
13.642     196.875
13.648     201.370
13.653     195.133
13.659     197.758
13.665     195.133
13.671     196.875
13.677     195.133
13.682     197.758
13.688     196.000
13.694     197.758
13.700     196.000
13.706     196.000
13.711     197.758
13.717     195.133
13.723     199.548
13.729     197.758
13.735     196.000
13.740     196.875
13.746     196.000
13.752     196.875
13.758     196.875
13.764     197.758
13.769     196.875
13.775     197.758
13.781     196.875
13.787     195.133
13.793     196.875
13.798     194.273
13.804     198.649
13.810     196.000
13.816     197.758
13.822     195.133
13.827     196.875
13.833     196.000
13.839     195.133
13.845     196.875
13.851     196.000
13.857     194.273
13.862     195.133
13.868     196.875
13.874     196.875
13.880     196.875
13.886     0.000
13.891     0.000
13.897     0.000
13.903     0.000
13.909     0.000
13.915     0.000
13.920     0.000
13.926     0.000
13.932     0.000
13.938     0.000
13.944     0.000
13.949     0.000
13.955     0.000
13.961     0.000
13.967     0.000
13.973     0.000
13.978     0.000
13.984     0.000
13.990     0.000
13.996     0.000
14.002     0.000
14.007     0.000
14.013     0.000
14.019     0.000
14.025     0.000
14.031     0.000
14.036     0.000
14.042     0.000
14.048     0.000
14.054     0.000
14.060     0.000
14.065     0.000
14.071     0.000
14.077     0.000
14.083     0.000
14.089     0.000
14.095     0.000
14.100     0.000
14.106     0.000
14.112     0.000
14.118     0.000
14.124     0.000
14.129     0.000
14.135     0.000
14.141     0.000
14.147     0.000
14.153     0.000
14.158     0.000
14.164     0.000
14.170     0.000
14.176     0.000
14.182     0.000
14.187     0.000
14.193     0.000
14.199     0.000
14.205     0.000
14.211     0.000
14.216     0.000
14.222     0.000
14.228     0.000
14.234     0.000
14.240     0.000
14.245     0.000
14.251     0.000
14.257     0.000
14.263     0.000
14.269     0.000
14.274     0.000
14.280     0.000
14.286     0.000
14.292     0.000
14.298     0.000
14.303     0.000
14.309     0.000
14.315     0.000
14.321     0.000
14.327     0.000
14.333     0.000
14.338     0.000
14.344     0.000
14.350     0.000
14.356     0.000
14.362     0.000
14.367     0.000
14.373     0.000
14.379     0.000
14.385     0.000
14.391     0.000
14.396     0.000
14.402     0.000
14.408     0.000
14.414     0.000
14.420     0.000
14.425     0.000
14.431     0.000
14.437     0.000
14.443     0.000
14.449     352.800
14.454     352.800
14.460     350.000
14.466     350.000
14.472     350.000
14.478     350.000
14.483     350.000
14.489     350.000
14.495     350.000
14.501     352.800
14.507     350.000
14.512     352.800
14.518     350.000
14.524     350.000
14.530     350.000
14.536     350.000
14.541     350.000
14.547     350.000
14.553     350.000
14.559     350.000
14.565     350.000
14.571     350.000
14.576     350.000
14.582     350.000
14.588     350.000
14.594     350.000
14.600     350.000
14.605     350.000
14.611     350.000
14.617     350.000
14.623     350.000
14.629     350.000
14.634     350.000
14.640     350.000
14.646     350.000
14.652     350.000
14.658     352.800
14.663     0.000
14.669     0.000
14.675     0.000
14.681     0.000
14.687     0.000
14.692     0.000
14.698     0.000
14.704     0.000
14.710     0.000
14.716     0.000
14.721     0.000
14.727     0.000
14.733     0.000
14.739     0.000
14.745     0.000
14.750     0.000
14.756     0.000
14.762     0.000
14.768     0.000
14.774     0.000
14.780     0.000
14.785     0.000
14.791     0.000
14.797     0.000
14.803     0.000
14.809     0.000
14.814     0.000
14.820     0.000
14.826     0.000
14.832     0.000
14.838     0.000
14.843     0.000
14.849     0.000
14.855     0.000
14.861     0.000
14.867     0.000
14.872     0.000
14.878     0.000
14.884     0.000
14.890     0.000
14.896     0.000
14.901     0.000
14.907     0.000
14.913     0.000
14.919     0.000
14.925     0.000
14.930     0.000
14.936     0.000
14.942     0.000
14.948     0.000
14.954     0.000
14.959     308.392
14.965     308.392
14.971     308.392
14.977     308.392
14.983     310.563
14.988     310.563
14.994     310.563
15.000     310.563
15.006     312.766
15.012     312.766
15.018     310.563
15.023     312.766
15.029     312.766
15.035     312.766
15.041     315.000
15.047     317.266
15.052     312.766
15.058     317.266
15.064     315.000
15.070     315.000
15.076     310.563
15.081     317.266
15.087     319.565
15.093     324.265
15.099     319.565
15.105     317.266
15.110     312.766
15.116     315.000
15.122     317.266
15.128     312.766
15.134     312.766
15.139     310.563
15.145     312.766
15.151     312.766
15.157     312.766
15.163     312.766
15.168     308.392
15.174     308.392
15.180     310.563
15.186     315.000
15.192     324.265
15.197     324.265
15.203     326.667
15.209     329.104
15.215     339.231
15.221     329.104
15.226     329.104
15.232     317.266
15.238     329.104
15.244     326.667
15.250     334.091
15.256     336.641
15.261     331.579
15.267     334.091
15.273     331.579
15.279     319.565
15.285     321.898
15.290     319.565
15.296     319.565
15.302     315.000
15.308     329.104
15.314     324.265
15.319     331.579
15.325     326.667
15.331     326.667
15.337     324.265
15.343     321.898
15.348     315.000
15.354     315.000
15.360     317.266
15.366     321.898
15.372     324.265
15.377     329.104
15.383     324.265
15.389     326.667
15.395     324.265
15.401     317.266
15.406     317.266
15.412     319.565
15.418     315.000
15.424     317.266
15.430     319.565
15.435     321.898
15.441     326.667
15.447     319.565
15.453     324.265
15.459     317.266
15.464     321.898
15.470     315.000
15.476     321.898
15.482     317.266
15.488     319.565
15.494     321.898
15.499     326.667
15.505     319.565
15.511     319.565
15.517     319.565
15.523     317.266
15.528     319.565
15.534     312.766
15.540     319.565
15.546     312.766
15.552     319.565
15.557     312.766
15.563     317.266
15.569     317.266
15.575     315.000
15.581     315.000
15.586     315.000
15.592     312.766
15.598     317.266
15.604     315.000
15.610     312.766
15.615     312.766
15.621     312.766
15.627     317.266
15.633     310.563
15.639     315.000
15.644     310.563
15.650     315.000
15.656     315.000
15.662     312.766
15.668     312.766
15.673     312.766
15.679     310.563
15.685     315.000
15.691     312.766
15.697     315.000
15.702     312.766
15.708     304.138
15.714     321.898
15.720     321.898
15.726     321.898
15.732     319.565
15.737     317.266
15.743     317.266
15.749     315.000
15.755     312.766
15.761     315.000
15.766     310.563
15.772     317.266
15.778     310.563
15.784     315.000
15.790     310.563
15.795     315.000
15.801     315.000
15.807     315.000
15.813     312.766
15.819     312.766
15.824     312.766
15.830     315.000
15.836     312.766
15.842     312.766
15.848     312.766
15.853     310.563
15.859     312.766
15.865     310.563
15.871     315.000
15.877     310.563
15.882     312.766
15.888     310.563
15.894     312.766
15.900     310.563
15.906     312.766
15.911     310.563
15.917     0.000
15.923     0.000
15.929     0.000
15.935     0.000
15.940     0.000
15.946     0.000
15.952     0.000
15.958     0.000
15.964     0.000
15.970     0.000
15.975     0.000
15.981     0.000
15.987     0.000
15.993     0.000
15.999     0.000
16.004     0.000
16.010     0.000
16.016     0.000
16.022     0.000
16.028     0.000
16.033     0.000
16.039     0.000
16.045     0.000
16.051     0.000
16.057     0.000
16.062     0.000
16.068     0.000
16.074     0.000
16.080     0.000
16.086     341.860
16.091     344.531
16.097     344.531
16.103     344.531
16.109     339.231
16.115     344.531
16.120     329.104
16.126     329.104
16.132     331.579
16.138     331.579
16.144     334.091
16.149     341.860
16.155     347.244
16.161     344.531
16.167     344.531
16.173     344.531
16.179     341.860
16.184     344.531
16.190     339.231
16.196     336.641
16.202     339.231
16.208     0.000
16.213     0.000
16.219     0.000
16.225     0.000
16.231     0.000
16.237     0.000
16.242     0.000
16.248     0.000
16.254     0.000
16.260     0.000
16.266     0.000
16.271     0.000
16.277     0.000
16.283     0.000
16.289     0.000
16.295     0.000
16.300     0.000
16.306     0.000
16.312     0.000
16.318     0.000
16.324     0.000
16.329     0.000
16.335     0.000
16.341     0.000
16.347     0.000
16.353     0.000
16.358     0.000
16.364     0.000
16.370     0.000
16.376     0.000
16.382     0.000
16.387     0.000
16.393     0.000
16.399     0.000
16.405     0.000
16.411     0.000
16.417     0.000
16.422     0.000
16.428     0.000
16.434     0.000
16.440     0.000
16.446     0.000
16.451     0.000
16.457     0.000
16.463     0.000
16.469     0.000
16.475     0.000
16.480     0.000
16.486     0.000
16.492     0.000
16.498     0.000
16.504     0.000
16.509     0.000
16.515     0.000
16.521     0.000
16.527     0.000
16.533     0.000
16.538     0.000
16.544     0.000
16.550     0.000
16.556     0.000
16.562     0.000
16.567     0.000
16.573     0.000
16.579     0.000
16.585     0.000
16.591     0.000
16.596     0.000
16.602     0.000
16.608     0.000
16.614     0.000
16.620     0.000
16.625     0.000
16.631     0.000
16.637     0.000
16.643     0.000
16.649     0.000
16.655     0.000
16.660     0.000
16.666     0.000
16.672     0.000
16.678     0.000
16.684     0.000
16.689     0.000
16.695     0.000
16.701     0.000
16.707     0.000
16.713     0.000
16.718     0.000
