0.000     0.000
0.006     0.000
0.012     0.000
0.017     0.000
0.023     0.000
0.029     0.000
0.035     0.000
0.041     0.000
0.046     0.000
0.052     0.000
0.058     0.000
0.064     0.000
0.070     0.000
0.075     0.000
0.081     0.000
0.087     0.000
0.093     0.000
0.099     260.947
0.104     260.947
0.110     260.947
0.116     260.947
0.122     262.500
0.128     260.947
0.134     262.500
0.139     260.947
0.145     262.500
0.151     262.500
0.157     262.500
0.163     262.500
0.168     262.500
0.174     262.500
0.180     262.500
0.186     262.500
0.192     262.500
0.197     262.500
0.203     262.500
0.209     262.500
0.215     262.500
0.221     262.500
0.226     262.500
0.232     262.500
0.238     262.500
0.244     262.500
0.250     262.500
0.255     262.500
0.261     262.500
0.267     262.500
0.273     262.500
0.279     262.500
0.284     262.500
0.290     262.500
0.296     264.072
0.302     264.072
0.308     264.072
0.313     312.766
0.319     312.766
0.325     310.563
0.331     310.563
0.337     310.563
0.342     310.563
0.348     310.563
0.354     310.563
0.360     310.563
0.366     310.563
0.372     310.563
0.377     310.563
0.383     310.563
0.389     310.563
0.395     310.563
0.401     310.563
0.406     310.563
0.412     310.563
0.418     0.000
0.424     0.000
0.430     0.000
0.435     0.000
0.441     0.000
0.447     0.000
0.453     0.000
0.459     0.000
0.464     0.000
0.470     0.000
0.476     0.000
0.482     0.000
0.488     0.000
0.493     0.000
0.499     0.000
0.505     0.000
0.511     0.000
0.517     0.000
0.522     0.000
0.528     0.000
0.534     0.000
0.540     0.000
0.546     0.000
0.551     0.000
0.557     0.000
0.563     0.000
0.569     0.000
0.575     0.000
0.580     0.000
0.586     0.000
0.592     0.000
0.598     0.000
0.604     0.000
0.610     0.000
0.615     0.000
0.621     0.000
0.627     0.000
0.633     0.000
0.639     0.000
0.644     0.000
0.650     0.000
0.656     0.000
0.662     0.000
0.668     0.000
0.673     130.473
0.679     130.473
0.685     131.250
0.691     130.473
0.697     130.473
0.702     130.473
0.708     131.250
0.714     131.250
0.720     131.250
0.726     131.250
0.731     131.250
0.737     131.250
0.743     131.250
0.749     131.250
0.755     131.250
0.760     131.250
0.766     131.250
0.772     131.250
0.778     131.250
0.784     131.250
0.789     131.250
0.795     131.250
0.801     131.250
0.807     132.036
0.813     131.250
0.819     131.250
0.824     131.250
0.830     131.250
0.836     131.250
0.842     131.250
0.848     131.250
0.853     131.250
0.859     131.250
0.865     132.036
0.871     131.250
0.877     132.036
0.882     352.800
0.888     142.718
0.894     153.659
0.900     154.196
0.906     154.196
0.911     0.000
0.917     0.000
0.923     0.000
0.929     0.000
0.935     0.000
0.940     0.000
0.946     0.000
0.952     0.000
0.958     0.000
0.964     0.000
0.969     0.000
0.975     0.000
0.981     0.000
0.987     0.000
0.993     0.000
0.998     0.000
1.004     0.000
1.010     0.000
1.016     0.000
1.022     0.000
1.027     0.000
1.033     0.000
1.039     0.000
1.045     0.000
1.051     0.000
1.057     0.000
1.062     0.000
1.068     0.000
1.074     0.000
1.080     0.000
1.086     0.000
1.091     0.000
1.097     0.000
1.103     0.000
1.109     0.000
1.115     0.000
1.120     0.000
1.126     0.000
1.132     0.000
1.138     0.000
1.144     0.000
1.149     0.000
1.155     0.000
1.161     0.000
1.167     0.000
1.173     0.000
1.178     0.000
1.184     0.000
1.190     0.000
1.196     0.000
1.202     0.000
1.207     0.000
1.213     0.000
1.219     0.000
1.225     0.000
1.231     0.000
1.236     0.000
1.242     0.000
1.248     0.000
1.254     0.000
1.260     0.000
1.265     0.000
1.271     0.000
1.277     0.000
1.283     0.000
1.289     0.000
1.295     0.000
1.300     0.000
1.306     0.000
1.312     0.000
1.318     0.000
1.324     0.000
1.329     0.000
1.335     0.000
1.341     0.000
1.347     0.000
1.353     0.000
1.358     0.000
1.364     0.000
1.370     0.000
1.376     0.000
1.382     0.000
1.387     0.000
1.393     0.000
1.399     0.000
1.405     0.000
1.411     0.000
1.416     0.000
1.422     0.000
1.428     0.000
1.434     0.000
1.440     0.000
1.445     0.000
1.451     0.000
1.457     0.000
1.463     0.000
1.469     0.000
1.474     0.000
1.480     0.000
1.486     0.000
1.492     0.000
1.498     0.000
1.503     0.000
1.509     0.000
1.515     0.000
1.521     0.000
1.527     0.000
1.533     0.000
1.538     0.000
1.544     0.000
1.550     0.000
1.556     0.000
1.562     0.000
1.567     0.000
1.573     0.000
1.579     0.000
1.585     0.000
1.591     0.000
1.596     0.000
1.602     0.000
1.608     0.000
1.614     0.000
1.620     0.000
1.625     0.000
1.631     0.000
1.637     0.000
1.643     0.000
1.649     0.000
1.654     0.000
1.660     0.000
1.666     0.000
1.672     0.000
1.678     0.000
1.683     0.000
1.689     0.000
1.695     0.000
1.701     0.000
1.707     0.000
1.712     0.000
1.718     0.000
1.724     0.000
1.730     0.000
1.736     0.000
1.741     0.000
1.747     0.000
1.753     0.000
1.759     0.000
1.765     0.000
1.771     0.000
1.776     0.000
1.782     0.000
1.788     0.000
1.794     0.000
1.800     0.000
1.805     0.000
1.811     0.000
1.817     0.000
1.823     0.000
1.829     0.000
1.834     0.000
1.840     0.000
1.846     0.000
1.852     0.000
1.858     0.000
1.863     0.000
1.869     0.000
1.875     0.000
1.881     0.000
1.887     0.000
1.892     0.000
1.898     0.000
1.904     0.000
1.910     0.000
1.916     0.000
1.921     0.000
1.927     0.000
1.933     0.000
1.939     0.000
1.945     0.000
1.950     0.000
1.956     0.000
1.962     0.000
1.968     0.000
1.974     0.000
1.980     0.000
1.985     0.000
1.991     0.000
1.997     0.000
2.003     0.000
2.009     0.000
2.014     0.000
2.020     0.000
2.026     0.000
2.032     0.000
2.038     0.000
2.043     0.000
2.049     0.000
2.055     0.000
2.061     0.000
2.067     174.308
2.072     174.308
2.078     174.308
2.084     174.308
2.090     174.308
2.096     175.000
2.101     174.308
2.107     175.000
2.113     175.000
2.119     175.000
2.125     175.000
2.130     175.000
2.136     175.000
2.142     175.000
2.148     175.000
2.154     175.000
2.159     175.000
2.165     175.000
2.171     175.000
2.177     175.697
2.183     175.000
2.188     175.000
2.194     175.000
2.200     361.475
2.206     175.000
2.212     175.000
2.218     175.000
2.223     175.000
2.229     175.000
2.235     175.000
2.241     175.000
2.247     175.000
2.252     175.000
2.258     174.308
2.264     175.000
2.270     175.000
2.276     175.000
2.281     175.000
2.287     175.000
2.293     175.000
2.299     175.000
2.305     175.000
2.310     174.308
2.316     175.000
2.322     175.000
2.328     175.000
2.334     175.000
2.339     175.000
2.345     175.000
2.351     175.000
2.357     175.000
2.363     175.000
2.368     175.000
2.374     175.000
2.380     175.000
2.386     175.000
2.392     175.000
2.397     175.000
2.403     174.308
2.409     175.000
2.415     175.697
2.421     175.000
2.426     175.697
2.432     175.000
2.438     174.308
2.444     175.697
2.450     175.000
2.456     174.308
2.461     175.000
2.467     175.000
2.473     175.000
2.479     175.000
2.485     175.000
2.490     175.000
2.496     175.697
2.502     175.000
2.508     175.000
2.514     175.000
2.519     175.000
2.525     175.000
2.531     175.000
2.537     175.000
2.543     175.697
2.548     174.308
2.554     175.697
2.560     175.000
2.566     175.000
2.572     176.400
2.577     175.697
2.583     175.000
2.589     175.697
2.595     175.000
2.601     175.697
2.606     175.000
2.612     174.308
2.618     175.000
2.624     175.000
2.630     175.000
2.635     175.000
2.641     175.000
2.647     175.697
2.653     175.000
2.659     175.697
2.664     175.000
2.670     175.000
2.676     175.697
2.682     175.000
2.688     175.000
2.694     175.000
2.699     175.000
2.705     175.000
2.711     175.697
2.717     175.000
2.723     175.697
2.728     175.000
2.734     175.000
2.740     175.000
2.746     175.697
2.752     175.000
2.757     175.000
2.763     175.000
2.769     175.000
2.775     175.697
2.781     175.000
2.786     176.400
2.792     174.308
2.798     176.400
2.804     177.108
2.810     175.697
2.815     177.823
2.821     177.823
2.827     176.400
2.833     176.400
2.839     176.400
2.844     175.697
2.850     175.697
2.856     175.697
2.862     175.697
2.868     175.697
2.873     175.697
2.879     175.000
2.885     175.697
2.891     174.308
2.897     175.697
2.902     175.000
2.908     175.697
2.914     175.000
2.920     175.000
2.926     175.000
2.932     175.000
2.937     175.000
2.943     0.000
2.949     0.000
2.955     0.000
2.961     0.000
2.966     0.000
2.972     0.000
2.978     0.000
2.984     0.000
2.990     0.000
2.995     0.000
3.001     0.000
3.007     0.000
3.013     0.000
3.019     0.000
3.024     0.000
3.030     0.000
3.036     0.000
3.042     0.000
3.048     0.000
3.053     0.000
3.059     0.000
3.065     0.000
3.071     0.000
3.077     0.000
3.082     0.000
3.088     0.000
3.094     0.000
3.100     0.000
3.106     0.000
3.111     0.000
3.117     0.000
3.123     0.000
3.129     0.000
3.135     0.000
3.140     0.000
3.146     0.000
3.152     0.000
3.158     0.000
3.164     0.000
3.170     0.000
3.175     0.000
3.181     0.000
3.187     0.000
3.193     0.000
3.199     0.000
3.204     0.000
3.210     0.000
3.216     0.000
3.222     0.000
3.228     0.000
3.233     0.000
3.239     0.000
3.245     0.000
3.251     0.000
3.257     0.000
3.262     0.000
3.268     0.000
3.274     174.308
3.280     175.000
3.286     175.000
3.291     175.000
3.297     175.000
3.303     175.000
3.309     175.697
3.315     175.000
3.320     179.268
3.326     182.988
3.332     182.988
3.338     170.930
3.344     177.108
3.349     176.400
3.355     176.400
3.361     177.823
3.367     177.108
3.373     173.622
3.379     178.543
3.384     176.400
3.390     175.697
3.396     176.400
3.402     178.543
3.408     176.400
3.413     178.543
3.419     177.823
3.425     177.823
3.431     173.622
3.437     181.481
3.442     174.308
3.448     175.000
3.454     176.400
3.460     174.308
3.466     175.697
3.471     176.400
3.477     175.000
3.483     180.738
3.489     179.268
3.495     173.622
3.500     174.308
3.506     174.308
3.512     177.823
3.518     177.823
3.524     175.697
3.529     175.697
3.535     176.400
3.541     175.000
3.547     175.697
3.553     0.000
3.558     0.000
3.564     0.000
3.570     0.000
3.576     0.000
3.582     0.000
3.587     0.000
3.593     0.000
3.599     0.000
3.605     0.000
3.611     0.000
3.617     0.000
3.622     0.000
3.628     0.000
3.634     0.000
3.640     0.000
3.646     0.000
3.651     0.000
3.657     0.000
3.663     0.000
3.669     0.000
3.675     0.000
3.680     0.000
3.686     0.000
3.692     0.000
3.698     0.000
3.704     0.000
3.709     0.000
3.715     0.000
3.721     0.000
3.727     0.000
3.733     0.000
3.738     0.000
3.744     0.000
3.750     0.000
3.756     0.000
3.762     0.000
3.767     0.000
3.773     0.000
3.779     0.000
3.785     0.000
3.791     0.000
3.796     0.000
3.802     0.000
3.808     0.000
3.814     0.000
3.820     0.000
3.825     0.000
3.831     0.000
3.837     0.000
3.843     0.000
3.849     0.000
3.855     0.000
3.860     0.000
3.866     0.000
3.872     0.000
3.878     0.000
3.884     0.000
3.889     0.000
3.895     0.000
3.901     0.000
3.907     0.000
3.913     0.000
3.918     0.000
3.924     0.000
3.930     0.000
3.936     0.000
3.942     0.000
3.947     0.000
3.953     0.000
3.959     0.000
3.965     0.000
3.971     0.000
3.976     0.000
3.982     0.000
3.988     0.000
3.994     0.000
4.000     0.000
4.005     0.000
4.011     0.000
4.017     0.000
4.023     0.000
4.029     0.000
4.034     0.000
4.040     0.000
4.046     0.000
4.052     0.000
4.058     0.000
4.063     0.000
4.069     0.000
4.075     0.000
4.081     0.000
4.087     0.000
4.093     0.000
4.098     0.000
4.104     0.000
4.110     0.000
4.116     0.000
4.122     0.000
4.127     0.000
4.133     0.000
4.139     0.000
4.145     0.000
4.151     0.000
4.156     0.000
4.162     0.000
4.168     0.000
4.174     0.000
4.180     0.000
4.185     0.000
4.191     0.000
4.197     0.000
4.203     0.000
4.209     0.000
4.214     0.000
4.220     0.000
4.226     0.000
4.232     0.000
4.238     0.000
4.243     0.000
4.249     0.000
4.255     0.000
4.261     0.000
4.267     0.000
4.272     0.000
4.278     0.000
4.284     0.000
4.290     0.000
4.296     0.000
4.301     0.000
4.307     0.000
4.313     0.000
4.319     0.000
4.325     0.000
4.331     0.000
4.336     0.000
4.342     0.000
4.348     0.000
4.354     0.000
4.360     0.000
4.365     0.000
4.371     0.000
4.377     0.000
4.383     0.000
4.389     0.000
4.394     0.000
4.400     0.000
4.406     0.000
4.412     0.000
4.418     0.000
4.423     0.000
4.429     0.000
4.435     0.000
4.441     0.000
4.447     0.000
4.452     0.000
4.458     0.000
4.464     0.000
4.470     130.473
4.476     130.473
4.481     130.473
4.487     130.473
4.493     130.473
4.499     130.473
4.505     130.473
4.510     130.473
4.516     130.473
4.522     130.473
4.528     130.473
4.534     130.473
4.540     130.473
4.545     130.473
4.551     131.250
4.557     131.250
4.563     130.473
4.569     130.473
4.574     131.250
4.580     131.250
4.586     131.250
4.592     130.473
4.598     131.250
4.603     131.250
4.609     131.250
4.615     130.473
4.621     131.250
4.627     131.250
4.632     131.250
4.638     131.250
4.644     131.250
4.650     131.250
4.656     132.036
4.661     312.766
4.667     315.000
4.673     312.766
4.679     310.563
4.685     312.766
4.690     310.563
4.696     310.563
4.702     310.563
4.708     310.563
4.714     310.563
4.719     310.563
4.725     310.563
4.731     310.563
4.737     310.563
4.743     310.563
4.748     310.563
4.754     310.563
4.760     310.563
4.766     310.563
4.772     312.766
4.778     310.563
4.783     312.766
4.789     310.563
4.795     310.563
4.801     310.563
4.807     0.000
4.812     0.000
4.818     0.000
4.824     0.000
4.830     0.000
4.836     0.000
4.841     0.000
4.847     0.000
4.853     0.000
4.859     0.000
4.865     0.000
4.870     0.000
4.876     0.000
4.882     0.000
4.888     0.000
4.894     0.000
4.899     0.000
4.905     0.000
4.911     0.000
4.917     0.000
4.923     0.000
4.928     0.000
4.934     0.000
4.940     0.000
4.946     0.000
4.952     0.000
4.957     0.000
4.963     0.000
4.969     0.000
4.975     0.000
4.981     0.000
4.986     0.000
4.992     0.000
4.998     0.000
5.004     0.000
5.010     0.000
5.016     0.000
5.021     0.000
5.027     0.000
5.033     0.000
5.039     0.000
5.045     262.500
5.050     260.947
5.056     262.500
5.062     260.947
5.068     262.500
5.074     262.500
5.079     262.500
5.085     262.500
5.091     262.500
5.097     262.500
5.103     260.947
5.108     262.500
5.114     262.500
5.120     262.500
5.126     262.500
5.132     262.500
5.137     262.500
5.143     262.500
5.149     262.500
5.155     262.500
5.161     262.500
5.166     262.500
5.172     262.500
5.178     262.500
5.184     262.500
5.190     262.500
5.195     262.500
5.201     262.500
5.207     262.500
5.213     262.500
5.219     264.072
5.224     264.072
5.230     268.902
5.236     306.250
5.242     308.392
5.248     308.392
5.254     308.392
5.259     310.563
5.265     310.563
5.271     310.563
5.277     310.563
5.283     310.563
5.288     310.563
5.294     310.563
5.300     310.563
5.306     308.392
5.312     308.392
5.317     308.392
5.323     308.392
5.329     310.563
5.335     310.563
5.341     310.563
5.346     310.563
5.352     308.392
5.358     308.392
5.364     308.392
5.370     308.392
5.375     308.392
5.381     306.250
5.387     304.138
5.393     304.138
5.399     304.138
5.404     306.250
5.410     308.392
5.416     308.392
5.422     310.563
5.428     308.392
5.433     310.563
5.439     341.860
5.445     341.860
5.451     339.231
5.457     373.729
5.462     376.923
5.468     380.172
5.474     352.800
5.480     173.622
5.486     168.966
5.492     167.681
5.497     172.266
5.503     172.941
5.509     172.941
5.515     173.622
5.521     172.941
5.526     172.941
5.532     172.941
5.538     172.941
5.544     172.941
5.550     172.941
5.555     172.941
5.561     173.622
5.567     172.941
5.573     0.000
5.579     0.000
5.584     0.000
5.590     0.000
5.596     0.000
5.602     0.000
5.608     0.000
5.613     0.000
5.619     0.000
5.625     0.000
5.631     0.000
5.637     0.000
5.642     0.000
5.648     0.000
5.654     0.000
5.660     0.000
5.666     0.000
5.671     0.000
5.677     0.000
5.683     0.000
5.689     0.000
5.695     0.000
5.700     0.000
5.706     0.000
5.712     0.000
5.718     0.000
5.724     0.000
5.730     0.000
5.735     0.000
5.741     0.000
5.747     0.000
5.753     0.000
5.759     0.000
5.764     0.000
5.770     0.000
5.776     0.000
5.782     0.000
5.788     0.000
5.793     0.000
5.799     0.000
5.805     0.000
5.811     0.000
5.817     0.000
5.822     0.000
5.828     0.000
5.834     0.000
5.840     0.000
5.846     0.000
5.851     0.000
5.857     0.000
5.863     0.000
5.869     0.000
5.875     0.000
5.880     0.000
5.886     0.000
5.892     0.000
5.898     0.000
5.904     0.000
5.909     0.000
5.915     0.000
5.921     0.000
5.927     0.000
5.933     0.000
5.939     0.000
5.944     0.000
5.950     0.000
5.956     0.000
5.962     0.000
5.968     0.000
5.973     0.000
5.979     0.000
5.985     0.000
5.991     0.000
5.997     0.000
6.002     0.000
6.008     0.000
6.014     0.000
6.020     0.000
6.026     0.000
6.031     0.000
6.037     0.000
6.043     0.000
6.049     0.000
6.055     0.000
6.060     0.000
6.066     0.000
6.072     0.000
6.078     0.000
6.084     0.000
6.089     0.000
6.095     0.000
6.101     0.000
6.107     0.000
6.113     0.000
6.118     0.000
6.124     0.000
6.130     0.000
6.136     0.000
6.142     0.000
6.147     0.000
6.153     0.000
6.159     0.000
6.165     0.000
6.171     0.000
6.177     0.000
6.182     0.000
6.188     0.000
6.194     0.000
6.200     0.000
6.206     0.000
6.211     0.000
6.217     0.000
6.223     0.000
6.229     0.000
6.235     0.000
6.240     0.000
6.246     0.000
6.252     0.000
6.258     0.000
6.264     0.000
6.269     0.000
6.275     0.000
6.281     0.000
6.287     0.000
6.293     0.000
6.298     0.000
6.304     0.000
6.310     0.000
6.316     0.000
6.322     0.000
6.327     0.000
6.333     0.000
6.339     0.000
6.345     0.000
6.351     0.000
6.356     0.000
6.362     0.000
6.368     0.000
6.374     0.000
6.380     0.000
6.385     0.000
6.391     0.000
6.397     0.000
6.403     0.000
6.409     0.000
6.415     0.000
6.420     0.000
6.426     0.000
6.432     0.000
6.438     0.000
6.444     0.000
6.449     0.000
6.455     0.000
6.461     0.000
6.467     0.000
6.473     0.000
6.478     0.000
6.484     174.308
6.490     174.308
6.496     175.000
6.502     174.308
6.507     361.475
6.513     174.308
6.519     175.000
6.525     175.000
6.531     175.000
6.536     175.000
6.542     175.000
6.548     175.000
6.554     175.000
6.560     175.697
6.565     175.000
6.571     175.697
6.577     175.000
6.583     175.000
6.589     175.000
6.594     175.000
6.600     175.000
6.606     175.000
6.612     175.697
6.618     175.697
6.623     176.400
6.629     176.400
6.635     175.697
6.641     175.697
6.647     175.000
6.653     175.000
6.658     175.000
6.664     175.697
6.670     175.697
6.676     175.000
6.682     175.697
6.687     175.000
6.693     175.697
6.699     361.475
6.705     175.697
6.711     175.000
6.716     175.697
6.722     173.622
6.728     175.697
6.734     175.697
6.740     175.697
6.745     174.308
6.751     176.400
6.757     175.000
6.763     175.697
6.769     175.697
6.774     175.000
6.780     175.000
6.786     175.697
6.792     174.308
6.798     175.000
6.803     175.000
6.809     175.000
6.815     175.000
6.821     175.697
6.827     175.000
6.832     175.000
6.838     175.000
6.844     175.000
6.850     175.000
6.856     175.000
6.861     175.000
6.867     175.000
6.873     175.000
6.879     175.000
6.885     175.000
6.891     174.308
6.896     175.000
6.902     174.308
6.908     175.000
6.914     175.000
6.920     174.308
6.925     175.697
6.931     175.697
6.937     175.697
6.943     175.000
6.949     175.000
6.954     175.000
6.960     174.308
6.966     174.308
6.972     175.000
6.978     174.308
6.983     175.000
6.989     174.308
6.995     174.308
7.001     175.000
7.007     174.308
7.012     175.000
7.018     175.000
7.024     175.000
7.030     175.000
7.036     175.000
7.041     175.000
7.047     175.000
7.053     174.308
7.059     175.000
7.065     175.000
7.070     175.000
7.076     174.308
7.082     175.000
7.088     175.000
7.094     175.000
7.100     174.308
7.105     175.000
7.111     174.308
7.117     175.000
7.123     174.308
7.129     175.000
7.134     175.000
7.140     174.308
7.146     175.000
7.152     174.308
7.158     175.000
7.163     175.000
7.169     174.308
7.175     181.481
7.181     175.697
7.187     176.400
7.192     175.697
7.198     175.000
7.204     175.000
7.210     174.308
7.216     174.308
7.221     175.000
7.227     174.308
7.233     176.400
7.239     174.308
7.245     175.000
7.250     175.000
7.256     174.308
7.262     175.697
7.268     175.000
7.274     174.308
7.279     175.000
7.285     175.000
7.291     174.308
7.297     175.000
7.303     174.308
7.308     0.000
7.314     0.000
7.320     0.000
7.326     0.000
7.332     0.000
7.338     0.000
7.343     0.000
7.349     0.000
7.355     0.000
7.361     0.000
7.367     0.000
7.372     0.000
7.378     0.000
7.384     0.000
7.390     0.000
7.396     0.000
7.401     0.000
7.407     0.000
7.413     0.000
7.419     0.000
7.425     0.000
7.430     0.000
7.436     0.000
7.442     0.000
7.448     0.000
7.454     0.000
7.459     0.000
7.465     0.000
7.471     0.000
7.477     0.000
7.483     0.000
7.488     0.000
7.494     0.000
7.500     0.000
7.506     0.000
7.512     0.000
7.517     0.000
7.523     0.000
7.529     0.000
7.535     0.000
7.541     0.000
7.546     0.000
7.552     0.000
7.558     0.000
7.564     0.000
7.570     0.000
7.576     0.000
7.581     0.000
7.587     0.000
7.593     0.000
7.599     0.000
7.605     0.000
7.610     0.000
7.616     175.000
7.622     175.000
7.628     175.000
7.634     175.000
7.639     175.697
7.645     174.308
7.651     175.697
7.657     175.000
7.663     175.000
7.668     176.400
7.674     172.941
7.680     179.268
7.686     173.622
7.692     181.481
7.697     172.266
7.703     175.000
7.709     176.400
7.715     177.108
7.721     176.400
7.726     175.697
7.732     358.537
7.738     355.645
7.744     350.000
7.750     177.108
7.755     175.697
7.761     177.108
7.767     175.000
7.773     175.000
7.779     176.400
7.784     177.823
7.790     175.000
7.796     180.000
7.802     177.823
7.808     177.823
7.814     176.400
7.819     175.000
7.825     175.697
7.831     177.108
7.837     174.308
7.843     175.697
7.848     180.000
7.854     175.000
7.860     176.400
7.866     175.000
7.872     175.000
7.877     175.697
7.883     175.000
7.889     176.400
7.895     179.268
7.901     176.400
7.906     0.000
7.912     0.000
7.918     0.000
7.924     0.000
7.930     0.000
7.935     0.000
7.941     0.000
7.947     0.000
7.953     0.000
7.959     0.000
7.964     0.000
7.970     0.000
7.976     0.000
7.982     0.000
7.988     0.000
7.993     0.000
7.999     0.000
8.005     0.000
8.011     0.000
8.017     0.000
8.022     0.000
8.028     0.000
8.034     0.000
8.040     0.000
8.046     0.000
8.052     0.000
8.057     182.231
8.063     175.697
8.069     176.400
8.075     175.697
8.081     174.308
8.086     175.697
8.092     174.308
8.098     176.400
8.104     175.697
8.110     175.000
8.115     175.000
8.121     175.000
8.127     175.000
8.133     178.543
8.139     175.697
8.144     178.543
8.150     175.697
8.156     174.308
8.162     175.697
8.168     175.697
8.173     173.622
8.179     176.400
8.185     0.000
8.191     0.000
8.197     0.000
8.202     0.000
8.208     0.000
8.214     0.000
8.220     0.000
8.226     0.000
8.231     0.000
8.237     0.000
8.243     0.000
8.249     0.000
8.255     0.000
8.260     0.000
8.266     0.000
8.272     0.000
8.278     0.000
8.284     0.000
8.290     0.000
8.295     0.000
8.301     0.000
8.307     0.000
8.313     0.000
8.319     0.000
8.324     0.000
8.330     0.000
8.336     0.000
8.342     0.000
8.348     0.000
8.353     0.000
8.359     0.000
8.365     0.000
8.371     0.000
8.377     0.000
8.382     0.000
8.388     0.000
8.394     0.000
8.400     0.000
8.406     0.000
8.411     0.000
8.417     0.000
8.423     0.000
8.429     0.000
8.435     0.000
8.440     0.000
8.446     0.000
8.452     0.000
8.458     0.000
8.464     0.000
8.469     0.000
8.475     0.000
8.481     0.000
8.487     0.000
8.493     0.000
8.499     0.000
8.504     0.000
8.510     0.000
8.516     0.000
8.522     0.000
8.528     0.000
8.533     0.000
8.539     0.000
8.545     0.000
8.551     0.000
8.557     0.000
8.562     0.000
8.568     0.000
8.574     0.000
8.580     0.000
8.586     0.000
8.591     0.000
8.597     0.000
8.603     0.000
8.609     0.000
8.615     0.000
8.620     0.000
8.626     0.000
8.632     0.000
8.638     0.000
8.644     0.000
8.649     0.000
8.655     0.000
8.661     0.000
8.667     0.000
8.673     0.000
8.678     0.000
8.684     0.000
8.690     0.000
8.696     0.000
8.702     0.000
8.707     0.000
8.713     0.000
8.719     0.000
8.725     0.000
8.731     0.000
8.737     0.000
8.742     0.000
8.748     0.000
8.754     0.000
8.760     0.000
8.766     0.000
8.771     0.000
8.777     0.000
8.783     0.000
8.789     0.000
8.795     0.000
8.800     0.000
8.806     0.000
8.812     0.000
8.818     0.000
8.824     0.000
8.829     0.000
8.835     0.000
8.841     0.000
8.847     0.000
8.853     0.000
8.858     0.000
8.864     0.000
8.870     0.000
8.876     0.000
8.882     0.000
8.887     0.000
8.893     0.000
8.899     0.000
8.905     0.000
8.911     0.000
8.916     0.000
8.922     0.000
8.928     0.000
8.934     0.000
8.940     0.000
8.945     0.000
8.951     0.000
8.957     0.000
8.963     0.000
8.969     0.000
8.975     0.000
8.980     0.000
8.986     0.000
8.992     0.000
8.998     0.000
9.004     0.000
9.009     0.000
9.015     0.000
9.021     0.000
9.027     0.000
9.033     0.000
9.038     0.000
9.044     0.000
9.050     0.000
9.056     0.000
9.062     0.000
9.067     0.000
9.073     0.000
9.079     0.000
9.085     0.000
9.091     0.000
9.096     0.000
9.102     0.000
9.108     0.000
9.114     0.000
9.120     0.000
9.125     0.000
9.131     0.000
9.137     0.000
9.143     0.000
9.149     0.000
9.154     0.000
9.160     0.000
9.166     0.000
9.172     0.000
9.178     0.000
9.183     0.000
9.189     0.000
9.195     0.000
9.201     0.000
9.207     0.000
9.213     0.000
9.218     0.000
9.224     0.000
9.230     0.000
9.236     0.000
9.242     0.000
9.247     0.000
9.253     0.000
9.259     0.000
9.265     0.000
9.271     0.000
9.276     0.000
9.282     0.000
9.288     0.000
9.294     0.000
9.300     0.000
9.305     0.000
9.311     0.000
9.317     0.000
9.323     0.000
9.329     0.000
9.334     0.000
9.340     0.000
9.346     0.000
9.352     0.000
9.358     0.000
9.363     0.000
9.369     0.000
9.375     0.000
9.381     0.000
9.387     354.217
9.392     355.645
9.398     352.800
9.404     355.645
9.410     352.800
9.416     355.645
9.421     352.800
9.427     352.800
9.433     352.800
9.439     352.800
9.445     352.800
9.451     352.800
9.456     355.645
9.462     352.800
9.468     352.800
9.474     355.645
9.480     352.800
9.485     352.800
9.491     355.645
9.497     352.800
9.503     352.800
9.509     352.800
9.514     352.800
9.520     352.800
9.526     352.800
9.532     355.645
9.538     352.800
9.543     352.800
9.549     355.645
9.555     355.645
9.561     355.645
9.567     355.645
9.572     355.645
9.578     355.645
9.584     358.537
9.590     355.645
9.596     358.537
9.601     358.537
9.607     352.800
9.613     352.800
9.619     352.800
9.625     352.800
9.630     350.000
9.636     352.800
9.642     350.000
9.648     352.800
9.654     352.800
9.660     352.800
9.665     352.800
9.671     352.800
9.677     352.800
9.683     352.800
9.689     352.800
9.694     352.800
9.700     352.800
9.706     352.800
9.712     352.800
9.718     352.800
9.723     352.800
9.729     352.800
9.735     352.800
9.741     352.800
9.747     352.800
9.752     355.645
9.758     355.645
9.764     355.645
9.770     355.645
9.776     0.000
9.781     0.000
9.787     0.000
9.793     0.000
9.799     0.000
9.805     0.000
9.810     0.000
9.816     0.000
9.822     0.000
9.828     0.000
9.834     0.000
9.839     0.000
9.845     0.000
9.851     0.000
9.857     0.000
9.863     0.000
9.868     0.000
9.874     0.000
9.880     0.000
9.886     0.000
9.892     0.000
9.898     0.000
9.903     0.000
9.909     0.000
9.915     0.000
9.921     0.000
9.927     0.000
9.932     0.000
9.938     0.000
9.944     0.000
9.950     0.000
9.956     0.000
9.961     0.000
9.967     0.000
9.973     0.000
9.979     0.000
9.985     0.000
9.990     0.000
9.996     0.000
10.002     0.000
10.008     0.000
10.014     0.000
10.019     0.000
10.025     0.000
10.031     0.000
10.037     0.000
10.043     0.000
10.048     0.000
10.054     0.000
10.060     0.000
