0.000     0.000
0.006     0.000
0.012     0.000
0.017     0.000
0.023     0.000
0.029     317.266
0.035     341.860
0.041     334.091
0.046     336.641
0.052     341.860
0.058     173.622
0.064     161.538
0.070     173.622
0.075     168.321
0.081     173.622
0.087     117.600
0.093     113.077
0.099     180.738
0.104     175.697
0.110     190.086
0.116     177.108
0.122     177.108
0.128     177.823
0.134     177.108
0.139     177.108
0.145     177.823
0.151     176.400
0.157     176.400
0.163     177.823
0.168     176.400
0.174     177.823
0.180     177.823
0.186     176.400
0.192     177.823
0.197     177.823
0.203     176.400
0.209     177.823
0.215     176.400
0.221     177.823
0.226     177.823
0.232     177.823
0.238     177.823
0.244     177.823
0.250     177.823
0.255     177.823
0.261     177.823
0.267     177.823
0.273     177.823
0.279     177.823
0.284     177.823
0.290     177.823
0.296     176.400
0.302     177.823
0.308     177.823
0.313     177.823
0.319     177.823
0.325     177.823
0.331     177.823
0.337     177.823
0.342     177.823
0.348     177.823
0.354     177.823
0.360     177.823
0.366     361.475
0.372     370.588
0.377     373.729
0.383     376.923
0.389     176.400
0.395     177.823
0.401     176.400
0.406     176.400
0.412     176.400
0.418     176.400
0.424     176.400
0.430     176.400
0.435     176.400
0.441     176.400
0.447     176.400
0.453     176.400
0.459     176.400
0.464     176.400
0.470     176.400
0.476     176.400
0.482     176.400
0.488     176.400
0.493     176.400
0.499     176.400
0.505     176.400
0.511     176.400
0.517     176.400
0.522     176.400
0.528     358.537
0.534     361.475
0.540     361.475
0.546     361.475
0.551     355.645
0.557     358.537
0.563     0.000
0.569     0.000
0.575     0.000
0.580     0.000
0.586     0.000
0.592     0.000
0.598     0.000
0.604     0.000
0.610     0.000
0.615     0.000
0.621     0.000
0.627     0.000
0.633     0.000
0.639     0.000
0.644     0.000
0.650     0.000
0.656     0.000
0.662     0.000
0.668     0.000
0.673     0.000
0.679     0.000
0.685     0.000
0.691     0.000
0.697     0.000
0.702     0.000
0.708     0.000
0.714     0.000
0.720     0.000
0.726     0.000
0.731     0.000
0.737     0.000
0.743     0.000
0.749     0.000
0.755     0.000
0.760     0.000
0.766     0.000
0.772     0.000
0.778     0.000
0.784     0.000
0.789     0.000
0.795     0.000
0.801     0.000
0.807     0.000
0.813     0.000
0.819     0.000
0.824     0.000
0.830     0.000
0.836     0.000
0.842     0.000
0.848     0.000
0.853     0.000
0.859     0.000
0.865     0.000
0.871     0.000
0.877     0.000
0.882     0.000
0.888     0.000
0.894     0.000
0.900     0.000
0.906     0.000
0.911     0.000
0.917     0.000
0.923     0.000
0.929     0.000
0.935     0.000
0.940     0.000
0.946     0.000
0.952     0.000
0.958     0.000
0.964     0.000
0.969     0.000
0.975     0.000
0.981     0.000
0.987     0.000
0.993     0.000
0.998     0.000
1.004     0.000
1.010     0.000
1.016     0.000
1.022     0.000
1.027     0.000
1.033     0.000
1.039     0.000
1.045     0.000
1.051     0.000
1.057     0.000
1.062     0.000
1.068     0.000
1.074     0.000
1.080     0.000
1.086     0.000
1.091     0.000
1.097     0.000
1.103     0.000
1.109     0.000
1.115     0.000
1.120     0.000
1.126     0.000
1.132     0.000
1.138     0.000
1.144     264.072
1.149     174.308
1.155     174.308
1.161     176.400
1.167     175.000
1.173     175.697
1.178     265.663
1.184     175.697
1.190     175.697
1.196     175.697
1.202     116.359
1.207     206.075
1.213     120.822
1.219     0.000
1.225     0.000
1.231     0.000
1.236     0.000
1.242     0.000
1.248     0.000
1.254     0.000
1.260     0.000
1.265     0.000
1.271     0.000
1.277     0.000
1.283     0.000
1.289     0.000
1.295     0.000
1.300     0.000
1.306     0.000
1.312     0.000
1.318     0.000
1.324     0.000
1.329     0.000
1.335     0.000
1.341     0.000
1.347     0.000
1.353     0.000
1.358     0.000
1.364     0.000
1.370     0.000
1.376     0.000
1.382     0.000
1.387     0.000
1.393     0.000
1.399     0.000
1.405     0.000
1.411     0.000
1.416     0.000
1.422     0.000
1.428     0.000
1.434     0.000
1.440     0.000
1.445     0.000
1.451     0.000
1.457     0.000
1.463     0.000
1.469     0.000
1.474     0.000
1.480     0.000
1.486     0.000
1.492     0.000
1.498     0.000
1.503     0.000
1.509     0.000
1.515     0.000
1.521     0.000
1.527     352.800
1.533     352.800
1.538     352.800
1.544     352.800
1.550     352.800
1.556     352.800
1.562     352.800
1.567     352.800
1.573     352.800
1.579     352.800
1.585     0.000
1.591     0.000
1.596     0.000
1.602     0.000
1.608     0.000
1.614     0.000
1.620     0.000
1.625     0.000
1.631     0.000
1.637     0.000
1.643     0.000
1.649     0.000
1.654     0.000
1.660     0.000
1.666     0.000
1.672     0.000
1.678     0.000
1.683     0.000
1.689     0.000
1.695     0.000
1.701     0.000
1.707     0.000
1.712     0.000
1.718     0.000
1.724     0.000
1.730     0.000
1.736     0.000
1.741     0.000
1.747     0.000
1.753     0.000
1.759     0.000
1.765     0.000
1.771     420.000
1.776     420.000
1.782     420.000
1.788     416.038
1.794     420.000
1.800     420.000
1.805     416.038
1.811     420.000
1.817     416.038
1.823     420.000
1.829     420.000
1.834     420.000
1.840     420.000
1.846     420.000
1.852     420.000
1.858     420.000
1.863     420.000
1.869     420.000
1.875     420.000
1.881     420.000
1.887     420.000
1.892     420.000
1.898     420.000
1.904     420.000
1.910     420.000
1.916     420.000
1.921     420.000
1.927     420.000
1.933     420.000
1.939     420.000
1.945     420.000
1.950     420.000
1.956     420.000
1.962     420.000
1.968     420.000
1.974     420.000
1.980     420.000
1.985     420.000
1.991     420.000
1.997     420.000
2.003     420.000
2.009     469.149
2.014     469.149
2.020     469.149
2.026     469.149
2.032     469.149
2.038     469.149
2.043     469.149
2.049     469.149
2.055     469.149
2.061     469.149
2.067     469.149
2.072     469.149
2.078     469.149
2.084     469.149
2.090     469.149
2.096     469.149
2.101     469.149
2.107     469.149
2.113     469.149
2.119     469.149
2.125     469.149
2.130     469.149
2.136     469.149
2.142     469.149
2.148     469.149
2.154     469.149
2.159     469.149
2.165     469.149
2.171     474.194
2.177     155.830
2.183     117.600
2.188     331.579
2.194     329.104
2.200     334.091
2.206     331.579
2.212     352.800
2.218     324.265
2.223     315.000
2.229     319.565
2.235     317.266
2.241     319.565
2.247     321.898
2.252     317.266
2.258     216.176
2.264     237.097
2.270     214.078
2.276     237.097
2.281     235.829
2.287     234.574
2.293     464.211
2.299     469.149
2.305     464.211
2.310     469.149
2.316     464.211
2.322     464.211
2.328     464.211
2.334     464.211
2.339     464.211
2.345     464.211
2.351     469.149
2.357     469.149
2.363     469.149
2.368     469.149
2.374     469.149
2.380     469.149
2.386     469.149
2.392     469.149
2.397     469.149
2.403     469.149
2.409     469.149
2.415     469.149
2.421     469.149
2.426     469.149
2.432     469.149
2.438     469.149
2.444     469.149
2.450     469.149
2.456     469.149
2.461     469.149
2.467     469.149
2.473     469.149
2.479     469.149
2.485     469.149
2.490     469.149
2.496     469.149
2.502     469.149
2.508     469.149
2.514     469.149
2.519     469.149
2.525     469.149
2.531     469.149
2.537     469.149
2.543     469.149
2.548     469.149
2.554     469.149
2.560     469.149
2.566     469.149
2.572     464.211
2.577     464.211
2.583     464.211
2.589     464.211
2.595     464.211
2.601     464.211
2.606     464.211
2.612     464.211
2.618     464.211
2.624     464.211
2.630     469.149
2.635     464.211
2.641     469.149
2.647     464.211
2.653     469.149
2.659     469.149
2.664     469.149
2.670     469.149
2.676     469.149
2.682     469.149
2.688     469.149
2.694     469.149
2.699     469.149
2.705     469.149
2.711     469.149
2.717     469.149
2.723     469.149
2.728     469.149
2.734     469.149
2.740     469.149
2.746     469.149
2.752     469.149
2.757     469.149
2.763     469.149
2.769     469.149
2.775     469.149
2.781     469.149
2.786     469.149
2.792     469.149
2.798     469.149
2.804     469.149
2.810     469.149
2.815     469.149
2.821     469.149
2.827     469.149
2.833     469.149
2.839     469.149
2.844     469.149
2.850     469.149
2.856     469.149
2.862     469.149
2.868     469.149
2.873     469.149
2.879     469.149
2.885     469.149
2.891     469.149
2.897     469.149
2.902     469.149
2.908     469.149
2.914     469.149
2.920     469.149
2.926     469.149
2.932     469.149
2.937     469.149
2.943     469.149
2.949     469.149
2.955     469.149
2.961     469.149
2.966     469.149
2.972     469.149
2.978     469.149
2.984     469.149
2.990     469.149
2.995     469.149
3.001     469.149
3.007     469.149
3.013     464.211
3.019     469.149
3.024     469.149
3.030     464.211
3.036     469.149
3.042     464.211
3.048     464.211
3.053     464.211
3.059     464.211
3.065     469.149
3.071     469.149
3.077     469.149
3.082     469.149
3.088     464.211
3.094     464.211
3.100     464.211
3.106     464.211
3.111     464.211
3.117     469.149
3.123     464.211
3.129     464.211
3.135     464.211
3.140     464.211
3.146     464.211
3.152     464.211
3.158     464.211
3.164     464.211
3.170     464.211
3.175     464.211
3.181     464.211
3.187     464.211
3.193     464.211
3.199     464.211
3.204     464.211
3.210     469.149
3.216     469.149
3.222     464.211
3.228     469.149
3.233     469.149
3.239     464.211
3.245     469.149
3.251     464.211
3.257     464.211
3.262     469.149
3.268     469.149
3.274     469.149
3.280     469.149
3.286     469.149
3.291     464.211
3.297     469.149
3.303     464.211
3.309     469.149
3.315     464.211
3.320     464.211
3.326     464.211
3.332     464.211
3.338     464.211
3.344     464.211
3.349     464.211
3.355     464.211
3.361     464.211
3.367     464.211
3.373     464.211
3.379     464.211
3.384     469.149
3.390     469.149
3.396     469.149
3.402     464.211
3.408     154.737
3.413     155.830
3.419     154.737
3.425     153.659
3.431     154.737
3.437     469.149
3.442     469.149
3.448     469.149
3.454     469.149
3.460     469.149
3.466     469.149
3.471     466.667
3.477     469.149
3.483     469.149
3.489     469.149
3.495     469.149
3.500     464.211
3.506     464.211
3.512     464.211
3.518     464.211
3.524     469.149
3.529     469.149
3.535     464.211
3.541     464.211
3.547     464.211
3.553     464.211
3.558     464.211
3.564     469.149
3.570     469.149
3.576     464.211
3.582     464.211
3.587     464.211
3.593     464.211
3.599     469.149
3.605     464.211
3.611     464.211
3.617     464.211
3.622     464.211
3.628     464.211
3.634     459.375
3.640     454.639
3.646     420.000
3.651     416.038
3.657     416.038
3.663     420.000
3.669     416.038
3.675     416.038
3.680     416.038
3.686     416.038
3.692     416.038
3.698     416.038
3.704     420.000
3.709     416.038
3.715     416.038
3.721     420.000
3.727     416.038
3.733     420.000
3.738     416.038
3.744     416.038
3.750     416.038
3.756     420.000
3.762     416.038
3.767     416.038
3.773     416.038
3.779     416.038
3.785     416.038
3.791     416.038
3.796     420.000
3.802     469.149
3.808     479.348
3.814     787.500
3.820     760.345
3.825     882.000
3.831     848.077
3.837     848.077
3.843     882.000
3.849     848.077
3.855     882.000
3.860     848.077
3.866     882.000
3.872     864.706
3.878     882.000
3.884     864.706
3.889     848.077
3.895     864.706
3.901     882.000
3.907     900.000
3.913     306.250
3.918     123.529
3.924     252.000
3.930     464.211
3.936     464.211
3.942     464.211
3.947     464.211
3.953     464.211
3.959     464.211
3.965     469.149
3.971     469.149
3.976     464.211
3.982     464.211
3.988     464.211
3.994     464.211
4.000     464.211
4.005     469.149
4.011     464.211
4.017     464.211
4.023     464.211
4.029     464.211
4.034     464.211
4.040     469.149
4.046     469.149
4.052     469.149
4.058     464.211
4.063     469.149
4.069     464.211
4.075     464.211
4.081     469.149
4.087     469.149
4.093     464.211
4.098     469.149
4.104     469.149
4.110     469.149
4.116     464.211
4.122     469.149
4.127     469.149
4.133     469.149
4.139     469.149
4.145     469.149
4.151     469.149
4.156     469.149
4.162     469.149
4.168     469.149
4.174     469.149
4.180     469.149
4.185     518.824
4.191     525.000
4.197     525.000
4.203     525.000
4.209     525.000
4.214     525.000
4.220     525.000
4.226     525.000
4.232     525.000
4.238     525.000
4.243     525.000
4.249     525.000
4.255     525.000
4.261     525.000
4.267     525.000
4.272     525.000
4.278     525.000
4.284     525.000
4.290     525.000
4.296     525.000
4.301     525.000
4.307     525.000
4.313     525.000
4.319     525.000
4.325     525.000
4.331     525.000
4.336     525.000
4.342     525.000
4.348     525.000
4.354     259.412
4.360     256.395
4.365     259.412
4.371     268.902
4.377     272.222
4.383     275.625
4.389     321.898
4.394     317.266
4.400     315.000
4.406     315.000
4.412     317.266
4.418     0.000
4.423     0.000
4.429     0.000
4.435     0.000
4.441     0.000
4.447     0.000
4.452     0.000
4.458     0.000
4.464     0.000
4.470     0.000
4.476     0.000
4.481     0.000
4.487     0.000
4.493     0.000
4.499     0.000
4.505     0.000
4.510     0.000
4.516     0.000
4.522     0.000
4.528     0.000
4.534     0.000
4.540     0.000
4.545     0.000
4.551     0.000
4.557     0.000
4.563     0.000
4.569     0.000
4.574     0.000
4.580     153.125
4.586     153.125
4.592     153.125
4.598     153.125
4.603     310.563
4.609     308.392
4.615     308.392
4.621     310.563
4.627     308.392
4.632     308.392
4.638     306.250
4.644     306.250
4.650     306.250
4.656     308.392
4.661     308.392
4.667     308.392
4.673     308.392
4.679     308.392
4.685     308.392
4.690     310.563
4.696     310.563
4.702     310.563
4.708     310.563
4.714     310.563
4.719     310.563
4.725     310.563
4.731     310.563
4.737     310.563
4.743     312.766
4.748     312.766
4.754     257.895
4.760     111.083
4.766     142.258
4.772     367.500
4.778     373.729
4.783     364.463
4.789     361.475
4.795     364.463
4.801     361.475
4.807     364.463
4.812     358.537
4.818     358.537
4.824     355.645
4.830     355.645
4.836     355.645
4.841     352.800
4.847     352.800
4.853     352.800
4.859     352.800
4.865     352.800
4.870     352.800
4.876     352.800
4.882     352.800
4.888     352.800
4.894     352.800
4.899     352.800
4.905     352.800
4.911     352.800
4.917     352.800
4.923     352.800
4.928     352.800
4.934     352.800
4.940     352.800
4.946     352.800
4.952     352.800
4.957     352.800
4.963     352.800
4.969     352.800
4.975     352.800
4.981     352.800
4.986     355.645
4.992     355.645
4.998     355.645
5.004     355.645
5.010     352.800
5.016     355.645
5.021     352.800
5.027     352.800
5.033     354.217
5.039     352.800
5.045     352.800
5.050     355.645
5.056     352.800
5.062     352.800
5.068     350.000
5.074     355.645
5.079     352.800
5.085     352.800
5.091     352.800
5.097     352.800
5.103     355.645
5.108     358.537
5.114     355.645
5.120     355.645
5.126     355.645
5.132     355.645
5.137     355.645
5.143     352.800
5.149     355.645
5.155     355.645
5.161     355.645
5.166     355.645
5.172     352.800
5.178     355.645
5.184     352.800
5.190     355.645
5.195     352.800
5.201     355.645
5.207     352.800
5.213     355.645
5.219     352.800
5.224     355.645
5.230     358.537
5.236     355.645
5.242     355.645
5.248     355.645
5.254     355.645
5.259     352.800
5.265     355.645
5.271     352.800
5.277     355.645
5.283     355.645
5.288     352.800
5.294     355.645
5.300     352.800
5.306     358.537
5.312     355.645
5.317     358.537
5.323     364.463
5.329     358.537
5.335     233.333
5.341     358.537
5.346     234.574
5.352     177.823
5.358     179.268
5.364     234.574
5.370     361.475
5.375     177.108
5.381     361.475
5.387     178.543
5.393     361.475
5.399     358.537
5.404     352.800
5.410     352.800
5.416     358.537
5.422     352.800
5.428     361.475
5.433     355.645
5.439     355.645
5.445     355.645
5.451     358.537
5.457     355.645
5.462     361.475
5.468     352.800
5.474     358.537
5.480     352.800
5.486     355.645
5.492     352.800
5.497     352.800
5.503     355.645
5.509     352.800
5.515     352.800
5.521     355.645
5.526     352.800
5.532     358.537
5.538     355.645
5.544     355.645
5.550     358.537
5.555     355.645
5.561     355.645
5.567     347.244
5.573     347.244
5.579     347.244
5.584     341.860
5.590     350.000
5.596     292.053
5.602     361.475
5.608     393.750
5.613     358.537
5.619     339.231
5.625     367.500
5.631     344.531
5.637     350.000
5.642     358.537
5.648     300.000
5.654     350.000
5.660     350.000
5.666     331.579
5.671     339.231
5.677     336.641
5.683     310.563
5.689     336.641
5.695     336.641
5.700     341.860
5.706     344.531
5.712     344.531
5.718     339.231
5.724     341.860
5.730     0.000
5.735     0.000
5.741     0.000
5.747     0.000
5.753     0.000
5.759     0.000
5.764     0.000
5.770     0.000
5.776     0.000
5.782     0.000
5.788     0.000
5.793     0.000
5.799     0.000
5.805     0.000
5.811     0.000
5.817     0.000
5.822     0.000
5.828     0.000
5.834     0.000
5.840     0.000
5.846     0.000
5.851     0.000
5.857     0.000
5.863     0.000
5.869     0.000
5.875     0.000
5.880     0.000
5.886     0.000
5.892     0.000
5.898     0.000
5.904     0.000
5.909     0.000
5.915     0.000
5.921     0.000
5.927     0.000
5.933     0.000
5.939     0.000
5.944     0.000
5.950     0.000
5.956     0.000
5.962     0.000
5.968     0.000
5.973     0.000
5.979     0.000
5.985     0.000
5.991     0.000
5.997     0.000
6.002     0.000
6.008     0.000
6.014     0.000
6.020     0.000
6.026     0.000
6.031     0.000
6.037     0.000
6.043     0.000
6.049     0.000
6.055     0.000
6.060     0.000
6.066     0.000
6.072     0.000
6.078     0.000
6.084     0.000
6.089     0.000
6.095     0.000
6.101     0.000
6.107     0.000
6.113     0.000
6.118     250.568
6.124     249.153
6.130     252.000
6.136     254.913
6.142     257.895
6.147     308.392
6.153     315.000
6.159     310.563
6.165     312.766
6.171     315.000
6.177     312.766
6.182     317.266
6.188     317.266
6.194     179.268
6.200     317.266
6.206     175.000
6.211     312.766
6.217     315.000
6.223     310.563
6.229     315.000
6.235     312.766
6.240     315.000
6.246     312.766
6.252     312.766
6.258     317.266
6.264     315.000
6.269     319.565
6.275     317.266
6.281     319.565
6.287     321.898
6.293     319.565
6.298     350.000
6.304     319.565
6.310     317.266
6.316     0.000
6.322     0.000
6.327     0.000
6.333     0.000
6.339     0.000
6.345     0.000
6.351     0.000
6.356     0.000
6.362     0.000
6.368     0.000
6.374     0.000
6.380     0.000
6.385     0.000
6.391     0.000
6.397     0.000
6.403     0.000
6.409     0.000
6.415     0.000
6.420     0.000
6.426     0.000
6.432     0.000
6.438     0.000
6.444     0.000
6.449     0.000
6.455     0.000
6.461     0.000
6.467     0.000
6.473     0.000
6.478     0.000
6.484     0.000
6.490     0.000
6.496     0.000
6.502     0.000
6.507     0.000
6.513     0.000
6.519     0.000
6.525     0.000
6.531     0.000
6.536     0.000
6.542     0.000
6.548     0.000
6.554     0.000
6.560     0.000
6.565     0.000
6.571     0.000
6.577     0.000
6.583     0.000
6.589     0.000
6.594     0.000
6.600     0.000
6.606     0.000
6.612     0.000
6.618     0.000
6.623     0.000
6.629     0.000
6.635     0.000
6.641     0.000
6.647     0.000
6.653     0.000
6.658     0.000
6.664     0.000
6.670     0.000
6.676     279.114
6.682     280.892
6.687     279.114
6.693     280.892
6.699     294.000
6.705     148.986
6.711     149.492
6.716     149.492
6.722     149.492
6.728     149.492
6.734     148.986
6.740     149.492
6.745     149.492
6.751     149.492
6.757     149.492
6.763     149.492
6.769     149.492
6.774     148.986
6.780     149.492
6.786     149.492
6.792     149.492
6.798     0.000
6.803     0.000
6.809     0.000
6.815     0.000
6.821     0.000
6.827     0.000
6.832     0.000
6.838     0.000
6.844     0.000
6.850     0.000
6.856     0.000
6.861     0.000
6.867     0.000
6.873     0.000
6.879     0.000
6.885     0.000
6.891     0.000
6.896     0.000
6.902     0.000
6.908     0.000
6.914     0.000
6.920     0.000
6.925     0.000
6.931     0.000
6.937     0.000
6.943     0.000
6.949     0.000
6.954     0.000
6.960     0.000
6.966     0.000
6.972     0.000
6.978     0.000
6.983     0.000
6.989     0.000
6.995     0.000
7.001     0.000
7.007     0.000
7.012     0.000
7.018     0.000
7.024     0.000
7.030     0.000
7.036     0.000
7.041     0.000
7.047     0.000
7.053     0.000
7.059     0.000
7.065     0.000
7.070     0.000
7.076     0.000
7.082     0.000
7.088     0.000
7.094     0.000
7.100     0.000
7.105     0.000
7.111     0.000
7.117     0.000
7.123     0.000
7.129     0.000
7.134     0.000
7.140     0.000
7.146     0.000
7.152     0.000
7.158     0.000
7.163     0.000
7.169     0.000
7.175     0.000
7.181     0.000
7.187     0.000
7.192     0.000
7.198     0.000
7.204     0.000
7.210     0.000
7.216     0.000
7.221     0.000
7.227     0.000
7.233     0.000
7.239     0.000
7.245     0.000
7.250     0.000
7.256     0.000
7.262     0.000
7.268     0.000
7.274     0.000
7.279     0.000
7.285     0.000
7.291     0.000
7.297     0.000
7.303     0.000
7.308     0.000
7.314     0.000
7.320     0.000
7.326     0.000
7.332     0.000
7.338     0.000
7.343     0.000
7.349     0.000
7.355     0.000
7.361     0.000
7.367     0.000
7.372     0.000
7.378     0.000
7.384     0.000
7.390     0.000
7.396     0.000
7.401     0.000
7.407     0.000
7.413     0.000
7.419     0.000
7.425     0.000
7.430     0.000
7.436     0.000
7.442     0.000
7.448     0.000
7.454     0.000
7.459     0.000
7.465     0.000
7.471     0.000
7.477     0.000
7.483     0.000
7.488     0.000
7.494     0.000
7.500     0.000
7.506     0.000
7.512     0.000
7.517     0.000
7.523     0.000
7.529     0.000
7.535     0.000
7.541     0.000
7.546     0.000
7.552     0.000
7.558     0.000
7.564     0.000
7.570     0.000
7.576     0.000
7.581     0.000
7.587     0.000
7.593     0.000
7.599     0.000
7.605     0.000
7.610     0.000
7.616     0.000
7.622     0.000
7.628     0.000
7.634     0.000
7.639     0.000
7.645     178.543
7.651     176.400
7.657     176.400
7.663     175.000
7.668     175.697
7.674     175.000
7.680     175.000
7.686     175.000
7.692     175.000
7.697     175.697
7.703     175.697
7.709     175.697
7.715     176.400
7.721     176.400
7.726     175.697
7.732     175.697
7.738     175.697
7.744     175.697
7.750     347.244
7.755     352.800
7.761     350.000
7.767     352.800
7.773     347.244
7.779     0.000
7.784     0.000
7.790     0.000
7.796     0.000
7.802     0.000
7.808     0.000
7.814     0.000
7.819     0.000
7.825     0.000
7.831     0.000
7.837     0.000
7.843     0.000
7.848     0.000
7.854     0.000
7.860     0.000
7.866     0.000
7.872     0.000
7.877     0.000
7.883     0.000
7.889     0.000
7.895     0.000
7.901     0.000
7.906     0.000
7.912     0.000
7.918     0.000
7.924     0.000
7.930     0.000
7.935     0.000
7.941     0.000
7.947     0.000
7.953     0.000
7.959     0.000
7.964     0.000
7.970     0.000
7.976     0.000
7.982     0.000
7.988     0.000
7.993     0.000
7.999     0.000
8.005     0.000
8.011     0.000
8.017     0.000
8.022     0.000
8.028     0.000
8.034     0.000
8.040     0.000
8.046     0.000
8.052     0.000
8.057     0.000
8.063     0.000
8.069     0.000
8.075     0.000
8.081     0.000
8.086     0.000
8.092     0.000
8.098     0.000
8.104     0.000
8.110     0.000
8.115     0.000
8.121     0.000
8.127     0.000
8.133     0.000
8.139     0.000
8.144     0.000
8.150     0.000
8.156     0.000
8.162     0.000
8.168     0.000
8.173     0.000
8.179     0.000
8.185     0.000
8.191     0.000
8.197     0.000
8.202     0.000
8.208     0.000
8.214     0.000
8.220     0.000
8.226     0.000
8.231     0.000
8.237     0.000
8.243     0.000
8.249     0.000
8.255     0.000
8.260     0.000
8.266     0.000
8.272     0.000
8.278     0.000
8.284     882.000
8.290     900.000
8.295     882.000
8.301     864.706
8.307     848.077
8.313     250.568
8.319     250.568
8.324     250.568
8.330     250.568
8.336     252.000
8.342     252.000
8.348     252.000
8.353     264.072
8.359     580.263
8.365     565.385
8.371     268.902
8.377     315.000
8.382     312.766
8.388     315.000
8.394     312.766
8.400     315.000
8.406     0.000
8.411     0.000
8.417     0.000
8.423     0.000
8.429     0.000
8.435     0.000
8.440     0.000
8.446     0.000
8.452     0.000
8.458     0.000
8.464     0.000
8.469     0.000
8.475     0.000
8.481     0.000
8.487     0.000
8.493     0.000
8.499     0.000
8.504     0.000
8.510     0.000
8.516     0.000
8.522     0.000
8.528     0.000
8.533     0.000
8.539     0.000
8.545     0.000
8.551     0.000
8.557     0.000
8.562     0.000
8.568     0.000
8.574     0.000
8.580     0.000
8.586     308.392
8.591     312.766
8.597     310.563
8.603     300.000
8.609     312.766
8.615     267.273
8.620     315.000
8.626     308.392
8.632     169.615
8.638     308.392
8.644     308.392
8.649     308.392
8.655     0.000
8.661     0.000
8.667     0.000
8.673     0.000
8.678     0.000
8.684     0.000
8.690     0.000
8.696     0.000
8.702     0.000
8.707     0.000
8.713     0.000
8.719     0.000
8.725     0.000
8.731     0.000
8.737     0.000
8.742     0.000
8.748     0.000
8.754     0.000
8.760     0.000
8.766     0.000
8.771     310.563
8.777     308.392
8.783     312.766
8.789     317.266
8.795     315.000
8.800     312.766
8.806     331.579
8.812     317.266
8.818     329.104
8.824     166.415
8.829     161.538
8.835     170.270
8.841     151.546
8.847     170.270
8.853     358.537
8.858     350.000
8.864     350.000
8.870     350.000
8.876     350.000
8.882     350.000
8.887     350.000
8.893     350.000
8.899     351.394
8.905     350.000
8.911     352.800
8.916     352.800
8.922     352.800
8.928     352.800
8.934     352.800
8.940     352.800
8.945     352.800
8.951     352.800
8.957     350.000
8.963     350.000
8.969     352.800
8.975     352.800
8.980     352.800
8.986     350.000
8.992     350.000
8.998     352.800
9.004     352.800
9.009     352.800
9.015     352.800
9.021     352.800
9.027     352.800
9.033     352.800
9.038     352.800
9.044     352.800
9.050     352.800
9.056     352.800
9.062     352.800
9.067     352.800
9.073     355.645
9.079     352.800
9.085     352.800
9.091     352.800
9.096     352.800
9.102     352.800
9.108     352.800
9.114     352.800
9.120     355.645
9.125     352.800
9.131     350.000
9.137     352.800
9.143     350.000
9.149     350.000
9.154     352.800
9.160     352.800
9.166     352.800
9.172     352.800
9.178     352.800
9.183     352.800
9.189     352.800
9.195     352.800
9.201     352.800
9.207     352.800
9.213     352.800
9.218     352.800
9.224     352.800
9.230     352.800
9.236     352.800
9.242     0.000
9.247     0.000
9.253     0.000
9.259     0.000
9.265     0.000
9.271     0.000
9.276     0.000
9.282     0.000
9.288     0.000
9.294     0.000
9.300     0.000
9.305     0.000
9.311     0.000
9.317     0.000
9.323     0.000
9.329     0.000
9.334     0.000
9.340     0.000
9.346     0.000
9.352     0.000
9.358     0.000
9.363     0.000
9.369     0.000
9.375     0.000
9.381     0.000
9.387     0.000
9.392     0.000
9.398     0.000
9.404     0.000
9.410     0.000
9.416     0.000
9.421     0.000
9.427     0.000
9.433     0.000
9.439     0.000
9.445     0.000
9.451     0.000
9.456     0.000
9.462     0.000
9.468     0.000
9.474     0.000
9.480     0.000
9.485     0.000
9.491     0.000
9.497     0.000
9.503     0.000
9.509     0.000
9.514     0.000
9.520     0.000
9.526     0.000
9.532     0.000
9.538     0.000
9.543     0.000
9.549     0.000
9.555     0.000
9.561     0.000
9.567     0.000
9.572     0.000
9.578     0.000
9.584     0.000
9.590     0.000
9.596     0.000
9.601     0.000
9.607     0.000
9.613     0.000
9.619     0.000
9.625     0.000
9.630     0.000
9.636     0.000
9.642     0.000
9.648     0.000
9.654     0.000
9.660     0.000
9.665     0.000
9.671     735.000
9.677     735.000
9.683     272.222
9.689     227.320
9.694     228.497
9.700     202.294
9.706     204.167
9.712     0.000
9.718     0.000
9.723     0.000
9.729     0.000
9.735     0.000
9.741     0.000
9.747     0.000
9.752     0.000
9.758     0.000
9.764     0.000
9.770     0.000
9.776     0.000
9.781     0.000
9.787     0.000
9.793     0.000
9.799     0.000
9.805     0.000
9.810     0.000
9.816     0.000
9.822     0.000
9.828     0.000
9.834     0.000
9.839     0.000
9.845     0.000
9.851     0.000
9.857     0.000
9.863     0.000
9.868     0.000
9.874     0.000
9.880     0.000
9.886     0.000
9.892     0.000
9.898     0.000
9.903     347.244
9.909     358.537
9.915     350.000
9.921     350.000
9.927     364.463
9.932     347.244
9.938     370.588
9.944     344.531
9.950     347.244
9.956     347.244
9.961     347.244
9.967     280.892
9.973     280.892
9.979     279.114
9.985     275.625
9.990     294.000
9.996     277.358
10.002     295.973
10.008     275.625
10.014     275.625
10.019     273.913
10.025     277.358
10.031     279.114
10.037     279.114
10.043     280.892
10.048     279.114
10.054     280.892
10.060     282.692
10.066     280.892
10.072     277.358
10.077     277.358
10.083     277.358
10.089     279.114
10.095     279.114
10.101     0.000
10.106     0.000
10.112     0.000
10.118     0.000
10.124     0.000
10.130     0.000
10.136     0.000
10.141     0.000
10.147     0.000
10.153     0.000
10.159     0.000
10.165     0.000
10.170     0.000
10.176     0.000
10.182     0.000
10.188     0.000
10.194     0.000
10.199     0.000
10.205     0.000
10.211     0.000
10.217     0.000
10.223     324.265
10.228     336.641
10.234     160.364
10.240     189.270
10.246     355.645
10.252     350.000
10.257     347.244
10.263     347.244
10.269     347.244
10.275     347.244
10.281     347.244
10.286     344.531
10.292     347.244
10.298     347.244
10.304     347.244
10.310     347.244
10.315     350.000
10.321     350.000
10.327     350.000
10.333     350.000
10.339     350.000
10.344     0.000
10.350     0.000
10.356     0.000
10.362     0.000
10.368     0.000
10.374     0.000
10.379     0.000
10.385     0.000
10.391     0.000
10.397     0.000
10.403     0.000
10.408     0.000
10.414     0.000
10.420     0.000
10.426     0.000
10.432     0.000
10.437     0.000
10.443     0.000
10.449     0.000
10.455     0.000
10.461     0.000
10.466     0.000
10.472     0.000
10.478     0.000
10.484     0.000
10.490     0.000
10.495     0.000
10.501     0.000
10.507     237.097
10.513     237.097
10.519     238.378
10.524     238.378
10.530     223.858
10.536     412.150
10.542     412.150
10.548     412.150
10.553     416.038
10.559     416.038
10.565     416.038
10.571     416.038
10.577     412.150
10.582     416.038
10.588     416.038
10.594     416.038
10.600     416.038
10.606     416.038
10.612     416.038
10.617     416.038
10.623     416.038
10.629     416.038
10.635     416.038
10.641     416.038
10.646     416.038
10.652     416.038
10.658     416.038
10.664     416.038
10.670     416.038
10.675     416.038
10.681     416.038
10.687     416.038
10.693     416.038
10.699     416.038
10.704     416.038
10.710     416.038
10.716     416.038
10.722     416.038
10.728     416.038
10.733     416.038
10.739     416.038
10.745     416.038
10.751     416.038
10.757     420.000
10.762     420.000
10.768     420.000
10.774     420.000
10.780     420.000
10.786     420.000
10.791     464.211
10.797     469.149
10.803     469.149
10.809     469.149
10.815     469.149
10.820     469.149
10.826     469.149
10.832     469.149
10.838     469.149
10.844     469.149
10.850     469.149
10.855     469.149
10.861     469.149
10.867     469.149
10.873     469.149
10.879     469.149
10.884     469.149
10.890     469.149
10.896     469.149
10.902     469.149
10.908     469.149
10.913     469.149
10.919     469.149
10.925     469.149
10.931     469.149
10.937     469.149
10.942     464.211
10.948     464.211
10.954     158.065
10.960     167.045
10.966     156.940
10.971     222.727
10.977     315.000
10.983     312.766
10.989     312.766
10.995     315.000
11.000     317.266
11.006     319.565
11.012     324.265
11.018     350.000
11.024     317.266
11.029     312.766
11.035     315.000
11.041     312.766
11.047     311.661
11.053     230.890
11.059     232.105
11.064     232.105
11.070     232.105
11.076     232.105
11.082     232.105
11.088     232.105
11.093     232.105
11.099     232.105
11.105     232.105
11.111     469.149
11.117     464.211
11.122     469.149
11.128     469.149
11.134     464.211
11.140     464.211
11.146     464.211
11.151     464.211
11.157     464.211
11.163     464.211
11.169     464.211
11.175     469.149
11.180     469.149
11.186     469.149
11.192     469.149
11.198     469.149
11.204     469.149
11.209     469.149
11.215     469.149
11.221     469.149
11.227     469.149
11.233     469.149
11.238     469.149
11.244     469.149
11.250     469.149
11.256     469.149
11.262     464.211
11.267     469.149
11.273     469.149
11.279     469.149
11.285     469.149
11.291     469.149
11.297     464.211
11.302     469.149
11.308     469.149
11.314     469.149
11.320     469.149
11.326     469.149
11.331     469.149
11.337     469.149
11.343     469.149
11.349     469.149
11.355     469.149
11.360     469.149
11.366     469.149
11.372     469.149
11.378     464.211
11.384     469.149
11.389     469.149
11.395     469.149
11.401     469.149
11.407     469.149
11.413     469.149
11.418     469.149
11.424     469.149
11.430     469.149
11.436     469.149
11.442     469.149
11.447     469.149
11.453     469.149
11.459     469.149
11.465     469.149
11.471     469.149
11.476     469.149
11.482     469.149
11.488     469.149
11.494     469.149
11.500     469.149
11.505     469.149
11.511     469.149
11.517     469.149
11.523     469.149
11.529     469.149
11.535     469.149
11.540     469.149
11.546     469.149
11.552     469.149
11.558     469.149
11.564     469.149
11.569     469.149
11.575     469.149
11.581     469.149
11.587     469.149
11.593     469.149
11.598     469.149
11.604     469.149
11.610     469.149
11.616     469.149
11.622     469.149
11.627     469.149
11.633     469.149
11.639     469.149
11.645     469.149
11.651     469.149
11.656     469.149
11.662     469.149
11.668     469.149
11.674     469.149
11.680     469.149
11.685     469.149
11.691     469.149
11.697     469.149
11.703     469.149
11.709     469.149
11.714     469.149
11.720     469.149
11.726     469.149
11.732     469.149
11.738     464.211
11.743     469.149
11.749     469.149
11.755     464.211
11.761     469.149
11.767     469.149
11.773     464.211
11.778     464.211
11.784     469.149
11.790     464.211
11.796     464.211
11.802     464.211
11.807     464.211
11.813     464.211
11.819     469.149
11.825     469.149
11.831     464.211
11.836     469.149
11.842     464.211
11.848     464.211
11.854     469.149
11.860     469.149
11.865     464.211
11.871     469.149
11.877     469.149
11.883     464.211
11.889     464.211
11.894     469.149
11.900     464.211
11.906     464.211
11.912     464.211
11.918     464.211
11.923     464.211
11.929     464.211
11.935     464.211
11.941     459.375
11.947     464.211
11.952     459.375
11.958     464.211
11.964     464.211
11.970     459.375
11.976     464.211
11.981     464.211
11.987     464.211
11.993     464.211
11.999     464.211
12.005     464.211
12.011     464.211
12.016     464.211
12.022     464.211
12.028     464.211
12.034     464.211
12.040     464.211
12.045     464.211
12.051     464.211
12.057     464.211
12.063     464.211
12.069     464.211
12.074     469.149
12.080     464.211
12.086     464.211
12.092     469.149
12.098     464.211
12.103     464.211
12.109     469.149
12.115     464.211
12.121     464.211
12.127     464.211
12.132     464.211
12.138     464.211
12.144     464.211
12.150     464.211
12.156     469.149
12.161     464.211
12.167     464.211
12.173     459.375
12.179     459.375
12.185     464.211
12.190     469.149
12.196     479.348
12.202     479.348
12.208     279.114
12.214     280.892
12.220     280.892
12.225     280.892
12.231     279.114
12.237     484.615
12.243     235.829
12.249     479.348
12.254     479.348
12.260     474.194
12.266     469.149
12.272     469.149
12.278     469.149
12.283     464.211
12.289     469.149
12.295     464.211
12.301     464.211
12.307     464.211
12.312     469.149
12.318     469.149
12.324     464.211
12.330     464.211
12.336     464.211
12.341     464.211
12.347     464.211
12.353     464.211
12.359     464.211
12.365     464.211
12.370     464.211
12.376     469.149
12.382     464.211
12.388     464.211
12.394     464.211
12.399     464.211
12.405     464.211
12.411     464.211
12.417     464.211
12.423     464.211
12.428     464.211
12.434     469.149
12.440     464.211
12.446     464.211
12.452     464.211
12.458     469.149
12.463     464.211
12.469     464.211
12.475     416.038
12.481     416.038
12.487     416.038
12.492     416.038
12.498     416.038
12.504     416.038
12.510     416.038
12.516     416.038
12.521     416.038
12.527     416.038
12.533     416.038
12.539     416.038
12.545     416.038
12.550     416.038
12.556     416.038
12.562     420.000
12.568     416.038
12.574     416.038
12.579     416.038
12.585     416.038
12.591     416.038
12.597     416.038
12.603     211.005
12.608     211.005
12.614     220.500
12.620     220.500
12.626     217.241
12.632     223.858
12.637     215.122
12.643     217.241
12.649     334.091
12.655     219.403
12.661     222.727
12.666     166.415
12.672     169.615
12.678     344.531
12.684     217.241
12.690     172.941
12.696     173.622
12.701     358.537
12.707     355.645
12.713     229.688
12.719     237.097
12.725     235.829
12.730     237.097
12.736     454.639
12.742     459.375
12.748     464.211
12.754     464.211
12.759     464.211
12.765     464.211
12.771     464.211
12.777     464.211
12.783     464.211
12.788     464.211
12.794     464.211
12.800     464.211
12.806     464.211
12.812     464.211
12.817     464.211
12.823     464.211
12.829     464.211
12.835     464.211
12.841     464.211
12.846     464.211
12.852     464.211
12.858     464.211
12.864     464.211
12.870     464.211
12.875     464.211
12.881     464.211
12.887     464.211
12.893     464.211
12.899     464.211
12.904     464.211
12.910     464.211
12.916     464.211
12.922     464.211
12.928     464.211
12.934     464.211
12.939     464.211
12.945     464.211
12.951     464.211
12.957     464.211
12.963     469.149
12.968     464.211
12.974     464.211
12.980     464.211
12.986     464.211
12.992     464.211
12.997     464.211
13.003     464.211
13.009     572.727
13.015     572.727
13.021     172.266
13.026     518.824
13.032     518.824
13.038     518.824
13.044     518.824
13.050     518.824
13.055     518.824
13.061     518.824
13.067     518.824
13.073     518.824
13.079     518.824
13.084     518.824
13.090     518.824
13.096     518.824
13.102     518.824
13.108     518.824
13.113     525.000
13.119     518.824
13.125     525.000
13.131     518.824
13.137     525.000
13.142     525.000
13.148     525.000
13.154     525.000
13.160     518.824
13.166     525.000
13.172     518.824
13.177     170.930
13.183     324.265
13.189     319.565
13.195     315.000
13.201     317.266
13.206     336.641
13.212     319.565
13.218     324.265
13.224     317.266
13.230     315.000
13.235     317.266
13.241     319.565
13.247     324.265
13.253     118.868
13.259     112.788
13.264     118.548
13.270     117.287
13.276     122.500
13.282     111.364
13.288     109.158
13.293     139.117
13.299     306.250
13.305     277.358
13.311     280.892
13.317     279.114
13.322     279.114
13.328     279.114
13.334     282.692
13.340     279.114
13.346     284.516
13.351     280.892
13.357     308.392
13.363     300.000
13.369     306.250
13.375     304.138
13.380     306.250
13.386     282.692
13.392     304.138
13.398     288.235
13.404     302.055
13.410     306.250
13.415     288.235
13.421     308.392
13.427     308.392
13.433     308.392
13.439     308.392
13.444     308.392
13.450     306.250
13.456     308.392
13.462     308.392
13.468     308.392
13.473     306.250
13.479     308.392
13.485     310.563
13.491     310.563
13.497     310.563
13.502     292.053
13.508     290.132
13.514     294.000
13.520     336.641
13.526     175.000
13.531     358.537
13.537     361.475
13.543     175.697
13.549     358.537
13.555     355.645
13.560     352.800
13.566     352.800
13.572     350.000
13.578     350.000
13.584     350.000
13.589     350.000
13.595     350.000
13.601     350.000
13.607     350.000
13.613     350.000
13.619     350.000
13.624     350.000
13.630     350.000
13.636     352.800
13.642     350.000
13.648     350.000
13.653     350.000
13.659     350.000
13.665     350.000
13.671     350.000
13.677     350.000
13.682     350.000
13.688     350.000
13.694     350.000
13.700     352.800
13.706     352.800
13.711     352.800
13.717     352.800
13.723     350.000
13.729     350.000
13.735     350.000
13.740     352.800
13.746     352.800
13.752     352.800
13.758     352.800
13.764     352.800
13.769     352.800
13.775     350.000
13.781     352.800
13.787     352.800
13.793     352.800
13.798     352.800
13.804     352.800
13.810     358.537
13.816     358.537
13.822     176.400
13.827     358.537
13.833     358.537
13.839     358.537
13.845     358.537
13.851     355.645
13.857     352.800
13.862     350.000
13.868     350.000
13.874     350.000
13.880     350.000
13.886     352.800
13.891     352.800
13.897     350.000
13.903     350.000
13.909     350.000
13.915     350.000
13.920     350.000
13.926     352.800
13.932     352.800
13.938     352.800
13.944     352.800
13.949     352.800
13.955     352.800
13.961     350.000
13.967     352.800
13.973     352.800
13.978     355.645
13.984     352.800
13.990     352.800
13.996     352.800
14.002     352.800
14.007     352.800
14.013     352.800
14.019     355.645
14.025     350.000
14.031     352.800
14.036     352.800
14.042     352.800
14.048     352.800
14.054     352.800
14.060     355.645
14.065     355.645
14.071     355.645
14.077     361.475
14.083     358.537
14.089     361.475
14.095     361.475
14.100     361.475
14.106     373.729
14.112     373.729
14.118     370.588
14.124     370.588
14.129     361.475
14.135     364.463
14.141     367.500
14.147     364.463
14.153     370.588
14.158     358.537
14.164     355.645
14.170     361.475
14.176     361.475
14.182     364.463
14.187     358.537
14.193     367.500
14.199     361.475
14.205     364.463
14.211     361.475
14.216     370.588
14.222     367.500
14.228     178.543
14.234     179.268
14.240     350.000
14.245     355.645
14.251     352.800
14.257     350.000
14.263     350.000
14.269     352.800
14.274     352.800
14.280     352.800
14.286     355.645
14.292     352.800
14.298     350.000
14.303     355.645
14.309     355.645
14.315     355.645
14.321     355.645
14.327     352.800
14.333     352.800
14.338     352.800
14.344     350.000
14.350     350.000
14.356     350.000
14.362     347.244
14.367     292.053
14.373     288.235
14.379     290.132
14.385     284.516
14.391     288.235
14.396     270.552
14.402     268.902
14.408     267.273
14.414     264.072
14.420     140.446
14.425     243.646
14.431     331.579
14.437     331.579
14.443     324.265
14.449     282.692
14.454     286.364
14.460     321.898
14.466     321.898
14.472     319.565
14.478     334.091
14.483     329.104
14.489     350.000
14.495     352.800
14.501     355.645
14.507     352.800
14.512     350.000
14.518     350.000
14.524     0.000
14.530     0.000
14.536     0.000
14.541     0.000
14.547     0.000
14.553     0.000
14.559     0.000
14.565     0.000
14.571     0.000
14.576     0.000
14.582     0.000
14.588     0.000
14.594     0.000
14.600     0.000
14.605     0.000
14.611     0.000
14.617     0.000
14.623     0.000
14.629     0.000
14.634     0.000
14.640     0.000
14.646     0.000
14.652     0.000
14.658     0.000
14.663     0.000
14.669     0.000
14.675     0.000
14.681     0.000
14.687     0.000
14.692     0.000
14.698     0.000
14.704     0.000
14.710     0.000
14.716     0.000
14.721     0.000
14.727     0.000
14.733     0.000
14.739     0.000
14.745     0.000
14.750     0.000
14.756     0.000
14.762     0.000
14.768     0.000
14.774     0.000
14.780     0.000
14.785     0.000
14.791     0.000
14.797     0.000
14.803     0.000
14.809     0.000
14.814     0.000
14.820     0.000
14.826     0.000
14.832     0.000
14.838     0.000
