0.000     900.000
0.006     900.000
0.012     191.739
0.017     177.823
0.023     176.400
0.029     149.492
0.035     152.069
0.041     151.027
0.046     150.000
0.052     150.000
0.058     148.986
0.064     148.986
0.070     148.986
0.075     148.986
0.081     148.986
0.087     148.986
0.093     148.986
0.099     148.986
0.104     148.986
0.110     150.000
0.116     150.000
0.122     150.000
0.128     150.000
0.134     150.000
0.139     150.000
0.145     150.000
0.151     151.027
0.157     151.027
0.163     151.027
0.168     152.069
0.174     152.069
0.180     152.069
0.186     153.125
0.192     153.125
0.197     154.196
0.203     155.282
0.209     155.282
0.215     155.282
0.221     155.282
0.226     155.282
0.232     156.383
0.238     155.282
0.244     156.383
0.250     157.500
0.255     157.500
0.261     158.633
0.267     157.500
0.273     156.383
0.279     157.500
0.284     156.383
0.290     156.383
0.296     156.383
0.302     156.383
0.308     317.266
0.313     312.766
0.319     312.766
0.325     312.766
0.331     310.563
0.337     312.766
0.342     312.766
0.348     310.563
0.354     312.766
0.360     310.563
0.366     312.766
0.372     310.563
0.377     312.766
0.383     310.563
0.389     310.563
0.395     310.563
0.401     312.766
0.406     312.766
0.412     312.766
0.418     310.563
0.424     310.563
0.430     312.766
0.435     310.563
0.441     310.563
0.447     312.766
0.453     312.766
0.459     312.766
0.464     312.766
0.470     310.563
0.476     312.766
0.482     310.563
0.488     312.766
0.493     310.563
0.499     310.563
0.505     310.563
0.511     310.563
0.517     312.766
0.522     310.563
0.528     310.563
0.534     310.563
0.540     310.563
0.546     312.766
0.551     310.563
0.557     310.563
0.563     312.766
0.569     312.766
0.575     315.000
0.580     315.000
0.586     317.266
0.592     315.000
0.598     321.898
0.604     315.000
0.610     315.000
0.615     315.000
0.621     317.266
0.627     317.266
0.633     317.266
0.639     319.565
0.644     329.104
0.650     326.667
0.656     321.898
0.662     324.265
0.668     321.898
0.673     319.565
0.679     315.000
0.685     315.000
0.691     319.565
0.697     321.898
0.702     319.565
0.708     317.266
0.714     315.000
0.720     317.266
0.726     312.766
0.731     315.000
0.737     317.266
0.743     315.000
0.749     317.266
0.755     317.266
0.760     315.000
0.766     312.766
0.772     310.563
0.778     312.766
0.784     312.766
0.789     315.000
0.795     317.266
0.801     317.266
0.807     315.000
0.813     312.766
0.819     308.392
0.824     308.392
0.830     304.138
0.836     273.913
0.842     275.625
0.848     275.625
0.853     280.892
0.859     284.516
0.865     280.892
0.871     277.358
0.877     277.358
0.882     277.358
0.888     277.358
0.894     277.358
0.900     275.625
0.906     277.358
0.911     277.358
0.917     277.358
0.923     277.358
0.929     277.358
0.935     277.358
0.940     277.358
0.946     277.358
0.952     277.358
0.958     277.358
0.964     277.358
0.969     277.358
0.975     277.358
0.981     277.358
0.987     277.358
0.993     277.358
0.998     277.358
1.004     277.358
1.010     277.358
1.016     277.358
1.022     277.358
1.027     277.358
1.033     277.358
1.039     277.358
1.045     277.358
1.051     277.358
1.057     277.358
1.062     277.358
1.068     275.625
1.074     275.625
1.080     272.222
1.086     262.500
1.091     262.500
1.097     260.947
1.103     262.500
1.109     262.500
1.115     262.500
1.120     262.500
1.126     317.266
1.132     262.500
1.138     331.579
1.144     350.000
1.149     324.265
1.155     344.531
1.161     334.091
1.167     129.706
1.173     130.088
1.178     129.706
1.184     129.706
1.190     130.473
1.196     341.860
1.202     344.531
1.207     341.860
1.213     310.563
1.219     259.412
1.225     259.412
1.231     259.412
1.236     341.860
1.242     341.860
1.248     341.860
1.254     260.947
1.260     259.412
1.265     259.412
1.271     260.947
1.277     259.412
1.283     336.641
1.289     336.641
1.295     334.091
1.300     329.104
1.306     260.947
1.312     260.947
1.318     260.947
1.324     260.947
1.329     262.500
1.335     336.641
1.341     0.000
1.347     0.000
1.353     0.000
1.358     0.000
1.364     0.000
1.370     0.000
1.376     0.000
1.382     0.000
1.387     0.000
1.393     0.000
1.399     0.000
1.405     0.000
1.411     0.000
1.416     0.000
1.422     0.000
1.428     0.000
1.434     0.000
1.440     0.000
1.445     0.000
1.451     0.000
1.457     0.000
1.463     0.000
1.469     0.000
1.474     0.000
1.480     235.829
1.486     232.105
1.492     230.890
1.498     232.105
1.503     234.574
1.509     232.105
1.515     232.105
1.521     233.333
1.527     232.105
1.533     232.105
1.538     232.105
1.544     232.105
1.550     232.105
1.556     232.105
1.562     232.105
1.567     232.105
1.573     232.105
1.579     232.105
1.585     232.105
1.591     232.105
1.596     232.105
1.602     232.105
1.608     232.105
1.614     232.105
1.620     232.105
1.625     232.105
1.631     232.105
1.637     232.105
1.643     232.105
1.649     233.333
1.654     232.105
1.660     233.333
1.666     232.105
1.672     232.105
1.678     233.333
1.683     233.333
1.689     232.105
1.695     232.105
1.701     233.333
1.707     233.333
1.712     232.105
1.718     233.333
1.724     233.333
1.730     232.105
1.736     234.574
1.741     234.574
1.747     230.890
1.753     233.333
1.759     235.829
1.765     228.497
1.771     233.333
1.776     235.829
1.782     226.154
1.788     237.097
1.794     0.000
1.800     0.000
1.805     0.000
1.811     0.000
1.817     0.000
1.823     0.000
1.829     0.000
1.834     0.000
1.840     0.000
1.846     0.000
1.852     0.000
1.858     0.000
1.863     0.000
1.869     0.000
1.875     0.000
1.881     0.000
1.887     0.000
1.892     0.000
1.898     0.000
1.904     0.000
1.910     0.000
1.916     0.000
1.921     0.000
1.927     0.000
1.933     0.000
1.939     0.000
1.945     0.000
1.950     0.000
1.956     0.000
1.962     0.000
1.968     0.000
1.974     0.000
1.980     0.000
1.985     0.000
1.991     0.000
1.997     0.000
2.003     0.000
2.009     0.000
2.014     0.000
2.020     0.000
2.026     0.000
2.032     0.000
2.038     0.000
2.043     0.000
2.049     0.000
2.055     0.000
2.061     0.000
2.067     0.000
2.072     0.000
2.078     0.000
2.084     0.000
2.090     0.000
2.096     0.000
2.101     0.000
2.107     0.000
2.113     0.000
2.119     0.000
2.125     0.000
2.130     0.000
2.136     0.000
2.142     0.000
2.148     0.000
2.154     0.000
2.159     0.000
2.165     0.000
2.171     0.000
2.177     0.000
2.183     0.000
2.188     0.000
2.194     0.000
2.200     0.000
2.206     0.000
2.212     0.000
2.218     0.000
2.223     0.000
2.229     0.000
2.235     0.000
2.241     0.000
2.247     0.000
2.252     0.000
2.258     0.000
2.264     0.000
2.270     0.000
2.276     0.000
2.281     0.000
2.287     0.000
2.293     0.000
2.299     0.000
2.305     0.000
2.310     0.000
2.316     0.000
2.322     0.000
2.328     0.000
2.334     0.000
2.339     0.000
2.345     0.000
2.351     0.000
2.357     0.000
2.363     0.000
2.368     0.000
2.374     0.000
2.380     0.000
2.386     0.000
2.392     0.000
2.397     0.000
2.403     0.000
2.409     0.000
2.415     0.000
2.421     0.000
2.426     0.000
2.432     0.000
2.438     0.000
2.444     0.000
2.450     206.075
2.456     206.075
2.461     206.075
2.467     206.075
2.473     206.075
2.479     207.042
2.485     206.075
2.490     206.075
2.496     207.042
2.502     206.075
2.508     207.042
2.514     207.042
2.519     207.042
2.525     207.042
2.531     206.075
2.537     207.042
2.543     208.019
2.548     207.042
2.554     207.042
2.560     207.042
2.566     207.042
2.572     207.042
2.577     207.042
2.583     207.042
2.589     206.075
2.595     208.019
2.601     207.042
2.606     208.019
2.612     208.019
2.618     206.075
2.624     208.019
2.630     208.019
2.635     208.019
2.641     207.042
2.647     206.075
2.653     209.005
2.659     207.042
2.664     208.019
2.670     207.042
2.676     206.075
2.682     208.019
2.688     207.042
2.694     208.019
2.699     207.042
2.705     207.042
2.711     208.019
2.717     207.042
2.723     208.019
2.728     207.042
2.734     207.042
2.740     208.019
2.746     208.019
2.752     209.005
2.757     206.075
2.763     207.042
2.769     209.005
2.775     207.042
2.781     209.005
2.786     206.075
2.792     208.019
2.798     208.019
2.804     208.019
2.810     208.019
2.815     206.075
2.821     208.019
2.827     208.019
2.833     207.042
2.839     208.019
2.844     206.075
2.850     208.019
2.856     209.005
2.862     207.042
2.868     208.019
2.873     206.075
2.879     207.042
2.885     208.019
2.891     207.042
2.897     208.019
2.902     207.042
2.908     208.019
2.914     208.019
2.920     208.019
2.926     207.042
2.932     207.042
2.937     211.005
2.943     207.042
2.949     209.005
2.955     210.000
2.961     179.268
2.966     279.114
2.972     317.266
2.978     326.667
2.984     331.579
2.990     334.091
2.995     334.091
3.001     324.265
3.007     181.481
3.013     277.358
3.019     180.738
3.024     235.829
3.030     324.265
3.036     331.579
3.042     275.625
3.048     208.019
3.053     235.829
3.059     212.019
3.065     210.000
3.071     211.005
3.077     209.005
3.082     212.019
3.088     212.019
3.094     209.005
3.100     210.000
3.106     209.005
3.111     211.005
3.117     212.019
3.123     211.005
3.129     0.000
3.135     0.000
3.140     0.000
3.146     0.000
3.152     0.000
3.158     0.000
3.164     0.000
3.170     0.000
3.175     0.000
3.181     0.000
3.187     0.000
3.193     0.000
3.199     0.000
3.204     0.000
3.210     0.000
3.216     0.000
3.222     0.000
3.228     0.000
3.233     0.000
3.239     0.000
3.245     0.000
3.251     0.000
3.257     0.000
3.262     0.000
3.268     0.000
3.274     0.000
3.280     0.000
3.286     0.000
3.291     0.000
3.297     0.000
3.303     0.000
3.309     0.000
3.315     0.000
3.320     0.000
3.326     0.000
3.332     0.000
3.338     0.000
3.344     408.333
3.349     412.150
3.355     404.587
3.361     367.500
3.367     393.750
3.373     364.463
3.379     370.588
3.384     400.909
3.390     0.000
3.396     0.000
3.402     0.000
3.408     0.000
3.413     0.000
3.419     0.000
3.425     0.000
3.431     0.000
3.437     0.000
3.442     0.000
3.448     0.000
3.454     0.000
3.460     0.000
3.466     0.000
3.471     0.000
3.477     0.000
3.483     0.000
3.489     0.000
3.495     0.000
3.500     0.000
3.506     0.000
3.512     0.000
3.518     0.000
3.524     0.000
3.529     0.000
3.535     0.000
3.541     0.000
3.547     0.000
3.553     0.000
3.558     0.000
3.564     0.000
3.570     0.000
3.576     0.000
3.582     0.000
3.587     0.000
3.593     0.000
3.599     0.000
3.605     0.000
3.611     0.000
3.617     0.000
3.622     0.000
3.628     0.000
3.634     0.000
3.640     0.000
3.646     0.000
3.651     0.000
3.657     0.000
3.663     0.000
3.669     0.000
3.675     0.000
3.680     0.000
3.686     0.000
3.692     0.000
3.698     0.000
3.704     0.000
3.709     0.000
3.715     0.000
3.721     0.000
3.727     0.000
3.733     0.000
3.738     0.000
3.744     0.000
3.750     0.000
3.756     0.000
3.762     0.000
3.767     0.000
3.773     0.000
3.779     0.000
3.785     0.000
3.791     0.000
3.796     0.000
3.802     0.000
3.808     0.000
3.814     177.108
3.820     177.108
3.825     177.108
3.831     177.108
3.837     177.823
3.843     177.823
3.849     177.823
3.855     177.823
3.860     177.108
3.866     177.108
3.872     177.823
3.878     177.108
3.884     177.823
3.889     177.108
3.895     177.108
3.901     177.108
3.907     176.400
3.913     531.325
3.918     531.325
3.924     531.325
3.930     531.325
3.936     531.325
3.942     531.325
3.947     531.325
3.953     531.325
3.959     531.325
3.965     525.000
3.971     531.325
3.976     531.325
3.982     537.805
3.988     537.805
3.994     551.250
4.000     551.250
4.005     474.194
4.011     474.194
4.017     474.194
4.023     0.000
4.029     0.000
4.034     0.000
4.040     0.000
4.046     0.000
4.052     0.000
4.058     0.000
4.063     0.000
4.069     0.000
4.075     0.000
4.081     0.000
4.087     0.000
4.093     0.000
4.098     0.000
4.104     0.000
4.110     0.000
4.116     0.000
4.122     0.000
4.127     0.000
4.133     0.000
4.139     0.000
4.145     0.000
4.151     0.000
4.156     0.000
4.162     0.000
4.168     0.000
4.174     0.000
4.180     0.000
4.185     0.000
4.191     0.000
4.197     484.615
4.203     469.149
4.209     165.169
4.214     234.574
4.220     233.333
4.226     165.789
4.232     226.154
4.238     199.548
4.243     175.000
4.249     122.161
4.255     189.270
4.261     125.641
4.267     172.941
4.272     182.231
4.278     182.231
4.284     182.231
4.290     182.231
4.296     181.481
4.301     181.481
4.307     181.481
4.313     180.738
4.319     180.738
4.325     180.738
4.331     180.738
4.336     182.988
4.342     181.481
4.348     181.481
4.354     181.481
4.360     181.481
4.365     180.000
4.371     180.738
4.377     181.481
4.383     181.481
4.389     181.481
4.394     181.481
4.400     182.988
4.406     180.738
4.412     182.231
4.418     181.481
4.423     180.738
4.429     182.988
4.435     182.231
4.441     181.481
4.447     182.231
4.452     181.481
4.458     180.738
4.464     181.481
4.470     184.519
4.476     182.231
4.481     181.481
4.487     182.988
4.493     181.481
4.499     180.738
4.505     180.738
4.510     182.988
4.516     181.481
4.522     182.231
4.528     182.988
4.534     181.481
4.540     182.231
4.545     182.988
4.551     181.481
4.557     181.481
4.563     180.738
4.569     181.481
4.574     181.481
4.580     181.481
4.586     182.988
4.592     180.738
4.598     180.738
4.603     182.231
4.609     181.481
4.615     180.738
4.621     182.231
4.627     182.988
4.632     181.481
4.638     181.481
4.644     181.481
4.650     180.738
4.656     182.231
4.661     180.738
4.667     180.738
4.673     177.108
4.679     175.697
4.685     173.622
4.690     174.308
4.696     173.622
4.702     173.622
4.708     173.622
4.714     173.622
4.719     174.308
4.725     173.622
4.731     174.308
4.737     174.308
4.743     174.308
4.748     174.308
4.754     174.308
4.760     174.308
4.766     174.308
4.772     174.308
4.778     173.622
4.783     174.308
4.789     173.622
4.795     172.941
4.801     172.941
4.807     172.941
4.812     172.941
4.818     172.941
4.824     173.622
4.830     173.622
4.836     174.308
4.841     173.622
4.847     173.622
4.853     174.308
4.859     174.308
4.865     174.308
4.870     174.308
4.876     174.308
4.882     174.308
4.888     175.000
4.894     174.308
4.899     175.000
4.905     173.622
4.911     179.268
4.917     170.930
4.923     0.000
4.928     0.000
4.934     0.000
4.940     0.000
4.946     0.000
4.952     0.000
4.957     0.000
4.963     0.000
4.969     0.000
4.975     0.000
4.981     176.400
4.986     186.864
4.992     177.108
4.998     175.000
5.004     187.660
5.010     170.930
5.016     179.268
5.021     0.000
5.027     0.000
5.033     0.000
5.039     0.000
5.045     0.000
5.050     0.000
5.056     0.000
5.062     0.000
5.068     0.000
5.074     0.000
5.079     0.000
5.085     0.000
5.091     0.000
5.097     0.000
5.103     0.000
5.108     115.445
5.114     115.445
5.120     115.445
5.126     115.445
5.132     115.445
5.137     115.445
5.143     115.445
5.149     115.445
5.155     115.445
5.161     115.445
5.166     115.445
5.172     115.445
5.178     115.445
5.184     116.053
5.190     115.445
5.195     115.445
5.201     116.053
5.207     115.445
5.213     115.445
5.219     116.053
5.224     116.053
5.230     115.445
5.236     233.333
5.242     232.105
5.248     230.890
5.254     230.890
5.259     230.890
5.265     230.890
5.271     232.105
5.277     232.105
5.283     230.890
5.288     232.105
5.294     232.105
5.300     230.890
5.306     232.105
5.312     232.105
5.317     230.890
5.323     233.333
5.329     232.105
5.335     229.688
5.341     233.333
5.346     230.890
5.352     230.890
5.358     232.105
5.364     232.105
5.370     232.105
5.375     232.105
5.381     232.105
5.387     230.890
5.393     232.105
5.399     232.105
5.404     232.105
5.410     232.105
5.416     230.890
5.422     232.105
5.428     232.105
5.433     229.688
5.439     232.105
5.445     230.890
5.451     230.890
5.457     232.105
5.462     232.105
5.468     230.890
5.474     232.105
5.480     233.333
5.486     230.890
5.492     233.333
5.497     232.105
5.503     230.890
5.509     233.333
5.515     232.105
5.521     230.890
5.526     233.333
5.532     232.105
5.538     230.890
5.544     232.105
5.550     232.105
5.555     230.890
5.561     232.105
5.567     232.105
5.573     230.890
5.579     230.890
5.584     230.890
5.590     229.688
5.596     228.497
5.602     235.829
5.608     229.688
5.613     230.890
5.619     232.105
5.625     230.890
5.631     232.105
5.637     232.105
5.642     232.105
5.648     232.105
5.654     232.105
5.660     230.890
5.666     232.105
5.671     230.890
5.677     232.105
5.683     232.105
5.689     230.890
5.695     233.333
5.700     232.105
5.706     232.105
5.712     232.105
5.718     233.333
5.724     230.890
5.730     233.333
5.735     232.105
5.741     232.105
5.747     232.105
5.753     232.105
5.759     230.890
5.764     232.105
5.770     232.105
5.776     230.890
5.782     232.105
5.788     230.890
5.793     223.858
5.799     222.727
5.805     212.019
5.811     212.019
5.817     206.075
5.822     207.042
5.828     209.005
5.834     205.116
5.840     208.019
5.846     207.042
5.851     209.005
5.857     208.019
5.863     209.005
5.869     208.019
5.875     207.042
5.880     207.042
5.886     207.042
5.892     207.042
5.898     206.075
5.904     206.075
5.909     206.075
5.915     206.075
5.921     207.042
5.927     206.075
5.933     206.075
5.939     207.042
5.944     206.075
5.950     207.042
5.956     206.075
5.962     206.075
5.968     207.042
5.973     206.075
5.979     206.075
5.985     206.075
5.991     207.042
5.997     206.075
6.002     207.042
6.008     207.042
6.014     207.042
6.020     206.075
6.026     206.075
6.031     208.019
6.037     208.019
6.043     207.042
6.049     209.005
6.055     206.075
6.060     209.005
6.066     210.000
6.072     210.501
6.078     199.548
6.084     119.512
6.089     119.512
6.095     117.287
6.101     117.600
6.107     131.642
6.113     111.929
6.118     202.294
6.124     186.076
6.130     201.370
6.136     200.455
6.142     200.455
6.147     201.370
6.153     205.116
6.159     208.019
6.165     206.075
6.171     207.042
6.177     206.075
6.182     207.042
6.188     206.075
6.194     207.042
6.200     207.042
6.206     206.075
6.211     207.042
6.217     206.075
6.223     207.042
6.229     207.042
6.235     207.042
6.240     207.042
6.246     207.042
6.252     207.042
6.258     207.042
6.264     207.042
6.269     207.042
6.275     207.042
6.281     207.042
6.287     207.042
6.293     207.042
6.298     207.042
6.304     207.042
6.310     207.042
6.316     207.042
6.322     207.042
6.327     207.042
6.333     206.075
6.339     207.042
6.345     207.042
6.351     205.116
6.356     207.042
6.362     206.075
6.368     207.042
6.374     207.042
6.380     206.075
6.385     208.019
6.391     207.042
6.397     208.019
6.403     207.042
6.409     206.075
6.415     207.042
6.420     206.075
6.426     207.042
6.432     207.042
6.438     207.042
6.444     207.042
6.449     207.042
6.455     207.042
6.461     207.042
6.467     207.042
6.473     206.075
6.478     208.019
6.484     207.042
6.490     208.019
6.496     208.019
6.502     206.075
6.507     208.019
6.513     207.042
6.519     207.042
6.525     208.019
6.531     207.042
6.536     208.019
6.542     207.042
6.548     207.042
6.554     208.019
6.560     205.116
6.565     208.019
6.571     207.042
6.577     206.075
6.583     208.019
6.589     206.075
6.594     207.042
6.600     207.042
6.606     206.075
6.612     207.042
6.618     206.075
6.623     206.075
6.629     207.042
6.635     206.075
6.641     208.019
6.647     208.019
6.653     206.075
6.658     208.019
6.664     206.075
6.670     207.042
6.676     209.005
6.682     207.042
6.687     208.019
6.693     206.075
6.699     208.019
6.705     209.005
6.711     208.019
6.716     210.000
6.722     205.116
6.728     208.019
6.734     210.000
6.740     207.042
6.745     210.000
6.751     207.042
6.757     208.019
6.763     209.005
6.769     208.019
6.774     210.000
6.780     206.075
6.786     208.019
6.792     206.075
6.798     207.042
6.803     208.019
6.809     206.075
6.815     208.019
6.821     207.042
6.827     208.019
6.832     206.075
6.838     208.019
6.844     209.005
6.850     208.019
6.856     208.019
6.861     208.019
6.867     208.019
6.873     209.005
6.879     211.005
6.885     203.226
6.891     203.226
6.896     204.167
6.902     202.294
6.908     206.075
6.914     214.078
6.920     213.043
6.925     205.116
6.931     214.078
6.937     208.019
6.943     205.116
6.949     211.005
6.954     206.075
6.960     212.019
6.966     207.042
6.972     205.116
6.978     207.042
6.983     206.075
6.989     208.019
6.995     207.042
7.001     206.075
7.007     208.019
7.012     206.075
7.018     0.000
7.024     0.000
7.030     0.000
7.036     0.000
7.041     0.000
7.047     0.000
7.053     0.000
7.059     0.000
7.065     0.000
7.070     0.000
7.076     0.000
7.082     0.000
7.088     0.000
7.094     0.000
7.100     0.000
7.105     0.000
7.111     0.000
7.117     0.000
7.123     0.000
7.129     0.000
7.134     0.000
7.140     0.000
7.146     0.000
7.152     0.000
7.158     0.000
7.163     0.000
7.169     0.000
7.175     0.000
7.181     0.000
7.187     0.000
7.192     0.000
7.198     0.000
7.204     0.000
7.210     0.000
7.216     0.000
7.221     0.000
7.227     0.000
7.233     0.000
7.239     0.000
7.245     0.000
7.250     0.000
7.256     0.000
7.262     0.000
7.268     0.000
7.274     0.000
7.279     0.000
7.285     0.000
7.291     0.000
7.297     0.000
7.303     0.000
7.308     0.000
7.314     0.000
7.320     0.000
7.326     0.000
7.332     0.000
7.338     0.000
7.343     0.000
7.349     0.000
7.355     0.000
7.361     0.000
7.367     0.000
7.372     0.000
7.378     0.000
7.384     0.000
7.390     0.000
7.396     0.000
7.401     0.000
7.407     0.000
7.413     0.000
7.419     0.000
7.425     0.000
7.430     0.000
7.436     0.000
7.442     0.000
7.448     0.000
7.454     0.000
7.459     0.000
7.465     0.000
7.471     0.000
7.477     0.000
7.483     0.000
7.488     0.000
7.494     0.000
7.500     0.000
7.506     235.829
7.512     265.663
7.517     264.072
7.523     237.097
7.529     183.750
7.535     233.333
7.541     233.333
7.546     183.750
7.552     234.574
7.558     235.829
7.564     182.988
7.570     234.574
7.576     235.829
7.581     182.988
7.587     235.829
7.593     234.574
7.599     182.988
7.605     234.574
7.610     234.574
7.616     326.667
7.622     267.273
7.628     234.574
7.634     235.829
7.639     317.266
7.645     312.766
7.651     315.000
7.657     315.000
7.663     315.000
7.668     315.000
7.674     315.000
7.680     315.000
7.686     315.000
7.692     315.000
7.697     312.766
7.703     312.766
7.709     312.766
7.715     315.000
7.721     315.000
7.726     315.000
7.732     315.000
7.738     315.000
7.744     315.000
7.750     315.000
7.755     315.000
7.761     315.000
7.767     315.000
7.773     315.000
7.779     315.000
7.784     312.766
7.790     312.766
7.796     312.766
7.802     315.000
7.808     315.000
7.814     312.766
7.819     312.766
7.825     312.766
7.831     312.766
7.837     312.766
7.843     312.766
7.848     312.766
7.854     312.766
7.860     315.000
7.866     312.766
7.872     312.766
7.877     315.000
7.883     317.266
7.889     319.565
7.895     355.645
7.901     350.000
7.906     352.800
7.912     347.244
7.918     350.000
7.924     352.800
7.930     347.244
7.935     350.000
7.941     350.000
7.947     347.244
7.953     350.000
7.959     352.800
7.964     350.000
7.970     350.000
7.976     352.800
7.982     347.244
7.988     350.000
7.993     347.244
7.999     350.000
8.005     347.244
8.011     326.667
8.017     324.265
8.022     326.667
8.028     324.265
8.034     329.104
8.040     324.265
8.046     326.667
8.052     329.104
8.057     341.860
8.063     336.641
8.069     347.244
8.075     336.641
8.081     344.531
8.086     341.860
8.092     321.898
8.098     341.860
8.104     347.244
8.110     344.531
8.115     339.231
8.121     341.860
8.127     341.860
8.133     347.244
8.139     339.231
8.144     326.667
8.150     321.898
8.156     319.565
8.162     317.266
8.168     331.579
8.173     352.800
8.179     347.244
8.185     336.641
8.191     358.537
8.197     361.475
8.202     397.297
8.208     355.645
8.214     408.333
8.220     347.244
8.226     355.645
8.231     344.531
8.237     355.645
8.243     350.000
8.249     400.909
8.255     358.537
8.260     344.531
8.266     350.000
8.272     350.000
8.278     352.800
8.284     358.537
8.290     350.000
8.295     355.645
8.301     358.537
8.307     358.537
8.313     347.244
8.319     352.800
8.324     347.244
8.330     350.000
8.336     350.000
8.342     352.800
8.348     355.645
8.353     0.000
8.359     0.000
8.365     0.000
8.371     0.000
8.377     0.000
8.382     0.000
8.388     0.000
8.394     0.000
8.400     0.000
8.406     0.000
8.411     0.000
8.417     0.000
8.423     0.000
8.429     0.000
8.435     0.000
8.440     0.000
8.446     0.000
8.452     0.000
8.458     0.000
8.464     0.000
8.469     0.000
8.475     0.000
8.481     0.000
8.487     0.000
8.493     206.075
8.499     207.042
8.504     207.042
8.510     206.075
8.516     207.042
8.522     207.042
8.528     207.042
8.533     207.042
8.539     207.042
8.545     207.042
8.551     207.042
8.557     207.042
8.562     207.042
8.568     207.042
8.574     207.042
8.580     207.042
8.586     207.042
8.591     207.042
8.597     207.042
8.603     207.042
8.609     207.042
8.615     207.042
8.620     207.042
8.626     207.042
8.632     207.042
8.638     207.042
8.644     207.042
8.649     206.075
8.655     0.000
8.661     0.000
8.667     0.000
8.673     0.000
8.678     0.000
8.684     0.000
8.690     0.000
8.696     0.000
8.702     0.000
8.707     0.000
8.713     0.000
8.719     0.000
8.725     0.000
8.731     0.000
8.737     0.000
8.742     0.000
8.748     0.000
8.754     0.000
8.760     0.000
8.766     0.000
8.771     0.000
8.777     0.000
8.783     0.000
8.789     0.000
8.795     0.000
8.800     0.000
8.806     0.000
8.812     0.000
8.818     0.000
8.824     0.000
8.829     0.000
8.835     0.000
8.841     0.000
8.847     0.000
8.853     0.000
8.858     0.000
8.864     0.000
8.870     0.000
8.876     0.000
8.882     0.000
8.887     0.000
8.893     0.000
8.899     0.000
8.905     0.000
8.911     0.000
8.916     0.000
8.922     0.000
8.928     196.875
8.934     196.875
8.940     196.000
8.945     196.000
8.951     196.000
8.957     196.000
8.963     196.000
8.969     196.000
8.975     196.000
8.980     196.000
8.986     196.000
8.992     196.000
8.998     196.000
9.004     196.000
9.009     195.133
9.015     196.000
9.021     196.000
9.027     196.000
9.033     196.000
9.038     196.000
9.044     196.000
9.050     196.000
9.056     196.000
9.062     196.000
9.067     196.000
9.073     196.000
9.079     196.000
9.085     196.000
9.091     196.000
9.096     196.000
9.102     196.000
9.108     196.000
9.114     196.000
9.120     196.000
9.125     196.000
9.131     196.000
9.137     196.000
9.143     196.875
9.149     197.758
9.154     196.875
9.160     197.758
9.166     196.875
9.172     196.875
9.178     196.875
9.183     196.875
9.189     197.758
9.195     196.000
9.201     198.649
9.207     197.758
9.213     197.758
9.218     196.875
9.224     197.758
9.230     198.649
9.236     198.649
9.242     199.548
9.247     198.649
9.253     200.455
9.259     198.649
9.265     200.455
9.271     200.455
9.276     232.105
9.282     232.105
9.288     232.105
9.294     232.105
9.300     232.105
9.305     232.105
9.311     232.105
9.317     232.105
9.323     232.105
9.329     232.105
9.334     232.105
9.340     232.105
9.346     232.105
9.352     232.105
9.358     232.105
9.363     232.105
9.369     232.105
9.375     232.105
9.381     232.105
9.387     232.105
9.392     232.105
9.398     232.105
9.404     232.105
9.410     232.105
9.416     232.105
9.421     232.105
9.427     232.105
9.433     232.105
9.439     232.105
9.445     232.105
9.451     232.105
9.456     232.105
9.462     232.105
9.468     232.105
9.474     232.105
9.480     232.105
9.485     232.105
9.491     232.105
9.497     232.105
9.503     233.333
9.509     232.105
9.514     232.105
9.520     232.105
9.526     232.105
9.532     232.105
9.538     233.333
9.543     233.333
9.549     232.105
9.555     233.333
9.561     232.105
9.567     232.105
9.572     233.333
9.578     232.105
9.584     233.333
9.590     232.105
9.596     232.105
9.601     232.105
9.607     232.105
9.613     233.333
9.619     232.105
9.625     233.333
9.630     232.105
9.636     233.333
9.642     232.105
9.648     232.105
9.654     232.105
9.660     232.105
9.665     232.105
9.671     232.105
9.677     232.105
9.683     232.105
9.689     232.105
9.694     232.105
9.700     232.105
9.706     232.105
9.712     232.105
9.718     233.333
9.723     232.105
9.729     232.105
9.735     232.105
9.741     232.105
9.747     232.105
9.752     232.105
9.758     233.333
9.764     232.105
9.770     233.952
9.776     232.105
9.781     230.890
9.787     233.333
9.793     232.105
9.799     233.952
9.805     350.000
9.810     355.645
9.816     0.000
9.822     0.000
9.828     0.000
9.834     0.000
9.839     0.000
9.845     0.000
9.851     0.000
9.857     0.000
9.863     0.000
9.868     0.000
9.874     0.000
9.880     0.000
9.886     0.000
9.892     0.000
9.898     0.000
9.903     0.000
9.909     0.000
9.915     0.000
9.921     0.000
9.927     0.000
9.932     0.000
9.938     0.000
9.944     0.000
9.950     0.000
9.956     0.000
9.961     0.000
9.967     0.000
9.973     0.000
9.979     0.000
9.985     0.000
9.990     0.000
9.996     0.000
10.002     0.000
10.008     0.000
10.014     0.000
10.019     0.000
10.025     0.000
10.031     0.000
10.037     0.000
10.043     0.000
10.048     0.000
10.054     0.000
10.060     0.000
10.066     0.000
10.072     230.890
10.077     232.105
10.083     230.890
10.089     232.105
10.095     228.497
10.101     227.320
10.106     217.241
10.112     235.829
10.118     230.890
10.124     230.890
10.130     230.890
10.136     228.497
10.141     227.320
10.147     225.000
10.153     226.154
10.159     218.317
10.165     209.005
10.170     214.078
10.176     0.000
10.182     0.000
10.188     0.000
10.194     0.000
10.199     0.000
10.205     0.000
10.211     0.000
10.217     0.000
10.223     0.000
10.228     0.000
10.234     0.000
10.240     0.000
10.246     0.000
10.252     0.000
10.257     0.000
10.263     0.000
10.269     0.000
10.275     0.000
10.281     0.000
10.286     0.000
10.292     0.000
10.298     0.000
10.304     0.000
10.310     0.000
10.315     0.000
10.321     0.000
10.327     0.000
10.333     0.000
10.339     0.000
10.344     0.000
10.350     0.000
10.356     0.000
10.362     0.000
10.368     0.000
10.374     0.000
10.379     0.000
10.385     0.000
10.391     103.765
10.397     201.370
10.403     201.370
10.408     203.226
10.414     200.455
10.420     200.455
10.426     201.370
10.432     198.649
10.437     198.649
10.443     198.649
10.449     196.875
10.455     196.875
10.461     196.875
10.466     198.649
10.472     195.133
10.478     131.250
10.484     196.000
10.490     321.898
10.495     317.266
10.501     198.649
10.507     317.266
10.513     315.000
10.519     317.266
10.524     196.000
10.530     196.000
10.536     206.075
10.542     206.075
10.548     206.075
10.553     206.075
10.559     206.075
10.565     206.075
10.571     206.075
10.577     206.075
10.582     206.075
10.588     206.075
10.594     206.075
10.600     206.075
10.606     206.075
10.612     206.075
10.617     206.075
10.623     206.075
10.629     206.075
10.635     206.075
10.641     206.075
10.646     207.042
10.652     206.075
10.658     207.042
10.664     206.075
10.670     206.075
10.675     207.042
10.681     206.075
10.687     206.075
10.693     206.075
10.699     206.075
10.704     207.042
10.710     207.042
10.716     206.075
10.722     206.075
10.728     206.075
10.733     207.042
10.739     206.075
10.745     207.042
10.751     206.075
10.757     207.042
10.762     207.042
10.768     206.075
10.774     206.075
10.780     205.116
10.786     206.075
10.791     206.075
10.797     206.075
10.803     206.075
10.809     205.116
10.815     207.042
10.820     205.116
10.826     206.075
10.832     206.075
10.838     205.116
10.844     207.042
10.850     206.075
10.855     206.075
10.861     207.042
10.867     206.075
10.873     206.075
10.879     206.075
10.884     206.075
10.890     206.075
10.896     206.075
10.902     205.116
10.908     195.133
10.913     196.000
10.919     196.000
10.925     196.000
10.931     196.000
10.937     196.000
10.942     196.000
10.948     195.133
10.954     196.000
10.960     196.000
10.966     196.000
10.971     195.133
10.977     196.000
10.983     196.000
10.989     196.000
10.995     196.000
11.000     196.000
11.006     196.000
11.012     196.000
11.018     195.133
11.024     195.133
11.029     196.000
11.035     195.133
11.041     195.133
11.047     196.000
11.053     196.000
11.059     195.133
11.064     196.000
11.070     195.133
11.076     196.000
11.082     196.000
11.088     195.133
11.093     196.000
11.099     196.000
11.105     196.000
11.111     195.133
11.117     196.000
11.122     195.133
11.128     196.000
11.134     194.273
11.140     193.421
11.146     191.739
11.151     193.421
11.157     194.273
11.163     186.864
11.169     0.000
11.175     0.000
11.180     0.000
11.186     0.000
11.192     0.000
11.198     0.000
11.204     0.000
11.209     0.000
11.215     0.000
11.221     0.000
11.227     0.000
11.233     0.000
11.238     0.000
11.244     0.000
11.250     0.000
11.256     0.000
11.262     0.000
11.267     0.000
11.273     0.000
11.279     0.000
11.285     0.000
11.291     0.000
11.297     0.000
11.302     0.000
11.308     0.000
11.314     0.000
11.320     0.000
11.326     0.000
11.331     0.000
11.337     0.000
11.343     0.000
11.349     0.000
11.355     0.000
11.360     0.000
11.366     0.000
11.372     229.688
11.378     229.688
11.384     229.688
11.389     229.688
11.395     230.890
11.401     230.890
11.407     230.890
11.413     230.890
11.418     230.890
11.424     230.890
11.430     230.890
11.436     230.890
11.442     230.890
11.447     230.890
11.453     230.890
11.459     232.105
11.465     230.890
11.471     232.105
11.476     232.105
11.482     232.105
11.488     232.105
11.494     230.890
11.500     232.105
11.505     232.105
11.511     230.890
11.517     232.105
11.523     232.105
11.529     232.105
11.535     232.105
11.540     232.105
11.546     232.105
11.552     232.105
11.558     232.105
11.564     232.105
11.569     232.105
11.575     232.105
11.581     232.105
11.587     232.105
11.593     232.105
11.598     232.105
11.604     232.105
11.610     232.105
11.616     230.890
11.622     230.890
11.627     230.890
11.633     230.890
11.639     232.105
11.645     230.890
11.651     232.105
11.656     229.688
11.662     230.890
11.668     232.105
11.674     230.890
11.680     232.105
11.685     232.105
11.691     230.890
11.697     232.105
11.703     230.890
11.709     232.105
11.714     230.890
11.720     230.890
11.726     232.105
11.732     232.105
11.738     230.890
11.743     230.890
11.749     232.105
11.755     230.890
11.761     232.105
11.767     232.105
11.773     232.105
11.778     232.105
11.784     230.890
11.790     230.890
11.796     230.890
11.802     229.688
11.807     230.890
11.813     230.890
11.819     230.890
11.825     230.890
11.831     230.890
11.836     230.890
11.842     229.688
11.848     232.105
11.854     232.105
11.860     232.105
11.865     232.105
11.871     229.688
11.877     230.890
11.883     228.497
11.889     232.105
11.894     230.890
11.900     230.890
11.906     232.105
11.912     232.105
11.918     230.890
11.923     232.105
11.929     232.105
11.935     230.890
11.941     230.890
11.947     232.105
11.952     230.890
11.958     230.890
11.964     230.890
11.970     229.688
11.976     230.890
11.981     230.890
11.987     232.105
11.993     230.890
11.999     232.105
12.005     230.890
12.011     230.890
12.016     232.105
12.022     230.890
12.028     232.105
12.034     230.890
12.040     229.688
12.045     216.176
12.051     208.019
12.057     209.005
12.063     205.116
12.069     206.075
12.074     207.042
12.080     205.116
12.086     206.075
12.092     206.075
12.098     206.075
12.103     206.075
12.109     206.075
12.115     205.116
12.121     206.075
12.127     206.075
12.132     207.042
12.138     206.075
12.144     206.075
12.150     207.042
12.156     206.075
12.161     207.042
12.167     206.075
12.173     206.075
12.179     206.075
12.185     207.042
12.190     206.075
12.196     206.075
12.202     206.075
12.208     206.075
12.214     207.042
12.220     206.075
12.225     206.075
12.231     205.116
12.237     206.075
12.243     206.075
12.249     206.075
12.254     206.075
12.260     206.075
12.266     206.075
12.272     206.075
12.278     206.075
12.283     206.075
12.289     205.116
12.295     207.042
12.301     205.116
12.307     206.075
12.312     206.075
12.318     205.116
12.324     207.042
12.330     205.116
12.336     206.075
12.341     206.075
12.347     205.116
12.353     207.042
12.359     203.226
12.365     206.075
12.370     203.226
12.376     198.649
12.382     198.649
12.388     198.649
12.394     197.758
12.399     196.875
12.405     196.875
12.411     196.875
12.417     196.000
12.423     196.000
12.428     195.133
12.434     196.000
12.440     196.000
12.446     195.133
12.452     195.133
12.458     195.133
12.463     195.133
12.469     194.273
12.475     194.273
12.481     194.273
12.487     194.273
12.492     194.273
12.498     194.273
12.504     194.273
12.510     194.273
12.516     194.273
12.521     194.273
12.527     195.133
12.533     194.273
12.539     195.133
12.545     195.133
12.550     194.273
12.556     195.133
12.562     195.133
12.568     195.133
12.574     196.000
12.579     196.000
12.585     196.000
12.591     196.000
12.597     196.000
12.603     195.133
12.608     196.000
12.614     196.000
12.620     196.000
12.626     195.133
12.632     196.000
12.637     195.133
12.643     195.133
12.649     196.875
12.655     195.133
12.661     196.000
12.666     196.875
12.672     195.133
12.678     196.875
12.684     196.000
12.690     196.000
12.696     195.133
12.701     196.000
12.707     196.000
12.713     196.000
12.719     196.000
12.725     196.000
12.730     196.875
12.736     196.000
12.742     197.758
12.748     196.000
12.754     196.875
12.759     197.758
12.765     196.000
12.771     197.758
12.777     196.000
12.783     197.758
12.788     198.649
12.794     195.133
12.800     199.548
12.806     196.875
12.812     196.875
12.817     197.758
12.823     196.875
12.829     198.649
12.835     197.758
12.841     196.875
12.846     197.758
12.852     196.000
12.858     196.000
12.864     196.875
12.870     197.758
12.875     196.000
12.881     196.875
12.887     196.000
12.893     196.000
12.899     196.875
12.904     195.133
12.910     197.758
12.916     196.000
12.922     197.758
12.928     196.875
12.934     195.133
12.939     196.875
12.945     196.000
12.951     196.875
12.957     197.758
12.963     197.758
12.968     196.875
12.974     196.875
12.980     197.758
12.986     197.758
12.992     197.758
12.997     197.758
13.003     197.758
13.009     196.875
13.015     196.875
13.021     196.000
13.026     196.000
13.032     196.875
13.038     197.758
13.044     196.000
13.050     196.000
13.055     195.133
13.061     196.000
13.067     196.000
13.073     196.000
13.079     196.000
13.084     196.000
13.090     196.000
13.096     196.000
13.102     196.000
13.108     196.000
13.113     196.000
13.119     196.000
13.125     197.758
13.131     196.875
13.137     196.875
13.142     196.875
13.148     196.875
13.154     195.133
13.160     201.370
13.166     196.875
13.172     196.000
13.177     196.000
13.183     196.000
13.189     195.133
13.195     195.133
13.201     195.133
13.206     196.875
13.212     195.133
13.218     196.000
13.224     194.273
13.230     196.875
13.235     196.000
13.241     195.133
13.247     196.875
13.253     196.000
13.259     196.875
13.264     196.875
13.270     196.000
13.276     196.000
13.282     196.875
13.288     196.000
13.293     197.758
13.299     196.875
13.305     196.875
13.311     196.875
13.317     196.000
13.322     196.000
13.328     196.875
13.334     198.649
13.340     196.875
13.346     197.758
13.351     196.875
13.357     196.875
13.363     196.000
13.369     196.875
13.375     197.758
13.380     196.000
13.386     196.875
13.392     196.875
13.398     196.000
13.404     195.133
13.410     196.000
13.415     195.133
13.421     195.133
13.427     196.000
13.433     195.133
13.439     196.000
13.444     196.000
13.450     196.000
13.456     196.875
13.462     197.758
13.468     197.758
13.473     197.758
13.479     197.758
13.485     198.649
13.491     198.649
13.497     198.649
13.502     199.548
13.508     200.455
13.514     201.370
13.520     199.548
13.526     199.548
13.531     198.649
13.537     199.548
13.543     198.649
13.549     200.455
13.555     197.758
13.560     197.758
13.566     198.649
13.572     197.758
13.578     198.649
13.584     197.758
13.589     199.548
13.595     198.649
13.601     196.875
13.607     196.875
13.613     196.000
13.619     196.875
13.624     196.000
13.630     196.875
13.636     196.000
13.642     196.000
13.648     196.875
13.653     196.000
13.659     196.000
13.665     196.000
13.671     196.000
13.677     198.649
13.682     197.758
13.688     196.875
13.694     196.875
13.700     197.758
13.706     197.758
13.711     196.875
13.717     197.758
13.723     199.548
13.729     196.000
13.735     196.875
13.740     196.875
13.746     196.875
13.752     196.000
13.758     199.548
13.764     196.000
13.769     196.000
13.775     196.000
13.781     196.000
13.787     195.133
13.793     196.000
13.798     196.875
13.804     0.000
13.810     0.000
13.816     0.000
13.822     0.000
13.827     0.000
13.833     0.000
13.839     0.000
13.845     0.000
13.851     0.000
13.857     0.000
13.862     0.000
13.868     0.000
13.874     0.000
13.880     0.000
13.886     0.000
13.891     0.000
13.897     0.000
13.903     0.000
13.909     0.000
13.915     0.000
13.920     0.000
13.926     0.000
13.932     0.000
13.938     0.000
13.944     0.000
13.949     0.000
13.955     0.000
13.961     0.000
13.967     0.000
13.973     0.000
13.978     0.000
13.984     0.000
13.990     0.000
13.996     0.000
14.002     0.000
14.007     0.000
14.013     0.000
14.019     0.000
14.025     0.000
14.031     0.000
14.036     0.000
14.042     0.000
14.048     0.000
14.054     0.000
14.060     0.000
14.065     0.000
14.071     0.000
14.077     0.000
14.083     0.000
14.089     0.000
14.095     0.000
14.100     0.000
14.106     0.000
14.112     0.000
14.118     0.000
14.124     0.000
14.129     0.000
14.135     0.000
14.141     0.000
14.147     0.000
14.153     0.000
14.158     0.000
14.164     0.000
14.170     0.000
14.176     0.000
14.182     0.000
14.187     0.000
14.193     0.000
14.199     0.000
14.205     0.000
14.211     0.000
14.216     0.000
14.222     0.000
14.228     0.000
14.234     0.000
14.240     0.000
14.245     0.000
14.251     0.000
14.257     0.000
14.263     0.000
14.269     0.000
14.274     0.000
14.280     0.000
14.286     0.000
14.292     0.000
14.298     0.000
14.303     0.000
14.309     0.000
14.315     0.000
14.321     0.000
14.327     0.000
14.333     0.000
14.338     0.000
14.344     0.000
14.350     0.000
14.356     0.000
14.362     0.000
14.367     0.000
14.373     0.000
14.379     0.000
14.385     0.000
14.391     0.000
14.396     0.000
14.402     0.000
14.408     0.000
14.414     0.000
14.420     0.000
14.425     0.000
14.431     0.000
14.437     0.000
14.443     0.000
14.449     0.000
14.454     0.000
14.460     0.000
14.466     0.000
14.472     0.000
14.478     0.000
14.483     0.000
14.489     0.000
14.495     0.000
14.501     0.000
14.507     0.000
14.512     0.000
14.518     0.000
14.524     0.000
14.530     0.000
14.536     0.000
14.541     0.000
14.547     0.000
14.553     0.000
14.559     0.000
14.565     0.000
14.571     0.000
14.576     0.000
14.582     0.000
14.588     0.000
14.594     0.000
14.600     0.000
14.605     0.000
14.611     0.000
14.617     0.000
14.623     0.000
14.629     0.000
14.634     0.000
14.640     0.000
14.646     0.000
14.652     0.000
14.658     0.000
14.663     0.000
14.669     0.000
14.675     0.000
14.681     0.000
14.687     0.000
14.692     0.000
14.698     0.000
14.704     0.000
14.710     0.000
14.716     0.000
14.721     0.000
14.727     187.660
14.733     250.568
14.739     187.660
14.745     400.909
14.750     400.909
14.756     397.297
14.762     397.297
14.768     132.036
14.774     154.737
14.780     202.294
14.785     200.455
14.791     200.455
14.797     202.294
14.803     198.649
14.809     196.875
14.814     131.642
14.820     198.649
14.826     143.182
14.832     200.455
14.838     133.636
14.843     199.548
14.849     198.649
14.855     132.432
14.861     155.830
14.867     132.432
14.872     197.758
14.878     132.831
14.884     196.875
14.890     155.830
14.896     131.250
14.901     156.383
14.907     156.383
14.913     173.622
14.919     130.861
14.925     172.941
14.930     148.986
14.936     132.036
14.942     154.196
14.948     135.692
14.954     159.783
14.959     143.648
14.965     0.000
14.971     0.000
14.977     0.000
14.983     0.000
14.988     0.000
14.994     0.000
15.000     0.000
15.006     0.000
15.012     0.000
15.018     0.000
15.023     0.000
15.029     0.000
15.035     0.000
15.041     0.000
15.047     0.000
15.052     0.000
15.058     0.000
15.064     0.000
15.070     0.000
15.076     0.000
15.081     0.000
15.087     0.000
15.093     0.000
15.099     0.000
15.105     0.000
15.110     0.000
15.116     0.000
15.122     0.000
15.128     0.000
15.134     0.000
15.139     0.000
15.145     0.000
15.151     0.000
15.157     0.000
15.163     0.000
15.168     0.000
15.174     0.000
15.180     0.000
15.186     0.000
15.192     0.000
15.197     0.000
15.203     0.000
15.209     0.000
15.215     0.000
15.221     0.000
15.226     0.000
15.232     0.000
15.238     0.000
15.244     0.000
15.250     0.000
15.256     0.000
15.261     0.000
15.267     0.000
15.273     0.000
15.279     0.000
15.285     0.000
15.290     0.000
15.296     0.000
15.302     0.000
15.308     0.000
15.314     0.000
15.319     0.000
15.325     0.000
15.331     0.000
15.337     0.000
15.343     0.000
15.348     0.000
15.354     0.000
15.360     0.000
15.366     0.000
15.372     0.000
15.377     0.000
15.383     0.000
15.389     0.000
15.395     0.000
15.401     0.000
15.406     0.000
15.412     0.000
15.418     0.000
15.424     0.000
15.430     0.000
15.435     0.000
15.441     0.000
15.447     0.000
15.453     0.000
15.459     0.000
