0.000     0.000
0.006     0.000
0.012     0.000
0.017     0.000
0.023     0.000
0.029     0.000
0.035     0.000
0.041     0.000
0.046     0.000
0.052     0.000
0.058     0.000
0.064     0.000
0.070     0.000
0.075     0.000
0.081     0.000
0.087     0.000
0.093     0.000
0.099     0.000
0.104     0.000
0.110     0.000
0.116     0.000
0.122     0.000
0.128     0.000
0.134     0.000
0.139     0.000
0.145     0.000
0.151     0.000
0.157     801.818
0.163     801.818
0.168     109.429
0.174     801.818
0.180     0.000
0.186     0.000
0.192     0.000
0.197     0.000
0.203     0.000
0.209     0.000
0.215     0.000
0.221     0.000
0.226     0.000
0.232     0.000
0.238     0.000
0.244     0.000
0.250     0.000
0.255     0.000
0.261     0.000
0.267     0.000
0.273     0.000
0.279     0.000
0.284     0.000
0.290     0.000
0.296     0.000
0.302     0.000
0.308     0.000
0.313     0.000
0.319     0.000
0.325     0.000
0.331     0.000
0.337     0.000
0.342     0.000
0.348     0.000
0.354     0.000
0.360     0.000
0.366     0.000
0.372     0.000
0.377     0.000
0.383     0.000
0.389     0.000
0.395     0.000
0.401     0.000
0.406     0.000
0.412     0.000
0.418     0.000
0.424     0.000
0.430     0.000
0.435     0.000
0.441     0.000
0.447     0.000
0.453     0.000
0.459     0.000
0.464     0.000
0.470     0.000
0.476     0.000
0.482     0.000
0.488     0.000
0.493     0.000
0.499     0.000
0.505     0.000
0.511     0.000
0.517     0.000
0.522     0.000
0.528     0.000
0.534     0.000
0.540     0.000
0.546     0.000
0.551     0.000
0.557     0.000
0.563     0.000
0.569     0.000
0.575     0.000
0.580     0.000
0.586     0.000
0.592     0.000
0.598     0.000
0.604     0.000
0.610     0.000
0.615     0.000
0.621     0.000
0.627     0.000
0.633     0.000
0.639     0.000
0.644     0.000
0.650     0.000
0.656     0.000
0.662     0.000
0.668     0.000
0.673     0.000
0.679     0.000
0.685     0.000
0.691     0.000
0.697     0.000
0.702     0.000
0.708     0.000
0.714     0.000
0.720     938.298
0.726     938.298
0.731     938.298
0.737     938.298
0.743     938.298
0.749     938.298
0.755     938.298
0.760     938.298
0.766     938.298
0.772     938.298
0.778     938.298
0.784     938.298
0.789     938.298
0.795     938.298
0.801     938.298
0.807     938.298
0.813     310.563
0.819     938.298
0.824     938.298
0.830     938.298
0.836     938.298
0.842     938.298
0.848     938.298
0.853     938.298
0.859     938.298
0.865     938.298
0.871     938.298
0.877     938.298
0.882     938.298
0.888     938.298
0.894     918.750
0.900     900.000
0.906     882.000
0.911     882.000
0.917     882.000
0.923     882.000
0.929     882.000
0.935     882.000
0.940     882.000
0.946     882.000
0.952     882.000
0.958     882.000
0.964     882.000
0.969     882.000
0.975     882.000
0.981     882.000
0.987     882.000
0.993     882.000
0.998     882.000
1.004     882.000
1.010     0.000
1.016     0.000
1.022     0.000
1.027     0.000
1.033     0.000
1.039     0.000
1.045     0.000
1.051     0.000
1.057     0.000
1.062     0.000
1.068     0.000
1.074     0.000
1.080     0.000
1.086     0.000
1.091     0.000
1.097     0.000
1.103     0.000
1.109     0.000
1.115     0.000
1.120     0.000
1.126     0.000
1.132     0.000
1.138     0.000
1.144     0.000
1.149     0.000
1.155     0.000
1.161     0.000
1.167     0.000
1.173     0.000
1.178     0.000
1.184     0.000
1.190     0.000
1.196     0.000
1.202     0.000
1.207     0.000
1.213     0.000
1.219     0.000
1.225     0.000
1.231     0.000
1.236     0.000
1.242     0.000
1.248     0.000
1.254     0.000
1.260     0.000
1.265     0.000
1.271     0.000
1.277     0.000
1.283     0.000
1.289     0.000
1.295     0.000
1.300     0.000
1.306     0.000
1.312     0.000
1.318     0.000
1.324     0.000
1.329     0.000
1.335     0.000
1.341     0.000
1.347     0.000
1.353     0.000
1.358     0.000
1.364     0.000
1.370     0.000
1.376     0.000
1.382     0.000
1.387     0.000
1.393     0.000
1.399     0.000
1.405     0.000
1.411     0.000
1.416     0.000
1.422     0.000
1.428     0.000
1.434     0.000
1.440     0.000
1.445     0.000
1.451     0.000
1.457     0.000
1.463     0.000
1.469     0.000
1.474     0.000
1.480     0.000
1.486     0.000
1.492     0.000
1.498     0.000
1.503     787.500
1.509     787.500
1.515     787.500
1.521     787.500
1.527     196.000
1.533     196.000
1.538     196.000
1.544     196.000
1.550     196.000
1.556     588.000
1.562     588.000
1.567     588.000
1.573     588.000
1.579     588.000
1.585     588.000
1.591     588.000
1.596     588.000
1.602     580.263
1.608     588.000
1.614     588.000
1.620     588.000
1.625     588.000
1.631     588.000
1.637     588.000
1.643     588.000
1.649     588.000
1.654     588.000
1.660     588.000
1.666     588.000
1.672     588.000
1.678     588.000
1.683     588.000
1.689     588.000
1.695     588.000
1.701     588.000
1.707     584.106
1.712     588.000
1.718     588.000
1.724     588.000
1.730     588.000
1.736     588.000
1.741     588.000
1.747     584.106
1.753     588.000
1.759     588.000
1.765     588.000
1.771     588.000
1.776     588.000
1.782     588.000
1.788     588.000
1.794     588.000
1.800     588.000
1.805     588.000
1.811     277.358
1.817     0.000
1.823     0.000
1.829     0.000
1.834     0.000
1.840     0.000
1.846     0.000
1.852     0.000
1.858     0.000
1.863     0.000
1.869     0.000
1.875     0.000
1.881     0.000
1.887     0.000
1.892     0.000
1.898     0.000
1.904     588.000
1.910     588.000
1.916     588.000
1.921     588.000
1.927     588.000
1.933     588.000
1.939     588.000
1.945     588.000
1.950     588.000
1.956     580.263
1.962     580.263
1.968     580.263
1.974     588.000
1.980     588.000
1.985     588.000
1.991     595.946
1.997     0.000
2.003     0.000
2.009     0.000
2.014     0.000
2.020     588.000
2.026     588.000
2.032     588.000
2.038     584.106
2.043     584.106
2.049     588.000
2.055     588.000
2.061     588.000
2.067     588.000
2.072     588.000
2.078     588.000
2.084     588.000
2.090     588.000
2.096     588.000
2.101     588.000
2.107     588.000
2.113     595.946
2.119     595.946
2.125     286.364
2.130     531.325
2.136     525.000
2.142     525.000
2.148     525.000
2.154     525.000
2.159     525.000
2.165     525.000
2.171     525.000
2.177     525.000
2.183     525.000
2.188     525.000
2.194     518.824
2.200     518.824
2.206     518.824
2.212     518.824
2.218     518.824
2.223     518.824
2.229     518.824
2.235     518.824
2.241     518.824
2.247     518.824
2.252     518.824
2.258     518.824
2.264     521.893
2.270     521.893
2.276     521.893
2.281     521.893
2.287     521.893
2.293     0.000
2.299     0.000
2.305     0.000
2.310     0.000
2.316     0.000
2.322     0.000
2.328     0.000
2.334     0.000
2.339     0.000
2.345     0.000
2.351     0.000
2.357     0.000
2.363     0.000
2.368     0.000
2.374     0.000
2.380     0.000
2.386     0.000
2.392     0.000
2.397     0.000
2.403     0.000
2.409     0.000
2.415     0.000
2.421     0.000
2.426     0.000
2.432     0.000
2.438     0.000
2.444     0.000
2.450     0.000
2.456     0.000
2.461     0.000
2.467     0.000
2.473     0.000
2.479     0.000
2.485     0.000
2.490     0.000
2.496     0.000
2.502     0.000
2.508     0.000
2.514     0.000
2.519     0.000
2.525     0.000
2.531     0.000
2.537     0.000
2.543     0.000
2.548     0.000
2.554     0.000
2.560     0.000
2.566     0.000
2.572     0.000
2.577     0.000
2.583     0.000
2.589     0.000
2.595     0.000
2.601     0.000
2.606     0.000
2.612     0.000
2.618     0.000
2.624     0.000
2.630     0.000
2.635     0.000
2.641     0.000
2.647     0.000
2.653     0.000
2.659     0.000
2.664     0.000
2.670     0.000
2.676     0.000
2.682     0.000
2.688     0.000
2.694     0.000
2.699     0.000
2.705     0.000
2.711     0.000
2.717     0.000
2.723     0.000
2.728     0.000
2.734     0.000
2.740     0.000
2.746     0.000
2.752     0.000
2.757     0.000
2.763     0.000
2.769     0.000
2.775     0.000
2.781     0.000
2.786     0.000
2.792     0.000
2.798     0.000
2.804     0.000
2.810     0.000
2.815     0.000
2.821     0.000
2.827     0.000
2.833     0.000
2.839     0.000
2.844     0.000
2.850     0.000
2.856     0.000
2.862     0.000
2.868     0.000
2.873     0.000
2.879     0.000
2.885     0.000
2.891     0.000
2.897     0.000
2.902     0.000
2.908     0.000
2.914     0.000
2.920     0.000
2.926     0.000
2.932     0.000
2.937     0.000
2.943     0.000
2.949     0.000
2.955     0.000
2.961     0.000
2.966     0.000
2.972     0.000
2.978     0.000
2.984     0.000
2.990     0.000
2.995     0.000
3.001     0.000
3.007     0.000
3.013     0.000
3.019     0.000
3.024     0.000
3.030     0.000
3.036     0.000
3.042     0.000
3.048     0.000
3.053     0.000
3.059     0.000
3.065     0.000
3.071     0.000
3.077     0.000
3.082     0.000
3.088     0.000
3.094     0.000
3.100     0.000
3.106     0.000
3.111     0.000
3.117     0.000
3.123     0.000
3.129     0.000
3.135     0.000
3.140     0.000
3.146     0.000
3.152     0.000
3.158     0.000
3.164     0.000
3.170     0.000
3.175     0.000
3.181     0.000
3.187     0.000
3.193     0.000
3.199     0.000
3.204     0.000
3.210     0.000
3.216     0.000
3.222     0.000
3.228     0.000
3.233     0.000
3.239     0.000
3.245     0.000
3.251     0.000
3.257     0.000
3.262     0.000
3.268     0.000
3.274     0.000
3.280     0.000
3.286     0.000
3.291     0.000
3.297     0.000
3.303     0.000
3.309     0.000
3.315     0.000
3.320     0.000
3.326     0.000
3.332     0.000
3.338     0.000
3.344     0.000
3.349     0.000
3.355     0.000
3.361     0.000
3.367     0.000
3.373     0.000
3.379     0.000
3.384     0.000
3.390     0.000
3.396     0.000
3.402     0.000
3.408     0.000
3.413     0.000
3.419     0.000
3.425     525.000
3.431     518.824
3.437     518.824
3.442     518.824
3.448     518.824
3.454     518.824
3.460     525.000
3.466     525.000
3.471     518.824
3.477     525.000
3.483     525.000
3.489     518.824
3.495     518.824
3.500     525.000
3.506     518.824
3.512     518.824
3.518     518.824
3.524     518.824
3.529     518.824
3.535     521.893
3.541     518.824
3.547     518.824
3.553     0.000
3.558     0.000
3.564     0.000
3.570     0.000
3.576     0.000
3.582     0.000
3.587     0.000
3.593     0.000
3.599     0.000
3.605     0.000
3.611     0.000
3.617     0.000
3.622     0.000
3.628     0.000
3.634     0.000
3.640     0.000
3.646     0.000
3.651     0.000
3.657     0.000
3.663     0.000
3.669     0.000
3.675     0.000
3.680     0.000
3.686     0.000
3.692     0.000
3.698     0.000
3.704     0.000
3.709     0.000
3.715     0.000
3.721     0.000
3.727     0.000
3.733     0.000
3.738     0.000
3.744     0.000
3.750     0.000
3.756     0.000
3.762     0.000
3.767     0.000
3.773     0.000
3.779     0.000
3.785     0.000
3.791     0.000
3.796     0.000
3.802     0.000
3.808     0.000
3.814     0.000
3.820     0.000
3.825     0.000
3.831     0.000
3.837     0.000
3.843     0.000
3.849     0.000
3.855     0.000
3.860     0.000
3.866     0.000
3.872     0.000
3.878     0.000
3.884     0.000
3.889     0.000
3.895     0.000
3.901     0.000
3.907     0.000
3.913     0.000
3.918     0.000
3.924     0.000
3.930     0.000
3.936     0.000
3.942     0.000
3.947     0.000
3.953     0.000
3.959     0.000
3.965     0.000
3.971     0.000
3.976     0.000
3.982     0.000
3.988     0.000
3.994     0.000
4.000     0.000
4.005     0.000
4.011     588.000
4.017     588.000
4.023     588.000
4.029     588.000
4.034     588.000
4.040     588.000
4.046     588.000
4.052     588.000
4.058     588.000
4.063     588.000
4.069     588.000
4.075     588.000
4.081     588.000
4.087     588.000
4.093     588.000
4.098     588.000
4.104     588.000
4.110     588.000
4.116     588.000
4.122     0.000
4.127     0.000
4.133     0.000
4.139     0.000
4.145     0.000
4.151     0.000
4.156     0.000
4.162     0.000
4.168     0.000
4.174     0.000
4.180     0.000
4.185     0.000
4.191     0.000
4.197     0.000
4.203     0.000
4.209     0.000
4.214     0.000
4.220     0.000
4.226     0.000
4.232     0.000
4.238     0.000
4.243     0.000
4.249     0.000
4.255     0.000
4.261     0.000
4.267     0.000
4.272     580.263
4.278     588.000
4.284     588.000
4.290     588.000
4.296     588.000
4.301     588.000
4.307     588.000
4.313     588.000
4.319     588.000
4.325     588.000
4.331     588.000
4.336     588.000
4.342     588.000
4.348     588.000
4.354     588.000
4.360     580.263
4.365     580.263
4.371     0.000
4.377     0.000
4.383     0.000
4.389     0.000
4.394     0.000
4.400     0.000
4.406     0.000
4.412     0.000
4.418     0.000
4.423     0.000
4.429     0.000
4.435     0.000
4.441     0.000
4.447     0.000
4.452     0.000
4.458     0.000
4.464     0.000
4.470     0.000
4.476     0.000
4.481     0.000
4.487     0.000
4.493     0.000
4.499     0.000
4.505     0.000
4.510     0.000
4.516     0.000
4.522     0.000
4.528     0.000
4.534     0.000
4.540     0.000
4.545     0.000
4.551     0.000
4.557     0.000
4.563     0.000
4.569     0.000
4.574     0.000
4.580     0.000
4.586     0.000
4.592     0.000
4.598     0.000
4.603     0.000
4.609     0.000
4.615     0.000
4.621     0.000
4.627     0.000
4.632     0.000
4.638     0.000
4.644     0.000
4.650     0.000
4.656     0.000
4.661     0.000
4.667     0.000
4.673     0.000
4.679     0.000
4.685     0.000
4.690     0.000
4.696     0.000
4.702     0.000
4.708     0.000
4.714     0.000
4.719     0.000
4.725     0.000
4.731     0.000
4.737     0.000
4.743     0.000
4.748     0.000
4.754     0.000
4.760     0.000
4.766     0.000
4.772     0.000
4.778     0.000
4.783     0.000
4.789     0.000
4.795     0.000
4.801     0.000
4.807     0.000
4.812     0.000
4.818     0.000
4.824     0.000
4.830     0.000
4.836     0.000
4.841     0.000
4.847     0.000
4.853     0.000
4.859     0.000
4.865     0.000
4.870     0.000
4.876     0.000
4.882     0.000
4.888     0.000
4.894     0.000
4.899     0.000
4.905     0.000
4.911     0.000
4.917     0.000
4.923     0.000
4.928     0.000
4.934     0.000
4.940     0.000
4.946     0.000
4.952     0.000
4.957     0.000
4.963     0.000
4.969     0.000
4.975     0.000
4.981     0.000
4.986     0.000
4.992     0.000
4.998     0.000
5.004     0.000
5.010     0.000
5.016     0.000
5.021     0.000
5.027     0.000
5.033     0.000
5.039     0.000
5.045     0.000
5.050     0.000
5.056     0.000
5.062     0.000
5.068     0.000
5.074     0.000
5.079     0.000
5.085     0.000
5.091     0.000
5.097     0.000
5.103     0.000
5.108     0.000
5.114     0.000
5.120     0.000
5.126     0.000
5.132     0.000
5.137     0.000
5.143     0.000
5.149     0.000
5.155     0.000
5.161     0.000
5.166     0.000
5.172     0.000
5.178     0.000
5.184     0.000
5.190     0.000
5.195     0.000
5.201     0.000
5.207     0.000
5.213     0.000
5.219     0.000
5.224     0.000
5.230     0.000
5.236     0.000
5.242     0.000
5.248     0.000
5.254     0.000
5.259     0.000
5.265     0.000
5.271     0.000
5.277     0.000
5.283     0.000
5.288     0.000
5.294     0.000
5.300     0.000
5.306     0.000
5.312     0.000
5.317     0.000
5.323     0.000
5.329     0.000
5.335     0.000
5.341     0.000
5.346     0.000
5.352     0.000
5.358     0.000
5.364     0.000
5.370     0.000
5.375     0.000
5.381     0.000
5.387     0.000
5.393     0.000
5.399     0.000
5.404     0.000
5.410     0.000
5.416     0.000
5.422     0.000
5.428     0.000
5.433     0.000
5.439     0.000
5.445     0.000
5.451     0.000
5.457     0.000
5.462     0.000
5.468     0.000
5.474     0.000
5.480     0.000
5.486     0.000
5.492     0.000
5.497     0.000
5.503     0.000
5.509     0.000
5.515     0.000
5.521     0.000
5.526     0.000
5.532     0.000
5.538     0.000
5.544     0.000
5.550     0.000
5.555     0.000
5.561     0.000
5.567     0.000
5.573     0.000
5.579     0.000
5.584     0.000
5.590     0.000
5.596     0.000
5.602     0.000
5.608     0.000
5.613     0.000
5.619     0.000
5.625     0.000
5.631     0.000
5.637     0.000
5.642     0.000
5.648     0.000
5.654     0.000
5.660     0.000
5.666     0.000
5.671     0.000
5.677     0.000
5.683     0.000
5.689     0.000
5.695     0.000
5.700     0.000
5.706     0.000
5.712     0.000
5.718     0.000
5.724     0.000
5.730     0.000
5.735     0.000
5.741     0.000
5.747     0.000
5.753     0.000
5.759     882.000
5.764     882.000
5.770     882.000
5.776     882.000
5.782     882.000
5.788     882.000
5.793     882.000
5.799     882.000
5.805     882.000
5.811     882.000
5.817     882.000
5.822     882.000
5.828     882.000
5.834     882.000
5.840     882.000
5.846     882.000
5.851     882.000
5.857     882.000
5.863     882.000
5.869     882.000
5.875     882.000
5.880     882.000
5.886     882.000
5.892     0.000
5.898     0.000
5.904     0.000
5.909     0.000
5.915     0.000
5.921     0.000
5.927     0.000
5.933     0.000
5.939     0.000
5.944     0.000
5.950     0.000
5.956     0.000
5.962     0.000
5.968     0.000
5.973     0.000
5.979     0.000
5.985     0.000
5.991     0.000
5.997     0.000
6.002     0.000
6.008     0.000
6.014     0.000
6.020     0.000
6.026     0.000
6.031     0.000
6.037     0.000
6.043     938.298
6.049     938.298
6.055     938.298
6.060     938.298
6.066     938.298
6.072     938.298
6.078     938.298
6.084     938.298
6.089     938.298
6.095     938.298
6.101     938.298
6.107     938.298
6.113     938.298
6.118     938.298
6.124     938.298
6.130     938.298
6.136     938.298
6.142     938.298
6.147     938.298
6.153     938.298
6.159     938.298
6.165     938.298
6.171     938.298
6.177     938.298
6.182     938.298
6.188     938.298
6.194     938.298
6.200     938.298
6.206     938.298
6.211     938.298
6.217     938.298
6.223     938.298
6.229     938.298
6.235     938.298
6.240     938.298
6.246     938.298
6.252     938.298
6.258     938.298
6.264     938.298
6.269     938.298
6.275     938.298
6.281     938.298
6.287     958.696
6.293     469.149
6.298     518.824
6.304     525.000
6.310     525.000
6.316     347.244
6.322     525.000
6.327     525.000
6.333     525.000
6.339     525.000
6.345     525.000
6.351     525.000
6.356     525.000
6.362     525.000
6.368     525.000
6.374     525.000
6.380     525.000
6.385     525.000
6.391     525.000
6.397     525.000
6.403     525.000
6.409     525.000
6.415     525.000
6.420     525.000
6.426     525.000
6.432     525.000
6.438     525.000
6.444     525.000
6.449     525.000
6.455     525.000
6.461     525.000
6.467     525.000
6.473     525.000
6.478     525.000
6.484     525.000
6.490     525.000
6.496     525.000
6.502     525.000
6.507     525.000
6.513     525.000
6.519     525.000
6.525     525.000
6.531     525.000
6.536     525.000
6.542     525.000
6.548     525.000
6.554     525.000
6.560     525.000
6.565     525.000
6.571     525.000
6.577     525.000
6.583     525.000
6.589     0.000
6.594     0.000
6.600     0.000
6.606     0.000
6.612     0.000
6.618     0.000
6.623     0.000
6.629     0.000
6.635     0.000
6.641     0.000
6.647     0.000
6.653     0.000
6.658     0.000
6.664     0.000
6.670     0.000
6.676     0.000
6.682     0.000
6.687     882.000
6.693     882.000
6.699     882.000
6.705     882.000
6.711     882.000
6.716     882.000
6.722     882.000
6.728     882.000
6.734     882.000
6.740     882.000
6.745     882.000
6.751     882.000
6.757     882.000
6.763     882.000
6.769     882.000
6.774     882.000
6.780     882.000
6.786     882.000
6.792     882.000
6.798     882.000
6.803     882.000
6.809     882.000
6.815     848.077
6.821     801.818
6.827     787.500
6.832     787.500
6.838     787.500
6.844     787.500
6.850     787.500
6.856     787.500
6.861     787.500
6.867     787.500
6.873     787.500
6.879     787.500
6.885     787.500
6.891     787.500
6.896     787.500
6.902     787.500
6.908     787.500
6.914     787.500
6.920     787.500
6.925     787.500
6.931     801.818
6.937     801.818
6.943     787.500
6.949     801.818
6.954     801.818
6.960     801.818
6.966     801.818
6.972     787.500
6.978     787.500
6.983     787.500
6.989     787.500
6.995     787.500
7.001     801.818
7.007     801.818
7.012     801.818
7.018     801.818
7.024     787.500
7.030     787.500
7.036     801.818
7.041     801.818
7.047     787.500
7.053     260.947
7.059     260.947
7.065     260.947
7.070     262.500
7.076     315.000
7.082     0.000
7.088     0.000
7.094     0.000
7.100     393.750
7.105     393.750
7.111     393.750
7.117     393.750
7.123     393.750
7.129     393.750
7.134     0.000
7.140     0.000
7.146     0.000
7.152     0.000
7.158     0.000
7.163     0.000
7.169     0.000
7.175     0.000
7.181     0.000
7.187     0.000
7.192     0.000
7.198     0.000
7.204     0.000
7.210     0.000
7.216     0.000
7.221     0.000
7.227     0.000
7.233     0.000
7.239     0.000
7.245     0.000
7.250     0.000
7.256     0.000
7.262     0.000
7.268     0.000
7.274     0.000
7.279     0.000
7.285     0.000
7.291     0.000
7.297     0.000
7.303     0.000
7.308     0.000
7.314     0.000
7.320     0.000
7.326     0.000
7.332     0.000
7.338     0.000
7.343     0.000
7.349     0.000
7.355     0.000
7.361     0.000
7.367     0.000
7.372     0.000
7.378     0.000
7.384     0.000
7.390     0.000
7.396     0.000
7.401     0.000
7.407     0.000
7.413     0.000
7.419     0.000
7.425     0.000
7.430     0.000
7.436     0.000
7.442     0.000
7.448     0.000
7.454     0.000
7.459     0.000
7.465     0.000
7.471     0.000
7.477     0.000
7.483     0.000
7.488     0.000
7.494     0.000
7.500     0.000
7.506     0.000
7.512     0.000
7.517     0.000
7.523     0.000
7.529     0.000
7.535     0.000
7.541     0.000
7.546     0.000
7.552     0.000
7.558     0.000
7.564     0.000
7.570     0.000
7.576     0.000
7.581     0.000
7.587     0.000
7.593     0.000
7.599     0.000
7.605     0.000
7.610     0.000
7.616     0.000
7.622     0.000
7.628     0.000
7.634     0.000
7.639     0.000
7.645     0.000
7.651     0.000
7.657     0.000
7.663     0.000
7.668     0.000
7.674     0.000
7.680     0.000
7.686     0.000
7.692     0.000
7.697     0.000
7.703     0.000
7.709     0.000
7.715     0.000
7.721     0.000
7.726     0.000
7.732     0.000
7.738     0.000
7.744     0.000
7.750     0.000
7.755     0.000
7.761     0.000
7.767     0.000
7.773     0.000
7.779     0.000
7.784     0.000
7.790     0.000
7.796     0.000
7.802     0.000
7.808     0.000
7.814     0.000
7.819     0.000
7.825     0.000
7.831     0.000
7.837     0.000
7.843     0.000
7.848     0.000
7.854     0.000
7.860     0.000
7.866     0.000
7.872     0.000
7.877     0.000
7.883     0.000
7.889     0.000
7.895     0.000
7.901     0.000
7.906     0.000
7.912     0.000
7.918     0.000
7.924     0.000
7.930     0.000
7.935     0.000
7.941     0.000
7.947     0.000
7.953     0.000
7.959     0.000
7.964     0.000
7.970     0.000
7.976     0.000
7.982     0.000
7.988     0.000
7.993     0.000
7.999     0.000
8.005     0.000
8.011     0.000
8.017     0.000
8.022     0.000
8.028     0.000
8.034     0.000
8.040     0.000
8.046     0.000
8.052     0.000
8.057     0.000
8.063     0.000
8.069     0.000
8.075     0.000
8.081     0.000
8.086     0.000
8.092     0.000
8.098     0.000
8.104     0.000
8.110     0.000
8.115     0.000
8.121     0.000
8.127     0.000
8.133     0.000
8.139     0.000
8.144     0.000
8.150     0.000
8.156     0.000
8.162     0.000
8.168     0.000
8.173     0.000
8.179     0.000
8.185     0.000
8.191     0.000
8.197     0.000
8.202     0.000
8.208     0.000
8.214     0.000
8.220     0.000
8.226     0.000
8.231     0.000
8.237     0.000
8.243     0.000
8.249     0.000
8.255     0.000
8.260     0.000
8.266     0.000
8.272     0.000
8.278     0.000
8.284     0.000
8.290     0.000
8.295     0.000
8.301     0.000
8.307     0.000
8.313     0.000
8.319     0.000
8.324     0.000
8.330     0.000
8.336     0.000
8.342     0.000
8.348     0.000
8.353     0.000
8.359     0.000
8.365     0.000
8.371     0.000
8.377     0.000
8.382     0.000
8.388     0.000
8.394     0.000
8.400     0.000
8.406     0.000
8.411     0.000
8.417     0.000
8.423     0.000
8.429     0.000
8.435     0.000
8.440     0.000
8.446     0.000
8.452     0.000
8.458     0.000
8.464     0.000
8.469     0.000
8.475     0.000
8.481     0.000
8.487     0.000
8.493     0.000
8.499     0.000
8.504     0.000
8.510     0.000
8.516     0.000
8.522     0.000
8.528     0.000
8.533     0.000
8.539     0.000
8.545     0.000
8.551     0.000
8.557     0.000
8.562     0.000
8.568     0.000
8.574     0.000
8.580     0.000
8.586     0.000
8.591     0.000
8.597     0.000
8.603     0.000
8.609     0.000
8.615     0.000
8.620     0.000
8.626     0.000
8.632     0.000
8.638     0.000
8.644     0.000
8.649     0.000
8.655     0.000
8.661     0.000
8.667     0.000
8.673     0.000
8.678     0.000
8.684     0.000
8.690     0.000
8.696     0.000
8.702     0.000
8.707     0.000
8.713     0.000
8.719     0.000
8.725     0.000
8.731     0.000
8.737     0.000
8.742     0.000
8.748     0.000
8.754     0.000
8.760     0.000
8.766     0.000
8.771     0.000
8.777     0.000
8.783     0.000
8.789     0.000
8.795     0.000
8.800     0.000
8.806     0.000
8.812     0.000
8.818     0.000
8.824     0.000
8.829     0.000
8.835     0.000
8.841     0.000
8.847     0.000
8.853     0.000
8.858     0.000
8.864     0.000
8.870     0.000
8.876     0.000
8.882     0.000
8.887     0.000
8.893     0.000
8.899     0.000
8.905     0.000
8.911     0.000
8.916     0.000
8.922     0.000
8.928     0.000
8.934     0.000
8.940     0.000
8.945     0.000
8.951     0.000
8.957     0.000
8.963     0.000
8.969     0.000
8.975     0.000
8.980     0.000
8.986     0.000
8.992     0.000
8.998     0.000
9.004     0.000
9.009     0.000
9.015     0.000
9.021     0.000
9.027     0.000
9.033     0.000
9.038     0.000
9.044     0.000
9.050     0.000
9.056     0.000
9.062     0.000
9.067     0.000
9.073     0.000
9.079     0.000
9.085     0.000
9.091     0.000
9.096     0.000
9.102     0.000
9.108     0.000
9.114     0.000
9.120     0.000
9.125     0.000
9.131     0.000
9.137     0.000
9.143     0.000
9.149     0.000
9.154     0.000
9.160     0.000
9.166     0.000
9.172     0.000
9.178     0.000
9.183     0.000
9.189     0.000
9.195     0.000
9.201     0.000
9.207     0.000
9.213     0.000
9.218     0.000
9.224     0.000
9.230     0.000
9.236     0.000
9.242     0.000
9.247     0.000
9.253     0.000
9.259     0.000
9.265     0.000
9.271     0.000
9.276     0.000
9.282     0.000
9.288     0.000
9.294     0.000
9.300     0.000
9.305     0.000
9.311     0.000
9.317     0.000
9.323     0.000
9.329     0.000
9.334     0.000
9.340     0.000
9.346     0.000
9.352     0.000
9.358     0.000
9.363     0.000
9.369     0.000
9.375     0.000
9.381     0.000
9.387     0.000
9.392     0.000
9.398     0.000
9.404     0.000
9.410     0.000
9.416     0.000
9.421     0.000
9.427     0.000
9.433     0.000
9.439     0.000
9.445     0.000
9.451     0.000
9.456     0.000
9.462     0.000
9.468     0.000
9.474     0.000
9.480     0.000
9.485     0.000
9.491     0.000
9.497     0.000
9.503     0.000
9.509     0.000
9.514     0.000
9.520     0.000
9.526     0.000
9.532     0.000
9.538     0.000
9.543     0.000
9.549     0.000
9.555     0.000
9.561     0.000
9.567     0.000
9.572     0.000
9.578     0.000
9.584     0.000
9.590     0.000
9.596     0.000
9.601     0.000
9.607     0.000
9.613     0.000
9.619     0.000
9.625     0.000
9.630     0.000
9.636     0.000
9.642     0.000
9.648     0.000
9.654     0.000
9.660     0.000
9.665     0.000
9.671     0.000
9.677     0.000
9.683     0.000
9.689     0.000
9.694     0.000
9.700     0.000
9.706     0.000
9.712     0.000
9.718     0.000
9.723     0.000
9.729     0.000
9.735     0.000
9.741     0.000
9.747     0.000
9.752     0.000
9.758     0.000
9.764     0.000
9.770     0.000
9.776     0.000
9.781     0.000
9.787     0.000
9.793     0.000
9.799     0.000
9.805     0.000
9.810     0.000
9.816     0.000
9.822     0.000
9.828     0.000
9.834     0.000
9.839     0.000
9.845     0.000
9.851     0.000
9.857     0.000
9.863     0.000
9.868     0.000
9.874     0.000
9.880     0.000
9.886     0.000
9.892     0.000
9.898     0.000
9.903     0.000
9.909     0.000
9.915     0.000
9.921     0.000
9.927     0.000
9.932     0.000
9.938     0.000
9.944     0.000
9.950     0.000
9.956     0.000
9.961     0.000
9.967     0.000
9.973     0.000
9.979     0.000
9.985     0.000
9.990     0.000
9.996     0.000
10.002     0.000
10.008     0.000
10.014     0.000
10.019     0.000
10.025     0.000
10.031     0.000
10.037     0.000
10.043     0.000
10.048     0.000
10.054     0.000
10.060     0.000
10.066     0.000
10.072     0.000
10.077     0.000
10.083     0.000
10.089     0.000
10.095     0.000
10.101     0.000
10.106     0.000
10.112     0.000
10.118     0.000
10.124     0.000
10.130     0.000
10.136     0.000
10.141     0.000
10.147     0.000
10.153     0.000
10.159     0.000
10.165     0.000
10.170     0.000
10.176     0.000
10.182     0.000
10.188     0.000
10.194     0.000
10.199     0.000
10.205     0.000
10.211     0.000
10.217     0.000
10.223     0.000
10.228     0.000
10.234     0.000
10.240     0.000
10.246     0.000
10.252     0.000
10.257     0.000
10.263     0.000
10.269     0.000
10.275     0.000
10.281     0.000
10.286     0.000
10.292     0.000
10.298     0.000
10.304     0.000
10.310     0.000
10.315     0.000
10.321     0.000
10.327     0.000
10.333     0.000
10.339     400.909
10.344     474.194
10.350     469.149
10.356     469.149
10.362     639.130
10.368     621.127
10.374     621.127
10.379     621.127
10.385     621.127
10.391     621.127
10.397     621.127
10.403     621.127
10.408     621.127
10.414     621.127
10.420     621.127
10.426     621.127
10.432     621.127
10.437     621.127
10.443     621.127
10.449     621.127
10.455     621.127
10.461     621.127
10.466     621.127
10.472     621.127
10.478     621.127
10.484     621.127
10.490     621.127
10.495     621.127
10.501     621.127
10.507     621.127
10.513     621.127
10.519     621.127
10.524     621.127
10.530     700.000
10.536     700.000
10.542     700.000
10.548     700.000
10.553     700.000
10.559     700.000
10.565     700.000
10.571     700.000
10.577     700.000
10.582     700.000
10.588     700.000
10.594     700.000
10.600     700.000
10.606     700.000
10.612     700.000
10.617     700.000
10.623     700.000
10.629     700.000
10.635     700.000
10.641     700.000
10.646     700.000
10.652     700.000
10.658     700.000
10.664     700.000
10.670     700.000
10.675     711.290
10.681     773.684
10.687     787.500
10.693     773.684
10.699     787.500
10.704     787.500
10.710     787.500
10.716     787.500
10.722     787.500
10.728     787.500
10.733     787.500
10.739     787.500
10.745     787.500
10.751     787.500
10.757     787.500
10.762     787.500
10.768     787.500
10.774     787.500
10.780     787.500
10.786     787.500
10.791     787.500
10.797     787.500
10.803     787.500
10.809     787.500
10.815     787.500
10.820     816.667
10.826     787.500
10.832     801.818
10.838     801.818
10.844     801.818
10.850     801.818
10.855     801.818
10.861     801.818
10.867     801.818
10.873     801.818
10.879     787.500
10.884     801.818
10.890     787.500
10.896     801.818
10.902     816.667
10.908     816.667
10.913     900.000
10.919     156.940
10.925     155.830
10.931     816.667
10.937     816.667
10.942     801.818
10.948     787.500
10.954     787.500
10.960     787.500
10.966     801.818
10.971     801.818
10.977     787.500
10.983     787.500
10.989     787.500
10.995     801.818
11.000     787.500
11.006     787.500
11.012     787.500
11.018     801.818
11.024     801.818
11.029     801.818
11.035     787.500
11.041     801.818
11.047     801.818
11.053     801.818
11.059     801.818
11.064     801.818
11.070     787.500
11.076     801.818
11.082     787.500
11.088     801.818
11.093     801.818
11.099     864.706
11.105     882.000
11.111     882.000
11.117     882.000
11.122     882.000
11.128     882.000
11.134     882.000
11.140     882.000
11.146     882.000
11.151     882.000
11.157     882.000
11.163     882.000
11.169     882.000
11.175     882.000
11.180     882.000
11.186     882.000
11.192     882.000
11.198     882.000
11.204     882.000
11.209     882.000
11.215     882.000
11.221     882.000
11.227     882.000
11.233     882.000
11.238     882.000
11.244     882.000
11.250     882.000
11.256     882.000
11.262     882.000
11.267     0.000
11.273     0.000
11.279     0.000
11.285     0.000
11.291     0.000
11.297     0.000
11.302     0.000
11.308     0.000
11.314     0.000
11.320     0.000
11.326     0.000
11.331     0.000
11.337     0.000
11.343     0.000
11.349     0.000
11.355     0.000
11.360     0.000
11.366     0.000
11.372     0.000
11.378     0.000
11.384     0.000
11.389     0.000
11.395     0.000
11.401     0.000
11.407     0.000
11.413     0.000
11.418     0.000
11.424     0.000
11.430     0.000
11.436     0.000
11.442     0.000
11.447     0.000
11.453     0.000
11.459     0.000
11.465     0.000
11.471     0.000
11.476     0.000
11.482     0.000
11.488     0.000
11.494     938.298
11.500     938.298
11.505     938.298
11.511     938.298
11.517     938.298
11.523     938.298
11.529     938.298
11.535     938.298
11.540     938.298
11.546     938.298
11.552     938.298
11.558     621.127
11.564     938.298
11.569     938.298
11.575     938.298
11.581     938.298
11.587     938.298
11.593     938.298
11.598     938.298
11.604     938.298
11.610     938.298
11.616     938.298
11.622     938.298
11.627     938.298
11.633     938.298
11.639     938.298
11.645     938.298
11.651     938.298
11.656     938.298
11.662     938.298
11.668     938.298
11.674     938.298
11.680     938.298
11.685     938.298
11.691     938.298
11.697     938.298
11.703     918.750
11.709     900.000
11.714     689.062
11.720     689.062
11.726     700.000
11.732     700.000
11.738     525.000
11.743     700.000
11.749     700.000
11.755     700.000
11.761     700.000
11.767     525.000
11.773     350.000
11.778     525.000
11.784     525.000
11.790     525.000
11.796     525.000
11.802     525.000
11.807     525.000
11.813     525.000
11.819     525.000
11.825     525.000
11.831     525.000
11.836     525.000
11.842     525.000
11.848     525.000
11.854     350.000
11.860     262.500
11.865     350.000
11.871     347.244
11.877     347.244
11.883     347.244
11.889     347.244
11.894     350.000
11.900     262.500
11.906     350.000
11.912     350.000
11.918     350.000
11.923     525.000
11.929     525.000
11.935     525.000
11.941     525.000
11.947     525.000
11.952     525.000
11.958     525.000
11.964     525.000
11.970     525.000
11.976     350.000
11.981     350.000
11.987     350.000
11.993     350.000
11.999     350.000
12.005     350.000
12.011     900.000
12.016     938.298
12.022     958.696
12.028     938.298
12.034     938.298
12.040     938.298
12.045     938.298
12.051     938.298
12.057     938.298
12.063     938.298
12.069     938.298
12.074     938.298
12.080     938.298
12.086     938.298
12.092     938.298
12.098     938.298
12.103     938.298
12.109     938.298
12.115     938.298
12.121     938.298
12.127     938.298
12.132     938.298
12.138     938.298
12.144     938.298
12.150     938.298
12.156     938.298
12.161     938.298
12.167     938.298
12.173     938.298
12.179     938.298
12.185     938.298
12.190     938.298
12.196     938.298
12.202     938.298
12.208     938.298
12.214     938.298
12.220     958.696
12.225     980.000
12.231     980.000
12.237     980.000
12.243     980.000
12.249     958.696
12.254     938.298
12.260     938.298
12.266     938.298
12.272     938.298
12.278     938.298
12.283     0.000
12.289     0.000
12.295     0.000
12.301     0.000
12.307     0.000
12.312     0.000
12.318     0.000
12.324     0.000
12.330     0.000
12.336     0.000
12.341     0.000
12.347     0.000
12.353     0.000
12.359     0.000
12.365     0.000
12.370     0.000
12.376     0.000
12.382     0.000
12.388     0.000
12.394     0.000
12.399     0.000
12.405     0.000
12.411     0.000
12.417     0.000
12.423     0.000
12.428     0.000
12.434     0.000
12.440     0.000
12.446     0.000
12.452     0.000
12.458     0.000
12.463     0.000
12.469     0.000
12.475     0.000
12.481     0.000
12.487     0.000
12.492     0.000
12.498     0.000
12.504     0.000
12.510     0.000
12.516     0.000
12.521     0.000
12.527     0.000
12.533     0.000
12.539     0.000
12.545     0.000
12.550     0.000
12.556     0.000
12.562     0.000
12.568     0.000
12.574     0.000
12.579     0.000
12.585     0.000
12.591     0.000
12.597     0.000
12.603     0.000
12.608     0.000
12.614     0.000
12.620     0.000
12.626     0.000
12.632     0.000
12.637     0.000
12.643     0.000
12.649     0.000
12.655     0.000
12.661     0.000
12.666     0.000
12.672     0.000
12.678     0.000
12.684     0.000
12.690     0.000
12.696     0.000
12.701     0.000
12.707     0.000
12.713     0.000
12.719     0.000
12.725     0.000
12.730     0.000
12.736     0.000
12.742     0.000
12.748     0.000
12.754     0.000
12.759     0.000
12.765     0.000
12.771     0.000
12.777     0.000
12.783     0.000
12.788     0.000
12.794     0.000
12.800     0.000
12.806     0.000
12.812     0.000
12.817     0.000
12.823     0.000
12.829     0.000
12.835     0.000
12.841     0.000
12.846     0.000
12.852     0.000
12.858     0.000
12.864     0.000
12.870     0.000
12.875     0.000
12.881     0.000
12.887     0.000
12.893     0.000
12.899     0.000
12.904     0.000
12.910     0.000
12.916     0.000
12.922     0.000
12.928     0.000
12.934     0.000
12.939     0.000
12.945     0.000
12.951     0.000
12.957     0.000
12.963     0.000
12.968     700.000
12.974     700.000
12.980     700.000
12.986     700.000
12.992     700.000
12.997     700.000
13.003     700.000
13.009     700.000
13.015     700.000
13.021     700.000
13.026     700.000
13.032     700.000
13.038     700.000
13.044     700.000
13.050     700.000
13.055     700.000
13.061     694.488
13.067     694.488
13.073     694.488
13.079     694.488
13.084     689.062
13.090     689.062
13.096     689.062
13.102     700.000
13.108     700.000
13.113     700.000
13.119     700.000
13.125     689.062
13.131     700.000
13.137     700.000
13.142     700.000
13.148     700.000
13.154     700.000
13.160     700.000
13.166     700.000
13.172     700.000
13.177     700.000
13.183     700.000
13.189     700.000
13.195     0.000
13.201     0.000
13.206     0.000
13.212     0.000
13.218     0.000
13.224     0.000
13.230     0.000
13.235     0.000
13.241     0.000
13.247     0.000
13.253     0.000
13.259     0.000
13.264     0.000
13.270     0.000
13.276     0.000
13.282     0.000
13.288     0.000
13.293     0.000
13.299     0.000
13.305     0.000
13.311     0.000
13.317     0.000
13.322     0.000
13.328     0.000
13.334     0.000
13.340     0.000
13.346     0.000
13.351     0.000
13.357     0.000
13.363     0.000
13.369     0.000
13.375     0.000
13.380     0.000
13.386     0.000
13.392     0.000
13.398     0.000
13.404     0.000
13.410     0.000
13.415     0.000
13.421     0.000
13.427     0.000
13.433     0.000
13.439     0.000
13.444     0.000
13.450     0.000
13.456     0.000
13.462     0.000
13.468     0.000
13.473     0.000
13.479     0.000
13.485     0.000
13.491     0.000
13.497     0.000
13.502     0.000
13.508     0.000
13.514     294.000
13.520     292.053
13.526     294.000
13.531     294.000
13.537     294.000
13.543     294.000
13.549     294.000
13.555     294.000
13.560     294.000
13.566     294.000
13.572     294.000
13.578     294.000
13.584     294.000
13.589     294.000
13.595     294.000
13.601     294.000
13.607     294.000
13.613     292.053
13.619     292.053
13.624     292.053
13.630     292.053
13.636     294.000
13.642     294.000
13.648     292.053
13.653     294.000
13.659     292.053
13.665     294.000
13.671     294.000
13.677     292.053
13.682     292.053
13.688     292.053
13.694     292.053
13.700     292.053
13.706     292.053
13.711     292.053
13.717     292.053
13.723     292.053
13.729     292.053
13.735     292.053
13.740     294.000
13.746     292.053
13.752     292.053
13.758     292.053
13.764     292.053
13.769     292.053
13.775     294.000
13.781     292.053
13.787     292.053
13.793     292.053
13.798     292.053
13.804     292.053
13.810     0.000
13.816     0.000
13.822     0.000
13.827     0.000
13.833     0.000
13.839     0.000
13.845     0.000
13.851     0.000
13.857     0.000
13.862     0.000
13.868     0.000
13.874     0.000
13.880     0.000
13.886     0.000
13.891     0.000
13.897     0.000
13.903     0.000
13.909     0.000
13.915     0.000
13.920     0.000
13.926     0.000
13.932     0.000
13.938     0.000
13.944     588.000
13.949     580.263
13.955     580.263
13.961     595.946
13.967     588.000
13.973     588.000
13.978     580.263
13.984     580.263
13.990     580.263
13.996     572.727
14.002     233.333
14.007     233.333
14.013     0.000
14.019     0.000
14.025     0.000
14.031     0.000
14.036     0.000
14.042     0.000
14.048     0.000
14.054     0.000
14.060     0.000
14.065     0.000
14.071     0.000
14.077     0.000
14.083     0.000
14.089     0.000
14.095     0.000
14.100     0.000
14.106     0.000
14.112     0.000
14.118     0.000
14.124     0.000
14.129     0.000
14.135     0.000
14.141     0.000
14.147     0.000
14.153     0.000
14.158     0.000
14.164     0.000
14.170     0.000
14.176     0.000
14.182     0.000
14.187     0.000
14.193     0.000
14.199     0.000
14.205     0.000
14.211     0.000
14.216     0.000
14.222     0.000
14.228     0.000
14.234     0.000
14.240     0.000
14.245     0.000
14.251     0.000
14.257     0.000
14.263     0.000
14.269     0.000
14.274     0.000
14.280     0.000
14.286     0.000
14.292     0.000
14.298     0.000
14.303     0.000
14.309     0.000
14.315     0.000
14.321     0.000
14.327     0.000
14.333     0.000
14.338     0.000
14.344     0.000
14.350     0.000
14.356     0.000
14.362     0.000
14.367     0.000
14.373     0.000
14.379     469.149
14.385     469.149
14.391     469.149
14.396     469.149
14.402     474.194
14.408     882.000
14.414     882.000
14.420     958.696
14.425     801.818
14.431     787.500
14.437     787.500
14.443     787.500
14.449     787.500
14.454     787.500
14.460     787.500
14.466     787.500
14.472     787.500
14.478     787.500
14.483     787.500
14.489     787.500
14.495     787.500
14.501     787.500
14.507     787.500
14.512     787.500
14.518     787.500
14.524     787.500
14.530     787.500
14.536     787.500
14.541     787.500
14.547     787.500
14.553     787.500
14.559     787.500
14.565     787.500
14.571     787.500
14.576     787.500
14.582     787.500
14.588     787.500
14.594     787.500
14.600     787.500
14.605     787.500
14.611     787.500
14.617     787.500
14.623     787.500
14.629     787.500
14.634     787.500
14.640     787.500
14.646     787.500
14.652     0.000
14.658     0.000
14.663     0.000
14.669     0.000
14.675     0.000
14.681     0.000
14.687     0.000
14.692     0.000
14.698     0.000
14.704     0.000
14.710     0.000
14.716     0.000
14.721     0.000
14.727     0.000
14.733     0.000
14.739     0.000
14.745     0.000
14.750     0.000
14.756     0.000
14.762     0.000
14.768     0.000
14.774     0.000
14.780     0.000
14.785     0.000
14.791     0.000
14.797     0.000
14.803     0.000
14.809     0.000
14.814     0.000
14.820     0.000
14.826     0.000
14.832     0.000
14.838     0.000
14.843     0.000
14.849     0.000
14.855     0.000
14.861     0.000
14.867     0.000
14.872     0.000
14.878     0.000
14.884     0.000
14.890     0.000
14.896     0.000
14.901     0.000
14.907     0.000
14.913     0.000
14.919     0.000
14.925     0.000
14.930     0.000
14.936     0.000
14.942     0.000
14.948     0.000
14.954     0.000
14.959     0.000
14.965     0.000
14.971     0.000
14.977     0.000
14.983     0.000
14.988     0.000
14.994     0.000
15.000     0.000
15.006     0.000
15.012     0.000
15.018     0.000
15.023     0.000
15.029     0.000
15.035     0.000
15.041     0.000
15.047     0.000
15.052     0.000
15.058     0.000
15.064     0.000
15.070     0.000
15.076     0.000
15.081     0.000
15.087     0.000
15.093     0.000
15.099     0.000
15.105     0.000
15.110     0.000
15.116     0.000
15.122     0.000
15.128     0.000
15.134     0.000
15.139     0.000
15.145     0.000
15.151     0.000
15.157     0.000
15.163     0.000
15.168     0.000
15.174     0.000
15.180     0.000
15.186     0.000
15.192     0.000
15.197     0.000
15.203     0.000
15.209     0.000
15.215     0.000
15.221     0.000
15.226     0.000
15.232     0.000
15.238     0.000
15.244     0.000
15.250     0.000
15.256     0.000
15.261     0.000
15.267     0.000
15.273     0.000
15.279     0.000
15.285     0.000
15.290     0.000
15.296     0.000
15.302     0.000
15.308     0.000
15.314     0.000
15.319     0.000
15.325     0.000
15.331     0.000
15.337     0.000
15.343     0.000
15.348     0.000
15.354     0.000
15.360     0.000
15.366     0.000
15.372     0.000
15.377     0.000
15.383     0.000
15.389     0.000
15.395     0.000
15.401     0.000
15.406     0.000
15.412     0.000
15.418     0.000
15.424     0.000
15.430     0.000
15.435     0.000
15.441     0.000
15.447     0.000
15.453     0.000
15.459     0.000
15.464     0.000
15.470     0.000
15.476     0.000
15.482     0.000
15.488     0.000
15.494     0.000
15.499     0.000
15.505     0.000
15.511     0.000
15.517     0.000
15.523     0.000
15.528     0.000
15.534     0.000
15.540     0.000
15.546     0.000
15.552     0.000
15.557     0.000
15.563     0.000
15.569     0.000
15.575     0.000
15.581     0.000
15.586     0.000
15.592     0.000
15.598     0.000
15.604     0.000
15.610     0.000
15.615     0.000
15.621     0.000
15.627     0.000
15.633     0.000
15.639     0.000
15.644     0.000
15.650     0.000
15.656     0.000
15.662     0.000
15.668     0.000
15.673     0.000
15.679     0.000
15.685     0.000
15.691     0.000
15.697     0.000
15.702     0.000
15.708     0.000
15.714     0.000
15.720     0.000
15.726     0.000
15.732     0.000
15.737     0.000
15.743     0.000
15.749     0.000
15.755     0.000
15.761     0.000
15.766     0.000
15.772     0.000
15.778     0.000
15.784     0.000
15.790     0.000
15.795     0.000
15.801     0.000
15.807     0.000
15.813     0.000
15.819     0.000
15.824     0.000
15.830     0.000
15.836     0.000
15.842     0.000
15.848     0.000
15.853     0.000
15.859     0.000
15.865     0.000
15.871     0.000
15.877     0.000
15.882     0.000
15.888     0.000
15.894     0.000
15.900     0.000
15.906     0.000
15.911     0.000
15.917     787.500
15.923     787.500
15.929     787.500
15.935     773.684
15.940     773.684
15.946     760.345
15.952     722.951
15.958     722.951
15.964     700.000
15.970     700.000
15.975     700.000
15.981     700.000
15.987     700.000
15.993     700.000
15.999     694.488
16.004     700.000
16.010     700.000
16.016     694.488
16.022     700.000
16.028     700.000
16.033     700.000
16.039     700.000
16.045     700.000
16.051     700.000
16.057     700.000
16.062     700.000
16.068     700.000
16.074     711.290
16.080     347.244
16.086     347.244
16.091     350.000
16.097     347.244
16.103     350.000
16.109     347.244
16.115     0.000
16.120     0.000
16.126     0.000
16.132     0.000
16.138     0.000
16.144     0.000
16.149     0.000
16.155     0.000
16.161     0.000
16.167     0.000
16.173     0.000
16.179     0.000
16.184     0.000
16.190     0.000
16.196     0.000
16.202     0.000
16.208     0.000
16.213     0.000
16.219     0.000
16.225     0.000
16.231     0.000
16.237     0.000
16.242     0.000
16.248     0.000
16.254     0.000
16.260     0.000
16.266     0.000
16.271     0.000
16.277     0.000
16.283     0.000
16.289     0.000
16.295     0.000
16.300     0.000
16.306     0.000
16.312     0.000
16.318     0.000
16.324     0.000
16.329     0.000
16.335     0.000
16.341     0.000
16.347     0.000
16.353     0.000
16.358     0.000
16.364     0.000
16.370     0.000
16.376     0.000
16.382     0.000
16.387     0.000
16.393     0.000
16.399     0.000
16.405     0.000
16.411     0.000
16.417     0.000
16.422     0.000
16.428     0.000
16.434     0.000
16.440     0.000
16.446     0.000
16.451     0.000
16.457     0.000
16.463     0.000
16.469     0.000
16.475     0.000
16.480     0.000
16.486     0.000
16.492     0.000
16.498     0.000
16.504     0.000
16.509     0.000
16.515     0.000
16.521     0.000
16.527     0.000
16.533     0.000
16.538     0.000
16.544     0.000
16.550     0.000
16.556     0.000
16.562     0.000
16.567     0.000
16.573     0.000
16.579     0.000
16.585     0.000
16.591     0.000
16.596     0.000
16.602     0.000
16.608     0.000
16.614     0.000
16.620     0.000
16.625     0.000
16.631     0.000
16.637     0.000
16.643     0.000
16.649     0.000
16.655     0.000
16.660     0.000
16.666     0.000
16.672     0.000
16.678     0.000
16.684     0.000
16.689     0.000
16.695     0.000
16.701     0.000
16.707     0.000
16.713     0.000
16.718     0.000
16.724     0.000
16.730     0.000
16.736     0.000
16.742     0.000
16.747     0.000
16.753     0.000
16.759     0.000
16.765     0.000
16.771     0.000
16.776     0.000
16.782     0.000
16.788     0.000
16.794     0.000
16.800     0.000
16.805     0.000
16.811     0.000
16.817     0.000
16.823     0.000
16.829     0.000
16.834     0.000
16.840     0.000
16.846     0.000
16.852     0.000
16.858     0.000
16.863     0.000
16.869     0.000
16.875     0.000
16.881     0.000
16.887     0.000
16.893     0.000
16.898     0.000
16.904     0.000
16.910     0.000
16.916     0.000
16.922     0.000
16.927     0.000
16.933     0.000
16.939     0.000
16.945     0.000
16.951     0.000
16.956     0.000
16.962     0.000
16.968     0.000
16.974     0.000
16.980     0.000
16.985     0.000
16.991     0.000
16.997     0.000
17.003     0.000
17.009     0.000
17.014     0.000
17.020     0.000
17.026     0.000
17.032     0.000
17.038     0.000
17.043     0.000
17.049     0.000
17.055     0.000
17.061     0.000
17.067     0.000
17.072     0.000
17.078     0.000
17.084     0.000
17.090     0.000
17.096     0.000
17.101     0.000
17.107     0.000
17.113     0.000
17.119     0.000
17.125     0.000
17.131     0.000
17.136     0.000
17.142     0.000
17.148     0.000
17.154     0.000
17.160     0.000
17.165     0.000
17.171     0.000
17.177     0.000
17.183     0.000
17.189     0.000
17.194     0.000
17.200     0.000
17.206     0.000
17.212     0.000
17.218     0.000
17.223     0.000
17.229     0.000
17.235     0.000
17.241     0.000
17.247     0.000
17.252     0.000
17.258     0.000
17.264     0.000
17.270     0.000
17.276     0.000
17.281     290.132
17.287     262.500
17.293     262.500
17.299     259.412
17.305     260.947
17.310     260.947
17.316     260.947
17.322     279.114
17.328     267.273
17.334     264.072
17.340     279.114
17.345     280.892
17.351     315.000
17.357     262.500
17.363     262.500
17.369     286.364
17.374     262.500
17.380     260.947
17.386     262.500
17.392     259.412
17.398     280.892
17.403     247.753
17.409     247.753
17.415     249.153
17.421     175.697
17.427     230.890
17.432     175.000
17.438     175.000
17.444     175.000
17.450     175.000
17.456     174.308
17.461     700.000
17.467     700.000
17.473     700.000
17.479     700.000
17.485     700.000
17.490     700.000
17.496     700.000
17.502     700.000
17.508     700.000
17.514     700.000
17.519     689.062
17.525     700.000
17.531     700.000
17.537     0.000
17.543     0.000
17.548     0.000
17.554     0.000
17.560     0.000
17.566     0.000
17.572     0.000
17.578     700.000
17.583     694.488
17.589     0.000
17.595     0.000
17.601     0.000
17.607     0.000
17.612     0.000
17.618     0.000
17.624     0.000
17.630     0.000
17.636     0.000
17.641     0.000
17.647     0.000
17.653     0.000
17.659     0.000
17.665     0.000
17.670     0.000
17.676     0.000
17.682     0.000
17.688     0.000
17.694     0.000
17.699     0.000
17.705     0.000
17.711     0.000
17.717     0.000
17.723     0.000
17.728     0.000
17.734     0.000
17.740     0.000
17.746     0.000
17.752     0.000
17.757     0.000
17.763     0.000
17.769     0.000
17.775     0.000
17.781     0.000
17.786     0.000
17.792     0.000
17.798     0.000
17.804     0.000
17.810     0.000
17.816     0.000
17.821     0.000
17.827     0.000
17.833     0.000
17.839     0.000
17.845     0.000
17.850     0.000
17.856     0.000
17.862     0.000
17.868     0.000
17.874     0.000
17.879     0.000
17.885     0.000
17.891     0.000
17.897     0.000
17.903     0.000
17.908     0.000
17.914     0.000
17.920     0.000
17.926     0.000
17.932     0.000
17.937     0.000
17.943     0.000
17.949     0.000
17.955     0.000
17.961     0.000
17.966     0.000
17.972     0.000
17.978     0.000
17.984     0.000
17.990     0.000
17.995     0.000
18.001     0.000
18.007     0.000
18.013     0.000
18.019     0.000
18.024     0.000
18.030     0.000
18.036     0.000
18.042     0.000
18.048     0.000
18.054     0.000
18.059     0.000
18.065     0.000
18.071     0.000
18.077     0.000
18.083     0.000
18.088     0.000
18.094     0.000
18.100     0.000
18.106     0.000
18.112     0.000
18.117     0.000
18.123     0.000
18.129     0.000
18.135     0.000
18.141     0.000
18.146     0.000
18.152     0.000
18.158     0.000
18.164     0.000
18.170     0.000
18.175     0.000
18.181     0.000
18.187     0.000
18.193     0.000
18.199     0.000
18.204     0.000
18.210     0.000
18.216     0.000
18.222     0.000
18.228     0.000
18.233     711.290
18.239     711.290
18.245     711.290
18.251     722.951
18.257     711.290
18.262     711.290
18.268     711.290
18.274     711.290
18.280     711.290
18.286     711.290
18.292     722.951
18.297     711.290
18.303     700.000
18.309     700.000
18.315     689.062
18.321     689.062
18.326     700.000
18.332     711.290
18.338     722.951
18.344     0.000
18.350     0.000
18.355     0.000
18.361     0.000
18.367     0.000
18.373     0.000
18.379     0.000
18.384     0.000
18.390     0.000
18.396     0.000
18.402     0.000
18.408     0.000
18.413     0.000
18.419     0.000
18.425     0.000
18.431     0.000
18.437     0.000
18.442     0.000
18.448     0.000
18.454     0.000
18.460     0.000
18.466     0.000
18.471     0.000
18.477     0.000
18.483     0.000
18.489     0.000
18.495     0.000
18.500     0.000
18.506     0.000
18.512     0.000
18.518     0.000
18.524     0.000
18.530     0.000
18.535     0.000
18.541     0.000
18.547     0.000
18.553     0.000
18.559     0.000
18.564     0.000
18.570     0.000
18.576     0.000
18.582     0.000
18.588     0.000
18.593     0.000
18.599     0.000
18.605     0.000
18.611     0.000
18.617     0.000
18.622     0.000
18.628     0.000
18.634     0.000
18.640     0.000
18.646     0.000
18.651     0.000
18.657     0.000
18.663     0.000
18.669     0.000
18.675     0.000
18.680     0.000
18.686     0.000
18.692     0.000
18.698     0.000
18.704     0.000
18.709     0.000
18.715     0.000
18.721     0.000
18.727     0.000
18.733     0.000
18.739     0.000
18.744     0.000
18.750     0.000
18.756     0.000
18.762     0.000
18.768     0.000
18.773     0.000
18.779     0.000
18.785     0.000
18.791     0.000
18.797     0.000
18.802     0.000
18.808     0.000
18.814     0.000
18.820     0.000
18.826     0.000
18.831     0.000
18.837     0.000
18.843     0.000
18.849     0.000
18.855     0.000
18.860     0.000
18.866     0.000
18.872     0.000
18.878     0.000
18.884     0.000
18.889     0.000
18.895     0.000
18.901     0.000
18.907     0.000
18.913     0.000
18.918     0.000
18.924     0.000
18.930     0.000
18.936     0.000
18.942     0.000
18.947     0.000
18.953     0.000
18.959     0.000
18.965     0.000
18.971     0.000
18.977     0.000
18.982     0.000
18.988     0.000
18.994     0.000
19.000     0.000
19.006     0.000
19.011     0.000
19.017     0.000
19.023     0.000
19.029     0.000
19.035     0.000
19.040     0.000
19.046     0.000
19.052     0.000
19.058     0.000
19.064     0.000
19.069     0.000
19.075     0.000
19.081     0.000
19.087     0.000
19.093     0.000
19.098     0.000
19.104     0.000
19.110     0.000
19.116     0.000
19.122     0.000
19.127     0.000
19.133     0.000
19.139     0.000
19.145     0.000
19.151     0.000
19.156     0.000
19.162     0.000
19.168     0.000
19.174     0.000
19.180     0.000
19.185     0.000
19.191     0.000
19.197     0.000
19.203     0.000
19.209     0.000
19.215     0.000
19.220     0.000
