0.000     0.000
0.006     0.000
0.012     0.000
0.017     0.000
0.023     0.000
0.029     0.000
0.035     0.000
0.041     0.000
0.046     0.000
0.052     0.000
0.058     0.000
0.064     0.000
0.070     0.000
0.075     0.000
0.081     0.000
0.087     0.000
0.093     0.000
0.099     0.000
0.104     0.000
0.110     0.000
0.116     0.000
0.122     0.000
0.128     0.000
0.134     0.000
0.139     0.000
0.145     0.000
0.151     0.000
0.157     0.000
0.163     0.000
0.168     0.000
0.174     0.000
0.180     0.000
0.186     0.000
0.192     0.000
0.197     0.000
0.203     0.000
0.209     0.000
0.215     0.000
0.221     0.000
0.226     0.000
0.232     0.000
0.238     352.800
0.244     347.244
0.250     352.800
0.255     350.000
0.261     355.645
0.267     350.000
0.273     352.800
0.279     350.000
0.284     355.645
0.290     352.800
0.296     352.800
0.302     352.800
0.308     355.645
0.313     350.000
0.319     350.000
0.325     350.000
0.331     352.800
0.337     350.000
0.342     350.000
0.348     350.000
0.354     350.000
0.360     347.244
0.366     347.244
0.372     347.244
0.377     350.000
0.383     347.244
0.389     350.000
0.395     350.000
0.401     352.800
0.406     347.244
0.412     352.800
0.418     350.000
0.424     355.645
0.430     350.000
0.435     352.800
0.441     350.000
0.447     352.800
0.453     347.244
0.459     350.000
0.464     350.000
0.470     350.000
0.476     347.244
0.482     347.244
0.488     347.244
0.493     350.000
0.499     347.244
0.505     347.244
0.511     350.000
0.517     347.244
0.522     347.244
0.528     347.244
0.534     352.800
0.540     350.000
0.546     350.000
0.551     347.244
0.557     355.645
0.563     352.800
0.569     352.800
0.575     350.000
0.580     355.645
0.586     350.000
0.592     352.800
0.598     350.000
0.604     358.537
0.610     0.000
0.615     0.000
0.621     0.000
0.627     0.000
0.633     0.000
0.639     0.000
0.644     0.000
0.650     0.000
0.656     0.000
0.662     0.000
0.668     0.000
0.673     0.000
0.679     0.000
0.685     0.000
0.691     0.000
0.697     412.150
0.702     404.587
0.708     390.265
0.714     400.909
0.720     404.587
0.726     400.909
0.731     390.265
0.737     390.265
0.743     404.587
0.749     408.333
0.755     397.297
0.760     393.750
0.766     404.587
0.772     404.587
0.778     390.265
0.784     397.297
0.789     397.297
0.795     400.909
0.801     397.297
0.807     390.265
0.813     393.750
0.819     400.909
0.824     400.909
0.830     390.265
0.836     397.297
0.842     393.750
0.848     397.297
0.853     393.750
0.859     393.750
0.865     393.750
0.871     393.750
0.877     393.750
0.882     393.750
0.888     397.297
0.894     393.750
0.900     393.750
0.906     393.750
0.911     397.297
0.917     393.750
0.923     393.750
0.929     393.750
0.935     393.750
0.940     390.265
0.946     397.297
0.952     397.297
0.958     397.297
0.964     393.750
0.969     397.297
0.975     400.909
0.981     393.750
0.987     393.750
0.993     390.265
0.998     397.297
1.004     393.750
1.010     393.750
1.016     386.842
1.022     397.297
1.027     393.750
1.033     393.750
1.039     393.750
1.045     393.750
1.051     397.297
1.057     390.265
1.062     393.750
1.068     390.265
1.074     393.750
1.080     393.750
1.086     393.750
1.091     393.750
1.097     393.750
1.103     393.750
1.109     393.750
1.115     393.750
1.120     393.750
1.126     393.750
1.132     393.750
1.138     393.750
1.144     393.750
1.149     393.750
1.155     390.265
1.161     393.750
1.167     393.750
1.173     393.750
1.178     393.750
1.184     393.750
1.190     393.750
1.196     393.750
1.202     393.750
1.207     386.842
1.213     383.478
1.219     380.172
1.225     370.588
1.231     361.475
1.236     352.800
1.242     352.800
1.248     344.531
1.254     350.000
1.260     347.244
1.265     350.000
1.271     347.244
1.277     347.244
1.283     350.000
1.289     350.000
1.295     350.000
1.300     347.244
1.306     350.000
1.312     350.000
1.318     347.244
1.324     344.531
1.329     350.000
1.335     347.244
1.341     350.000
1.347     347.244
1.353     350.000
1.358     344.531
1.364     347.244
1.370     347.244
1.376     347.244
1.382     347.244
1.387     344.531
1.393     347.244
1.399     347.244
1.405     347.244
1.411     341.860
1.416     347.244
1.422     344.531
1.428     347.244
1.434     344.531
1.440     347.244
1.445     347.244
1.451     347.244
1.457     347.244
1.463     350.000
1.469     350.000
1.474     350.000
1.480     350.000
1.486     352.800
1.492     352.800
1.498     350.000
1.503     352.800
1.509     347.244
1.515     352.800
1.521     347.244
1.527     344.531
1.533     347.244
1.538     344.531
1.544     339.231
1.550     344.531
1.556     341.860
1.562     341.860
1.567     347.244
1.573     339.231
1.579     341.860
1.585     347.244
1.591     341.860
1.596     344.531
1.602     347.244
1.608     350.000
1.614     347.244
1.620     344.531
1.625     355.645
1.631     344.531
1.637     347.244
1.643     350.000
1.649     347.244
1.654     347.244
1.660     344.531
1.666     347.244
1.672     344.531
1.678     347.244
1.683     341.860
1.689     344.531
1.695     347.244
1.701     347.244
1.707     341.860
1.712     347.244
1.718     344.531
1.724     344.531
1.730     341.860
1.736     344.531
1.741     336.641
1.747     347.244
1.753     341.860
1.759     344.531
1.765     344.531
1.771     344.531
1.776     341.860
1.782     347.244
1.788     350.000
1.794     347.244
1.800     347.244
1.805     344.531
1.811     383.478
1.817     459.375
1.823     479.348
1.829     152.069
1.834     479.348
1.840     490.000
1.846     484.615
1.852     474.194
1.858     479.348
1.863     479.348
1.869     469.149
1.875     469.149
1.881     474.194
1.887     474.194
1.892     469.149
1.898     474.194
1.904     474.194
1.910     469.149
1.916     464.211
1.921     469.149
1.927     474.194
1.933     464.211
1.939     474.194
1.945     469.149
1.950     464.211
1.956     469.149
1.962     474.194
1.968     474.194
1.974     469.149
1.980     474.194
1.985     474.194
1.991     464.211
1.997     469.149
2.003     469.149
2.009     469.149
2.014     469.149
2.020     469.149
2.026     469.149
2.032     464.211
2.038     469.149
2.043     469.149
2.049     469.149
2.055     464.211
2.061     469.149
2.067     469.149
2.072     469.149
2.078     469.149
2.084     469.149
2.090     469.149
2.096     464.211
2.101     469.149
2.107     464.211
2.113     464.211
2.119     469.149
2.125     469.149
2.130     469.149
2.136     464.211
2.142     469.149
2.148     469.149
2.154     464.211
2.159     474.194
2.165     469.149
2.171     469.149
2.177     469.149
2.183     469.149
2.188     469.149
2.194     464.211
2.200     469.149
2.206     469.149
2.212     464.211
2.218     469.149
2.223     464.211
2.229     469.149
2.235     464.211
2.241     469.149
2.247     469.149
2.252     464.211
2.258     464.211
2.264     469.149
2.270     464.211
2.276     469.149
2.281     469.149
2.287     469.149
2.293     464.211
2.299     464.211
2.305     469.149
2.310     469.149
2.316     464.211
2.322     469.149
2.328     464.211
2.334     469.149
2.339     469.149
2.345     469.149
2.351     469.149
2.357     464.211
2.363     474.194
2.368     464.211
2.374     464.211
2.380     469.149
2.386     469.149
2.392     469.149
2.397     464.211
2.403     469.149
2.409     464.211
2.415     459.375
2.421     459.375
2.426     450.000
2.432     454.639
2.438     454.639
2.444     459.375
2.450     454.639
2.456     459.375
2.461     454.639
2.467     454.639
2.473     459.375
2.479     445.455
2.485     454.639
2.490     445.455
2.496     450.000
2.502     445.455
2.508     450.000
2.514     445.455
2.519     450.000
2.525     445.455
2.531     450.000
2.537     445.455
2.543     450.000
2.548     445.455
2.554     445.455
2.560     441.000
2.566     441.000
2.572     441.000
2.577     441.000
2.583     441.000
2.589     441.000
2.595     445.455
2.601     441.000
2.606     450.000
2.612     441.000
2.618     445.455
2.624     441.000
2.630     441.000
2.635     441.000
2.641     436.634
2.647     445.455
2.653     441.000
2.659     445.455
2.664     441.000
2.670     445.455
2.676     441.000
2.682     445.455
2.688     436.634
2.694     445.455
2.699     436.634
2.705     445.455
2.711     436.634
2.717     445.455
2.723     441.000
2.728     445.455
2.734     441.000
2.740     445.455
2.746     441.000
2.752     441.000
2.757     441.000
2.763     441.000
2.769     441.000
2.775     441.000
2.781     445.455
2.786     441.000
2.792     445.455
2.798     441.000
2.804     445.455
2.810     436.634
2.815     445.455
2.821     436.634
2.827     445.455
2.833     436.634
2.839     445.455
2.844     441.000
2.850     450.000
2.856     436.634
2.862     445.455
2.868     436.634
2.873     445.455
2.879     436.634
2.885     445.455
2.891     436.634
2.897     445.455
2.902     441.000
2.908     445.455
2.914     441.000
2.920     445.455
2.926     436.634
2.932     445.455
2.937     436.634
2.943     445.455
2.949     441.000
2.955     445.455
2.961     445.455
2.966     445.455
2.972     445.455
2.978     445.455
2.984     441.000
2.990     445.455
2.995     441.000
3.001     445.455
3.007     441.000
3.013     432.353
3.019     412.150
3.024     400.909
3.030     393.750
3.036     393.750
3.042     400.909
3.048     376.923
3.053     373.729
3.059     383.478
3.065     397.297
3.071     383.478
3.077     386.842
3.082     390.265
3.088     400.909
3.094     390.265
3.100     383.478
3.106     130.088
3.111     404.587
3.117     404.587
3.123     386.842
3.129     383.478
3.135     400.909
3.140     400.909
3.146     383.478
3.152     380.172
3.158     386.842
3.164     408.333
3.170     393.750
3.175     386.842
3.181     386.842
3.187     397.297
3.193     393.750
3.199     390.265
3.204     386.842
3.210     393.750
3.216     397.297
3.222     393.750
3.228     386.842
3.233     390.265
3.239     397.297
3.245     393.750
3.251     386.842
3.257     390.265
3.262     393.750
3.268     393.750
3.274     386.842
3.280     393.750
3.286     393.750
3.291     393.750
3.297     390.265
3.303     393.750
3.309     393.750
3.315     393.750
3.320     390.265
3.326     390.265
3.332     393.750
3.338     397.297
3.344     393.750
3.349     386.842
3.355     390.265
3.361     393.750
3.367     397.297
3.373     390.265
3.379     390.265
3.384     393.750
3.390     397.297
3.396     393.750
3.402     390.265
3.408     393.750
3.413     393.750
3.419     397.297
3.425     390.265
3.431     393.750
3.437     393.750
3.442     397.297
3.448     390.265
3.454     393.750
3.460     393.750
3.466     397.297
3.471     393.750
3.477     390.265
3.483     397.297
3.489     393.750
3.495     393.750
3.500     390.265
3.506     397.297
3.512     393.750
3.518     393.750
3.524     390.265
3.529     393.750
3.535     397.297
3.541     393.750
3.547     390.265
3.553     393.750
3.558     397.297
3.564     393.750
3.570     393.750
3.576     393.750
3.582     397.297
3.587     393.750
3.593     393.750
3.599     393.750
3.605     393.750
3.611     393.750
3.617     390.265
3.622     393.750
3.628     393.750
3.634     397.297
3.640     393.750
3.646     393.750
3.651     390.265
3.657     397.297
3.663     390.265
3.669     393.750
3.675     393.750
3.680     393.750
3.686     397.297
3.692     390.265
3.698     393.750
3.704     393.750
3.709     397.297
3.715     390.265
3.721     393.750
3.727     390.265
3.733     393.750
3.738     390.265
3.744     386.842
3.750     390.265
3.756     393.750
3.762     390.265
3.767     386.842
3.773     390.265
3.779     393.750
3.785     393.750
3.791     386.842
3.796     393.750
3.802     393.750
3.808     390.265
3.814     390.265
3.820     393.750
3.825     393.750
3.831     393.750
3.837     390.265
3.843     390.265
3.849     397.297
3.855     393.750
3.860     390.265
3.866     390.265
3.872     393.750
3.878     397.297
3.884     390.265
3.889     393.750
3.895     393.750
3.901     397.297
3.907     393.750
3.913     393.750
3.918     393.750
3.924     397.297
3.930     397.297
3.936     386.842
3.942     393.750
3.947     393.750
3.953     393.750
3.959     386.842
3.965     390.265
3.971     390.265
3.976     393.750
3.982     390.265
3.988     393.750
3.994     390.265
4.000     390.265
4.005     393.750
4.011     393.750
4.017     393.750
4.023     393.750
4.029     390.265
4.034     390.265
4.040     393.750
4.046     390.265
4.052     393.750
4.058     390.265
4.063     393.750
4.069     393.750
4.075     393.750
4.081     393.750
4.087     393.750
4.093     390.265
4.098     390.265
4.104     393.750
4.110     390.265
4.116     393.750
4.122     390.265
4.127     390.265
4.133     393.750
4.139     386.842
4.145     383.478
4.151     383.478
4.156     370.588
4.162     364.463
4.168     355.645
4.174     350.000
4.180     347.244
4.185     341.860
4.191     341.860
4.197     350.000
4.203     339.231
4.209     341.860
4.214     347.244
4.220     350.000
4.226     344.531
4.232     350.000
4.238     350.000
4.243     352.800
4.249     344.531
4.255     350.000
4.261     347.244
4.267     352.800
4.272     352.800
4.278     350.000
4.284     355.645
4.290     352.800
4.296     358.537
4.301     350.000
4.307     358.537
4.313     355.645
4.319     358.537
4.325     350.000
4.331     358.537
4.336     350.000
4.342     355.645
4.348     352.800
4.354     358.537
4.360     352.800
4.365     361.475
4.371     355.645
4.377     355.645
4.383     364.463
4.389     350.000
4.394     355.645
4.400     344.531
4.406     355.645
4.412     344.531
4.418     352.800
4.423     352.800
4.429     352.800
4.435     355.645
4.441     352.800
4.447     352.800
4.452     352.800
4.458     355.645
4.464     347.244
4.470     352.800
4.476     350.000
4.481     355.645
4.487     347.244
4.493     358.537
4.499     352.800
4.505     352.800
4.510     350.000
4.516     358.537
4.522     350.000
4.528     355.645
4.534     355.645
4.540     352.800
4.545     358.537
4.551     344.531
4.557     355.645
4.563     350.000
4.569     358.537
4.574     350.000
4.580     355.645
4.586     358.537
4.592     355.645
4.598     347.244
4.603     358.537
4.609     350.000
4.615     352.800
4.621     355.645
4.627     352.800
4.632     352.800
4.638     352.800
4.644     355.645
4.650     350.000
4.656     352.800
4.661     350.000
4.667     352.800
4.673     347.244
4.679     352.800
4.685     347.244
4.690     350.000
4.696     352.800
4.702     350.000
4.708     352.800
4.714     350.000
4.719     350.000
4.725     352.800
4.731     355.645
4.737     350.000
4.743     352.800
4.748     352.800
4.754     355.645
4.760     344.531
4.766     355.645
4.772     352.800
4.778     350.000
4.783     347.244
4.789     350.000
4.795     0.000
4.801     0.000
4.807     0.000
4.812     0.000
4.818     0.000
4.824     0.000
4.830     0.000
4.836     0.000
4.841     0.000
4.847     0.000
4.853     0.000
4.859     0.000
4.865     0.000
4.870     0.000
4.876     0.000
4.882     0.000
4.888     441.000
4.894     454.639
4.899     459.375
4.905     445.455
4.911     445.455
4.917     436.634
4.923     436.634
4.928     445.455
4.934     445.455
4.940     454.639
4.946     445.455
4.952     436.634
4.957     450.000
4.963     441.000
4.969     436.634
4.975     454.639
4.981     445.455
4.986     445.455
4.992     441.000
4.998     441.000
5.004     441.000
5.010     441.000
5.016     445.455
5.021     450.000
5.027     441.000
5.033     436.634
5.039     445.455
5.045     436.634
5.050     441.000
5.056     441.000
5.062     441.000
5.068     445.455
5.074     441.000
5.079     441.000
5.085     450.000
5.091     441.000
5.097     436.634
5.103     445.455
5.108     441.000
5.114     445.455
5.120     445.455
5.126     445.455
5.132     450.000
5.137     441.000
5.143     441.000
5.149     454.639
5.155     441.000
5.161     445.455
5.166     445.455
5.172     441.000
5.178     436.634
5.184     445.455
5.190     441.000
5.195     450.000
5.201     441.000
5.207     436.634
5.213     445.455
5.219     441.000
5.224     441.000
5.230     450.000
5.236     441.000
5.242     441.000
5.248     445.455
5.254     445.455
5.259     450.000
5.265     445.455
5.271     445.455
5.277     445.455
5.283     436.634
5.288     441.000
5.294     450.000
5.300     445.455
5.306     441.000
5.312     445.455
5.317     445.455
5.323     450.000
5.329     450.000
5.335     441.000
5.341     445.455
5.346     436.634
5.352     436.634
5.358     445.455
5.364     445.455
5.370     441.000
5.375     445.455
5.381     441.000
5.387     445.455
5.393     441.000
5.399     441.000
5.404     445.455
5.410     454.639
5.416     450.000
5.422     450.000
5.428     147.987
5.433     147.987
5.439     147.000
5.445     148.986
5.451     147.492
5.457     459.375
5.462     441.000
5.468     445.455
5.474     441.000
5.480     450.000
5.486     445.455
5.492     450.000
5.497     432.353
5.503     445.455
5.509     436.634
5.515     454.639
5.521     445.455
5.526     450.000
5.532     436.634
5.538     441.000
5.544     432.353
5.550     445.455
5.555     445.455
5.561     454.639
5.567     445.455
5.573     445.455
5.579     441.000
5.584     441.000
5.590     445.455
5.596     445.455
5.602     445.455
5.608     441.000
5.613     441.000
5.619     436.634
5.625     441.000
5.631     441.000
5.637     445.455
5.642     445.455
5.648     445.455
5.654     441.000
5.660     445.455
5.666     441.000
5.671     441.000
5.677     436.634
5.683     441.000
5.689     441.000
5.695     441.000
5.700     441.000
5.706     445.455
5.712     441.000
5.718     445.455
5.724     441.000
5.730     441.000
5.735     436.634
5.741     445.455
5.747     436.634
5.753     441.000
5.759     436.634
5.764     436.634
5.770     445.455
5.776     441.000
5.782     441.000
5.788     445.455
5.793     436.634
5.799     436.634
5.805     441.000
5.811     441.000
5.817     441.000
5.822     441.000
5.828     445.455
5.834     445.455
5.840     441.000
5.846     441.000
5.851     441.000
5.857     441.000
5.863     436.634
5.869     441.000
5.875     441.000
5.880     445.455
5.886     441.000
5.892     441.000
5.898     445.455
5.904     441.000
5.909     436.634
5.915     441.000
5.921     441.000
5.927     436.634
5.933     441.000
5.939     441.000
5.944     441.000
5.950     445.455
5.956     441.000
5.962     441.000
5.968     441.000
5.973     436.634
5.979     441.000
5.985     441.000
5.991     445.455
5.997     436.634
6.002     445.455
6.008     445.455
6.014     445.455
6.020     445.455
6.026     445.455
6.031     450.000
6.037     445.455
6.043     450.000
6.049     436.634
6.055     441.000
6.060     436.634
6.066     441.000
6.072     441.000
6.078     441.000
6.084     441.000
6.089     436.634
6.095     436.634
6.101     436.634
6.107     436.634
6.113     441.000
6.118     436.634
6.124     441.000
6.130     441.000
6.136     436.634
6.142     441.000
6.147     436.634
6.153     441.000
6.159     436.634
6.165     436.634
6.171     436.634
6.177     436.634
6.182     436.634
6.188     436.634
6.194     441.000
6.200     441.000
6.206     441.000
6.211     436.634
6.217     441.000
6.223     436.634
6.229     441.000
6.235     436.634
6.240     441.000
6.246     436.634
6.252     441.000
6.258     441.000
6.264     441.000
6.269     441.000
6.275     441.000
6.281     441.000
6.287     441.000
6.293     441.000
6.298     441.000
6.304     441.000
6.310     441.000
6.316     445.455
6.322     445.455
6.327     441.000
6.333     441.000
6.339     441.000
6.345     441.000
6.351     441.000
6.356     432.353
6.362     436.634
6.368     445.455
6.374     441.000
6.380     441.000
6.385     445.455
6.391     441.000
6.397     441.000
6.403     441.000
6.409     441.000
6.415     445.455
6.420     441.000
6.426     436.634
6.432     441.000
6.438     441.000
6.444     441.000
6.449     445.455
6.455     441.000
6.461     441.000
6.467     441.000
6.473     436.634
6.478     441.000
6.484     441.000
6.490     441.000
6.496     445.455
6.502     445.455
6.507     441.000
6.513     441.000
6.519     436.634
6.525     441.000
6.531     441.000
6.536     436.634
6.542     441.000
6.548     445.455
6.554     436.634
6.560     441.000
6.565     441.000
6.571     441.000
6.577     441.000
6.583     441.000
6.589     441.000
6.594     441.000
6.600     0.000
6.606     0.000
6.612     0.000
6.618     0.000
6.623     0.000
6.629     0.000
6.635     0.000
6.641     0.000
6.647     0.000
6.653     0.000
6.658     0.000
6.664     0.000
6.670     0.000
6.676     0.000
6.682     0.000
6.687     0.000
6.693     0.000
6.699     0.000
6.705     0.000
6.711     0.000
6.716     0.000
6.722     0.000
6.728     0.000
6.734     0.000
6.740     0.000
6.745     0.000
6.751     0.000
6.757     0.000
6.763     572.727
6.769     565.385
6.774     572.727
6.780     588.000
6.786     588.000
6.792     580.263
6.798     572.727
6.803     580.263
6.809     572.727
6.815     580.263
6.821     588.000
6.827     588.000
6.832     588.000
6.838     588.000
6.844     580.263
6.850     580.263
6.856     580.263
6.861     588.000
6.867     588.000
6.873     588.000
6.879     580.263
6.885     580.263
6.891     580.263
6.896     588.000
6.902     588.000
6.908     588.000
6.914     580.263
6.920     580.263
6.925     580.263
6.931     580.263
6.937     580.263
6.943     580.263
6.949     580.263
6.954     588.000
6.960     580.263
6.966     572.727
6.972     572.727
6.978     580.263
6.983     588.000
6.989     588.000
6.995     588.000
7.001     580.263
7.007     580.263
7.012     580.263
7.018     588.000
7.024     588.000
7.030     580.263
7.036     588.000
7.041     580.263
7.047     588.000
7.053     588.000
7.059     588.000
7.065     588.000
7.070     580.263
7.076     588.000
7.082     588.000
7.088     588.000
7.094     588.000
7.100     588.000
7.105     588.000
7.111     588.000
7.117     580.263
7.123     580.263
7.129     588.000
7.134     588.000
7.140     588.000
7.146     588.000
7.152     588.000
7.158     580.263
7.163     588.000
7.169     588.000
7.175     588.000
7.181     588.000
7.187     588.000
7.192     588.000
7.198     580.263
7.204     580.263
7.210     565.385
7.216     558.228
7.221     0.000
7.227     0.000
7.233     0.000
7.239     0.000
7.245     0.000
7.250     0.000
7.256     0.000
7.262     0.000
7.268     0.000
7.274     0.000
7.279     0.000
7.285     0.000
7.291     0.000
7.297     0.000
7.303     0.000
7.308     525.000
7.314     525.000
7.320     525.000
7.326     518.824
7.332     518.824
7.338     525.000
7.343     525.000
7.349     525.000
7.355     525.000
7.361     537.805
7.367     525.000
7.372     525.000
7.378     525.000
7.384     525.000
7.390     525.000
7.396     525.000
7.401     525.000
7.407     518.824
7.413     525.000
7.419     518.824
7.425     525.000
7.430     525.000
7.436     525.000
7.442     518.824
7.448     525.000
7.454     525.000
7.459     531.325
7.465     525.000
7.471     525.000
7.477     525.000
7.483     518.824
7.488     518.824
7.494     525.000
7.500     525.000
7.506     525.000
7.512     518.824
7.517     518.824
7.523     525.000
7.529     518.824
7.535     518.824
7.541     518.824
7.546     525.000
7.552     525.000
7.558     528.144
7.564     525.000
7.570     525.000
7.576     518.824
7.581     518.824
7.587     512.791
7.593     512.791
7.599     518.824
7.605     264.072
7.610     262.500
7.616     262.500
7.622     518.824
7.628     518.824
7.634     512.791
7.639     525.000
7.645     525.000
7.651     531.325
7.657     525.000
7.663     525.000
7.668     518.824
7.674     518.824
7.680     518.824
7.686     518.824
7.692     518.824
7.697     525.000
7.703     518.824
7.709     518.824
7.715     518.824
7.721     525.000
7.726     525.000
7.732     518.824
7.738     525.000
7.744     525.000
7.750     525.000
7.755     525.000
7.761     525.000
7.767     518.824
7.773     518.824
7.779     518.824
7.784     518.824
7.790     525.000
7.796     525.000
7.802     525.000
7.808     512.791
7.814     501.136
7.819     495.506
7.825     490.000
7.831     490.000
7.837     154.196
7.843     490.000
7.848     479.348
7.854     479.348
7.860     490.000
7.866     474.194
7.872     474.194
7.877     479.348
7.883     469.149
7.889     474.194
7.895     469.149
7.901     469.149
7.906     479.348
7.912     469.149
7.918     464.211
7.924     474.194
7.930     464.211
7.935     459.375
7.941     464.211
7.947     464.211
7.953     454.639
7.959     459.375
7.964     459.375
7.970     454.639
7.976     459.375
7.982     459.375
7.988     459.375
7.993     464.211
7.999     454.639
8.005     464.211
8.011     469.149
8.017     459.375
8.022     464.211
8.028     469.149
8.034     459.375
8.040     464.211
8.046     464.211
8.052     464.211
8.057     464.211
8.063     464.211
8.069     469.149
8.075     464.211
8.081     464.211
8.086     469.149
8.092     459.375
8.098     464.211
8.104     469.149
8.110     459.375
8.115     464.211
8.121     469.149
8.127     459.375
8.133     454.639
8.139     469.149
8.144     459.375
8.150     454.639
8.156     469.149
8.162     450.000
8.168     450.000
8.173     469.149
8.179     464.211
8.185     464.211
8.191     469.149
8.197     459.375
8.202     459.375
8.208     464.211
8.214     459.375
8.220     459.375
8.226     469.149
8.231     469.149
8.237     464.211
8.243     469.149
8.249     464.211
8.255     459.375
8.260     469.149
8.266     464.211
8.272     464.211
8.278     469.149
8.284     469.149
8.290     464.211
8.295     464.211
8.301     464.211
8.307     454.639
8.313     464.211
8.319     469.149
8.324     464.211
8.330     464.211
8.336     469.149
8.342     464.211
8.348     464.211
8.353     464.211
8.359     454.639
8.365     464.211
8.371     469.149
8.377     464.211
8.382     464.211
8.388     474.194
8.394     464.211
8.400     469.149
8.406     469.149
8.411     464.211
8.417     474.194
8.423     469.149
8.429     469.149
8.435     474.194
8.440     464.211
8.446     469.149
8.452     469.149
8.458     469.149
8.464     469.149
8.469     464.211
8.475     474.194
8.481     469.149
8.487     469.149
8.493     469.149
8.499     464.211
8.504     469.149
8.510     464.211
8.516     474.194
8.522     469.149
8.528     469.149
8.533     469.149
8.539     464.211
8.545     469.149
8.551     464.211
8.557     464.211
8.562     464.211
8.568     464.211
8.574     469.149
8.580     464.211
8.586     469.149
8.591     469.149
8.597     469.149
8.603     464.211
8.609     464.211
8.615     464.211
8.620     464.211
8.626     464.211
8.632     464.211
8.638     469.149
8.644     464.211
8.649     469.149
8.655     469.149
8.661     464.211
8.667     469.149
8.673     464.211
8.678     469.149
8.684     464.211
8.690     464.211
8.696     469.149
8.702     464.211
8.707     474.194
8.713     464.211
8.719     469.149
8.725     469.149
8.731     459.375
8.737     469.149
8.742     459.375
8.748     464.211
8.754     464.211
8.760     464.211
8.766     469.149
8.771     464.211
8.777     474.194
8.783     469.149
8.789     464.211
8.795     464.211
8.800     464.211
8.806     469.149
8.812     464.211
8.818     464.211
8.824     464.211
8.829     469.149
8.835     469.149
8.841     469.149
8.847     469.149
8.853     464.211
8.858     464.211
8.864     464.211
8.870     464.211
8.876     464.211
8.882     469.149
8.887     469.149
8.893     464.211
8.899     464.211
8.905     459.375
8.911     469.149
8.916     469.149
8.922     464.211
8.928     459.375
8.934     0.000
8.940     0.000
8.945     0.000
8.951     0.000
8.957     0.000
8.963     0.000
8.969     0.000
8.975     0.000
8.980     0.000
8.986     0.000
8.992     0.000
8.998     0.000
9.004     0.000
9.009     0.000
9.015     0.000
9.021     0.000
9.027     436.634
9.033     441.000
9.038     436.634
9.044     436.634
9.050     441.000
9.056     445.455
9.062     450.000
9.067     445.455
9.073     436.634
9.079     441.000
9.085     436.634
9.091     445.455
9.096     436.634
9.102     445.455
9.108     441.000
9.114     450.000
9.120     436.634
9.125     445.455
9.131     436.634
9.137     441.000
9.143     436.634
9.149     441.000
9.154     436.634
9.160     445.455
9.166     436.634
9.172     445.455
9.178     441.000
9.183     445.455
9.189     441.000
9.195     441.000
9.201     441.000
9.207     436.634
9.213     436.634
9.218     436.634
9.224     441.000
9.230     436.634
9.236     441.000
9.242     441.000
9.247     441.000
9.253     441.000
9.259     441.000
9.265     436.634
9.271     436.634
9.276     436.634
9.282     436.634
9.288     436.634
9.294     441.000
9.300     441.000
9.305     441.000
9.311     441.000
9.317     441.000
9.323     436.634
9.329     436.634
9.334     436.634
9.340     436.634
9.346     436.634
9.352     436.634
9.358     436.634
9.363     441.000
9.369     441.000
9.375     441.000
9.381     441.000
9.387     441.000
9.392     436.634
9.398     436.634
9.404     436.634
9.410     441.000
9.416     441.000
9.421     441.000
9.427     441.000
9.433     441.000
9.439     441.000
9.445     441.000
9.451     436.634
9.456     436.634
9.462     436.634
9.468     436.634
9.474     436.634
9.480     436.634
9.485     441.000
9.491     441.000
9.497     441.000
9.503     436.634
9.509     436.634
9.514     436.634
9.520     436.634
9.526     441.000
9.532     441.000
9.538     441.000
9.543     441.000
9.549     445.455
9.555     441.000
9.561     441.000
9.567     441.000
9.572     441.000
9.578     441.000
9.584     441.000
9.590     445.455
9.596     441.000
9.601     445.455
9.607     0.000
9.613     0.000
9.619     0.000
9.625     0.000
9.630     0.000
9.636     0.000
9.642     0.000
9.648     0.000
9.654     0.000
9.660     0.000
9.665     0.000
9.671     0.000
9.677     0.000
9.683     0.000
9.689     0.000
9.694     0.000
9.700     0.000
9.706     0.000
9.712     0.000
9.718     0.000
9.723     0.000
9.729     0.000
9.735     0.000
9.741     441.000
9.747     436.634
9.752     445.455
9.758     450.000
9.764     445.455
9.770     436.634
9.776     441.000
9.781     428.155
9.787     445.455
9.793     441.000
9.799     445.455
9.805     436.634
9.810     441.000
9.816     436.634
9.822     441.000
9.828     441.000
9.834     445.455
9.839     441.000
9.845     441.000
9.851     436.634
9.857     436.634
9.863     436.634
9.868     445.455
9.874     445.455
9.880     445.455
9.886     441.000
9.892     441.000
9.898     436.634
9.903     441.000
9.909     441.000
9.915     445.455
9.921     441.000
9.927     445.455
9.932     441.000
9.938     445.455
9.944     441.000
9.950     445.455
9.956     441.000
9.961     441.000
9.967     441.000
9.973     441.000
9.979     441.000
9.985     441.000
9.990     441.000
9.996     445.455
10.002     441.000
10.008     441.000
10.014     445.455
10.019     441.000
10.025     441.000
10.031     436.634
10.037     441.000
10.043     441.000
10.048     445.455
10.054     445.455
10.060     445.455
10.066     441.000
10.072     441.000
10.077     436.634
10.083     441.000
10.089     441.000
10.095     441.000
10.101     441.000
10.106     441.000
10.112     441.000
10.118     441.000
10.124     445.455
10.130     445.455
10.136     445.455
10.141     436.634
10.147     436.634
10.153     436.634
10.159     441.000
10.165     441.000
10.170     450.000
10.176     441.000
10.182     441.000
10.188     436.634
10.194     441.000
10.199     436.634
10.205     436.634
10.211     441.000
10.217     0.000
10.223     0.000
10.228     0.000
10.234     0.000
10.240     0.000
10.246     0.000
10.252     0.000
10.257     0.000
10.263     0.000
10.269     0.000
10.275     0.000
10.281     0.000
10.286     0.000
10.292     0.000
10.298     0.000
10.304     0.000
10.310     450.000
10.315     441.000
10.321     450.000
10.327     445.455
10.333     441.000
10.339     441.000
10.344     436.634
10.350     436.634
10.356     436.634
10.362     436.634
10.368     454.639
10.374     445.455
10.379     441.000
10.385     441.000
10.391     436.634
10.397     428.155
10.403     441.000
10.408     436.634
10.414     445.455
10.420     441.000
10.426     441.000
10.432     441.000
10.437     445.455
10.443     432.353
10.449     445.455
10.455     436.634
10.461     441.000
10.466     441.000
10.472     441.000
10.478     441.000
10.484     445.455
10.490     436.634
10.495     445.455
10.501     436.634
10.507     436.634
10.513     441.000
10.519     441.000
10.524     436.634
10.530     445.455
10.536     436.634
10.542     436.634
10.548     436.634
10.553     432.353
10.559     441.000
10.565     436.634
10.571     436.634
10.577     441.000
10.582     436.634
10.588     436.634
10.594     441.000
10.600     436.634
10.606     436.634
10.612     441.000
10.617     436.634
10.623     441.000
10.629     441.000
10.635     436.634
10.641     436.634
10.646     441.000
10.652     436.634
10.658     441.000
10.664     436.634
10.670     445.455
10.675     441.000
10.681     441.000
10.687     441.000
10.693     441.000
10.699     436.634
10.704     436.634
10.710     436.634
10.716     441.000
10.722     441.000
10.728     441.000
10.733     445.455
10.739     441.000
10.745     436.634
10.751     436.634
10.757     441.000
10.762     436.634
10.768     441.000
10.774     436.634
10.780     441.000
10.786     441.000
10.791     445.455
10.797     450.000
10.803     445.455
10.809     441.000
10.815     445.455
10.820     450.000
10.826     0.000
10.832     0.000
10.838     0.000
10.844     0.000
10.850     0.000
10.855     0.000
10.861     0.000
10.867     0.000
10.873     0.000
10.879     0.000
10.884     0.000
10.890     0.000
10.896     0.000
10.902     0.000
10.908     441.000
10.913     441.000
10.919     436.634
10.925     436.634
10.931     432.353
10.937     432.353
10.942     432.353
10.948     436.634
10.954     432.353
10.960     432.353
10.966     432.353
10.971     424.038
10.977     428.155
10.983     428.155
10.989     436.634
10.995     441.000
11.000     441.000
11.006     436.634
11.012     436.634
11.018     436.634
11.024     436.634
11.029     436.634
11.035     445.455
11.041     436.634
11.047     445.455
11.053     441.000
11.059     445.455
11.064     441.000
11.070     445.455
11.076     441.000
11.082     441.000
11.088     436.634
11.093     441.000
11.099     436.634
11.105     441.000
11.111     441.000
11.117     445.455
11.122     445.455
11.128     445.455
11.134     445.455
11.140     441.000
11.146     436.634
11.151     441.000
11.157     432.353
11.163     432.353
11.169     436.634
11.175     436.634
11.180     441.000
11.186     441.000
11.192     441.000
11.198     436.634
11.204     436.634
11.209     432.353
11.215     441.000
11.221     432.353
11.227     436.634
11.233     432.353
11.238     436.634
11.244     441.000
11.250     441.000
11.256     432.353
11.262     436.634
11.267     436.634
11.273     436.634
11.279     436.634
11.285     441.000
11.291     436.634
11.297     441.000
11.302     441.000
11.308     441.000
11.314     445.455
11.320     436.634
11.326     441.000
11.331     436.634
11.337     436.634
11.343     441.000
11.349     445.455
11.355     436.634
11.360     441.000
11.366     441.000
11.372     441.000
11.378     441.000
11.384     441.000
11.389     441.000
11.395     441.000
11.401     441.000
11.407     445.455
11.413     450.000
11.418     450.000
11.424     459.375
11.430     464.211
11.436     464.211
11.442     459.375
11.447     464.211
11.453     469.149
11.459     464.211
11.465     469.149
11.471     474.194
11.476     469.149
11.482     464.211
11.488     469.149
11.494     464.211
11.500     464.211
11.505     469.149
11.511     469.149
11.517     464.211
11.523     464.211
11.529     454.639
11.535     469.149
11.540     464.211
11.546     459.375
11.552     474.194
11.558     469.149
11.564     464.211
11.569     469.149
11.575     464.211
11.581     459.375
11.587     474.194
11.593     474.194
11.598     464.211
11.604     474.194
11.610     469.149
11.616     464.211
11.622     469.149
11.627     469.149
11.633     469.149
11.639     469.149
11.645     464.211
11.651     469.149
11.656     469.149
11.662     464.211
11.668     469.149
11.674     464.211
11.680     464.211
11.685     469.149
11.691     464.211
11.697     469.149
11.703     469.149
11.709     464.211
11.714     464.211
11.720     464.211
11.726     459.375
11.732     464.211
11.738     464.211
11.743     464.211
11.749     459.375
11.755     469.149
11.761     459.375
11.767     459.375
11.773     469.149
11.778     459.375
11.784     474.194
11.790     464.211
11.796     459.375
11.802     459.375
11.807     464.211
11.813     469.149
11.819     464.211
11.825     469.149
11.831     464.211
11.836     464.211
11.842     469.149
11.848     469.149
11.854     469.149
11.860     464.211
11.865     464.211
11.871     464.211
11.877     469.149
11.883     469.149
11.889     469.149
11.894     464.211
11.900     464.211
11.906     464.211
11.912     464.211
11.918     469.149
11.923     469.149
11.929     469.149
11.935     464.211
11.941     459.375
11.947     469.149
11.952     464.211
11.958     469.149
11.964     469.149
11.970     464.211
11.976     469.149
11.981     464.211
11.987     469.149
11.993     469.149
11.999     469.149
12.005     469.149
12.011     469.149
12.016     459.375
12.022     454.639
12.028     454.639
12.034     459.375
12.040     464.211
12.045     464.211
12.051     454.639
12.057     459.375
12.063     454.639
12.069     459.375
12.074     445.455
12.080     459.375
12.086     445.455
12.092     464.211
12.098     445.455
12.103     469.149
12.109     445.455
12.115     464.211
12.121     445.455
12.127     464.211
12.132     445.455
12.138     454.639
12.144     445.455
12.150     454.639
12.156     445.455
12.161     454.639
12.167     450.000
12.173     454.639
12.179     450.000
12.185     454.639
12.190     450.000
12.196     445.455
12.202     450.000
12.208     441.000
12.214     445.455
12.220     436.634
12.225     445.455
12.231     436.634
12.237     445.455
12.243     441.000
12.249     445.455
12.254     436.634
12.260     445.455
12.266     436.634
12.272     445.455
12.278     436.634
12.283     441.000
12.289     436.634
12.295     445.455
12.301     441.000
12.307     445.455
12.312     441.000
12.318     445.455
12.324     441.000
12.330     441.000
12.336     436.634
12.341     441.000
12.347     441.000
12.353     441.000
12.359     441.000
12.365     441.000
12.370     441.000
12.376     441.000
12.382     441.000
12.388     436.634
12.394     436.634
12.399     436.634
12.405     436.634
12.411     436.634
12.417     436.634
12.423     436.634
12.428     441.000
12.434     441.000
12.440     441.000
12.446     436.634
12.452     436.634
12.458     441.000
12.463     436.634
12.469     441.000
12.475     436.634
12.481     445.455
12.487     441.000
12.492     445.455
12.498     441.000
12.504     445.455
12.510     441.000
12.516     441.000
12.521     441.000
12.527     445.455
12.533     441.000
12.539     445.455
12.545     445.455
12.550     445.455
12.556     445.455
12.562     445.455
12.568     445.455
12.574     441.000
12.579     445.455
12.585     436.634
12.591     450.000
12.597     0.000
12.603     0.000
12.608     0.000
12.614     0.000
12.620     0.000
12.626     0.000
12.632     0.000
12.637     0.000
12.643     0.000
12.649     0.000
12.655     0.000
12.661     0.000
12.666     0.000
12.672     0.000
12.678     0.000
12.684     0.000
12.690     0.000
12.696     0.000
12.701     0.000
12.707     0.000
12.713     0.000
12.719     0.000
12.725     0.000
12.730     0.000
12.736     0.000
12.742     0.000
12.748     0.000
12.754     0.000
12.759     0.000
12.765     0.000
12.771     0.000
12.777     0.000
12.783     0.000
12.788     0.000
12.794     0.000
12.800     0.000
12.806     0.000
12.812     0.000
12.817     0.000
12.823     0.000
12.829     0.000
12.835     0.000
12.841     0.000
12.846     0.000
12.852     393.750
12.858     390.265
12.864     393.750
12.870     400.909
12.875     393.750
12.881     390.265
12.887     390.265
12.893     400.909
12.899     393.750
12.904     390.265
12.910     393.750
12.916     393.750
12.922     397.297
12.928     390.265
12.934     390.265
12.939     400.909
12.945     397.297
12.951     393.750
12.957     383.478
12.963     390.265
12.968     397.297
12.974     393.750
12.980     397.297
12.986     393.750
12.992     397.297
12.997     390.265
13.003     390.265
13.009     390.265
13.015     393.750
13.021     397.297
13.026     393.750
13.032     397.297
13.038     386.842
13.044     393.750
13.050     393.750
13.055     390.265
13.061     397.297
13.067     393.750
13.073     400.909
13.079     390.265
13.084     390.265
13.090     390.265
13.096     397.297
13.102     393.750
13.108     393.750
13.113     397.297
13.119     393.750
13.125     393.750
13.131     383.478
13.137     393.750
13.142     397.297
13.148     397.297
13.154     390.265
13.160     393.750
13.166     393.750
13.172     397.297
13.177     390.265
13.183     393.750
13.189     393.750
13.195     0.000
13.201     0.000
13.206     0.000
13.212     0.000
13.218     0.000
13.224     0.000
13.230     0.000
13.235     0.000
13.241     0.000
13.247     0.000
13.253     0.000
13.259     0.000
13.264     0.000
13.270     0.000
13.276     0.000
13.282     0.000
13.288     0.000
13.293     0.000
13.299     0.000
13.305     0.000
13.311     0.000
13.317     0.000
13.322     0.000
13.328     0.000
13.334     0.000
13.340     0.000
13.346     0.000
13.351     0.000
13.357     393.750
13.363     408.333
13.369     400.909
13.375     400.909
13.380     400.909
13.386     397.297
13.392     397.297
13.398     397.297
13.404     400.909
13.410     400.909
13.415     397.297
13.421     393.750
13.427     390.265
13.433     397.297
13.439     397.297
13.444     390.265
13.450     393.750
13.456     390.265
13.462     393.750
13.468     393.750
13.473     390.265
13.479     397.297
13.485     393.750
13.491     390.265
13.497     390.265
13.502     393.750
13.508     397.297
13.514     393.750
13.520     390.265
13.526     390.265
13.531     397.297
13.537     397.297
13.543     393.750
13.549     393.750
13.555     393.750
13.560     397.297
13.566     397.297
13.572     390.265
13.578     404.587
13.584     397.297
13.589     393.750
13.595     393.750
13.601     393.750
13.607     400.909
13.613     393.750
13.619     393.750
13.624     393.750
13.630     397.297
13.636     393.750
13.642     397.297
13.648     390.265
13.653     397.297
13.659     393.750
13.665     393.750
13.671     390.265
13.677     393.750
13.682     393.750
13.688     390.265
13.694     393.750
13.700     390.265
13.706     397.297
13.711     390.265
13.717     390.265
13.723     393.750
13.729     393.750
13.735     390.265
13.740     393.750
13.746     390.265
13.752     397.297
13.758     390.265
13.764     393.750
13.769     393.750
13.775     393.750
13.781     397.297
13.787     393.750
13.793     397.297
13.798     393.750
13.804     393.750
13.810     383.478
13.816     373.729
13.822     370.588
13.827     364.463
13.833     358.537
13.839     352.800
13.845     350.000
13.851     355.645
13.857     347.244
13.862     347.244
13.868     350.000
13.874     350.000
13.880     347.244
13.886     355.645
13.891     355.645
13.897     352.800
13.903     352.800
13.909     347.244
13.915     347.244
13.920     352.800
13.926     352.800
13.932     352.800
13.938     352.800
13.944     350.000
13.949     347.244
13.955     352.800
13.961     347.244
13.967     350.000
13.973     350.000
13.978     344.531
13.984     350.000
13.990     347.244
13.996     344.531
14.002     352.800
14.007     347.244
14.013     341.860
14.019     350.000
14.025     347.244
14.031     341.860
14.036     352.800
14.042     350.000
14.048     344.531
14.054     350.000
14.060     350.000
14.065     344.531
14.071     350.000
14.077     350.000
14.083     347.244
14.089     350.000
14.095     352.800
14.100     347.244
14.106     352.800
14.112     352.800
14.118     350.000
14.124     350.000
14.129     352.800
14.135     344.531
14.141     347.244
14.147     352.800
14.153     344.531
14.158     344.531
14.164     175.000
14.170     344.531
14.176     347.244
14.182     355.645
14.187     347.244
14.193     347.244
14.199     358.537
14.205     350.000
14.211     347.244
14.216     358.537
14.222     352.800
14.228     350.000
14.234     355.645
14.240     352.800
14.245     352.800
14.251     355.645
14.257     352.800
14.263     350.000
14.269     352.800
14.274     352.800
14.280     352.800
14.286     352.800
14.292     352.800
14.298     355.645
14.303     355.645
14.309     355.645
14.315     355.645
14.321     355.645
14.327     355.645
14.333     355.645
14.338     355.645
14.344     352.800
14.350     352.800
14.356     352.800
14.362     350.000
14.367     350.000
14.373     350.000
14.379     350.000
14.385     350.000
14.391     350.000
14.396     347.244
14.402     352.800
14.408     350.000
14.414     347.244
14.420     344.531
14.425     347.244
14.431     350.000
14.437     344.531
14.443     352.800
14.449     350.000
14.454     347.244
14.460     350.000
14.466     350.000
14.472     355.645
14.478     352.800
14.483     355.645
14.489     350.000
14.495     358.537
14.501     350.000
14.507     358.537
14.512     361.475
14.518     352.800
14.524     352.800
14.530     352.800
14.536     0.000
14.541     0.000
14.547     0.000
14.553     0.000
14.559     0.000
14.565     0.000
14.571     0.000
14.576     0.000
14.582     0.000
14.588     0.000
14.594     0.000
14.600     0.000
14.605     0.000
14.611     0.000
14.617     350.000
14.623     352.800
14.629     350.000
14.634     358.537
14.640     347.244
14.646     350.000
14.652     347.244
14.658     352.800
14.663     344.531
14.669     358.537
14.675     355.645
14.681     352.800
14.687     352.800
14.692     358.537
14.698     352.800
14.704     361.475
14.710     364.463
14.716     352.800
14.721     358.537
14.727     350.000
14.733     344.531
14.739     358.537
14.745     367.500
14.750     341.860
14.756     361.475
14.762     341.860
14.768     344.531
14.774     341.860
14.780     355.645
14.785     347.244
14.791     352.800
14.797     350.000
14.803     347.244
14.809     347.244
14.814     350.000
14.820     355.645
14.826     352.800
14.832     358.537
14.838     350.000
14.843     352.800
14.849     350.000
14.855     350.000
14.861     347.244
14.867     355.645
14.872     347.244
14.878     350.000
14.884     350.000
14.890     350.000
14.896     350.000
14.901     355.645
14.907     358.537
14.913     350.000
14.919     355.645
14.925     350.000
14.930     350.000
14.936     352.800
14.942     358.537
14.948     347.244
14.954     361.475
14.959     344.531
14.965     350.000
14.971     352.800
14.977     350.000
14.983     347.244
14.988     355.645
14.994     350.000
15.000     350.000
15.006     350.000
15.012     352.800
15.018     350.000
15.023     344.531
15.029     347.244
15.035     347.244
15.041     352.800
15.047     350.000
15.052     355.645
15.058     352.800
15.064     350.000
15.070     350.000
15.076     352.800
15.081     352.800
15.087     355.645
15.093     347.244
15.099     355.645
15.105     358.537
15.110     361.475
15.116     352.800
15.122     367.500
15.128     361.475
15.134     373.729
15.139     361.475
15.145     373.729
15.151     361.475
15.157     370.588
15.163     352.800
15.168     367.500
15.174     355.645
15.180     370.588
15.186     350.000
15.192     361.475
15.197     350.000
15.203     361.475
15.209     344.531
15.215     355.645
15.221     347.244
15.226     355.645
15.232     344.531
15.238     352.800
15.244     347.244
15.250     352.800
15.256     347.244
15.261     350.000
15.267     347.244
15.273     355.645
15.279     347.244
15.285     352.800
15.290     347.244
15.296     358.537
15.302     344.531
15.308     358.537
15.314     352.800
15.319     361.475
15.325     347.244
15.331     358.537
15.337     350.000
15.343     355.645
15.348     347.244
15.354     350.000
15.360     347.244
15.366     350.000
15.372     350.000
15.377     350.000
15.383     350.000
15.389     352.800
15.395     352.800
15.401     352.800
15.406     355.645
15.412     352.800
15.418     352.800
15.424     350.000
15.430     355.645
15.435     352.800
15.441     352.800
15.447     350.000
15.453     352.800
15.459     350.000
15.464     352.800
15.470     347.244
15.476     355.645
15.482     350.000
15.488     358.537
15.494     347.244
15.499     358.537
15.505     350.000
15.511     358.537
15.517     347.244
15.523     358.537
15.528     350.000
15.534     358.537
15.540     344.531
15.546     358.537
15.552     347.244
15.557     355.645
15.563     344.531
15.569     355.645
15.575     347.244
15.581     352.800
15.586     347.244
15.592     352.800
15.598     347.244
15.604     352.800
15.610     347.244
15.615     355.645
15.621     350.000
15.627     355.645
15.633     347.244
15.639     355.645
15.644     350.000
15.650     355.645
15.656     347.244
15.662     358.537
15.668     350.000
15.673     355.645
15.679     347.244
15.685     358.537
15.691     347.244
15.697     352.800
15.702     344.531
15.708     355.645
15.714     347.244
15.720     352.800
15.726     347.244
15.732     352.800
15.737     350.000
15.743     352.800
15.749     350.000
15.755     352.800
15.761     352.800
15.766     352.800
15.772     350.000
15.778     352.800
15.784     352.800
15.790     350.000
15.795     352.800
15.801     352.800
15.807     350.000
15.813     350.000
15.819     350.000
15.824     350.000
15.830     350.000
15.836     347.244
15.842     350.000
15.848     347.244
15.853     352.800
15.859     347.244
15.865     352.800
15.871     347.244
15.877     352.800
15.882     344.531
15.888     350.000
15.894     344.531
15.900     352.800
15.906     344.531
15.911     350.000
15.917     344.531
15.923     350.000
15.929     341.860
15.935     350.000
15.940     347.244
15.946     350.000
15.952     344.531
15.958     350.000
15.964     347.244
15.970     352.800
15.975     347.244
15.981     352.800
15.987     350.000
15.993     355.645
15.999     347.244
16.004     355.645
16.010     350.000
16.016     355.645
16.022     350.000
16.028     355.645
16.033     350.000
16.039     355.645
16.045     347.244
16.051     355.645
16.057     350.000
16.062     355.645
16.068     350.000
16.074     355.645
16.080     350.000
16.086     361.475
16.091     352.800
16.097     358.537
16.103     355.645
16.109     364.463
16.115     352.800
16.120     358.537
16.126     358.537
16.132     361.475
16.138     352.800
16.144     355.645
16.149     352.800
16.155     355.645
16.161     350.000
16.167     352.800
16.173     350.000
16.179     352.800
16.184     350.000
16.190     352.800
16.196     350.000
16.202     350.000
16.208     350.000
16.213     350.000
16.219     350.000
16.225     350.000
16.231     350.000
16.237     350.000
16.242     350.000
16.248     344.531
16.254     350.000
16.260     350.000
16.266     347.244
16.271     352.800
16.277     347.244
16.283     0.000
16.289     0.000
16.295     0.000
16.300     0.000
16.306     0.000
16.312     0.000
16.318     0.000
16.324     0.000
16.329     0.000
16.335     0.000
16.341     0.000
16.347     0.000
16.353     0.000
16.358     0.000
16.364     0.000
16.370     0.000
16.376     0.000
16.382     0.000
16.387     0.000
16.393     0.000
16.399     0.000
16.405     0.000
16.411     0.000
16.417     0.000
16.422     0.000
16.428     0.000
16.434     0.000
16.440     0.000
16.446     0.000
16.451     0.000
16.457     0.000
16.463     0.000
16.469     0.000
16.475     0.000
16.480     0.000
16.486     0.000
16.492     0.000
16.498     0.000
16.504     0.000
16.509     0.000
16.515     0.000
16.521     0.000
16.527     0.000
16.533     0.000
16.538     0.000
16.544     0.000
16.550     0.000
16.556     0.000
16.562     0.000
16.567     0.000
16.573     0.000
16.579     0.000
16.585     0.000
16.591     0.000
16.596     0.000
16.602     0.000
16.608     0.000
16.614     0.000
16.620     0.000
