0.000     495.506
0.006     864.706
0.012     882.000
0.017     125.284
0.023     237.097
0.029     115.445
0.035     958.696
0.041     958.696
0.046     958.696
0.052     958.696
0.058     958.696
0.064     958.696
0.070     958.696
0.075     773.684
0.081     347.244
0.087     115.748
0.093     350.000
0.099     350.000
0.104     347.244
0.110     350.000
0.116     760.345
0.122     760.345
0.128     347.244
0.134     668.182
0.139     116.359
0.145     116.667
0.151     116.667
0.157     116.976
0.163     105.755
0.168     347.244
0.174     150.000
0.180     347.244
0.186     347.244
0.192     140.446
0.197     116.359
0.203     347.244
0.209     116.667
0.215     117.287
0.221     350.000
0.226     234.574
0.232     711.290
0.238     347.244
0.244     350.000
0.250     350.000
0.255     350.000
0.261     350.000
0.267     350.000
0.273     350.000
0.279     347.244
0.284     350.000
0.290     347.244
0.296     116.976
0.302     116.667
0.308     347.244
0.313     350.000
0.319     351.394
0.325     347.244
0.331     350.000
0.337     351.394
0.342     350.000
0.348     347.244
0.354     347.244
0.360     341.860
0.366     341.860
0.372     341.860
0.377     339.231
0.383     339.231
0.389     344.531
0.395     341.860
0.401     347.244
0.406     116.359
0.412     116.667
0.418     254.913
0.424     344.531
0.430     256.395
0.435     256.395
0.441     347.244
0.447     234.574
0.453     233.333
0.459     235.829
0.464     234.574
0.470     347.244
0.476     347.244
0.482     347.244
0.488     116.667
0.493     347.244
0.499     116.667
0.505     116.359
0.511     116.976
0.517     116.359
0.522     116.667
0.528     347.244
0.534     347.244
0.540     347.244
0.546     347.244
0.551     344.531
0.557     175.000
0.563     173.622
0.569     117.287
0.575     175.000
0.580     175.000
0.586     116.976
0.592     174.308
0.598     173.622
0.604     264.072
0.610     174.308
0.615     173.622
0.621     233.333
0.627     234.574
0.633     262.500
0.639     249.153
0.644     239.674
0.650     260.947
0.656     245.000
0.662     245.000
0.668     260.947
0.673     262.500
0.679     175.000
0.685     262.500
0.691     262.500
0.697     260.947
0.702     260.947
0.708     260.947
0.714     260.947
0.720     260.947
0.726     260.947
0.731     260.947
0.737     260.947
0.743     260.947
0.749     260.947
0.755     260.947
0.760     260.947
0.766     260.947
0.772     260.947
0.778     259.412
0.784     259.412
0.789     259.412
0.795     260.947
0.801     260.947
0.807     260.947
0.813     260.947
0.819     259.412
0.824     259.412
0.830     259.412
0.836     259.412
0.842     259.412
0.848     259.412
0.853     260.947
0.859     260.947
0.865     260.947
0.871     260.947
0.877     260.947
0.882     260.947
0.888     260.947
0.894     260.947
0.900     260.947
0.906     260.947
0.911     260.947
0.917     260.947
0.923     260.947
0.929     344.531
0.935     484.615
0.940     490.000
0.946     484.615
0.952     572.727
0.958     572.727
0.964     572.727
0.969     469.149
0.975     116.667
0.981     116.359
0.987     980.000
0.993     958.696
0.998     958.696
1.004     958.696
1.010     938.298
1.016     938.298
1.022     938.298
1.027     938.298
1.033     938.298
1.039     938.298
1.045     938.298
1.051     938.298
1.057     938.298
1.062     938.298
1.068     938.298
1.074     938.298
1.080     233.333
1.086     233.333
1.091     234.574
1.097     312.766
1.103     315.000
1.109     317.266
1.115     347.244
1.120     347.244
1.126     350.000
1.132     350.000
1.138     350.000
1.144     350.000
1.149     350.000
1.155     350.000
1.161     350.000
1.167     350.000
1.173     350.000
1.178     350.000
1.184     350.000
1.190     350.000
1.196     350.000
1.202     350.000
1.207     350.000
1.213     350.000
1.219     350.000
1.225     350.000
1.231     350.000
1.236     918.750
1.242     918.750
1.248     102.797
1.254     100.456
1.260     355.645
1.265     355.645
1.271     358.537
1.277     355.645
1.283     432.353
1.289     722.951
1.295     735.000
1.300     735.000
1.306     722.951
1.312     722.951
1.318     711.290
1.324     722.951
1.329     722.951
1.335     722.951
1.341     816.667
1.347     864.706
1.353     760.345
1.358     350.000
1.364     116.976
1.370     116.667
1.376     350.000
1.382     140.446
1.387     347.244
1.393     347.244
1.399     347.244
1.405     347.244
1.411     350.000
1.416     347.244
1.422     347.244
1.428     347.244
1.434     347.244
1.440     344.531
1.445     235.829
1.451     350.000
1.457     347.244
1.463     116.667
1.469     347.244
1.474     347.244
1.480     344.531
1.486     347.244
1.492     116.053
1.498     116.667
1.503     116.359
1.509     116.667
1.515     116.667
1.521     116.667
1.527     116.667
1.533     116.667
1.538     174.308
1.544     711.290
1.550     116.359
1.556     175.697
1.562     116.359
1.567     175.697
1.573     116.667
1.579     0.000
1.585     0.000
1.591     0.000
1.596     0.000
1.602     0.000
1.608     0.000
1.614     0.000
1.620     0.000
1.625     0.000
1.631     0.000
1.637     0.000
1.643     0.000
1.649     0.000
1.654     0.000
1.660     0.000
1.666     0.000
1.672     0.000
1.678     0.000
1.683     0.000
1.689     0.000
1.695     0.000
1.701     0.000
1.707     0.000
1.712     175.697
1.718     347.244
1.724     350.000
1.730     350.000
1.736     347.244
1.741     347.244
1.747     347.244
1.753     350.000
1.759     347.244
1.765     347.244
1.771     350.000
1.776     350.000
1.782     347.244
1.788     350.000
1.794     350.000
1.800     347.244
1.805     347.244
1.811     347.244
1.817     347.244
1.823     344.531
1.829     344.531
1.834     113.953
1.840     264.072
1.846     182.231
1.852     115.748
1.858     175.697
1.863     341.860
1.869     175.697
1.875     168.966
1.881     174.308
1.887     177.108
1.892     172.941
1.898     175.697
1.904     177.823
1.910     347.244
1.916     344.531
1.921     177.108
1.927     344.531
1.933     344.531
1.939     175.697
1.945     347.244
1.950     341.860
1.956     347.244
1.962     341.860
1.968     344.531
1.974     347.244
1.980     0.000
1.985     0.000
1.991     0.000
1.997     0.000
2.003     0.000
2.009     0.000
2.014     0.000
2.020     0.000
2.026     0.000
2.032     0.000
2.038     0.000
2.043     0.000
2.049     0.000
2.055     0.000
2.061     0.000
2.067     0.000
2.072     0.000
2.078     0.000
2.084     0.000
2.090     0.000
2.096     0.000
2.101     0.000
2.107     0.000
2.113     350.000
2.119     350.000
2.125     350.000
2.130     350.000
2.136     900.000
2.142     133.636
2.148     245.000
2.154     117.600
2.159     0.000
2.165     0.000
2.171     0.000
2.177     0.000
2.183     0.000
2.188     0.000
2.194     0.000
2.200     0.000
2.206     116.053
2.212     116.976
2.218     116.667
2.223     347.244
2.229     344.531
2.235     347.244
2.241     352.800
2.247     117.600
2.252     113.953
2.258     116.976
2.264     117.600
2.270     116.359
2.276     116.976
2.281     0.000
2.287     0.000
2.293     0.000
2.299     0.000
2.305     0.000
2.310     0.000
2.316     0.000
2.322     0.000
2.328     0.000
2.334     0.000
2.339     0.000
2.345     0.000
2.351     347.244
2.357     350.000
2.363     350.000
2.368     350.000
2.374     350.000
2.380     350.000
2.386     350.000
2.392     350.000
2.397     350.000
2.403     350.000
2.409     350.000
2.415     347.244
2.421     350.000
2.426     0.000
2.432     0.000
2.438     0.000
2.444     0.000
2.450     0.000
2.456     0.000
2.461     0.000
2.467     0.000
2.473     0.000
2.479     0.000
2.485     0.000
2.490     0.000
2.496     0.000
2.502     0.000
2.508     0.000
2.514     0.000
2.519     0.000
2.525     0.000
2.531     0.000
2.537     0.000
2.543     0.000
2.548     0.000
2.554     0.000
2.560     0.000
2.566     0.000
2.572     0.000
2.577     0.000
2.583     0.000
2.589     0.000
2.595     0.000
2.601     0.000
2.606     0.000
2.612     0.000
2.618     0.000
2.624     0.000
2.630     0.000
2.635     0.000
2.641     0.000
2.647     0.000
2.653     0.000
2.659     172.266
2.664     355.645
2.670     397.297
2.676     383.478
2.682     383.478
2.688     390.265
2.694     176.400
2.699     162.731
2.705     175.697
2.711     160.949
2.717     196.875
2.723     105.251
2.728     416.038
2.734     383.478
2.740     344.531
2.746     344.531
2.752     326.667
2.757     315.000
2.763     304.138
2.769     317.266
2.775     310.563
2.781     324.265
2.786     317.266
2.792     339.231
2.798     315.000
2.804     352.800
2.810     344.531
2.815     352.800
2.821     350.000
2.827     350.000
2.833     344.531
2.839     352.800
2.844     350.000
2.850     350.000
2.856     367.500
2.862     344.531
2.868     386.842
2.873     386.842
2.879     397.297
2.885     195.133
2.891     108.088
2.897     565.385
2.902     484.615
2.908     393.750
2.914     565.385
2.920     393.750
2.926     495.506
2.932     801.818
2.937     980.000
2.943     980.000
2.949     938.298
2.955     832.075
2.961     787.500
2.966     801.818
2.972     787.500
2.978     801.818
2.984     801.818
2.990     801.818
2.995     801.818
3.001     801.818
3.007     801.818
3.013     801.818
3.019     801.818
3.024     393.750
3.030     801.818
3.036     588.000
3.042     237.097
3.048     235.829
3.053     580.263
3.059     588.000
3.065     588.000
3.071     588.000
3.077     588.000
3.082     588.000
3.088     588.000
3.094     588.000
3.100     588.000
3.106     588.000
3.111     588.000
3.117     588.000
3.123     588.000
3.129     588.000
3.135     588.000
3.140     588.000
3.146     588.000
3.152     588.000
3.158     580.263
3.164     580.263
3.170     588.000
3.175     588.000
3.181     588.000
3.187     588.000
3.193     588.000
3.199     588.000
3.204     588.000
3.210     588.000
3.216     588.000
3.222     580.263
3.228     580.263
3.233     565.385
3.239     531.325
3.245     525.000
3.251     525.000
3.257     525.000
3.262     525.000
3.268     525.000
3.274     518.824
3.280     518.824
3.286     525.000
3.291     525.000
3.297     525.000
3.303     518.824
3.309     525.000
3.315     525.000
3.320     518.824
3.326     518.824
3.332     518.824
3.338     518.824
3.344     518.824
3.349     518.824
3.355     518.824
3.361     518.824
3.367     525.000
3.373     525.000
3.379     525.000
3.384     518.824
3.390     501.136
3.396     479.348
3.402     469.149
3.408     958.696
3.413     469.149
3.419     469.149
3.425     469.149
3.431     469.149
3.437     469.149
3.442     469.149
3.448     469.149
3.454     469.149
3.460     469.149
3.466     958.696
3.471     938.298
3.477     938.298
3.483     464.211
3.489     469.149
3.495     469.149
3.500     958.696
3.506     958.696
3.512     464.211
3.518     958.696
3.524     958.696
3.529     958.696
3.535     958.696
3.541     958.696
3.547     980.000
3.553     397.297
3.558     400.909
3.564     397.297
3.570     397.297
3.576     464.211
3.582     464.211
3.587     469.149
3.593     469.149
3.599     469.149
3.605     393.750
3.611     474.194
3.617     393.750
3.622     801.818
3.628     848.077
3.634     689.062
3.640     882.000
3.646     882.000
3.651     900.000
3.657     195.133
3.663     182.988
3.669     0.000
3.675     0.000
3.680     156.383
3.686     197.758
3.692     218.317
3.698     196.000
3.704     106.265
3.709     479.348
3.715     474.194
3.721     393.750
3.727     393.750
3.733     393.750
3.738     479.348
3.744     397.297
3.750     404.587
3.756     397.297
3.762     397.297
3.767     393.750
3.773     848.077
3.779     155.830
3.785     155.830
3.791     267.273
3.796     304.138
3.802     295.973
3.808     329.104
3.814     153.659
3.820     331.579
3.825     153.659
3.831     331.579
3.837     334.091
3.843     302.055
3.849     155.830
3.855     304.138
3.860     302.055
3.866     302.055
3.872     326.667
3.878     326.667
3.884     156.383
3.889     158.633
3.895     156.383
3.901     0.000
3.907     0.000
3.913     0.000
3.918     0.000
3.924     0.000
3.930     0.000
3.936     0.000
3.942     0.000
3.947     0.000
3.953     0.000
3.959     0.000
3.965     0.000
3.971     0.000
3.976     0.000
3.982     0.000
3.988     0.000
3.994     0.000
4.000     0.000
4.005     0.000
4.011     0.000
4.017     0.000
4.023     0.000
4.029     0.000
4.034     0.000
4.040     0.000
4.046     0.000
4.052     0.000
4.058     0.000
4.063     0.000
4.069     0.000
4.075     0.000
4.081     0.000
4.087     0.000
4.093     0.000
4.098     0.000
4.104     0.000
4.110     0.000
4.116     0.000
4.122     0.000
4.127     0.000
4.133     0.000
4.139     0.000
4.145     0.000
4.151     0.000
4.156     0.000
4.162     0.000
4.168     0.000
4.174     376.923
4.180     383.478
4.185     158.633
4.191     156.940
4.197     158.065
4.203     265.663
4.209     158.633
4.214     270.552
4.220     158.065
4.226     386.842
4.232     344.531
4.238     344.531
4.243     229.688
4.249     689.062
4.255     832.075
4.261     832.075
4.267     364.463
4.272     364.463
4.278     390.265
4.284     882.000
4.290     490.000
4.296     918.750
4.301     386.842
4.307     386.842
4.313     383.478
4.319     380.172
4.325     197.758
4.331     376.923
4.336     408.333
4.342     373.729
4.348     108.621
4.354     0.000
4.360     0.000
4.365     0.000
4.371     0.000
4.377     0.000
4.383     0.000
4.389     0.000
4.394     0.000
4.400     0.000
4.406     0.000
4.412     0.000
4.418     0.000
4.423     0.000
4.429     0.000
4.435     0.000
4.441     0.000
4.447     0.000
4.452     0.000
4.458     0.000
4.464     0.000
4.470     0.000
4.476     0.000
4.481     196.000
4.487     131.642
4.493     195.133
4.499     270.552
4.505     195.133
4.510     131.642
4.516     195.133
4.522     196.875
4.528     195.133
4.534     882.000
4.540     882.000
4.545     882.000
4.551     882.000
4.557     882.000
4.563     882.000
4.569     882.000
4.574     882.000
4.580     882.000
4.586     882.000
4.592     882.000
4.598     882.000
4.603     882.000
4.609     882.000
4.615     882.000
4.621     882.000
4.627     882.000
4.632     882.000
4.638     882.000
4.644     882.000
4.650     900.000
4.656     900.000
4.661     918.750
4.667     918.750
4.673     109.975
4.679     938.298
4.685     958.696
4.690     938.298
4.696     938.298
4.702     938.298
4.708     938.298
4.714     938.298
4.719     938.298
4.725     938.298
4.731     938.298
4.737     938.298
4.743     938.298
4.748     938.298
4.754     938.298
4.760     938.298
4.766     938.298
4.772     938.298
4.778     938.298
4.783     938.298
4.789     938.298
4.795     938.298
4.801     938.298
4.807     938.298
4.812     938.298
4.818     938.298
4.824     938.298
4.830     938.298
4.836     918.750
4.841     918.750
4.847     938.298
4.853     958.696
4.859     938.298
4.865     938.298
4.870     938.298
4.876     938.298
4.882     938.298
4.888     938.298
4.894     938.298
4.899     938.298
4.905     938.298
4.911     938.298
4.917     938.298
4.923     938.298
4.928     938.298
4.934     938.298
4.940     938.298
4.946     938.298
4.952     938.298
4.957     938.298
4.963     938.298
4.969     938.298
4.975     938.298
4.981     938.298
4.986     938.298
4.992     938.298
4.998     938.298
5.004     938.298
5.010     938.298
5.016     938.298
5.021     938.298
5.027     938.298
5.033     938.298
5.039     938.298
5.045     938.298
5.050     958.696
5.056     980.000
5.062     980.000
5.068     958.696
5.074     958.696
5.079     938.298
5.085     938.298
5.091     938.298
5.097     938.298
5.103     938.298
5.108     938.298
5.114     938.298
5.120     958.696
5.126     938.298
5.132     938.298
5.137     958.696
5.143     938.298
5.149     958.696
5.155     233.333
5.161     233.333
5.166     233.333
5.172     233.333
5.178     233.333
5.184     700.000
5.190     232.105
5.195     232.105
5.201     700.000
5.207     232.105
5.213     232.105
5.219     700.000
5.224     700.000
5.230     694.488
5.236     700.000
5.242     232.105
5.248     232.105
5.254     347.244
5.259     232.105
5.265     232.105
5.271     350.000
5.277     232.105
5.283     232.105
5.288     232.105
5.294     232.105
5.300     275.625
5.306     344.531
5.312     277.358
5.317     279.114
5.323     279.114
5.329     277.358
5.335     232.105
5.341     232.105
5.346     232.105
5.352     232.105
5.358     277.358
5.364     232.105
5.370     232.105
5.375     347.244
5.381     232.105
5.387     232.105
5.393     700.000
5.399     232.105
5.404     232.105
5.410     347.244
5.416     232.105
5.422     232.105
5.428     279.114
5.433     277.358
5.439     275.625
5.445     264.072
5.451     273.913
5.457     273.913
5.462     275.625
5.468     279.114
5.474     279.114
5.480     279.114
5.486     347.244
5.492     348.617
5.497     233.333
5.503     173.622
5.509     172.941
5.515     138.679
5.521     173.622
5.526     173.622
5.532     279.114
5.538     174.308
5.544     107.561
5.550     279.114
5.555     279.114
5.561     0.000
5.567     0.000
5.573     0.000
5.579     0.000
5.584     0.000
5.590     0.000
5.596     0.000
5.602     0.000
5.608     0.000
5.613     0.000
5.619     0.000
5.625     0.000
5.631     0.000
5.637     0.000
5.642     0.000
5.648     0.000
5.654     0.000
5.660     0.000
5.666     0.000
5.671     0.000
5.677     0.000
5.683     0.000
5.689     0.000
5.695     0.000
5.700     0.000
5.706     0.000
5.712     0.000
5.718     292.053
5.724     292.053
5.730     228.497
5.735     121.488
5.741     116.053
5.747     229.688
5.753     113.660
5.759     232.105
5.764     107.039
5.770     107.824
5.776     116.053
5.782     106.265
5.788     105.502
5.793     117.287
5.799     116.053
5.805     106.522
5.811     129.706
5.817     106.522
5.822     595.946
5.828     292.053
5.834     106.265
5.840     106.010
5.846     116.667
5.851     106.265
5.857     113.368
5.863     129.326
5.869     106.522
5.875     595.946
5.880     604.110
5.886     612.500
5.892     621.127
5.898     621.127
5.904     621.127
5.909     621.127
5.915     621.127
5.921     621.127
5.927     621.127
5.933     621.127
5.939     621.127
5.944     621.127
5.950     621.127
5.956     621.127
5.962     621.127
5.968     621.127
5.973     621.127
5.979     621.127
5.985     621.127
5.991     621.127
5.997     621.127
6.002     621.127
6.008     621.127
6.014     621.127
6.020     621.127
6.026     621.127
6.031     621.127
6.037     612.500
6.043     864.706
6.049     864.706
6.055     864.706
6.060     711.290
6.066     711.290
6.072     700.000
6.078     700.000
6.084     700.000
6.089     700.000
6.095     700.000
6.101     700.000
6.107     700.000
6.113     700.000
6.118     700.000
6.124     700.000
6.130     700.000
6.136     700.000
6.142     700.000
6.147     700.000
6.153     700.000
6.159     700.000
6.165     700.000
6.171     700.000
6.177     700.000
6.182     700.000
6.188     233.333
6.194     347.244
6.200     347.244
6.206     347.244
6.211     347.244
6.217     277.358
6.223     279.114
6.229     277.358
6.235     107.039
6.240     277.358
6.246     347.244
6.252     350.000
6.258     115.748
6.264     700.000
6.269     700.000
6.275     700.000
6.281     700.000
6.287     700.000
6.293     700.000
6.298     700.000
6.304     700.000
6.310     700.000
6.316     700.000
6.322     700.000
6.327     700.000
6.333     700.000
6.339     700.000
6.345     700.000
6.351     760.345
6.356     773.684
6.362     773.684
6.368     773.684
6.374     787.500
6.380     773.684
6.385     773.684
6.391     773.684
6.397     773.684
6.403     787.500
6.409     787.500
6.415     787.500
6.420     787.500
6.426     787.500
6.432     787.500
6.438     787.500
6.444     787.500
6.449     787.500
6.455     787.500
6.461     787.500
6.467     787.500
6.473     787.500
6.478     787.500
6.484     787.500
6.490     801.818
6.496     787.500
6.502     787.500
6.507     787.500
6.513     787.500
6.519     787.500
6.525     787.500
6.531     787.500
6.536     787.500
6.542     787.500
6.548     787.500
6.554     787.500
6.560     787.500
6.565     787.500
6.571     801.818
6.577     801.818
6.583     816.667
6.589     816.667
6.594     801.818
6.600     801.818
6.606     787.500
6.612     787.500
6.618     787.500
6.623     787.500
6.629     787.500
6.635     262.500
6.641     262.500
6.647     252.000
6.653     252.000
6.658     253.448
6.664     158.065
6.670     158.065
6.676     155.830
6.682     155.830
6.687     155.282
6.693     621.127
6.699     621.127
6.705     621.127
6.711     621.127
6.716     621.127
6.722     621.127
6.728     621.127
6.734     621.127
6.740     621.127
6.745     621.127
6.751     621.127
6.757     621.127
6.763     621.127
6.769     621.127
6.774     621.127
6.780     621.127
6.786     621.127
6.792     621.127
6.798     621.127
6.803     621.127
6.809     621.127
6.815     621.127
6.821     621.127
6.827     616.783
6.832     616.783
6.838     616.783
6.844     616.783
6.850     616.783
6.856     616.783
6.861     621.127
6.867     621.127
6.873     621.127
6.879     616.783
6.885     616.783
6.891     616.783
6.896     621.127
6.902     621.127
6.908     621.127
6.914     621.127
6.920     621.127
6.925     621.127
6.931     621.127
6.937     154.196
6.943     103.037
6.949     604.110
6.954     612.500
6.960     621.127
6.966     621.127
6.972     612.500
6.978     612.500
6.983     595.946
6.989     588.000
6.995     588.000
7.001     588.000
7.007     588.000
7.012     588.000
7.018     588.000
7.024     588.000
7.030     588.000
7.036     584.106
7.041     584.106
7.047     584.106
7.053     584.106
7.059     588.000
7.065     588.000
7.070     588.000
7.076     588.000
7.082     195.133
7.088     292.053
7.094     294.000
7.100     292.053
7.105     294.000
7.111     294.000
7.117     0.000
7.123     0.000
7.129     0.000
7.134     0.000
7.140     0.000
7.146     0.000
7.152     0.000
7.158     0.000
7.163     292.053
7.169     292.053
7.175     292.053
7.181     292.053
7.187     292.053
7.192     292.053
7.198     292.053
7.204     292.053
7.210     294.000
7.216     294.000
7.221     294.000
7.227     294.000
7.233     294.000
7.239     294.000
7.245     900.000
7.250     900.000
7.256     612.500
7.262     621.127
7.268     612.500
7.274     612.500
7.279     621.127
7.285     621.127
7.291     621.127
7.297     621.127
7.303     621.127
7.308     621.127
7.314     621.127
7.320     621.127
7.326     621.127
7.332     621.127
7.338     616.783
7.343     621.127
7.349     616.783
7.355     616.783
7.361     616.783
7.367     616.783
7.372     621.127
7.378     621.127
7.384     621.127
7.390     621.127
7.396     621.127
7.401     621.127
7.407     621.127
7.413     621.127
7.419     621.127
7.425     621.127
7.430     621.127
7.436     621.127
7.442     621.127
7.448     621.127
7.454     621.127
7.459     621.127
7.465     621.127
7.471     621.127
7.477     616.783
7.483     621.127
7.488     621.127
7.494     621.127
7.500     621.127
7.506     621.127
7.512     621.127
7.517     621.127
7.523     621.127
7.529     621.127
7.535     621.127
7.541     206.075
7.546     308.392
7.552     639.130
7.558     639.130
7.564     630.000
7.570     630.000
7.576     630.000
7.581     630.000
7.587     621.127
7.593     621.127
7.599     616.783
7.605     616.783
7.610     621.127
7.616     621.127
7.622     621.127
7.628     621.127
7.634     621.127
7.639     621.127
7.645     630.000
7.651     630.000
7.657     630.000
7.663     630.000
7.668     310.563
7.674     308.392
7.680     308.392
7.686     310.563
7.692     310.563
7.697     308.392
7.703     310.563
7.709     308.392
7.715     310.563
7.721     310.563
7.726     308.392
7.732     308.392
7.738     310.563
7.744     310.563
7.750     310.563
7.755     310.563
7.761     308.392
7.767     308.392
7.773     308.392
7.779     310.563
7.784     310.563
7.790     310.563
7.796     308.392
7.802     310.563
7.808     630.000
7.814     310.563
7.819     310.563
7.825     630.000
7.831     206.075
7.837     249.153
7.843     249.153
7.848     233.333
7.854     249.153
7.860     233.333
7.866     347.244
7.872     344.531
7.877     344.531
7.883     700.000
7.889     700.000
7.895     700.000
7.901     700.000
7.906     700.000
7.912     700.000
7.918     700.000
7.924     700.000
7.930     689.062
7.935     700.000
7.941     694.488
7.947     694.488
7.953     694.488
7.959     700.000
7.964     700.000
7.970     700.000
7.976     700.000
7.982     700.000
7.988     700.000
7.993     700.000
7.999     700.000
8.005     700.000
8.011     694.488
8.017     700.000
8.022     0.000
8.028     0.000
8.034     0.000
8.040     0.000
8.046     0.000
8.052     0.000
8.057     0.000
8.063     0.000
8.069     0.000
8.075     0.000
8.081     0.000
8.086     130.088
8.092     350.000
8.098     130.473
8.104     130.473
8.110     130.473
8.115     130.473
8.121     130.473
8.127     130.861
8.133     230.890
8.139     250.568
8.144     252.000
8.150     136.957
8.156     256.395
8.162     130.473
8.168     267.273
8.173     130.088
8.179     131.250
8.185     129.326
8.191     264.072
8.197     264.072
8.202     537.805
8.208     525.000
8.214     344.531
8.220     344.531
8.226     260.947
8.231     262.500
8.237     347.244
8.243     260.947
8.249     260.947
8.255     262.500
8.260     262.500
8.266     260.947
8.272     260.947
8.278     260.947
8.284     260.947
8.290     260.947
8.295     260.947
8.301     262.500
8.307     262.500
8.313     262.500
8.319     262.500
8.324     260.947
8.330     262.500
8.336     262.500
8.342     262.500
8.348     265.663
8.353     280.892
8.359     115.748
8.365     264.072
8.371     262.500
8.377     341.860
8.382     262.500
8.388     262.500
8.394     262.500
8.400     262.500
8.406     260.947
8.411     262.500
8.417     262.500
8.423     350.000
8.429     262.500
8.435     115.445
8.440     104.009
8.446     0.000
8.452     0.000
8.458     0.000
8.464     0.000
8.469     0.000
8.475     0.000
8.481     0.000
8.487     0.000
8.493     0.000
8.499     0.000
8.504     0.000
8.510     0.000
8.516     0.000
8.522     0.000
8.528     0.000
8.533     0.000
8.539     0.000
8.545     0.000
8.551     0.000
8.557     0.000
8.562     0.000
8.568     0.000
8.574     0.000
8.580     0.000
8.586     0.000
8.591     0.000
8.597     0.000
8.603     0.000
8.609     0.000
8.615     0.000
8.620     0.000
8.626     0.000
8.632     0.000
8.638     0.000
8.644     0.000
8.649     0.000
8.655     0.000
8.661     0.000
8.667     0.000
8.673     0.000
8.678     0.000
8.684     0.000
8.690     0.000
8.696     0.000
8.702     0.000
8.707     0.000
8.713     0.000
8.719     0.000
8.725     0.000
8.731     0.000
8.737     0.000
8.742     0.000
8.748     0.000
8.754     0.000
8.760     0.000
8.766     0.000
8.771     0.000
8.777     0.000
8.783     0.000
8.789     0.000
8.795     0.000
8.800     0.000
8.806     0.000
8.812     0.000
8.818     0.000
8.824     0.000
8.829     0.000
8.835     0.000
8.841     0.000
8.847     0.000
8.853     0.000
8.858     0.000
8.864     0.000
8.870     0.000
8.876     0.000
8.882     0.000
8.887     0.000
8.893     0.000
8.899     0.000
8.905     0.000
8.911     0.000
8.916     0.000
8.922     0.000
8.928     0.000
8.934     0.000
8.940     0.000
8.945     0.000
8.951     0.000
8.957     0.000
8.963     0.000
8.969     0.000
8.975     0.000
8.980     0.000
8.986     0.000
8.992     0.000
8.998     0.000
9.004     373.729
9.009     390.265
9.015     393.750
9.021     397.297
9.027     506.897
9.033     678.462
9.038     108.889
9.044     229.688
9.050     170.270
9.056     169.615
9.062     169.615
9.067     367.500
9.073     295.973
9.079     469.149
9.085     495.506
9.091     565.385
9.096     501.136
9.102     506.897
9.108     551.250
9.114     537.805
9.120     420.000
9.125     416.038
9.131     412.150
9.137     412.150
9.143     347.244
9.149     376.923
9.154     386.842
9.160     393.750
9.166     558.228
9.172     400.909
9.178     747.458
9.183     572.727
9.189     658.209
9.195     0.000
9.201     0.000
9.207     0.000
9.213     0.000
9.218     0.000
9.224     0.000
9.230     0.000
9.236     0.000
9.242     383.478
9.247     390.265
9.253     390.265
9.259     386.842
9.265     393.750
9.271     390.265
9.276     131.250
9.282     386.842
9.288     130.861
9.294     390.265
9.300     390.265
9.305     131.250
9.311     308.392
9.317     304.138
9.323     310.563
9.329     0.000
9.334     0.000
9.340     0.000
9.346     0.000
9.352     0.000
9.358     0.000
9.363     0.000
9.369     0.000
9.375     0.000
9.381     0.000
9.387     0.000
9.392     0.000
9.398     0.000
9.404     0.000
9.410     0.000
9.416     0.000
9.421     0.000
9.427     0.000
9.433     0.000
9.439     0.000
9.445     0.000
9.451     0.000
9.456     0.000
9.462     0.000
9.468     0.000
9.474     0.000
9.480     0.000
9.485     0.000
9.491     0.000
9.497     0.000
9.503     0.000
9.509     0.000
9.514     0.000
9.520     0.000
9.526     0.000
9.532     0.000
9.538     0.000
9.543     0.000
9.549     0.000
9.555     0.000
9.561     0.000
9.567     0.000
9.572     0.000
9.578     0.000
9.584     0.000
9.590     0.000
9.596     0.000
9.601     0.000
9.607     0.000
9.613     0.000
9.619     0.000
9.625     0.000
9.630     0.000
9.636     0.000
9.642     0.000
9.648     0.000
9.654     0.000
9.660     0.000
9.665     0.000
9.671     0.000
9.677     0.000
9.683     0.000
9.689     0.000
9.694     0.000
9.700     0.000
9.706     0.000
9.712     0.000
9.718     0.000
9.723     0.000
9.729     0.000
9.735     0.000
9.741     0.000
9.747     0.000
9.752     0.000
9.758     107.561
9.764     117.600
9.770     125.284
9.776     106.780
9.781     272.222
9.787     259.412
9.793     259.412
9.799     268.902
9.805     140.895
9.810     104.502
9.816     126.000
9.822     121.823
9.828     115.748
9.834     121.488
9.839     260.947
9.845     104.502
9.851     260.947
9.857     125.641
9.863     104.751
9.868     130.861
9.874     130.861
9.880     105.000
9.886     136.533
9.892     136.533
9.898     108.354
9.903     260.947
9.909     120.822
9.915     107.039
9.921     232.105
9.927     232.105
9.932     347.244
9.938     347.244
9.944     140.000
9.950     344.531
9.956     347.244
9.961     347.244
9.967     155.830
9.973     155.282
9.979     262.500
9.985     262.500
9.990     262.500
9.996     196.875
10.002     760.345
10.008     196.875
10.014     262.500
10.019     262.500
10.025     262.500
10.031     787.500
10.037     787.500
10.043     787.500
10.048     787.500
10.054     787.500
10.060     787.500
10.066     787.500
10.072     787.500
10.077     260.947
10.083     260.947
10.089     262.500
10.095     260.947
10.101     260.947
10.106     260.947
10.112     260.947
10.118     260.947
10.124     787.500
10.130     260.947
10.136     260.947
10.141     262.500
10.147     262.500
10.153     262.500
10.159     262.500
10.165     787.500
10.170     787.500
10.176     787.500
10.182     787.500
10.188     260.947
10.194     801.818
10.199     260.947
10.205     262.500
10.211     262.500
10.217     262.500
10.223     262.500
10.228     787.500
10.234     262.500
10.240     262.500
10.246     260.947
10.252     260.947
10.257     262.500
10.263     260.947
10.269     787.500
10.275     264.072
10.281     801.818
10.286     262.500
10.292     787.500
10.298     262.500
10.304     787.500
10.310     801.818
10.315     787.500
10.321     787.500
10.327     260.947
10.333     787.500
10.339     262.500
10.344     260.947
10.350     260.947
10.356     260.947
10.362     260.947
10.368     260.947
10.374     260.947
10.379     260.947
10.385     260.947
10.391     157.500
10.397     260.947
10.403     260.947
10.408     260.947
10.414     0.000
10.420     0.000
10.426     0.000
10.432     0.000
10.437     0.000
10.443     0.000
10.449     801.818
10.455     262.500
10.461     260.947
10.466     787.500
10.472     260.947
10.478     262.500
10.484     787.500
10.490     262.500
10.495     262.500
10.501     262.500
10.507     260.947
10.513     260.947
10.519     260.947
10.524     262.500
10.530     228.497
10.536     229.688
10.542     230.890
10.548     229.688
10.553     711.290
10.559     722.951
10.565     735.000
10.571     722.951
10.577     722.951
10.582     711.290
10.588     711.290
10.594     700.000
10.600     700.000
10.606     700.000
10.612     700.000
10.617     700.000
10.623     700.000
10.629     700.000
10.635     700.000
10.641     700.000
10.646     700.000
10.652     700.000
10.658     700.000
10.664     700.000
10.670     700.000
10.675     700.000
10.681     0.000
10.687     0.000
10.693     0.000
10.699     0.000
10.704     0.000
10.710     0.000
10.716     0.000
10.722     0.000
10.728     0.000
10.733     0.000
10.739     0.000
10.745     0.000
10.751     0.000
10.757     0.000
10.762     0.000
10.768     0.000
10.774     260.947
10.780     260.947
10.786     262.500
10.791     260.947
10.797     175.000
10.803     262.500
10.809     260.947
10.815     260.947
10.820     174.308
10.826     864.706
10.832     864.706
10.838     882.000
10.844     882.000
10.850     735.000
10.855     140.446
10.861     103.279
10.867     297.973
10.873     604.110
10.879     612.500
10.884     604.110
10.890     595.946
10.896     604.110
10.902     595.946
10.908     595.946
10.913     595.946
10.919     588.000
10.925     588.000
10.931     588.000
10.937     588.000
10.942     588.000
10.948     588.000
10.954     588.000
10.960     588.000
10.966     588.000
10.971     588.000
10.977     588.000
10.983     584.106
10.989     584.106
10.995     588.000
11.000     588.000
11.006     588.000
11.012     584.106
11.018     106.522
11.024     106.265
11.029     106.265
11.035     116.976
11.041     106.010
11.047     106.010
11.053     116.667
11.059     595.946
11.064     588.000
11.070     588.000
11.076     588.000
11.082     588.000
11.088     588.000
11.093     106.010
11.099     595.946
11.105     588.000
11.111     595.946
11.117     595.946
11.122     588.000
11.128     588.000
11.134     195.133
11.140     588.000
11.146     588.000
11.151     595.946
11.157     604.110
11.163     588.000
11.169     588.000
11.175     595.946
11.180     588.000
11.186     588.000
11.192     595.946
11.198     595.946
11.204     595.946
11.209     106.265
11.215     116.667
11.221     595.946
11.227     588.000
11.233     588.000
11.238     588.000
11.244     595.946
11.250     595.946
11.256     588.000
11.262     588.000
11.267     588.000
11.273     588.000
11.279     595.946
11.285     595.946
11.291     290.132
11.297     595.946
11.302     595.946
11.308     292.053
11.314     595.946
11.320     588.000
11.326     588.000
11.331     595.946
11.337     588.000
11.343     588.000
11.349     588.000
11.355     595.946
11.360     116.976
11.366     116.976
11.372     292.053
11.378     116.976
11.384     116.976
11.389     580.263
11.395     588.000
11.401     588.000
11.407     588.000
11.413     588.000
11.418     588.000
11.424     588.000
11.430     588.000
11.436     229.688
11.442     249.153
11.447     169.615
11.453     230.890
11.459     169.615
11.465     149.492
11.471     168.966
11.476     169.615
11.482     144.590
11.488     168.966
11.494     147.492
11.500     147.000
11.505     588.000
11.511     588.000
11.517     117.287
11.523     117.287
11.529     196.875
11.535     292.053
11.540     117.287
11.546     117.287
11.552     0.000
11.558     0.000
11.564     0.000
11.569     0.000
11.575     0.000
11.581     0.000
11.587     0.000
11.593     0.000
11.598     0.000
11.604     0.000
11.610     0.000
11.616     0.000
11.622     0.000
11.627     0.000
11.633     0.000
11.639     0.000
11.645     0.000
11.651     0.000
11.656     0.000
11.662     0.000
11.668     0.000
11.674     147.000
11.680     115.748
11.685     104.502
11.691     147.000
11.697     147.000
11.703     105.251
11.709     277.358
11.714     146.512
11.720     249.153
11.726     249.858
11.732     114.844
11.738     114.844
11.743     115.144
11.749     114.844
11.755     114.844
11.761     115.748
11.767     469.149
11.773     100.456
11.778     101.848
11.784     317.266
11.790     310.563
11.796     469.149
11.802     469.149
11.807     466.667
11.813     466.667
11.819     466.667
11.825     466.667
11.831     466.667
11.836     155.830
11.842     280.892
11.848     280.892
11.854     312.766
11.860     938.298
11.865     938.298
11.871     938.298
11.877     938.298
11.883     938.298
11.889     233.333
11.894     0.000
11.900     0.000
11.906     0.000
11.912     0.000
11.918     0.000
11.923     0.000
11.929     0.000
11.935     0.000
11.941     0.000
11.947     0.000
11.952     0.000
11.958     0.000
11.964     0.000
11.970     155.282
11.976     154.196
11.981     282.692
11.987     280.892
11.993     282.692
11.999     282.692
12.005     282.692
12.011     288.235
12.016     284.516
12.022     254.913
12.028     0.000
12.034     0.000
12.040     0.000
12.045     0.000
12.051     0.000
12.057     0.000
12.063     0.000
12.069     0.000
12.074     0.000
12.080     0.000
12.086     0.000
12.092     0.000
12.098     0.000
12.103     0.000
12.109     0.000
12.115     0.000
12.121     0.000
12.127     0.000
12.132     0.000
12.138     0.000
12.144     0.000
12.150     525.000
12.156     521.893
12.161     521.893
12.167     104.009
12.173     129.706
12.179     115.445
12.185     104.009
12.190     259.412
12.196     115.748
12.202     260.947
12.208     260.947
12.214     260.947
12.220     260.947
12.225     260.947
12.231     260.947
12.237     260.947
12.243     260.947
12.249     260.177
12.254     260.947
12.260     104.009
12.266     129.706
12.272     104.009
12.278     104.009
12.283     130.088
12.289     129.706
12.295     104.255
12.301     130.088
12.307     130.088
12.312     104.009
12.318     130.088
12.324     130.088
12.330     104.502
12.336     260.947
12.341     148.485
12.347     344.531
12.353     339.231
12.359     149.492
12.365     104.255
12.370     260.947
12.376     260.947
12.382     262.500
12.388     260.947
12.394     262.500
12.399     262.500
12.405     262.500
12.411     260.947
12.417     260.947
12.423     260.947
12.428     260.947
12.434     260.947
12.440     104.009
12.446     259.412
12.452     115.748
12.458     260.947
12.463     260.947
12.469     260.947
12.475     260.947
12.481     260.947
12.487     260.947
12.492     260.947
12.498     262.500
12.504     260.947
12.510     260.947
12.516     260.947
12.521     260.947
12.527     260.947
12.533     260.947
12.539     260.947
12.545     260.947
12.550     262.500
12.556     260.947
12.562     260.947
12.568     260.947
12.574     260.947
12.579     262.500
12.585     260.947
12.591     262.500
12.597     260.947
12.603     260.947
12.608     262.500
12.614     260.947
12.620     260.947
12.626     262.500
12.632     262.500
12.637     264.072
12.643     250.568
12.649     248.451
12.655     250.568
12.661     121.488
12.666     132.036
12.672     132.432
12.678     148.986
12.684     154.196
12.690     234.574
12.696     232.105
12.701     980.000
12.707     980.000
12.713     980.000
12.719     254.913
12.725     254.913
12.730     256.395
12.736     256.395
12.742     256.395
12.748     0.000
12.754     0.000
12.759     0.000
12.765     0.000
12.771     0.000
12.777     0.000
12.783     0.000
12.788     0.000
12.794     0.000
12.800     0.000
12.806     0.000
12.812     0.000
12.817     0.000
12.823     0.000
12.829     0.000
12.835     0.000
12.841     0.000
12.846     0.000
12.852     0.000
12.858     0.000
12.864     0.000
12.870     0.000
12.875     0.000
12.881     312.766
12.887     312.766
12.893     312.766
12.899     310.563
12.904     310.563
12.910     306.250
12.916     279.114
12.922     551.250
12.928     551.250
12.934     551.250
12.939     558.228
12.945     558.228
12.951     558.228
12.957     554.717
12.963     558.228
12.968     558.228
12.974     558.228
12.980     565.385
12.986     565.385
12.992     565.385
12.997     565.385
13.003     572.727
13.009     572.727
13.015     580.263
13.021     580.263
13.026     580.263
13.032     580.263
13.038     588.000
13.044     588.000
13.050     588.000
13.055     588.000
13.061     588.000
13.067     588.000
13.073     588.000
13.079     588.000
13.084     580.263
13.090     580.263
13.096     580.263
13.102     580.263
13.108     588.000
13.113     588.000
13.119     588.000
13.125     588.000
13.131     588.000
13.137     588.000
13.142     588.000
13.148     588.000
13.154     588.000
13.160     588.000
13.166     588.000
13.172     580.263
13.177     588.000
13.183     588.000
13.189     588.000
13.195     588.000
13.201     588.000
13.206     588.000
13.212     588.000
13.218     588.000
13.224     588.000
13.230     588.000
13.235     588.000
13.241     588.000
13.247     588.000
13.253     595.946
13.259     604.110
13.264     595.946
13.270     604.110
13.276     595.946
13.282     595.946
13.288     294.000
13.293     595.946
13.299     595.946
13.305     595.946
13.311     588.000
13.317     595.946
13.322     588.000
13.328     595.946
13.334     595.946
13.340     595.946
13.346     722.951
13.351     588.000
13.357     595.946
13.363     595.946
13.369     595.946
13.375     595.946
13.380     588.000
13.386     588.000
13.392     297.973
13.398     295.973
13.404     295.973
13.410     297.973
13.415     580.263
13.421     295.973
13.427     297.973
13.433     300.000
13.439     297.973
13.444     294.000
13.450     294.000
13.456     294.000
13.462     595.946
13.468     595.946
13.473     588.000
13.479     588.000
13.485     604.110
13.491     595.946
13.497     588.000
13.502     300.000
13.508     297.973
13.514     588.000
13.520     595.946
13.526     595.946
13.531     595.946
13.537     588.000
13.543     580.263
13.549     580.263
13.555     572.727
13.560     572.727
13.566     580.263
13.572     580.263
13.578     595.946
13.584     588.000
13.589     588.000
13.595     588.000
13.601     595.946
13.607     612.500
13.613     393.750
13.619     397.297
13.624     595.946
13.630     604.110
13.636     595.946
13.642     595.946
13.648     595.946
13.653     595.946
13.659     604.110
13.665     595.946
13.671     604.110
13.677     604.110
13.682     711.290
13.688     604.110
13.694     722.951
13.700     390.265
13.706     604.110
13.711     319.565
13.717     295.973
13.723     317.266
13.729     300.000
13.735     350.000
13.740     612.500
13.746     595.946
13.752     393.750
13.758     321.898
13.764     390.265
13.769     308.392
13.775     376.923
13.781     361.475
13.787     459.375
13.793     317.266
13.798     116.667
13.804     315.000
13.810     344.531
13.816     376.923
13.822     376.923
13.827     459.375
13.833     273.913
13.839     247.753
13.845     229.688
13.851     246.369
13.857     832.075
13.862     558.228
13.868     558.228
13.874     558.228
13.880     558.228
13.886     554.717
13.891     554.717
13.897     551.250
13.903     551.250
13.909     551.250
13.915     551.250
13.920     551.250
13.926     551.250
13.932     551.250
13.938     544.444
13.944     537.805
13.949     537.805
13.955     525.000
13.961     525.000
13.967     344.531
13.973     347.244
13.978     525.000
13.984     525.000
13.990     518.824
13.996     518.824
14.002     518.824
14.007     350.000
14.013     464.211
14.019     464.211
14.025     464.211
14.031     464.211
14.036     469.149
14.042     980.000
14.048     958.696
14.054     958.696
14.060     938.298
14.065     938.298
14.071     938.298
14.077     938.298
14.083     958.696
14.089     938.298
14.095     938.298
14.100     938.298
14.106     938.298
14.112     938.298
14.118     938.298
14.124     938.298
14.129     958.696
14.135     938.298
14.141     918.750
14.147     918.750
14.153     918.750
14.158     572.727
14.164     479.348
14.170     565.385
14.176     572.727
14.182     474.194
14.187     474.194
14.193     107.561
14.199     107.561
14.205     104.009
14.211     104.502
14.216     112.214
14.222     112.214
14.228     112.788
14.234     112.500
14.240     112.500
14.245     233.333
14.251     107.824
14.257     233.333
14.263     107.824
14.269     233.333
14.274     112.500
14.280     111.929
14.286     108.088
14.292     116.359
14.298     104.502
14.303     112.500
14.309     108.354
14.315     108.088
14.321     109.975
14.327     108.354
14.333     109.701
14.338     112.214
14.344     109.701
14.350     110.804
14.356     108.889
14.362     110.804
14.367     109.975
14.373     109.158
14.379     110.804
14.385     110.250
14.391     110.526
14.396     109.158
14.402     111.646
14.408     109.429
14.414     109.701
14.420     109.701
14.425     109.975
14.431     110.804
14.437     109.429
14.443     110.250
14.449     506.897
14.454     107.824
14.460     100.915
14.466     196.000
14.472     196.875
14.478     195.133
14.483     196.875
14.489     198.649
14.495     198.649
14.501     445.455
14.507     155.282
14.512     0.000
14.518     0.000
14.524     0.000
14.530     0.000
14.536     0.000
14.541     0.000
14.547     0.000
14.553     0.000
14.559     0.000
14.565     0.000
14.571     0.000
14.576     0.000
14.582     0.000
14.588     0.000
14.594     0.000
14.600     0.000
14.605     0.000
14.611     0.000
14.617     0.000
14.623     0.000
14.629     0.000
14.634     112.214
14.640     816.667
14.646     801.818
14.652     801.818
14.658     816.667
14.663     816.667
14.669     832.075
14.675     816.667
14.681     816.667
14.687     832.075
14.692     816.667
14.698     816.667
14.704     832.075
14.710     816.667
14.716     801.818
14.721     801.818
14.727     801.818
14.733     816.667
14.739     260.947
14.745     262.500
14.750     259.412
14.756     267.273
14.762     155.282
14.768     155.830
14.774     292.053
14.780     265.663
14.785     156.383
14.791     112.214
14.797     147.492
14.803     107.561
14.809     264.072
14.814     107.299
14.820     107.561
14.826     0.000
14.832     0.000
14.838     0.000
14.843     0.000
14.849     0.000
14.855     0.000
14.861     0.000
14.867     0.000
14.872     0.000
14.878     0.000
14.884     0.000
14.890     0.000
14.896     0.000
14.901     0.000
14.907     0.000
14.913     0.000
14.919     0.000
14.925     0.000
14.930     0.000
14.936     0.000
14.942     0.000
14.948     0.000
14.954     0.000
14.959     848.077
14.965     112.214
14.971     233.333
14.977     111.929
14.983     112.500
14.988     232.105
14.994     111.364
15.000     111.364
15.006     111.083
15.012     918.750
15.018     980.000
15.023     112.214
15.029     197.758
15.035     206.075
15.041     237.097
15.047     238.378
15.052     235.829
15.058     237.097
15.064     136.957
15.070     189.270
15.076     189.270
15.081     196.875
15.087     187.660
15.093     196.875
15.099     195.133
15.105     195.133
15.110     196.000
15.116     383.478
15.122     196.875
15.128     198.649
15.134     198.649
15.139     197.758
15.145     130.088
15.151     0.000
15.157     0.000
15.163     0.000
15.168     0.000
15.174     0.000
15.180     0.000
15.186     0.000
15.192     0.000
15.197     0.000
15.203     0.000
15.209     0.000
15.215     0.000
15.221     0.000
15.226     0.000
15.232     0.000
15.238     0.000
15.244     0.000
15.250     0.000
15.256     0.000
15.261     0.000
15.267     0.000
15.273     0.000
15.279     0.000
15.285     0.000
15.290     0.000
15.296     0.000
15.302     0.000
15.308     0.000
15.314     0.000
15.319     393.750
15.325     386.842
15.331     490.000
15.337     580.263
15.343     490.000
15.348     864.706
15.354     109.975
15.360     111.083
15.366     270.552
15.372     297.973
15.377     270.552
15.383     264.072
15.389     292.053
15.395     191.739
15.401     106.522
15.406     109.158
15.412     196.000
15.418     110.250
15.424     110.526
15.430     110.804
15.435     110.804
15.441     110.804
15.447     109.975
15.453     192.576
15.459     195.133
15.464     109.701
15.470     101.379
15.476     106.265
15.482     109.158
15.488     658.209
15.494     106.265
15.499     115.748
15.505     108.889
15.511     109.429
15.517     102.083
15.523     110.250
15.528     110.526
15.534     100.456
15.540     101.848
15.546     101.379
15.552     103.521
15.557     127.457
15.563     404.587
15.569     109.701
15.575     110.526
15.581     108.354
15.586     109.701
15.592     109.701
15.598     108.889
15.604     108.088
15.610     109.701
15.615     101.613
15.621     107.039
15.627     882.000
15.633     864.706
15.639     0.000
15.644     0.000
15.650     0.000
15.656     0.000
15.662     0.000
15.668     0.000
15.673     0.000
15.679     0.000
15.685     0.000
15.691     0.000
15.697     0.000
15.702     0.000
15.708     0.000
15.714     0.000
15.720     0.000
15.726     0.000
15.732     0.000
15.737     0.000
15.743     0.000
15.749     0.000
15.755     0.000
15.761     0.000
15.766     0.000
15.772     0.000
15.778     0.000
15.784     0.000
15.790     0.000
15.795     0.000
15.801     0.000
15.807     0.000
15.813     0.000
15.819     383.478
15.824     376.923
15.830     331.579
15.836     324.265
15.842     334.091
15.848     341.860
15.853     397.297
15.859     155.282
15.865     474.194
15.871     273.913
15.877     280.892
15.882     279.114
15.888     339.231
15.894     284.516
15.900     280.892
15.906     352.800
15.911     393.750
15.917     393.750
15.923     393.750
15.929     393.750
15.935     393.750
15.940     392.000
15.946     392.000
15.952     273.913
15.958     390.265
15.964     980.000
15.970     390.265
15.975     397.297
15.981     393.750
15.987     848.077
15.993     801.818
15.999     801.818
16.004     816.667
16.010     816.667
16.016     801.818
16.022     816.667
16.028     816.667
16.033     801.818
16.039     801.818
16.045     816.667
16.051     848.077
16.057     832.075
16.062     474.194
16.068     397.297
16.074     0.000
16.080     0.000
16.086     0.000
16.091     0.000
16.097     0.000
16.103     0.000
16.109     0.000
16.115     0.000
16.120     0.000
16.126     0.000
16.132     0.000
16.138     0.000
16.144     0.000
16.149     0.000
16.155     0.000
16.161     0.000
16.167     0.000
16.173     0.000
16.179     0.000
16.184     0.000
16.190     0.000
16.196     0.000
16.202     0.000
16.208     0.000
16.213     0.000
16.219     0.000
16.225     0.000
16.231     0.000
16.237     0.000
16.242     0.000
16.248     0.000
16.254     0.000
16.260     0.000
16.266     0.000
16.271     0.000
16.277     0.000
16.283     0.000
16.289     0.000
16.295     0.000
16.300     469.149
16.306     980.000
16.312     958.696
16.318     938.298
16.324     938.298
16.329     938.298
16.335     938.298
16.341     938.298
16.347     938.298
16.353     938.298
16.358     938.298
16.364     938.298
16.370     938.298
16.376     464.211
16.382     469.149
16.387     469.149
16.393     474.194
16.399     471.658
16.405     464.211
16.411     518.824
16.417     518.824
16.422     518.824
16.428     518.824
16.434     518.824
16.440     525.000
16.446     525.000
16.451     525.000
16.457     525.000
16.463     525.000
16.469     518.824
16.475     518.824
16.480     518.824
16.486     518.824
16.492     518.824
16.498     518.824
16.504     518.824
16.509     518.824
16.515     518.824
16.521     518.824
16.527     518.824
16.533     518.824
16.538     518.824
16.544     521.893
16.550     518.824
16.556     521.893
16.562     521.893
16.567     525.000
16.573     525.000
16.579     525.000
16.585     525.000
16.591     344.531
16.596     525.000
16.602     347.244
16.608     531.325
16.614     115.144
16.620     537.805
16.625     630.000
16.631     525.000
16.637     639.130
16.643     525.000
16.649     525.000
16.655     531.325
16.660     525.000
16.666     639.130
16.672     639.130
16.678     639.130
16.684     525.000
16.689     531.325
16.695     531.325
16.701     262.500
16.707     0.000
16.713     0.000
16.718     0.000
16.724     0.000
16.730     0.000
16.736     0.000
16.742     0.000
16.747     0.000
16.753     0.000
16.759     0.000
16.765     0.000
16.771     0.000
16.776     0.000
16.782     0.000
16.788     0.000
16.794     0.000
16.800     0.000
16.805     0.000
16.811     0.000
16.817     0.000
16.823     0.000
16.829     0.000
16.834     0.000
16.840     0.000
16.846     0.000
16.852     0.000
16.858     0.000
16.863     0.000
16.869     0.000
16.875     0.000
16.881     0.000
16.887     0.000
16.893     0.000
16.898     0.000
16.904     130.473
16.910     525.000
16.916     525.000
16.922     525.000
16.927     525.000
16.933     525.000
16.939     525.000
16.945     525.000
16.951     518.824
16.956     521.893
16.962     521.893
16.968     525.000
16.974     518.824
16.980     518.824
16.985     518.824
16.991     521.893
16.997     521.893
17.003     521.893
17.009     521.893
17.014     521.893
17.020     521.893
17.026     521.893
17.032     521.893
17.038     525.000
17.043     525.000
17.049     130.088
17.055     104.255
17.061     525.000
17.067     130.088
17.072     104.009
17.078     104.255
17.084     260.947
17.090     260.947
17.096     262.500
17.101     260.947
17.107     260.947
17.113     801.818
17.119     130.088
17.125     130.473
17.131     104.255
17.136     260.947
17.142     260.947
17.148     260.947
17.154     260.947
17.160     259.412
17.165     260.947
17.171     259.412
17.177     172.941
17.183     260.947
17.189     262.500
17.194     260.947
17.200     260.947
17.206     260.947
17.212     260.947
17.218     260.947
17.223     262.500
17.229     260.947
17.235     260.947
17.241     259.412
17.247     260.947
17.252     260.947
17.258     259.412
17.264     260.947
17.270     260.947
17.276     260.947
17.281     260.947
17.287     260.947
17.293     260.947
17.299     260.947
17.305     260.947
17.310     260.947
17.316     262.500
17.322     260.947
17.328     260.947
17.334     262.500
17.340     262.500
17.345     518.824
17.351     518.824
17.357     521.893
17.363     521.893
17.369     525.000
17.374     521.893
17.380     521.893
17.386     525.000
17.392     525.000
17.398     525.000
17.403     521.893
17.409     525.000
17.415     521.893
17.421     525.000
17.427     521.893
17.432     525.000
17.438     525.000
17.444     252.000
17.450     260.947
17.456     252.000
17.461     163.941
17.467     170.930
17.473     175.697
17.479     170.270
17.485     265.663
17.490     265.663
17.496     264.072
17.502     260.947
17.508     262.500
17.514     0.000
17.519     0.000
17.525     0.000
17.531     0.000
17.537     0.000
17.543     0.000
17.548     0.000
17.554     0.000
17.560     0.000
17.566     0.000
17.572     0.000
17.578     0.000
17.583     0.000
17.589     0.000
17.595     0.000
17.601     0.000
17.607     0.000
17.612     0.000
17.618     0.000
17.624     0.000
17.630     0.000
17.636     0.000
17.641     0.000
17.647     0.000
17.653     0.000
17.659     0.000
17.665     0.000
17.670     0.000
17.676     0.000
17.682     0.000
17.688     0.000
17.694     262.500
17.699     262.500
17.705     262.500
17.711     262.500
17.717     262.500
17.723     262.500
17.728     558.228
17.734     558.228
17.740     558.228
17.746     558.228
17.752     275.625
17.757     275.625
17.763     275.625
17.769     277.358
17.775     565.385
17.781     111.364
17.786     595.946
17.792     572.727
17.798     111.646
17.804     580.263
17.810     580.263
17.816     588.000
17.821     588.000
17.827     580.263
17.833     588.000
17.839     588.000
17.845     588.000
17.850     116.976
17.856     292.053
17.862     294.000
17.868     294.000
17.874     294.000
17.879     294.000
17.885     294.000
17.891     294.000
17.897     294.000
17.903     294.000
17.908     116.667
17.914     588.000
17.920     588.000
17.926     588.000
17.932     584.106
17.937     588.000
17.943     584.106
17.949     588.000
17.955     588.000
17.961     588.000
17.966     588.000
17.972     588.000
17.978     588.000
17.984     588.000
17.990     588.000
17.995     116.976
18.001     129.706
18.007     106.010
18.013     116.976
18.019     129.706
18.024     292.053
18.030     292.053
18.036     882.000
18.042     882.000
18.048     900.000
18.054     700.000
18.059     711.290
18.065     595.946
18.071     595.946
18.077     595.946
18.083     595.946
18.088     294.000
18.094     595.946
18.100     595.946
18.106     604.110
18.112     595.946
18.117     595.946
18.123     595.946
18.129     595.946
18.135     595.946
18.141     595.946
18.146     595.946
18.152     595.946
18.158     604.110
18.164     722.951
18.170     595.946
18.175     604.110
18.181     292.053
18.187     294.000
18.193     295.973
18.199     297.973
18.204     294.000
18.210     300.000
18.216     300.000
18.222     294.000
18.228     297.973
18.233     297.973
18.239     588.000
18.245     588.000
18.251     591.946
18.257     595.946
18.262     595.946
18.268     591.946
18.274     588.000
18.280     297.973
18.286     297.973
18.292     297.973
18.297     604.110
18.303     604.110
18.309     600.000
18.315     588.000
18.321     604.110
18.326     621.127
18.332     604.110
18.338     588.000
18.344     595.946
18.350     588.000
18.355     588.000
18.361     595.946
18.367     604.110
18.373     595.946
18.379     595.946
18.384     386.842
18.390     295.973
18.396     297.973
18.402     297.973
18.408     297.973
18.413     604.110
18.419     604.110
18.425     390.265
18.431     361.475
18.437     393.750
18.442     612.500
18.448     604.110
18.454     295.973
18.460     297.973
18.466     297.973
18.471     604.110
18.477     621.127
18.483     292.053
18.489     292.053
18.495     295.973
18.500     292.053
18.506     319.565
18.512     315.000
18.518     735.000
18.524     294.000
18.530     315.000
18.535     315.000
18.541     294.000
18.547     612.500
18.553     612.500
18.559     612.500
18.564     297.973
18.570     297.973
18.576     380.172
18.582     604.110
18.588     604.110
18.593     595.946
18.599     595.946
18.605     604.110
18.611     294.000
18.617     294.000
18.622     595.946
18.628     595.946
18.634     588.000
18.640     630.000
18.646     848.077
18.651     848.077
18.657     159.206
18.663     164.552
18.669     163.941
18.675     295.973
18.680     295.973
18.686     294.000
18.692     294.000
18.698     294.000
18.704     595.946
18.709     595.946
18.715     595.946
18.721     595.946
18.727     595.946
18.733     595.946
18.739     588.000
18.744     588.000
18.750     595.946
18.756     604.110
18.762     595.946
18.768     595.946
18.773     604.110
18.779     595.946
18.785     268.902
18.791     109.158
18.797     245.000
18.802     290.132
18.808     297.973
18.814     295.973
18.820     297.973
18.826     604.110
18.831     612.500
18.837     700.000
18.843     700.000
18.849     612.500
18.855     689.062
18.860     588.000
18.866     595.946
18.872     612.500
18.878     604.110
18.884     612.500
18.889     595.946
18.895     604.110
18.901     595.946
18.907     604.110
18.913     612.500
18.918     621.127
18.924     595.946
18.930     588.000
18.936     194.273
18.942     184.519
18.947     245.000
18.953     194.273
18.959     297.973
18.965     113.660
18.971     295.973
18.977     300.000
18.982     116.667
18.988     107.039
18.994     118.231
19.000     115.748
19.006     116.667
19.011     117.287
19.017     247.753
19.023     116.359
19.029     117.287
19.035     117.287
19.040     116.359
19.046     235.829
19.052     116.359
19.058     117.287
19.064     117.914
19.069     116.976
19.075     117.287
19.081     116.976
19.087     117.600
19.093     117.287
19.098     116.976
19.104     117.287
19.110     117.287
19.116     116.359
19.122     117.287
19.127     117.287
19.133     116.976
19.139     117.287
19.145     117.287
19.151     116.667
19.156     117.287
19.162     117.600
19.168     116.667
19.174     116.976
19.180     117.600
19.185     116.053
19.191     116.359
19.197     118.231
19.203     116.053
19.209     0.000
19.215     0.000
19.220     0.000
19.226     0.000
19.232     0.000
19.238     0.000
