0.000     0.000
0.006     0.000
0.012     0.000
0.017     0.000
0.023     0.000
0.029     0.000
0.035     0.000
0.041     0.000
0.046     0.000
0.052     0.000
0.058     0.000
0.064     0.000
0.070     0.000
0.075     0.000
0.081     0.000
0.087     0.000
0.093     295.973
0.099     295.973
0.104     294.000
0.110     295.973
0.116     294.000
0.122     295.973
0.128     295.973
0.134     295.973
0.139     294.000
0.145     294.000
0.151     295.973
0.157     295.973
0.163     295.973
0.168     295.973
0.174     294.000
0.180     295.973
0.186     295.973
0.192     294.000
0.197     294.000
0.203     294.000
0.209     295.973
0.215     294.000
0.221     295.973
0.226     295.973
0.232     294.000
0.238     294.000
0.244     294.000
0.250     294.000
0.255     294.000
0.261     294.000
0.267     295.973
0.273     294.000
0.279     295.973
0.284     295.973
0.290     294.000
0.296     295.973
0.302     294.000
0.308     294.000
0.313     294.000
0.319     294.000
0.325     295.973
0.331     294.000
0.337     295.973
0.342     295.973
0.348     294.000
0.354     295.973
0.360     294.000
0.366     294.000
0.372     295.973
0.377     294.000
0.383     297.973
0.389     294.000
0.395     294.000
0.401     295.973
0.406     294.000
0.412     295.973
0.418     294.000
0.424     294.000
0.430     295.973
0.435     294.000
0.441     297.973
0.447     295.973
0.453     294.000
0.459     295.973
0.464     294.000
0.470     295.973
0.476     294.000
0.482     295.973
0.488     295.973
0.493     294.000
0.499     295.973
0.505     294.000
0.511     294.000
0.517     294.000
0.522     292.053
0.528     294.000
0.534     292.053
0.540     292.053
0.546     292.053
0.551     292.053
0.557     292.053
0.563     294.000
0.569     292.053
0.575     294.000
0.580     292.053
0.586     288.235
0.592     294.000
0.598     297.973
0.604     0.000
0.610     0.000
0.615     0.000
0.621     0.000
0.627     0.000
0.633     0.000
0.639     0.000
0.644     0.000
0.650     0.000
0.656     0.000
0.662     0.000
0.668     0.000
0.673     0.000
0.679     0.000
0.685     0.000
0.691     0.000
0.697     0.000
0.702     0.000
0.708     0.000
0.714     0.000
0.720     0.000
0.726     0.000
0.731     0.000
0.737     0.000
0.743     0.000
0.749     0.000
0.755     0.000
0.760     0.000
0.766     0.000
0.772     0.000
0.778     0.000
0.784     0.000
0.789     0.000
0.795     0.000
0.801     0.000
0.807     0.000
0.813     0.000
0.819     0.000
0.824     0.000
0.830     0.000
0.836     0.000
0.842     295.973
0.848     297.973
0.853     297.973
0.859     297.973
0.865     292.053
0.871     288.235
0.877     288.235
0.882     295.973
0.888     300.000
0.894     300.000
0.900     0.000
0.906     0.000
0.911     0.000
0.917     0.000
0.923     0.000
0.929     0.000
0.935     0.000
0.940     0.000
0.946     0.000
0.952     0.000
0.958     0.000
0.964     0.000
0.969     0.000
0.975     0.000
0.981     0.000
0.987     0.000
0.993     0.000
0.998     0.000
1.004     0.000
1.010     0.000
1.016     0.000
1.022     0.000
1.027     0.000
1.033     0.000
1.039     0.000
1.045     0.000
1.051     0.000
1.057     0.000
1.062     0.000
1.068     0.000
1.074     0.000
1.080     0.000
1.086     0.000
1.091     0.000
1.097     0.000
1.103     0.000
1.109     0.000
1.115     0.000
1.120     0.000
1.126     0.000
1.132     0.000
1.138     0.000
1.144     0.000
1.149     0.000
1.155     0.000
1.161     0.000
1.167     0.000
1.173     0.000
1.178     0.000
1.184     0.000
1.190     0.000
1.196     0.000
1.202     0.000
1.207     0.000
1.213     373.729
1.219     373.729
1.225     370.588
1.231     361.475
1.236     367.500
1.242     373.729
1.248     367.500
1.254     370.588
1.260     373.729
1.265     373.729
1.271     367.500
1.277     367.500
1.283     370.588
1.289     364.463
1.295     370.588
1.300     370.588
1.306     373.729
1.312     370.588
1.318     364.463
1.324     373.729
1.329     367.500
1.335     373.729
1.341     373.729
1.347     373.729
1.353     373.729
1.358     361.475
1.364     373.729
1.370     373.729
1.376     373.729
1.382     373.729
1.387     367.500
1.393     376.923
1.399     367.500
1.405     373.729
1.411     373.729
1.416     376.923
1.422     367.500
1.428     352.800
1.434     0.000
1.440     0.000
1.445     0.000
1.451     0.000
1.457     0.000
1.463     0.000
1.469     0.000
1.474     0.000
1.480     0.000
1.486     0.000
1.492     0.000
1.498     0.000
1.503     0.000
1.509     0.000
1.515     0.000
1.521     0.000
1.527     0.000
1.533     364.463
1.538     364.463
1.544     0.000
1.550     0.000
1.556     0.000
1.562     0.000
1.567     0.000
1.573     0.000
1.579     0.000
1.585     0.000
1.591     0.000
1.596     0.000
1.602     0.000
1.608     0.000
1.614     0.000
1.620     0.000
1.625     0.000
1.631     0.000
1.637     0.000
1.643     0.000
1.649     0.000
1.654     0.000
1.660     0.000
1.666     0.000
1.672     0.000
1.678     0.000
1.683     0.000
1.689     0.000
1.695     0.000
1.701     0.000
1.707     0.000
1.712     0.000
1.718     0.000
1.724     0.000
1.730     0.000
1.736     0.000
1.741     0.000
1.747     0.000
1.753     0.000
1.759     0.000
1.765     0.000
1.771     0.000
1.776     0.000
1.782     0.000
1.788     0.000
1.794     0.000
1.800     0.000
1.805     0.000
1.811     0.000
1.817     0.000
1.823     0.000
1.829     428.155
1.834     432.353
1.840     441.000
1.846     436.634
1.852     441.000
1.858     436.634
1.863     432.353
1.869     432.353
1.875     432.353
1.881     441.000
1.887     436.634
1.892     432.353
1.898     436.634
1.904     432.353
1.910     436.634
1.916     436.634
1.921     441.000
1.927     441.000
1.933     432.353
1.939     436.634
1.945     436.634
1.950     432.353
1.956     436.634
1.962     436.634
1.968     445.455
1.974     436.634
1.980     436.634
1.985     441.000
1.991     436.634
1.997     436.634
2.003     436.634
2.009     441.000
2.014     441.000
2.020     441.000
2.026     445.455
2.032     441.000
2.038     441.000
2.043     436.634
2.049     441.000
2.055     441.000
2.061     441.000
2.067     441.000
2.072     441.000
2.078     441.000
2.084     441.000
2.090     441.000
2.096     445.455
2.101     445.455
2.107     441.000
2.113     436.634
2.119     436.634
2.125     436.634
2.130     436.634
2.136     445.455
2.142     445.455
2.148     441.000
2.154     436.634
2.159     436.634
2.165     436.634
2.171     436.634
2.177     441.000
2.183     441.000
2.188     436.634
2.194     432.353
2.200     432.353
2.206     436.634
2.212     441.000
2.218     445.455
2.223     441.000
2.229     432.353
2.235     432.353
2.241     436.634
2.247     436.634
2.252     441.000
2.258     445.455
2.264     445.455
2.270     436.634
2.276     436.634
2.281     436.634
2.287     441.000
2.293     441.000
2.299     441.000
2.305     441.000
2.310     436.634
2.316     436.634
2.322     441.000
2.328     441.000
2.334     445.455
2.339     445.455
2.345     441.000
2.351     432.353
2.357     436.634
2.363     441.000
2.368     441.000
2.374     454.639
2.380     445.455
2.386     436.634
2.392     436.634
2.397     436.634
2.403     441.000
2.409     441.000
2.415     445.455
2.421     441.000
2.426     436.634
2.432     436.634
2.438     436.634
2.444     441.000
2.450     441.000
2.456     441.000
2.461     436.634
2.467     428.155
2.473     147.000
2.479     147.000
2.485     147.492
2.490     147.000
2.496     147.492
2.502     147.987
2.508     147.000
2.514     0.000
2.519     0.000
2.525     0.000
2.531     0.000
2.537     0.000
2.543     0.000
2.548     0.000
2.554     0.000
2.560     0.000
2.566     0.000
2.572     0.000
2.577     0.000
2.583     0.000
2.589     0.000
2.595     0.000
2.601     0.000
2.606     0.000
2.612     0.000
2.618     0.000
2.624     0.000
2.630     0.000
2.635     0.000
2.641     0.000
2.647     0.000
2.653     0.000
2.659     0.000
2.664     0.000
2.670     0.000
2.676     0.000
2.682     0.000
2.688     0.000
2.694     0.000
2.699     0.000
2.705     0.000
2.711     0.000
2.717     0.000
2.723     0.000
2.728     0.000
2.734     0.000
2.740     0.000
2.746     0.000
2.752     0.000
2.757     0.000
2.763     0.000
2.769     0.000
2.775     352.800
2.781     358.537
2.786     355.645
2.792     358.537
2.798     344.531
2.804     352.800
2.810     350.000
2.815     347.244
2.821     344.531
2.827     347.244
2.833     347.244
2.839     347.244
2.844     350.000
2.850     352.800
2.856     358.537
2.862     347.244
2.868     355.645
2.873     355.645
2.879     361.475
2.885     361.475
2.891     358.537
2.897     370.588
2.902     358.537
2.908     361.475
2.914     361.475
2.920     370.588
2.926     367.500
2.932     361.475
2.937     373.729
2.943     364.463
2.949     367.500
2.955     358.537
2.961     370.588
2.966     370.588
2.972     358.537
2.978     370.588
2.984     361.475
2.990     367.500
2.995     355.645
3.001     364.463
3.007     367.500
3.013     355.645
3.019     361.475
3.024     361.475
3.030     370.588
3.036     355.645
3.042     358.537
3.048     364.463
3.053     367.500
3.059     358.537
3.065     364.463
3.071     373.729
3.077     367.500
3.082     367.500
3.088     367.500
3.094     373.729
3.100     367.500
3.106     373.729
3.111     370.588
3.117     370.588
3.123     370.588
3.129     370.588
3.135     376.923
3.140     367.500
3.146     376.923
3.152     370.588
3.158     380.172
3.164     376.923
3.170     373.729
3.175     0.000
3.181     0.000
3.187     0.000
3.193     0.000
3.199     0.000
3.204     0.000
3.210     0.000
3.216     0.000
3.222     0.000
3.228     0.000
3.233     386.842
3.239     390.265
3.245     390.265
3.251     383.478
3.257     386.842
3.262     390.265
3.268     408.333
3.274     420.000
3.280     428.155
3.286     424.038
3.291     428.155
3.297     432.353
3.303     432.353
3.309     436.634
3.315     432.353
3.320     432.353
3.326     436.634
3.332     428.155
3.338     428.155
3.344     432.353
3.349     432.353
3.355     432.353
3.361     432.353
3.367     441.000
3.373     436.634
3.379     432.353
3.384     441.000
3.390     436.634
3.396     436.634
3.402     432.353
3.408     436.634
3.413     436.634
3.419     436.634
3.425     441.000
3.431     436.634
3.437     441.000
3.442     441.000
3.448     436.634
3.454     441.000
3.460     436.634
3.466     436.634
3.471     436.634
3.477     436.634
3.483     436.634
3.489     432.353
3.495     441.000
3.500     441.000
3.506     436.634
3.512     441.000
3.518     436.634
3.524     436.634
3.529     432.353
3.535     432.353
3.541     436.634
3.547     432.353
3.553     441.000
3.558     436.634
3.564     441.000
3.570     441.000
3.576     436.634
3.582     441.000
3.587     436.634
3.593     436.634
3.599     436.634
3.605     441.000
3.611     441.000
3.617     441.000
3.622     441.000
3.628     441.000
3.634     441.000
3.640     441.000
3.646     441.000
3.651     441.000
3.657     441.000
3.663     441.000
3.669     441.000
3.675     441.000
3.680     441.000
3.686     459.375
3.692     495.506
3.698     506.897
3.704     512.791
3.709     512.791
3.715     0.000
3.721     0.000
3.727     0.000
3.733     0.000
3.738     0.000
3.744     0.000
3.750     0.000
3.756     0.000
3.762     0.000
3.767     0.000
3.773     0.000
3.779     0.000
3.785     0.000
3.791     0.000
3.796     0.000
3.802     0.000
3.808     0.000
3.814     0.000
3.820     0.000
3.825     0.000
3.831     0.000
3.837     0.000
3.843     0.000
3.849     0.000
3.855     0.000
3.860     0.000
3.866     0.000
3.872     0.000
3.878     0.000
3.884     0.000
3.889     0.000
3.895     0.000
3.901     0.000
3.907     0.000
3.913     0.000
3.918     0.000
3.924     0.000
3.930     0.000
3.936     0.000
3.942     0.000
3.947     0.000
3.953     0.000
3.959     0.000
3.965     0.000
3.971     0.000
3.976     0.000
3.982     0.000
3.988     0.000
3.994     0.000
4.000     0.000
4.005     0.000
4.011     0.000
4.017     0.000
4.023     0.000
4.029     0.000
4.034     0.000
4.040     0.000
4.046     0.000
4.052     0.000
4.058     0.000
4.063     0.000
4.069     0.000
4.075     0.000
4.081     0.000
4.087     0.000
4.093     0.000
4.098     0.000
4.104     0.000
4.110     0.000
4.116     0.000
4.122     0.000
4.127     0.000
4.133     0.000
4.139     0.000
4.145     0.000
4.151     0.000
4.156     0.000
4.162     0.000
4.168     0.000
4.174     0.000
4.180     0.000
4.185     0.000
4.191     0.000
4.197     0.000
4.203     0.000
4.209     0.000
4.214     0.000
4.220     0.000
4.226     0.000
4.232     0.000
4.238     0.000
4.243     0.000
4.249     0.000
4.255     0.000
4.261     0.000
4.267     0.000
4.272     0.000
4.278     0.000
4.284     0.000
4.290     0.000
4.296     0.000
4.301     0.000
4.307     0.000
4.313     0.000
4.319     0.000
4.325     0.000
4.331     0.000
4.336     0.000
4.342     0.000
4.348     0.000
4.354     0.000
4.360     0.000
4.365     0.000
4.371     0.000
4.377     0.000
4.383     0.000
4.389     0.000
4.394     0.000
4.400     0.000
4.406     0.000
4.412     0.000
4.418     479.348
4.423     490.000
4.429     484.615
4.435     479.348
4.441     490.000
4.447     495.506
4.452     490.000
4.458     490.000
4.464     495.506
4.470     490.000
4.476     484.615
4.481     490.000
4.487     501.136
4.493     490.000
4.499     490.000
4.505     495.506
4.510     490.000
4.516     484.615
4.522     484.615
4.528     501.136
4.534     484.615
4.540     490.000
4.545     495.506
4.551     495.506
4.557     484.615
4.563     479.348
4.569     495.506
4.574     479.348
4.580     479.348
4.586     495.506
4.592     495.506
4.598     490.000
4.603     484.615
4.609     495.506
4.615     484.615
4.621     479.348
4.627     495.506
4.632     490.000
4.638     495.506
4.644     490.000
4.650     0.000
4.656     0.000
4.661     0.000
4.667     0.000
4.673     0.000
4.679     0.000
4.685     0.000
4.690     0.000
4.696     0.000
4.702     0.000
4.708     0.000
4.714     0.000
4.719     0.000
4.725     0.000
4.731     0.000
4.737     0.000
4.743     0.000
4.748     0.000
4.754     0.000
4.760     0.000
4.766     0.000
4.772     0.000
4.778     0.000
4.783     0.000
4.789     0.000
4.795     0.000
4.801     0.000
4.807     0.000
4.812     0.000
4.818     0.000
4.824     0.000
4.830     0.000
4.836     0.000
4.841     0.000
4.847     0.000
4.853     0.000
4.859     0.000
4.865     0.000
4.870     0.000
4.876     0.000
4.882     0.000
4.888     432.353
4.894     445.455
4.899     432.353
4.905     441.000
4.911     432.353
4.917     428.155
4.923     428.155
4.928     432.353
4.934     441.000
4.940     436.634
4.946     436.634
4.952     436.634
4.957     432.353
4.963     432.353
4.969     432.353
4.975     441.000
4.981     436.634
4.986     432.353
4.992     436.634
4.998     432.353
5.004     436.634
5.010     436.634
5.016     441.000
5.021     441.000
5.027     432.353
5.033     432.353
5.039     436.634
5.045     432.353
5.050     436.634
5.056     436.634
5.062     445.455
5.068     436.634
5.074     436.634
5.079     441.000
5.085     436.634
5.091     436.634
5.097     436.634
5.103     441.000
5.108     441.000
5.114     441.000
5.120     445.455
5.126     441.000
5.132     441.000
5.137     436.634
5.143     441.000
5.149     441.000
5.155     441.000
5.161     441.000
5.166     441.000
5.172     441.000
5.178     441.000
5.184     441.000
5.190     445.455
5.195     445.455
5.201     441.000
5.207     436.634
5.213     436.634
5.219     436.634
5.224     436.634
5.230     445.455
5.236     445.455
5.242     441.000
5.248     436.634
5.254     436.634
5.259     436.634
5.265     436.634
5.271     441.000
5.277     441.000
5.283     436.634
5.288     432.353
5.294     432.353
5.300     441.000
5.306     441.000
5.312     445.455
5.317     441.000
5.323     432.353
5.329     432.353
5.335     436.634
5.341     436.634
5.346     441.000
5.352     445.455
5.358     445.455
5.364     436.634
5.370     436.634
5.375     436.634
5.381     441.000
5.387     441.000
5.393     441.000
5.399     441.000
5.404     436.634
5.410     436.634
5.416     441.000
5.422     441.000
5.428     445.455
5.433     445.455
5.439     441.000
5.445     432.353
5.451     436.634
5.457     441.000
5.462     441.000
5.468     454.639
5.474     445.455
5.480     436.634
5.486     436.634
5.492     436.634
5.497     441.000
5.503     441.000
5.509     445.455
5.515     441.000
5.521     436.634
5.526     436.634
5.532     436.634
5.538     441.000
5.544     441.000
5.550     441.000
5.555     441.000
5.561     432.353
5.567     147.000
5.573     147.000
5.579     147.492
5.584     147.000
5.590     147.492
5.596     147.987
5.602     147.000
5.608     0.000
5.613     0.000
5.619     0.000
5.625     0.000
5.631     0.000
5.637     0.000
5.642     0.000
5.648     0.000
5.654     0.000
5.660     0.000
5.666     0.000
5.671     0.000
5.677     0.000
5.683     0.000
5.689     0.000
5.695     0.000
5.700     0.000
5.706     0.000
5.712     0.000
5.718     0.000
5.724     0.000
5.730     0.000
5.735     0.000
5.741     0.000
5.747     0.000
5.753     0.000
5.759     0.000
5.764     0.000
5.770     0.000
5.776     0.000
5.782     0.000
5.788     0.000
5.793     0.000
5.799     0.000
5.805     0.000
5.811     0.000
5.817     0.000
5.822     0.000
5.828     0.000
5.834     0.000
5.840     0.000
5.846     0.000
5.851     0.000
5.857     0.000
5.863     0.000
5.869     0.000
5.875     0.000
5.880     0.000
5.886     0.000
5.892     0.000
5.898     0.000
5.904     0.000
5.909     0.000
5.915     0.000
5.921     0.000
5.927     0.000
5.933     0.000
5.939     0.000
5.944     0.000
5.950     0.000
5.956     0.000
5.962     0.000
5.968     0.000
5.973     0.000
5.979     0.000
5.985     0.000
5.991     0.000
5.997     0.000
6.002     0.000
6.008     0.000
6.014     0.000
6.020     0.000
6.026     0.000
6.031     0.000
6.037     0.000
6.043     0.000
6.049     367.500
6.055     361.475
6.060     376.923
6.066     367.500
6.072     361.475
6.078     364.463
6.084     370.588
6.089     367.500
6.095     358.537
6.101     367.500
6.107     367.500
6.113     361.475
6.118     358.537
6.124     364.463
6.130     364.463
6.136     364.463
6.142     358.537
6.147     364.463
6.153     370.588
6.159     358.537
6.165     364.463
6.171     361.475
6.177     370.588
6.182     361.475
6.188     358.537
6.194     386.842
6.200     355.645
6.206     397.297
6.211     355.645
6.217     146.026
6.223     145.545
6.229     147.987
6.235     145.545
6.240     147.987
6.246     146.026
6.252     147.492
6.258     147.000
6.264     146.512
6.269     147.492
6.275     147.000
6.281     146.512
6.287     147.492
6.293     445.455
6.298     445.455
6.304     436.634
6.310     386.842
6.316     380.172
6.322     380.172
6.327     376.923
6.333     380.172
6.339     380.172
6.345     386.842
6.351     383.478
6.356     386.842
6.362     393.750
6.368     400.909
6.374     416.038
6.380     420.000
6.385     428.155
6.391     432.353
6.397     441.000
6.403     432.353
6.409     432.353
6.415     432.353
6.420     428.155
6.426     432.353
6.432     428.155
6.438     432.353
6.444     428.155
6.449     428.155
6.455     436.634
6.461     432.353
6.467     436.634
6.473     432.353
6.478     432.353
6.484     436.634
6.490     432.353
6.496     432.353
6.502     432.353
6.507     436.634
6.513     436.634
6.519     436.634
6.525     441.000
6.531     436.634
6.536     436.634
6.542     441.000
6.548     436.634
6.554     436.634
6.560     436.634
6.565     436.634
6.571     441.000
6.577     436.634
6.583     441.000
6.589     436.634
6.594     441.000
6.600     436.634
6.606     436.634
6.612     436.634
6.618     432.353
6.623     436.634
6.629     436.634
6.635     436.634
6.641     441.000
6.647     432.353
6.653     441.000
6.658     436.634
6.664     436.634
6.670     436.634
6.676     436.634
6.682     441.000
6.687     436.634
6.693     441.000
6.699     441.000
6.705     436.634
6.711     441.000
6.716     436.634
6.722     436.634
6.728     436.634
6.734     432.353
6.740     0.000
6.745     0.000
6.751     0.000
6.757     0.000
6.763     0.000
6.769     0.000
6.774     0.000
6.780     0.000
6.786     0.000
6.792     0.000
6.798     0.000
6.803     0.000
6.809     0.000
6.815     0.000
6.821     0.000
6.827     0.000
6.832     0.000
6.838     0.000
6.844     0.000
6.850     0.000
6.856     0.000
6.861     0.000
6.867     0.000
6.873     0.000
6.879     0.000
6.885     0.000
6.891     0.000
6.896     0.000
6.902     0.000
6.908     0.000
6.914     0.000
6.920     0.000
6.925     479.348
6.931     490.000
6.937     479.348
6.943     490.000
6.949     479.348
6.954     479.348
6.960     484.615
6.966     479.348
6.972     490.000
6.978     484.615
6.983     490.000
6.989     484.615
6.995     484.615
7.001     490.000
7.007     490.000
7.012     490.000
7.018     490.000
7.024     484.615
7.030     495.506
7.036     490.000
7.041     490.000
7.047     501.136
7.053     490.000
7.059     495.506
7.065     490.000
7.070     495.506
7.076     490.000
7.082     490.000
7.088     501.136
7.094     484.615
7.100     490.000
7.105     490.000
7.111     490.000
7.117     490.000
7.123     490.000
7.129     495.506
7.134     484.615
7.140     484.615
7.146     495.506
7.152     484.615
7.158     490.000
7.163     490.000
7.169     490.000
7.175     490.000
7.181     484.615
7.187     495.506
7.192     490.000
7.198     495.506
7.204     490.000
7.210     490.000
7.216     490.000
7.221     490.000
7.227     0.000
7.233     0.000
7.239     0.000
7.245     0.000
7.250     0.000
7.256     0.000
7.262     0.000
7.268     0.000
7.274     0.000
7.279     0.000
7.285     0.000
7.291     0.000
7.297     0.000
7.303     0.000
7.308     0.000
7.314     0.000
7.320     0.000
7.326     0.000
7.332     0.000
7.338     0.000
7.343     0.000
7.349     0.000
7.355     0.000
7.361     0.000
7.367     0.000
7.372     0.000
7.378     0.000
7.384     0.000
7.390     0.000
7.396     0.000
7.401     0.000
7.407     432.353
7.413     441.000
7.419     436.634
7.425     445.455
7.430     436.634
7.436     432.353
7.442     432.353
7.448     432.353
7.454     441.000
7.459     432.353
7.465     436.634
7.471     432.353
7.477     428.155
7.483     436.634
7.488     432.353
7.494     441.000
7.500     432.353
7.506     432.353
7.512     432.353
7.517     428.155
7.523     432.353
7.529     432.353
7.535     436.634
7.541     436.634
7.546     432.353
7.552     441.000
7.558     436.634
7.564     436.634
7.570     441.000
7.576     436.634
7.581     436.634
7.587     436.634
7.593     436.634
7.599     441.000
7.605     436.634
7.610     445.455
7.616     441.000
7.622     441.000
7.628     441.000
7.634     436.634
7.639     436.634
7.645     432.353
7.651     436.634
7.657     436.634
7.663     436.634
7.668     441.000
7.674     432.353
7.680     441.000
7.686     436.634
7.692     436.634
7.697     436.634
7.703     436.634
7.709     441.000
7.715     432.353
7.721     441.000
7.726     441.000
7.732     436.634
7.738     441.000
7.744     436.634
7.750     436.634
7.755     432.353
7.761     428.155
7.767     432.353
7.773     428.155
7.779     428.155
7.784     428.155
7.790     436.634
7.796     432.353
7.802     436.634
7.808     436.634
7.814     441.000
7.819     436.634
7.825     393.750
7.831     386.842
7.837     393.750
7.843     390.265
7.848     393.750
7.854     400.909
7.860     386.842
7.866     376.923
7.872     355.645
7.877     344.531
7.883     339.231
7.889     341.860
7.895     347.244
7.901     344.531
7.906     0.000
7.912     0.000
7.918     0.000
7.924     0.000
7.930     0.000
7.935     0.000
7.941     0.000
7.947     0.000
7.953     0.000
7.959     0.000
7.964     370.588
7.970     373.729
7.976     370.588
7.982     376.923
7.988     367.500
7.993     380.172
7.999     370.588
8.005     376.923
8.011     383.478
8.017     380.172
8.022     383.478
8.028     383.478
8.034     383.478
8.040     386.842
8.046     390.265
8.052     383.478
8.057     393.750
8.063     386.842
8.069     390.265
8.075     390.265
8.081     390.265
8.086     390.265
8.092     393.750
8.098     390.265
8.104     393.750
8.110     390.265
8.115     390.265
8.121     393.750
8.127     390.265
8.133     390.265
8.139     390.265
8.144     390.265
8.150     386.842
8.156     393.750
8.162     386.842
8.168     390.265
8.173     386.842
8.179     386.842
8.185     390.265
8.191     383.478
8.197     383.478
8.202     383.478
8.208     383.478
8.214     380.172
8.220     390.265
8.226     380.172
8.231     386.842
8.237     383.478
8.243     383.478
8.249     386.842
8.255     383.478
8.260     386.842
8.266     386.842
8.272     386.842
8.278     383.478
8.284     390.265
8.290     383.478
8.295     390.265
8.301     386.842
8.307     386.842
8.313     390.265
8.319     386.842
8.324     390.265
8.330     390.265
8.336     386.842
8.342     383.478
8.348     390.265
8.353     383.478
8.359     393.750
8.365     386.842
8.371     383.478
8.377     390.265
8.382     383.478
8.388     386.842
8.394     390.265
8.400     386.842
8.406     386.842
8.411     390.265
8.417     386.842
8.423     393.750
8.429     390.265
8.435     390.265
8.440     393.750
8.446     390.265
8.452     393.750
8.458     393.750
8.464     390.265
8.469     393.750
8.475     393.750
8.481     390.265
8.487     397.297
8.493     390.265
8.499     393.750
8.504     393.750
8.510     390.265
8.516     390.265
8.522     397.297
8.528     390.265
8.533     393.750
8.539     390.265
8.545     390.265
8.551     393.750
8.557     390.265
8.562     393.750
8.568     390.265
8.574     390.265
8.580     390.265
8.586     393.750
8.591     386.842
8.597     393.750
8.603     386.842
8.609     390.265
8.615     390.265
8.620     390.265
8.626     393.750
8.632     390.265
8.638     390.265
8.644     390.265
8.649     393.750
8.655     390.265
8.661     393.750
8.667     386.842
8.673     390.265
8.678     390.265
8.684     380.172
8.690     213.043
8.696     214.078
8.702     217.241
8.707     219.403
8.713     219.403
8.719     219.403
8.725     220.500
8.731     219.403
8.737     0.000
8.742     0.000
8.748     0.000
8.754     0.000
8.760     0.000
8.766     0.000
8.771     0.000
8.777     0.000
8.783     0.000
8.789     0.000
8.795     0.000
8.800     0.000
8.806     0.000
8.812     0.000
8.818     0.000
8.824     0.000
8.829     0.000
8.835     0.000
8.841     219.403
8.847     219.403
8.853     220.500
8.858     219.403
8.864     282.692
8.870     279.114
8.876     277.358
8.882     290.132
8.887     282.692
8.893     300.000
8.899     315.000
8.905     315.000
8.911     310.563
8.916     326.667
8.922     317.266
8.928     317.266
8.934     326.667
8.940     317.266
8.945     321.898
8.951     324.265
8.957     321.898
8.963     321.898
8.969     326.667
8.975     321.898
8.980     317.266
8.986     319.565
8.992     321.898
8.998     319.565
9.004     321.898
9.009     321.898
9.015     319.565
9.021     317.266
9.027     321.898
9.033     326.667
9.038     315.000
9.044     319.565
9.050     324.265
9.056     315.000
9.062     324.265
9.067     324.265
9.073     319.565
9.079     321.898
9.085     324.265
9.091     326.667
9.096     324.265
9.102     321.898
9.108     324.265
9.114     324.265
9.120     324.265
9.125     329.104
9.131     324.265
9.137     324.265
9.143     329.104
9.149     326.667
9.154     324.265
9.160     329.104
9.166     324.265
9.172     324.265
9.178     326.667
9.183     329.104
9.189     326.667
9.195     324.265
9.201     324.265
9.207     324.265
9.213     324.265
9.218     324.265
9.224     324.265
9.230     324.265
9.236     321.898
9.242     326.667
9.247     329.104
9.253     324.265
9.259     326.667
9.265     324.265
9.271     326.667
9.276     329.104
9.282     326.667
9.288     329.104
9.294     326.667
9.300     326.667
9.305     331.579
9.311     331.579
9.317     329.104
9.323     329.104
9.329     326.667
9.334     329.104
9.340     329.104
9.346     329.104
9.352     326.667
9.358     326.667
9.363     326.667
9.369     326.667
9.375     331.579
9.381     329.104
9.387     326.667
9.392     329.104
9.398     324.265
9.404     329.104
9.410     326.667
9.416     321.898
9.421     329.104
9.427     324.265
9.433     326.667
9.439     334.091
9.445     326.667
9.451     329.104
9.456     329.104
9.462     326.667
9.468     331.579
9.474     329.104
9.480     326.667
9.485     329.104
9.491     329.104
9.497     331.579
9.503     331.579
9.509     331.579
9.514     329.104
9.520     329.104
9.526     329.104
9.532     331.579
9.538     331.579
9.543     331.579
9.549     329.104
9.555     329.104
9.561     329.104
9.567     331.579
9.572     331.579
9.578     329.104
9.584     329.104
9.590     329.104
9.596     329.104
9.601     331.579
9.607     329.104
9.613     329.104
9.619     329.104
9.625     329.104
9.630     331.579
9.636     331.579
9.642     331.579
9.648     329.104
9.654     329.104
9.660     331.579
9.665     331.579
9.671     331.579
9.677     331.579
9.683     329.104
9.689     329.104
9.694     331.579
9.700     334.091
9.706     331.579
9.712     329.104
9.718     329.104
9.723     0.000
9.729     0.000
9.735     0.000
9.741     0.000
9.747     0.000
9.752     0.000
9.758     0.000
9.764     0.000
9.770     0.000
9.776     0.000
9.781     0.000
9.787     0.000
9.793     0.000
9.799     0.000
9.805     0.000
9.810     0.000
9.816     0.000
9.822     0.000
9.828     0.000
9.834     0.000
9.839     0.000
9.845     0.000
9.851     0.000
9.857     0.000
9.863     0.000
9.868     0.000
9.874     0.000
9.880     0.000
9.886     0.000
9.892     0.000
9.898     0.000
9.903     0.000
9.909     0.000
9.915     0.000
9.921     0.000
9.927     0.000
9.932     0.000
9.938     0.000
9.944     0.000
9.950     0.000
9.956     0.000
9.961     0.000
9.967     0.000
9.973     0.000
9.979     0.000
9.985     0.000
9.990     0.000
9.996     0.000
10.002     0.000
10.008     0.000
10.014     0.000
10.019     0.000
10.025     0.000
10.031     0.000
10.037     0.000
10.043     0.000
10.048     0.000
10.054     0.000
10.060     0.000
10.066     0.000
10.072     0.000
10.077     0.000
10.083     0.000
10.089     0.000
10.095     0.000
10.101     0.000
10.106     0.000
10.112     0.000
10.118     0.000
10.124     0.000
10.130     0.000
10.136     0.000
10.141     0.000
10.147     0.000
10.153     0.000
10.159     0.000
10.165     0.000
10.170     0.000
10.176     0.000
10.182     436.634
10.188     450.000
10.194     445.455
10.199     436.634
10.205     450.000
10.211     445.455
10.217     441.000
10.223     450.000
10.228     441.000
10.234     0.000
10.240     0.000
10.246     0.000
10.252     0.000
10.257     0.000
10.263     0.000
10.269     0.000
10.275     0.000
10.281     0.000
10.286     0.000
10.292     0.000
10.298     0.000
10.304     0.000
10.310     0.000
10.315     0.000
10.321     0.000
10.327     0.000
10.333     0.000
10.339     0.000
10.344     0.000
10.350     0.000
10.356     0.000
10.362     0.000
10.368     0.000
10.374     0.000
10.379     0.000
10.385     0.000
10.391     0.000
10.397     0.000
10.403     0.000
10.408     0.000
10.414     0.000
10.420     0.000
10.426     0.000
10.432     0.000
10.437     0.000
10.443     0.000
10.449     0.000
10.455     0.000
10.461     0.000
10.466     0.000
10.472     0.000
10.478     0.000
10.484     0.000
10.490     0.000
10.495     0.000
10.501     0.000
10.507     0.000
10.513     0.000
10.519     0.000
10.524     0.000
10.530     0.000
10.536     0.000
10.542     0.000
10.548     0.000
10.553     0.000
10.559     0.000
10.565     0.000
10.571     0.000
10.577     0.000
10.582     0.000
10.588     0.000
10.594     0.000
10.600     0.000
10.606     0.000
10.612     0.000
10.617     0.000
10.623     0.000
10.629     0.000
10.635     0.000
10.641     0.000
10.646     0.000
10.652     0.000
10.658     0.000
10.664     0.000
10.670     0.000
10.675     0.000
10.681     0.000
10.687     0.000
10.693     0.000
10.699     0.000
10.704     0.000
10.710     0.000
10.716     0.000
10.722     0.000
10.728     0.000
10.733     0.000
10.739     0.000
10.745     0.000
10.751     0.000
10.757     0.000
10.762     0.000
10.768     0.000
10.774     0.000
10.780     0.000
10.786     0.000
10.791     0.000
10.797     0.000
10.803     0.000
10.809     0.000
10.815     0.000
10.820     0.000
10.826     0.000
10.832     0.000
10.838     0.000
10.844     0.000
10.850     0.000
10.855     393.750
10.861     393.750
10.867     393.750
10.873     393.750
10.879     0.000
10.884     0.000
10.890     0.000
10.896     0.000
10.902     0.000
10.908     0.000
10.913     0.000
10.919     0.000
10.925     0.000
10.931     0.000
10.937     0.000
10.942     0.000
10.948     0.000
10.954     0.000
10.960     0.000
10.966     0.000
10.971     0.000
10.977     0.000
10.983     0.000
10.989     0.000
10.995     0.000
11.000     0.000
11.006     0.000
11.012     0.000
11.018     0.000
11.024     0.000
11.029     0.000
11.035     364.463
11.041     373.729
11.047     376.923
11.053     373.729
11.059     373.729
11.064     361.475
11.070     376.923
11.076     370.588
11.082     373.729
11.088     373.729
11.093     370.588
11.099     376.923
11.105     367.500
11.111     376.923
11.117     373.729
11.122     376.923
11.128     370.588
11.134     367.500
11.140     376.923
11.146     370.588
11.151     373.729
11.157     373.729
11.163     376.923
11.169     370.588
11.175     367.500
11.180     373.729
11.186     373.729
11.192     373.729
11.198     373.729
11.204     373.729
11.209     373.729
11.215     367.500
11.221     370.588
11.227     373.729
11.233     373.729
11.238     373.729
11.244     373.729
11.250     376.923
11.256     370.588
11.262     367.500
11.267     373.729
11.273     380.172
11.279     373.729
11.285     373.729
11.291     376.923
11.297     376.923
11.302     367.500
11.308     376.923
11.314     380.172
11.320     376.923
11.326     373.729
11.331     373.729
11.337     376.923
11.343     367.500
11.349     376.923
11.355     376.923
11.360     373.729
11.366     373.729
11.372     373.729
11.378     376.923
11.384     370.588
11.389     373.729
11.395     373.729
11.401     370.588
11.407     373.729
11.413     370.588
11.418     373.729
11.424     373.729
11.430     373.729
11.436     376.923
11.442     370.588
11.447     376.923
11.453     373.729
11.459     373.729
11.465     376.923
11.471     373.729
11.476     376.923
11.482     376.923
11.488     376.923
11.494     376.923
11.500     373.729
11.505     376.923
11.511     376.923
11.517     373.729
11.523     376.923
11.529     370.588
11.535     376.923
11.540     373.729
11.546     373.729
11.552     373.729
11.558     373.729
11.564     373.729
11.569     370.588
11.575     376.923
11.581     373.729
11.587     370.588
11.593     376.923
11.598     373.729
11.604     376.923
11.610     370.588
11.616     376.923
11.622     376.923
11.627     370.588
11.633     380.172
11.639     376.923
11.645     376.923
11.651     373.729
11.656     376.923
11.662     380.172
11.668     373.729
11.674     376.923
11.680     376.923
11.685     376.923
11.691     380.172
11.697     376.923
11.703     373.729
11.709     376.923
11.714     373.729
11.720     376.923
11.726     370.588
11.732     376.923
11.738     376.923
11.743     370.588
11.749     376.923
11.755     373.729
11.761     373.729
11.767     370.588
11.773     370.588
11.778     370.588
11.784     373.729
11.790     370.588
11.796     373.729
11.802     0.000
11.807     0.000
11.813     0.000
11.819     0.000
11.825     0.000
11.831     0.000
11.836     0.000
11.842     0.000
11.848     0.000
11.854     0.000
11.860     0.000
11.865     0.000
11.871     0.000
11.877     0.000
11.883     0.000
11.889     0.000
11.894     0.000
11.900     0.000
11.906     0.000
11.912     0.000
11.918     0.000
11.923     0.000
11.929     0.000
11.935     0.000
11.941     0.000
11.947     0.000
11.952     0.000
11.958     0.000
11.964     0.000
11.970     0.000
11.976     0.000
11.981     0.000
11.987     0.000
11.993     0.000
11.999     0.000
12.005     0.000
12.011     0.000
12.016     0.000
12.022     0.000
12.028     0.000
12.034     0.000
12.040     0.000
12.045     0.000
12.051     0.000
12.057     0.000
12.063     0.000
12.069     0.000
12.074     0.000
12.080     0.000
12.086     0.000
12.092     0.000
12.098     0.000
12.103     0.000
12.109     0.000
12.115     0.000
12.121     0.000
12.127     0.000
12.132     0.000
12.138     0.000
12.144     0.000
12.150     0.000
12.156     0.000
12.161     0.000
12.167     0.000
12.173     0.000
12.179     0.000
12.185     0.000
12.190     0.000
12.196     0.000
12.202     0.000
12.208     0.000
12.214     0.000
12.220     0.000
12.225     0.000
12.231     0.000
12.237     0.000
12.243     0.000
12.249     0.000
12.254     0.000
12.260     0.000
12.266     0.000
12.272     0.000
12.278     0.000
12.283     0.000
12.289     0.000
12.295     0.000
12.301     0.000
12.307     0.000
12.312     0.000
12.318     0.000
12.324     0.000
12.330     0.000
12.336     0.000
12.341     0.000
12.347     0.000
12.353     0.000
12.359     0.000
12.365     0.000
12.370     0.000
12.376     0.000
12.382     0.000
12.388     0.000
12.394     0.000
12.399     0.000
12.405     0.000
12.411     0.000
12.417     0.000
12.423     0.000
12.428     0.000
12.434     0.000
12.440     0.000
12.446     0.000
12.452     0.000
12.458     0.000
12.463     0.000
12.469     295.973
12.475     295.973
12.481     0.000
12.487     0.000
12.492     0.000
12.498     0.000
12.504     0.000
12.510     0.000
12.516     300.000
12.521     350.000
12.527     352.800
12.533     361.475
12.539     358.537
12.545     361.475
12.550     361.475
12.556     367.500
12.562     355.645
12.568     358.537
12.574     364.463
12.579     361.475
12.585     358.537
12.591     358.537
12.597     370.588
12.603     355.645
12.608     355.645
12.614     358.537
12.620     364.463
12.626     358.537
12.632     358.537
12.637     370.588
12.643     355.645
12.649     352.800
12.655     352.800
12.661     364.463
12.666     358.537
12.672     355.645
12.678     367.500
12.684     361.475
12.690     361.475
12.696     355.645
12.701     367.500
12.707     364.463
12.713     361.475
12.719     364.463
12.725     364.463
12.730     370.588
12.736     361.475
12.742     367.500
12.748     367.500
12.754     367.500
12.759     364.463
12.765     367.500
12.771     370.588
12.777     364.463
12.783     367.500
12.788     367.500
12.794     367.500
12.800     364.463
12.806     364.463
12.812     370.588
12.817     364.463
12.823     367.500
12.829     361.475
12.835     367.500
12.841     364.463
12.846     364.463
12.852     364.463
12.858     367.500
12.864     370.588
12.870     361.475
12.875     367.500
12.881     367.500
12.887     370.588
12.893     364.463
12.899     367.500
12.904     373.729
12.910     367.500
12.916     367.500
12.922     367.500
12.928     373.729
12.934     367.500
12.939     367.500
12.945     370.588
12.951     373.729
12.957     373.729
12.963     373.729
12.968     0.000
12.974     0.000
12.980     0.000
12.986     0.000
12.992     0.000
12.997     0.000
13.003     0.000
13.009     0.000
13.015     0.000
13.021     0.000
13.026     0.000
13.032     0.000
13.038     0.000
13.044     0.000
13.050     0.000
13.055     0.000
13.061     0.000
13.067     0.000
13.073     0.000
13.079     0.000
13.084     0.000
13.090     0.000
13.096     0.000
13.102     0.000
13.108     0.000
13.113     361.475
13.119     373.729
13.125     380.172
13.131     373.729
13.137     370.588
13.142     370.588
13.148     376.923
13.154     358.537
13.160     373.729
13.166     380.172
13.172     373.729
13.177     370.588
13.183     367.500
13.189     380.172
13.195     364.463
13.201     373.729
13.206     376.923
13.212     373.729
13.218     370.588
13.224     364.463
13.230     376.923
13.235     370.588
13.241     370.588
13.247     373.729
13.253     370.588
13.259     373.729
13.264     364.463
13.270     373.729
13.276     373.729
13.282     370.588
13.288     373.729
13.293     370.588
13.299     373.729
13.305     370.588
13.311     370.588
13.317     373.729
13.322     373.729
13.328     373.729
13.334     373.729
13.340     373.729
13.346     373.729
13.351     367.500
13.357     373.729
13.363     376.923
13.369     376.923
13.375     376.923
13.380     370.588
13.386     376.923
13.392     370.588
13.398     373.729
13.404     373.729
13.410     376.923
13.415     376.923
13.421     0.000
13.427     0.000
13.433     0.000
13.439     0.000
13.444     0.000
13.450     0.000
13.456     0.000
13.462     0.000
13.468     0.000
13.473     0.000
13.479     0.000
13.485     0.000
13.491     0.000
13.497     0.000
13.502     0.000
13.508     0.000
13.514     0.000
13.520     0.000
13.526     0.000
13.531     0.000
13.537     0.000
13.543     0.000
13.549     0.000
13.555     0.000
13.560     0.000
13.566     0.000
13.572     0.000
13.578     0.000
13.584     0.000
13.589     0.000
13.595     0.000
13.601     0.000
13.607     0.000
13.613     0.000
13.619     0.000
13.624     0.000
13.630     0.000
13.636     0.000
13.642     0.000
13.648     436.634
13.653     432.353
13.659     428.155
13.665     436.634
13.671     432.353
13.677     445.455
13.682     432.353
13.688     432.353
13.694     436.634
13.700     428.155
13.706     432.353
13.711     432.353
13.717     432.353
13.723     428.155
13.729     428.155
13.735     436.634
13.740     432.353
13.746     436.634
13.752     441.000
13.758     436.634
13.764     436.634
13.769     432.353
13.775     436.634
13.781     436.634
13.787     436.634
13.793     441.000
13.798     436.634
13.804     441.000
13.810     441.000
13.816     436.634
13.822     441.000
13.827     436.634
13.833     436.634
13.839     436.634
13.845     436.634
13.851     436.634
13.857     436.634
13.862     441.000
13.868     436.634
13.874     436.634
13.880     441.000
13.886     432.353
13.891     436.634
13.897     432.353
13.903     436.634
13.909     436.634
13.915     436.634
13.920     441.000
13.926     436.634
13.932     441.000
13.938     436.634
13.944     436.634
13.949     436.634
13.955     432.353
13.961     432.353
13.967     432.353
13.973     428.155
13.978     428.155
13.984     428.155
13.990     424.038
13.996     432.353
14.002     428.155
14.007     432.353
14.013     445.455
14.019     436.634
14.025     436.634
14.031     416.038
14.036     393.750
14.042     390.265
14.048     397.297
14.054     390.265
14.060     393.750
14.065     386.842
14.071     373.729
14.077     383.478
14.083     358.537
14.089     352.800
14.095     358.537
14.100     367.500
14.106     364.463
14.112     380.172
14.118     370.588
14.124     376.923
14.129     373.729
14.135     376.923
14.141     380.172
14.147     380.172
14.153     380.172
14.158     380.172
14.164     380.172
14.170     373.729
14.176     383.478
14.182     373.729
14.187     376.923
14.193     373.729
14.199     373.729
14.205     373.729
14.211     373.729
14.216     373.729
14.222     376.923
14.228     376.923
14.234     376.923
14.240     383.478
14.245     383.478
14.251     380.172
14.257     386.842
14.263     383.478
14.269     383.478
14.274     390.265
14.280     386.842
14.286     386.842
14.292     390.265
14.298     386.842
14.303     390.265
14.309     393.750
14.315     386.842
14.321     390.265
14.327     390.265
14.333     386.842
14.338     393.750
14.344     390.265
14.350     386.842
14.356     390.265
14.362     386.842
14.367     383.478
14.373     386.842
14.379     376.923
14.385     380.172
14.391     380.172
14.396     373.729
14.402     380.172
14.408     370.588
14.414     364.463
14.420     370.588
14.425     367.500
14.431     367.500
14.437     373.729
14.443     370.588
14.449     370.588
14.454     376.923
14.460     373.729
14.466     380.172
14.472     380.172
14.478     380.172
14.483     386.842
14.489     376.923
14.495     386.842
14.501     383.478
14.507     383.478
14.512     386.842
14.518     386.842
14.524     383.478
14.530     386.842
14.536     386.842
14.541     386.842
14.547     393.750
14.553     380.172
14.559     390.265
14.565     383.478
14.571     383.478
14.576     383.478
14.582     386.842
14.588     380.172
14.594     383.478
14.600     383.478
14.605     383.478
14.611     393.750
14.617     380.172
14.623     393.750
14.629     386.842
14.634     390.265
14.640     393.750
14.646     390.265
14.652     393.750
14.658     393.750
14.663     393.750
14.669     393.750
14.675     397.297
14.681     390.265
14.687     397.297
14.692     393.750
14.698     393.750
14.704     397.297
14.710     390.265
14.716     397.297
14.721     393.750
14.727     393.750
14.733     390.265
14.739     393.750
14.745     390.265
14.750     393.750
14.756     390.265
14.762     390.265
14.768     397.297
14.774     386.842
14.780     393.750
14.785     386.842
14.791     390.265
14.797     386.842
14.803     390.265
14.809     386.842
14.814     393.750
14.820     386.842
14.826     390.265
14.832     393.750
14.838     386.842
14.843     393.750
14.849     390.265
14.855     390.265
14.861     390.265
14.867     386.842
14.872     386.842
14.878     390.265
14.884     380.172
14.890     216.176
14.896     216.176
14.901     217.241
14.907     219.403
14.913     0.000
14.919     0.000
14.925     0.000
14.930     0.000
14.936     0.000
14.942     0.000
14.948     0.000
14.954     0.000
14.959     0.000
14.965     0.000
14.971     0.000
14.977     0.000
14.983     0.000
14.988     0.000
14.994     0.000
15.000     0.000
15.006     0.000
15.012     0.000
15.018     0.000
15.023     0.000
15.029     0.000
15.035     0.000
15.041     0.000
15.047     219.403
15.052     219.403
15.058     220.500
15.064     219.403
15.070     286.364
15.076     280.892
15.081     280.892
15.087     277.358
15.093     286.364
15.099     317.266
15.105     290.132
15.110     306.250
15.116     315.000
15.122     319.565
15.128     315.000
15.134     319.565
15.139     319.565
15.145     324.265
15.151     319.565
15.157     317.266
15.163     324.265
15.168     319.565
15.174     319.565
15.180     326.667
15.186     319.565
15.192     319.565
15.197     324.265
15.203     321.898
15.209     319.565
15.215     321.898
15.221     317.266
15.226     319.565
15.232     319.565
15.238     317.266
15.244     321.898
15.250     319.565
15.256     317.266
15.261     324.265
15.267     319.565
15.273     324.265
15.279     321.898
15.285     319.565
15.290     324.265
15.296     321.898
15.302     324.265
15.308     324.265
15.314     321.898
15.319     321.898
15.325     326.667
15.331     326.667
15.337     326.667
15.343     326.667
15.348     324.265
15.354     324.265
15.360     329.104
15.366     326.667
15.372     326.667
15.377     324.265
15.383     326.667
15.389     326.667
15.395     326.667
15.401     326.667
15.406     324.265
15.412     321.898
15.418     326.667
15.424     324.265
15.430     326.667
15.435     324.265
15.441     326.667
15.447     321.898
15.453     326.667
15.459     329.104
15.464     324.265
15.470     326.667
15.476     0.000
15.482     0.000
15.488     0.000
15.494     0.000
15.499     0.000
15.505     0.000
15.511     0.000
15.517     0.000
15.523     0.000
15.528     0.000
15.534     0.000
15.540     0.000
15.546     0.000
15.552     0.000
15.557     0.000
15.563     0.000
15.569     0.000
15.575     0.000
15.581     0.000
15.586     0.000
15.592     0.000
15.598     0.000
15.604     0.000
15.610     0.000
15.615     0.000
15.621     0.000
15.627     0.000
15.633     0.000
15.639     0.000
15.644     0.000
15.650     0.000
15.656     350.000
15.662     347.244
15.668     358.537
15.673     364.463
15.679     367.500
15.685     367.500
15.691     373.729
15.697     373.729
15.702     376.923
15.708     383.478
15.714     383.478
15.720     380.172
15.726     386.842
15.732     376.923
15.737     380.172
15.743     380.172
15.749     376.923
15.755     380.172
15.761     380.172
15.766     376.923
15.772     380.172
15.778     383.478
15.784     376.923
15.790     390.265
15.795     380.172
15.801     383.478
15.807     386.842
15.813     383.478
15.819     386.842
15.824     386.842
15.830     383.478
15.836     386.842
15.842     390.265
15.848     386.842
15.853     393.750
15.859     386.842
15.865     390.265
15.871     390.265
15.877     386.842
15.882     390.265
15.888     390.265
15.894     386.842
15.900     390.265
15.906     390.265
15.911     386.842
15.917     397.297
15.923     386.842
15.929     390.265
15.935     386.842
15.940     386.842
15.946     390.265
15.952     390.265
15.958     386.842
15.964     390.265
15.970     386.842
15.975     386.842
15.981     393.750
15.987     386.842
15.993     390.265
15.999     390.265
16.004     390.265
16.010     390.265
16.016     393.750
16.022     386.842
16.028     390.265
16.033     383.478
16.039     383.478
16.045     390.265
16.051     376.923
16.057     373.729
16.062     370.588
16.068     358.537
16.074     0.000
16.080     0.000
16.086     0.000
16.091     0.000
16.097     0.000
16.103     0.000
16.109     0.000
16.115     0.000
16.120     0.000
16.126     0.000
16.132     386.842
16.138     367.500
16.144     380.172
16.149     380.172
16.155     383.478
16.161     370.588
16.167     380.172
16.173     380.172
16.179     386.842
16.184     393.750
16.190     390.265
16.196     393.750
16.202     383.478
16.208     386.842
16.213     386.842
16.219     390.265
16.225     393.750
16.231     397.297
16.237     380.172
16.242     373.729
16.248     373.729
16.254     376.923
16.260     383.478
16.266     390.265
16.271     380.172
16.277     380.172
16.283     383.478
16.289     376.923
16.295     383.478
16.300     393.750
16.306     383.478
16.312     393.750
16.318     383.478
16.324     373.729
16.329     383.478
16.335     383.478
16.341     386.842
16.347     393.750
16.353     383.478
16.358     376.923
16.364     383.478
16.370     376.923
16.376     386.842
16.382     390.265
16.387     386.842
16.393     393.750
16.399     390.265
16.405     376.923
16.411     386.842
16.417     390.265
16.422     386.842
16.428     404.587
16.434     390.265
16.440     370.588
16.446     358.537
16.451     364.463
16.457     376.923
16.463     393.750
16.469     383.478
16.475     0.000
16.480     0.000
16.486     0.000
16.492     0.000
16.498     0.000
16.504     0.000
16.509     0.000
16.515     0.000
16.521     0.000
16.527     0.000
16.533     0.000
16.538     0.000
16.544     0.000
16.550     0.000
16.556     0.000
16.562     0.000
16.567     0.000
16.573     0.000
16.579     0.000
16.585     0.000
16.591     0.000
16.596     0.000
16.602     0.000
16.608     0.000
16.614     0.000
16.620     0.000
16.625     0.000
16.631     0.000
16.637     0.000
16.643     0.000
16.649     0.000
16.655     464.211
16.660     454.639
16.666     445.455
16.672     445.455
16.678     450.000
16.684     469.149
16.689     490.000
16.695     469.149
16.701     464.211
16.707     459.375
16.713     469.149
16.718     479.348
16.724     479.348
16.730     490.000
16.736     484.615
16.742     474.194
16.747     479.348
16.753     474.194
16.759     490.000
16.765     490.000
16.771     490.000
16.776     490.000
16.782     479.348
16.788     495.506
16.794     479.348
16.800     484.615
16.805     484.615
16.811     495.506
16.817     484.615
16.823     484.615
16.829     495.506
16.834     484.615
16.840     484.615
16.846     490.000
16.852     495.506
16.858     490.000
16.863     490.000
16.869     490.000
16.875     495.506
16.881     484.615
16.887     490.000
16.893     490.000
16.898     495.506
16.904     490.000
16.910     490.000
16.916     501.136
16.922     484.615
16.927     490.000
16.933     490.000
16.939     495.506
16.945     490.000
16.951     490.000
16.956     495.506
16.962     490.000
16.968     490.000
16.974     490.000
16.980     490.000
16.985     490.000
16.991     490.000
16.997     495.506
17.003     490.000
17.009     490.000
17.014     495.506
17.020     490.000
17.026     495.506
17.032     490.000
17.038     495.506
17.043     495.506
17.049     490.000
17.055     495.506
17.061     490.000
17.067     490.000
17.072     490.000
17.078     495.506
17.084     495.506
17.090     490.000
17.096     495.506
17.101     490.000
17.107     490.000
17.113     490.000
17.119     495.506
17.125     484.615
17.131     441.000
17.136     432.353
17.142     441.000
17.148     0.000
17.154     0.000
17.160     0.000
17.165     0.000
17.171     0.000
17.177     0.000
17.183     0.000
17.189     0.000
17.194     0.000
17.200     0.000
17.206     0.000
17.212     0.000
17.218     0.000
17.223     0.000
17.229     0.000
17.235     0.000
17.241     0.000
17.247     0.000
17.252     0.000
17.258     0.000
17.264     0.000
17.270     0.000
17.276     0.000
17.281     0.000
17.287     0.000
17.293     0.000
17.299     0.000
17.305     0.000
17.310     0.000
17.316     0.000
17.322     0.000
17.328     436.634
17.334     436.634
17.340     445.455
17.345     436.634
17.351     432.353
17.357     432.353
17.363     428.155
17.369     432.353
17.374     436.634
17.380     436.634
17.386     436.634
17.392     436.634
17.398     436.634
17.403     432.353
17.409     436.634
17.415     441.000
17.421     436.634
17.427     436.634
17.432     432.353
17.438     436.634
17.444     432.353
17.450     436.634
17.456     441.000
17.461     436.634
17.467     436.634
17.473     436.634
17.479     436.634
17.485     436.634
17.490     432.353
17.496     441.000
17.502     436.634
17.508     436.634
17.514     441.000
17.519     441.000
17.525     445.455
17.531     436.634
17.537     441.000
17.543     441.000
17.548     441.000
17.554     441.000
17.560     441.000
17.566     445.455
17.572     436.634
17.578     441.000
17.583     441.000
17.589     441.000
17.595     445.455
17.601     441.000
17.607     436.634
17.612     436.634
17.618     436.634
17.624     441.000
17.630     441.000
17.636     450.000
17.641     441.000
17.647     436.634
17.653     436.634
17.659     432.353
17.665     436.634
17.670     441.000
17.676     441.000
17.682     441.000
17.688     432.353
17.694     436.634
17.699     436.634
17.705     436.634
17.711     441.000
17.717     441.000
17.723     436.634
17.728     432.353
17.734     436.634
17.740     436.634
17.746     441.000
17.752     450.000
17.757     441.000
17.763     436.634
17.769     432.353
17.775     436.634
17.781     436.634
17.786     441.000
17.792     445.455
17.798     441.000
17.804     441.000
17.810     436.634
17.816     436.634
17.821     445.455
17.827     441.000
17.833     445.455
17.839     441.000
17.845     436.634
17.850     436.634
17.856     441.000
17.862     445.455
17.868     445.455
17.874     445.455
17.879     441.000
17.885     436.634
17.891     436.634
17.897     436.634
17.903     445.455
17.908     445.455
17.914     441.000
17.920     436.634
17.926     436.634
17.932     441.000
17.937     441.000
17.943     441.000
17.949     441.000
17.955     436.634
17.961     436.634
17.966     436.634
17.972     441.000
17.978     441.000
17.984     147.000
17.990     147.492
17.995     147.492
18.001     147.000
18.007     147.000
18.013     147.000
18.019     147.000
18.024     147.000
18.030     0.000
18.036     0.000
18.042     0.000
18.048     0.000
18.054     0.000
18.059     0.000
18.065     0.000
18.071     0.000
18.077     0.000
18.083     0.000
18.088     0.000
18.094     0.000
18.100     0.000
18.106     0.000
18.112     0.000
18.117     0.000
18.123     0.000
18.129     0.000
18.135     0.000
18.141     0.000
18.146     0.000
18.152     0.000
18.158     0.000
18.164     0.000
18.170     0.000
18.175     0.000
18.181     0.000
18.187     0.000
18.193     0.000
18.199     0.000
18.204     0.000
18.210     0.000
18.216     0.000
18.222     0.000
18.228     0.000
18.233     0.000
18.239     0.000
18.245     0.000
18.251     0.000
18.257     0.000
18.262     0.000
18.268     0.000
18.274     0.000
18.280     0.000
18.286     0.000
18.292     0.000
18.297     0.000
18.303     0.000
18.309     0.000
18.315     0.000
18.321     0.000
18.326     0.000
18.332     0.000
18.338     0.000
18.344     0.000
18.350     0.000
18.355     0.000
18.361     0.000
18.367     0.000
18.373     0.000
18.379     0.000
18.384     0.000
18.390     0.000
18.396     0.000
18.402     0.000
18.408     0.000
18.413     0.000
18.419     0.000
18.425     0.000
18.431     370.588
18.437     364.463
18.442     373.729
18.448     370.588
18.454     364.463
18.460     361.475
18.466     370.588
18.471     373.729
18.477     361.475
18.483     367.500
18.489     367.500
18.495     370.588
18.500     355.645
18.506     367.500
18.512     373.729
18.518     358.537
18.524     361.475
18.530     358.537
18.535     373.729
18.541     355.645
18.547     358.537
18.553     370.588
18.559     364.463
18.564     364.463
18.570     361.475
18.576     373.729
18.582     364.463
18.588     361.475
18.593     367.500
18.599     370.588
18.605     0.000
18.611     0.000
18.617     0.000
18.622     0.000
18.628     0.000
18.634     0.000
18.640     0.000
18.646     0.000
18.651     0.000
18.657     0.000
18.663     0.000
18.669     0.000
18.675     0.000
18.680     0.000
18.686     0.000
18.692     0.000
18.698     0.000
18.704     0.000
18.709     0.000
18.715     0.000
18.721     0.000
18.727     0.000
18.733     0.000
18.739     0.000
18.744     0.000
18.750     0.000
18.756     0.000
18.762     0.000
18.768     0.000
18.773     0.000
18.779     0.000
18.785     0.000
18.791     355.645
18.797     358.537
18.802     361.475
18.808     364.463
18.814     352.800
18.820     367.500
18.826     355.645
18.831     355.645
18.837     355.645
18.843     358.537
18.849     364.463
18.855     352.800
18.860     361.475
18.866     355.645
18.872     358.537
18.878     352.800
18.884     358.537
18.889     367.500
18.895     358.537
18.901     361.475
18.907     364.463
18.913     370.588
18.918     358.537
18.924     361.475
18.930     367.500
18.936     367.500
18.942     364.463
18.947     364.463
18.953     373.729
18.959     364.463
18.965     364.463
18.971     367.500
18.977     370.588
18.982     364.463
18.988     364.463
18.994     373.729
19.000     367.500
19.006     364.463
19.011     361.475
19.017     370.588
19.023     364.463
19.029     364.463
19.035     367.500
19.040     364.463
19.046     367.500
19.052     358.537
19.058     370.588
19.064     364.463
19.069     367.500
19.075     364.463
19.081     364.463
19.087     370.588
19.093     364.463
19.098     370.588
19.104     364.463
19.110     370.588
19.116     364.463
19.122     364.463
19.127     370.588
19.133     370.588
19.139     370.588
19.145     367.500
19.151     376.923
19.156     0.000
19.162     0.000
19.168     0.000
19.174     0.000
19.180     0.000
19.185     0.000
19.191     0.000
19.197     0.000
19.203     0.000
19.209     0.000
19.215     0.000
19.220     0.000
19.226     0.000
19.232     0.000
19.238     0.000
19.244     0.000
19.249     0.000
19.255     0.000
19.261     0.000
19.267     0.000
19.273     0.000
19.278     0.000
19.284     0.000
19.290     0.000
19.296     0.000
19.302     0.000
19.307     0.000
19.313     0.000
19.319     0.000
19.325     0.000
19.331     0.000
19.336     0.000
19.342     0.000
19.348     0.000
19.354     0.000
19.360     0.000
19.365     0.000
19.371     0.000
19.377     0.000
19.383     0.000
19.389     0.000
19.394     0.000
19.400     0.000
19.406     0.000
19.412     0.000
19.418     0.000
19.423     0.000
19.429     0.000
19.435     0.000
19.441     0.000
19.447     0.000
19.453     0.000
19.458     0.000
19.464     0.000
19.470     0.000
19.476     0.000
19.482     0.000
19.487     0.000
19.493     0.000
19.499     0.000
19.505     0.000
19.511     0.000
19.516     376.923
19.522     367.500
19.528     364.463
19.534     361.475
19.540     370.588
19.545     364.463
19.551     358.537
19.557     364.463
19.563     364.463
19.569     367.500
19.574     364.463
19.580     373.729
19.586     367.500
19.592     367.500
19.598     364.463
19.603     367.500
19.609     367.500
19.615     361.475
19.621     367.500
19.627     364.463
19.632     370.588
19.638     370.588
19.644     370.588
19.650     372.152
19.656     370.588
19.661     370.588
19.667     369.038
19.673     370.588
19.679     372.152
19.685     370.588
19.691     370.588
19.696     370.588
19.702     369.038
19.708     369.038
19.714     369.038
19.720     369.038
19.725     372.152
19.731     441.000
19.737     436.634
19.743     441.000
19.749     450.000
19.754     441.000
19.760     445.455
19.766     436.634
19.772     428.155
19.778     432.353
19.783     428.155
19.789     441.000
19.795     428.155
19.801     436.634
19.807     441.000
19.812     432.353
19.818     436.634
19.824     436.634
19.830     432.353
19.836     436.634
19.841     432.353
19.847     441.000
19.853     432.353
19.859     432.353
19.865     436.634
19.870     428.155
19.876     432.353
19.882     424.038
19.888     424.038
19.894     432.353
19.900     424.038
19.905     424.038
19.911     428.155
19.917     424.038
19.923     428.155
19.929     428.155
19.934     432.353
19.940     424.038
19.946     428.155
19.952     432.353
19.958     428.155
19.963     436.634
19.969     428.155
19.975     432.353
19.981     436.634
19.987     432.353
19.992     436.634
19.998     436.634
20.004     432.353
20.010     428.155
20.016     432.353
20.021     436.634
20.027     424.038
20.033     432.353
20.039     432.353
20.045     432.353
20.050     436.634
20.056     432.353
20.062     436.634
20.068     432.353
20.074     432.353
20.079     432.353
20.085     428.155
20.091     436.634
20.097     428.155
20.103     432.353
20.108     436.634
20.114     432.353
20.120     432.353
20.126     432.353
20.132     436.634
20.138     432.353
20.143     432.353
20.149     436.634
20.155     432.353
20.161     0.000
20.167     0.000
20.172     0.000
20.178     0.000
20.184     0.000
20.190     0.000
20.196     0.000
20.201     0.000
20.207     0.000
20.213     0.000
20.219     0.000
20.225     428.155
20.230     393.750
20.236     383.478
20.242     383.478
20.248     397.297
20.254     393.750
20.259     397.297
20.265     393.750
20.271     386.842
20.277     383.478
20.283     352.800
20.288     344.531
20.294     336.641
20.300     339.231
20.306     344.531
20.312     344.531
20.317     347.244
20.323     350.000
20.329     350.000
20.335     352.800
20.341     364.463
20.346     358.537
20.352     364.463
20.358     376.923
20.364     370.588
20.370     380.172
20.376     370.588
20.381     373.729
20.387     376.923
20.393     370.588
20.399     373.729
20.405     380.172
20.410     373.729
20.416     373.729
20.422     386.842
20.428     380.172
20.434     386.842
20.439     386.842
20.445     386.842
20.451     390.265
20.457     386.842
20.463     390.265
20.468     397.297
20.474     386.842
20.480     390.265
20.486     393.750
20.492     390.265
20.497     393.750
20.503     393.750
20.509     390.265
20.515     393.750
20.521     393.750
20.526     390.265
20.532     397.297
20.538     386.842
20.544     393.750
20.550     390.265
20.555     390.265
20.561     393.750
20.567     390.265
20.573     390.265
20.579     390.265
20.584     390.265
20.590     383.478
20.596     393.750
20.602     380.172
20.608     386.842
20.614     386.842
20.619     383.478
20.625     390.265
20.631     383.478
20.637     383.478
20.643     383.478
20.648     386.842
20.654     383.478
20.660     390.265
20.666     380.172
20.672     386.842
20.677     386.842
20.683     383.478
20.689     390.265
20.695     386.842
20.701     386.842
20.706     386.842
20.712     386.842
20.718     386.842
20.724     390.265
20.730     386.842
20.735     390.265
20.741     390.265
20.747     383.478
20.753     390.265
20.759     386.842
20.764     386.842
20.770     386.842
20.776     383.478
20.782     383.478
20.788     386.842
20.793     383.478
20.799     386.842
20.805     386.842
20.811     383.478
20.817     390.265
20.822     386.842
20.828     390.265
20.834     390.265
20.840     386.842
20.846     390.265
20.852     390.265
20.857     390.265
20.863     393.750
20.869     390.265
20.875     390.265
20.881     393.750
20.886     393.750
20.892     390.265
20.898     393.750
20.904     390.265
20.910     393.750
20.915     390.265
20.921     390.265
20.927     393.750
20.933     390.265
20.939     390.265
20.944     390.265
20.950     390.265
20.956     386.842
20.962     393.750
20.968     386.842
20.973     393.750
20.979     386.842
20.985     390.265
20.991     390.265
20.997     386.842
21.002     386.842
21.008     386.842
21.014     390.265
21.020     383.478
21.026     393.750
21.031     386.842
21.037     393.750
21.043     386.842
21.049     390.265
21.055     390.265
21.060     386.842
21.066     390.265
21.072     386.842
21.078     390.265
21.084     383.478
21.090     390.265
21.095     376.923
21.101     380.172
21.107     214.078
21.113     217.241
21.119     219.403
21.124     219.403
21.130     220.500
21.136     220.500
21.142     0.000
21.148     0.000
21.153     0.000
21.159     0.000
21.165     0.000
21.171     0.000
21.177     0.000
21.182     0.000
21.188     0.000
21.194     0.000
21.200     0.000
21.206     0.000
21.211     0.000
21.217     0.000
21.223     0.000
21.229     0.000
21.235     0.000
21.240     0.000
21.246     0.000
21.252     0.000
21.258     220.500
21.264     219.403
21.269     219.403
21.275     220.500
21.281     222.727
21.287     304.138
21.293     277.358
21.299     279.114
21.304     280.892
21.310     277.358
21.316     280.892
21.322     284.516
21.328     286.364
21.333     315.000
21.339     319.565
21.345     317.266
21.351     319.565
21.357     324.265
21.362     319.565
21.368     319.565
21.374     324.265
21.380     321.898
21.386     324.265
21.391     321.898
21.397     319.565
21.403     324.265
21.409     317.266
21.415     324.265
21.420     321.898
21.426     321.898
21.432     321.898
21.438     321.898
21.444     321.898
21.449     321.898
21.455     321.898
21.461     319.565
21.467     319.565
21.473     326.667
21.478     319.565
21.484     326.667
21.490     326.667
21.496     321.898
21.502     326.667
21.507     324.265
21.513     326.667
21.519     324.265
21.525     319.565
21.531     331.579
21.537     324.265
21.542     324.265
21.548     331.579
21.554     324.265
21.560     324.265
21.566     329.104
21.571     326.667
21.577     324.265
21.583     326.667
21.589     326.667
21.595     324.265
21.600     324.265
21.606     329.104
21.612     326.667
21.618     321.898
21.624     324.265
21.629     329.104
21.635     319.565
21.641     326.667
21.647     326.667
21.653     319.565
21.658     324.265
21.664     331.579
21.670     321.898
21.676     326.667
21.682     326.667
21.687     326.667
21.693     326.667
21.699     329.104
21.705     329.104
21.711     326.667
21.716     324.265
21.722     331.579
21.728     329.104
21.734     326.667
21.740     331.579
21.745     326.667
21.751     324.265
21.757     331.579
21.763     329.104
21.769     326.667
21.775     331.579
21.780     326.667
21.786     326.667
21.792     329.104
21.798     331.579
21.804     326.667
21.809     324.265
21.815     326.667
21.821     329.104
21.827     324.265
21.833     329.104
21.838     326.667
21.844     324.265
21.850     326.667
21.856     331.579
21.862     329.104
21.867     326.667
21.873     329.104
21.879     326.667
21.885     326.667
21.891     331.579
21.896     331.579
21.902     326.667
21.908     329.104
21.914     331.579
21.920     329.104
21.925     329.104
21.931     331.579
21.937     329.104
21.943     326.667
21.949     331.579
21.954     334.091
21.960     329.104
21.966     331.579
21.972     329.104
21.978     329.104
21.983     329.104
21.989     334.091
21.995     329.104
22.001     329.104
22.007     329.104
22.013     331.579
22.018     329.104
22.024     331.579
22.030     331.579
22.036     326.667
22.042     326.667
22.047     331.579
22.053     329.104
22.059     329.104
22.065     331.579
22.071     329.104
22.076     329.104
22.082     331.579
22.088     331.579
22.094     331.579
22.100     331.579
22.105     329.104
22.111     329.104
22.117     329.104
22.123     0.000
22.129     0.000
22.134     0.000
22.140     0.000
22.146     0.000
22.152     0.000
22.158     0.000
22.163     0.000
22.169     0.000
22.175     0.000
22.181     0.000
22.187     0.000
22.192     0.000
22.198     0.000
22.204     0.000
22.210     0.000
22.216     0.000
22.221     0.000
22.227     0.000
22.233     0.000
22.239     0.000
22.245     0.000
22.251     0.000
22.256     0.000
22.262     0.000
22.268     0.000
22.274     0.000
22.280     0.000
22.285     0.000
22.291     0.000
22.297     0.000
22.303     0.000
22.309     0.000
22.314     0.000
22.320     0.000
22.326     0.000
22.332     0.000
22.338     0.000
22.343     0.000
22.349     0.000
22.355     0.000
22.361     0.000
22.367     0.000
22.372     0.000
22.378     0.000
22.384     0.000
22.390     0.000
22.396     0.000
22.401     0.000
22.407     0.000
22.413     0.000
22.419     0.000
22.425     0.000
22.430     0.000
22.436     0.000
22.442     0.000
22.448     0.000
22.454     0.000
22.460     0.000
22.465     0.000
22.471     0.000
22.477     0.000
22.483     0.000
22.489     0.000
22.494     0.000
22.500     0.000
22.506     0.000
22.512     0.000
22.518     0.000
22.523     0.000
22.529     0.000
22.535     0.000
22.541     0.000
22.547     0.000
22.552     0.000
22.558     0.000
22.564     0.000
22.570     0.000
22.576     0.000
22.581     0.000
22.587     0.000
22.593     0.000
22.599     0.000
22.605     450.000
22.610     441.000
22.616     454.639
22.622     450.000
22.628     441.000
22.634     445.455
22.639     445.455
22.645     436.634
22.651     441.000
22.657     441.000
22.663     441.000
22.668     445.455
22.674     441.000
22.680     0.000
22.686     0.000
22.692     0.000
22.698     0.000
22.703     0.000
22.709     0.000
22.715     0.000
22.721     0.000
22.727     0.000
22.732     0.000
22.738     0.000
22.744     0.000
22.750     0.000
22.756     0.000
22.761     0.000
22.767     0.000
22.773     0.000
22.779     0.000
22.785     0.000
22.790     0.000
22.796     0.000
22.802     0.000
22.808     0.000
22.814     0.000
22.819     0.000
22.825     0.000
22.831     0.000
22.837     0.000
22.843     0.000
22.848     0.000
22.854     0.000
22.860     0.000
22.866     0.000
22.872     0.000
22.877     0.000
22.883     0.000
22.889     0.000
22.895     0.000
22.901     0.000
22.906     0.000
22.912     0.000
22.918     0.000
22.924     0.000
22.930     0.000
22.936     0.000
22.941     0.000
22.947     0.000
22.953     0.000
22.959     0.000
22.965     0.000
22.970     0.000
22.976     0.000
22.982     0.000
22.988     0.000
22.994     0.000
22.999     0.000
23.005     0.000
23.011     0.000
23.017     0.000
23.023     0.000
23.028     0.000
23.034     0.000
23.040     0.000
23.046     0.000
23.052     0.000
23.057     0.000
23.063     0.000
23.069     0.000
23.075     0.000
23.081     0.000
23.086     0.000
23.092     0.000
23.098     0.000
23.104     0.000
23.110     0.000
23.115     0.000
23.121     0.000
23.127     0.000
23.133     0.000
23.139     0.000
23.144     0.000
23.150     0.000
23.156     0.000
23.162     0.000
23.168     0.000
23.174     0.000
23.179     0.000
23.185     0.000
23.191     0.000
23.197     0.000
23.203     0.000
23.208     0.000
23.214     0.000
23.220     0.000
23.226     0.000
23.232     0.000
23.237     0.000
23.243     0.000
23.249     0.000
23.255     0.000
23.261     393.750
23.266     393.750
23.272     397.297
23.278     390.265
23.284     393.750
23.290     0.000
23.295     0.000
23.301     0.000
23.307     0.000
23.313     0.000
23.319     0.000
23.324     0.000
23.330     0.000
23.336     0.000
23.342     0.000
23.348     0.000
23.353     0.000
23.359     0.000
23.365     0.000
23.371     0.000
23.377     0.000
23.382     0.000
23.388     0.000
23.394     0.000
23.400     0.000
23.406     0.000
23.412     0.000
23.417     0.000
23.423     0.000
23.429     0.000
23.435     0.000
23.441     0.000
23.446     0.000
23.452     0.000
23.458     0.000
23.464     0.000
23.470     0.000
23.475     0.000
23.481     0.000
23.487     0.000
23.493     0.000
23.499     0.000
23.504     0.000
23.510     0.000
23.516     0.000
23.522     0.000
23.528     0.000
23.533     0.000
23.539     0.000
23.545     0.000
23.551     370.588
23.557     373.729
23.562     370.588
23.568     390.265
23.574     380.172
23.580     370.588
23.586     373.729
23.591     370.588
23.597     373.729
23.603     373.729
23.609     383.478
23.615     376.923
23.620     370.588
23.626     373.729
23.632     370.588
23.638     373.729
23.644     373.729
23.650     376.923
23.655     373.729
23.661     370.588
23.667     367.500
23.673     370.588
23.679     376.923
23.684     370.588
23.690     373.729
23.696     370.588
23.702     370.588
23.708     367.500
23.713     373.729
23.719     376.923
23.725     367.500
23.731     373.729
23.737     364.463
23.742     370.588
23.748     367.500
23.754     376.923
23.760     373.729
23.766     367.500
23.771     373.729
23.777     367.500
23.783     370.588
23.789     370.588
23.795     373.729
23.800     370.588
23.806     364.463
23.812     370.588
23.818     370.588
23.824     373.729
23.829     370.588
23.835     370.588
23.841     367.500
23.847     361.475
23.853     370.588
23.859     370.588
23.864     367.500
23.870     367.500
23.876     361.475
23.882     361.475
23.888     358.537
23.893     364.463
23.899     364.463
23.905     361.475
23.911     358.537
23.917     361.475
23.922     355.645
23.928     361.475
23.934     364.463
23.940     358.537
23.946     361.475
23.951     355.645
23.957     367.500
23.963     361.475
23.969     367.500
23.975     367.500
23.980     364.463
23.986     364.463
23.992     364.463
23.998     370.588
24.004     367.500
24.009     370.588
24.015     367.500
24.021     364.463
24.027     367.500
24.033     367.500
24.038     367.500
24.044     370.588
24.050     367.500
24.056     367.500
24.062     361.475
24.067     364.463
24.073     367.500
24.079     364.463
24.085     364.463
24.091     361.475
24.097     370.588
24.102     361.475
24.108     361.475
24.114     370.588
24.120     364.463
24.126     367.500
24.131     364.463
24.137     373.729
24.143     367.500
24.149     367.500
24.155     370.588
24.160     370.588
24.166     370.588
24.172     370.588
24.178     373.729
24.184     370.588
24.189     367.500
24.195     367.500
24.201     370.588
24.207     373.729
24.213     370.588
24.218     373.729
24.224     370.588
24.230     370.588
24.236     364.463
24.242     367.500
24.247     380.172
24.253     370.588
24.259     370.588
24.265     370.588
24.271     380.172
24.276     376.923
24.282     373.729
24.288     376.923
24.294     383.478
24.300     364.463
24.305     370.588
24.311     376.923
24.317     373.729
24.323     373.729
24.329     361.475
24.335     373.729
24.340     367.500
24.346     373.729
24.352     370.588
24.358     367.500
24.364     373.729
24.369     364.463
24.375     370.588
24.381     373.729
24.387     373.729
24.393     373.729
24.398     367.500
24.404     373.729
24.410     367.500
24.416     370.588
24.422     373.729
24.427     373.729
24.433     373.729
24.439     367.500
24.445     370.588
24.451     370.588
24.456     373.729
24.462     373.729
24.468     370.588
24.474     373.729
24.480     367.500
24.485     367.500
24.491     373.729
24.497     373.729
24.503     367.500
24.509     364.463
24.514     370.588
24.520     370.588
24.526     364.463
24.532     373.729
24.538     376.923
24.543     367.500
24.549     367.500
24.555     367.500
24.561     376.923
24.567     370.588
24.573     367.500
24.578     370.588
24.584     370.588
24.590     370.588
24.596     370.588
24.602     373.729
24.607     373.729
24.613     373.729
24.619     373.729
24.625     373.729
24.631     373.729
24.636     373.729
24.642     373.729
24.648     373.729
24.654     376.923
24.660     373.729
24.665     0.000
24.671     0.000
24.677     0.000
24.683     0.000
24.689     0.000
24.694     0.000
24.700     0.000
24.706     0.000
24.712     0.000
24.718     0.000
24.723     0.000
24.729     0.000
24.735     0.000
24.741     0.000
24.747     0.000
24.752     0.000
24.758     0.000
24.764     0.000
24.770     0.000
24.776     0.000
24.781     0.000
24.787     0.000
24.793     0.000
24.799     0.000
24.805     0.000
24.811     0.000
24.816     0.000
24.822     0.000
24.828     0.000
24.834     0.000
24.840     0.000
24.845     0.000
24.851     0.000
24.857     0.000
24.863     0.000
24.869     0.000
24.874     0.000
24.880     0.000
24.886     0.000
24.892     0.000
24.898     0.000
24.903     0.000
24.909     0.000
24.915     0.000
24.921     0.000
24.927     0.000
24.932     0.000
24.938     0.000
24.944     0.000
24.950     0.000
24.956     0.000
24.961     0.000
24.967     0.000
24.973     0.000
24.979     0.000
24.985     0.000
24.990     0.000
24.996     0.000
25.002     0.000
25.008     0.000
25.014     0.000
25.020     0.000
25.025     0.000
25.031     0.000
25.037     0.000
25.043     0.000
25.049     0.000
25.054     0.000
25.060     0.000
25.066     0.000
25.072     0.000
25.078     0.000
25.083     0.000
25.089     0.000
25.095     0.000
25.101     0.000
25.107     0.000
25.112     0.000
25.118     0.000
25.124     0.000
25.130     0.000
25.136     0.000
25.141     0.000
25.147     0.000
25.153     0.000
25.159     0.000
25.165     0.000
25.170     0.000
25.176     0.000
25.182     0.000
25.188     0.000
25.194     0.000
25.199     0.000
25.205     0.000
25.211     0.000
25.217     0.000
25.223     0.000
25.228     0.000
25.234     0.000
25.240     0.000
25.246     0.000
25.252     0.000
25.258     0.000
25.263     0.000
25.269     0.000
25.275     0.000
25.281     0.000
25.287     0.000
25.292     0.000
25.298     0.000
25.304     0.000
25.310     0.000
25.316     0.000
25.321     0.000
25.327     0.000
25.333     0.000
25.339     0.000
25.345     0.000
25.350     0.000
25.356     0.000
25.362     0.000
25.368     0.000
25.374     0.000
25.379     0.000
25.385     0.000
25.391     0.000
25.397     0.000
25.403     0.000
