0.000     0.000
0.006     0.000
0.012     0.000
0.017     0.000
0.023     0.000
0.029     0.000
0.035     0.000
0.041     0.000
0.046     0.000
0.052     0.000
0.058     0.000
0.064     0.000
0.070     0.000
0.075     0.000
0.081     0.000
0.087     0.000
0.093     0.000
0.099     0.000
0.104     0.000
0.110     0.000
0.116     0.000
0.122     0.000
0.128     0.000
0.134     0.000
0.139     0.000
0.145     0.000
0.151     0.000
0.157     0.000
0.163     0.000
0.168     0.000
0.174     0.000
0.180     165.789
0.186     165.789
0.192     165.169
0.197     165.789
0.203     165.789
0.209     165.789
0.215     165.789
0.221     668.182
0.226     668.182
0.232     668.182
0.238     668.182
0.244     668.182
0.250     668.182
0.255     658.209
0.261     658.209
0.267     639.130
0.273     630.000
0.279     604.110
0.284     595.946
0.290     588.000
0.296     580.263
0.302     580.263
0.308     580.263
0.313     580.263
0.319     588.000
0.325     595.946
0.331     612.500
0.337     630.000
0.342     648.529
0.348     658.209
0.354     678.462
0.360     678.462
0.366     689.062
0.372     678.462
0.377     678.462
0.383     678.462
0.389     668.182
0.395     658.209
0.401     639.130
0.406     0.000
0.412     0.000
0.418     0.000
0.424     0.000
0.430     0.000
0.435     0.000
0.441     0.000
0.447     0.000
0.453     0.000
0.459     0.000
0.464     0.000
0.470     0.000
0.476     0.000
0.482     0.000
0.488     0.000
0.493     0.000
0.499     0.000
0.505     0.000
0.511     0.000
0.517     0.000
0.522     0.000
0.528     0.000
0.534     0.000
0.540     0.000
0.546     0.000
0.551     0.000
0.557     0.000
0.563     0.000
0.569     0.000
0.575     0.000
0.580     630.000
0.586     621.127
0.592     612.500
0.598     604.110
0.604     588.000
0.610     580.263
0.615     565.385
0.621     565.385
0.627     558.228
0.633     558.228
0.639     558.228
0.644     565.385
0.650     565.385
0.656     572.727
0.662     588.000
0.668     604.110
0.673     612.500
0.679     621.127
0.685     639.130
0.691     648.529
0.697     658.209
0.702     658.209
0.708     663.158
0.714     658.209
0.720     658.209
0.726     648.529
0.731     648.529
0.737     639.130
0.743     630.000
0.749     621.127
0.755     604.110
0.760     588.000
0.766     580.263
0.772     572.727
0.778     565.385
0.784     565.385
0.789     565.385
0.795     572.727
0.801     580.263
0.807     595.946
0.813     604.110
0.819     621.127
0.824     639.130
0.830     658.209
0.836     668.182
0.842     678.462
0.848     689.062
0.853     700.000
0.859     700.000
0.865     700.000
0.871     700.000
0.877     689.062
0.882     678.462
0.888     668.182
0.894     668.182
0.900     658.209
0.906     648.529
0.911     630.000
0.917     621.127
0.923     612.500
0.929     612.500
0.935     612.500
0.940     612.500
0.946     612.500
0.952     621.127
0.958     630.000
0.964     648.529
0.969     658.209
0.975     678.462
0.981     689.062
0.987     700.000
0.993     700.000
0.998     700.000
1.004     700.000
1.010     700.000
1.016     689.062
1.022     334.091
1.027     321.898
1.033     334.091
1.039     324.265
1.045     331.579
1.051     334.091
1.057     336.641
1.062     339.231
1.068     341.860
1.074     336.641
1.080     331.579
1.086     0.000
1.091     0.000
1.097     0.000
1.103     0.000
1.109     0.000
1.115     0.000
1.120     0.000
1.126     0.000
1.132     0.000
1.138     0.000
1.144     0.000
1.149     0.000
1.155     0.000
1.161     0.000
1.167     0.000
1.173     0.000
1.178     0.000
1.184     0.000
1.190     0.000
1.196     747.458
1.202     735.000
1.207     722.951
1.213     711.290
1.219     711.290
1.225     700.000
1.231     700.000
1.236     700.000
1.242     700.000
1.248     700.000
1.254     700.000
1.260     711.290
1.265     711.290
1.271     722.951
1.277     735.000
1.283     760.345
1.289     773.684
1.295     787.500
1.300     787.500
1.306     787.500
1.312     787.500
1.318     787.500
1.324     773.684
1.329     760.345
1.335     735.000
1.341     722.951
1.347     711.290
1.353     700.000
1.358     678.462
1.364     668.182
1.370     668.182
1.376     658.209
1.382     658.209
1.387     658.209
1.393     668.182
1.399     678.462
1.405     678.462
1.411     689.062
1.416     700.000
1.422     711.290
1.428     722.951
1.434     722.951
1.440     735.000
1.445     735.000
1.451     735.000
1.457     735.000
1.463     722.951
1.469     711.290
1.474     711.290
1.480     700.000
1.486     678.462
1.492     658.209
1.498     630.000
1.503     612.500
1.509     604.110
1.515     595.946
1.521     604.110
1.527     604.110
1.533     621.127
1.538     630.000
1.544     639.130
1.550     648.529
1.556     658.209
1.562     668.182
1.567     668.182
1.573     678.462
1.579     678.462
1.585     689.062
1.591     689.062
1.596     678.462
1.602     678.462
1.608     668.182
1.614     658.209
1.620     639.130
1.625     630.000
1.631     621.127
1.637     612.500
1.643     604.110
1.649     595.946
1.654     604.110
1.660     604.110
1.666     612.500
1.672     621.127
1.678     630.000
1.683     639.130
1.689     648.529
1.695     658.209
1.701     668.182
1.707     668.182
1.712     678.462
1.718     668.182
1.724     668.182
1.730     658.209
1.736     648.529
1.741     639.130
1.747     639.130
1.753     668.182
1.759     689.062
1.765     678.462
1.771     668.182
1.776     668.182
1.782     668.182
1.788     668.182
1.794     668.182
1.800     658.209
1.805     658.209
1.811     658.209
1.817     630.000
1.823     612.500
1.829     621.127
1.834     621.127
1.840     630.000
1.846     639.130
1.852     648.529
1.858     648.529
1.863     648.529
1.869     648.529
1.875     648.529
1.881     639.130
1.887     630.000
1.892     621.127
1.898     612.500
1.904     595.946
1.910     588.000
1.916     580.263
1.921     572.727
1.927     565.385
1.933     565.385
1.939     565.385
1.945     565.385
1.950     572.727
1.956     580.263
1.962     580.263
1.968     595.946
1.974     604.110
1.980     612.500
1.985     621.127
1.991     630.000
1.997     639.130
2.003     648.529
2.009     648.529
2.014     648.529
2.020     648.529
2.026     648.529
2.032     639.130
2.038     630.000
2.043     621.127
2.049     612.500
2.055     604.110
2.061     565.385
2.067     544.444
2.072     551.250
2.078     580.263
2.084     595.946
2.090     612.500
2.096     621.127
2.101     630.000
2.107     639.130
2.113     648.529
2.119     668.182
2.125     678.462
2.130     689.062
2.136     700.000
2.142     700.000
2.148     700.000
2.154     689.062
2.159     689.062
2.165     678.462
2.171     668.182
2.177     648.529
2.183     648.529
2.188     639.130
2.194     639.130
2.200     639.130
2.206     639.130
2.212     639.130
2.218     0.000
2.223     0.000
2.229     0.000
2.235     0.000
2.241     0.000
2.247     0.000
2.252     0.000
2.258     0.000
2.264     0.000
2.270     0.000
2.276     0.000
2.281     0.000
2.287     0.000
2.293     0.000
2.299     0.000
2.305     0.000
2.310     0.000
2.316     0.000
2.322     0.000
2.328     0.000
2.334     0.000
2.339     0.000
2.345     0.000
2.351     0.000
2.357     0.000
2.363     0.000
2.368     604.110
2.374     604.110
2.380     612.500
2.386     612.500
2.392     621.127
2.397     621.127
2.403     621.127
2.409     630.000
2.415     630.000
2.421     630.000
2.426     630.000
2.432     621.127
2.438     621.127
2.444     612.500
2.450     604.110
2.456     595.946
2.461     580.263
2.467     572.727
2.473     565.385
2.479     558.228
2.485     551.250
2.490     551.250
2.496     551.250
2.502     551.250
2.508     558.228
2.514     565.385
2.519     572.727
2.525     588.000
2.531     595.946
2.537     604.110
2.543     604.110
2.548     612.500
2.554     612.500
2.560     612.500
2.566     612.500
2.572     612.500
2.577     604.110
2.583     604.110
2.589     588.000
2.595     580.263
2.601     565.385
2.606     558.228
2.612     551.250
2.618     580.263
2.624     588.000
2.630     205.116
2.635     0.000
2.641     0.000
2.647     0.000
2.653     436.634
2.659     450.000
2.664     479.348
2.670     490.000
2.676     495.506
2.682     0.000
2.688     0.000
2.694     0.000
2.699     0.000
2.705     0.000
2.711     0.000
2.717     0.000
2.723     0.000
2.728     0.000
2.734     0.000
2.740     0.000
2.746     0.000
2.752     0.000
2.757     0.000
2.763     0.000
2.769     0.000
2.775     0.000
2.781     0.000
2.786     0.000
2.792     479.348
2.798     484.615
2.804     490.000
2.810     495.506
2.815     501.136
2.821     0.000
2.827     0.000
2.833     0.000
2.839     0.000
2.844     0.000
2.850     0.000
2.856     0.000
2.862     0.000
2.868     0.000
2.873     0.000
2.879     0.000
2.885     0.000
2.891     0.000
2.897     0.000
2.902     0.000
2.908     0.000
2.914     0.000
2.920     0.000
2.926     0.000
2.932     0.000
2.937     0.000
2.943     0.000
2.949     0.000
2.955     0.000
2.961     0.000
2.966     0.000
2.972     0.000
2.978     0.000
2.984     0.000
2.990     0.000
2.995     0.000
3.001     0.000
3.007     0.000
3.013     0.000
3.019     0.000
3.024     0.000
3.030     0.000
3.036     0.000
3.042     0.000
3.048     0.000
3.053     537.805
3.059     537.805
3.065     531.325
3.071     531.325
3.077     531.325
3.082     531.325
3.088     531.325
3.094     537.805
3.100     544.444
3.106     551.250
3.111     558.228
3.117     565.385
3.123     572.727
3.129     580.263
3.135     588.000
3.140     588.000
3.146     595.946
3.152     595.946
3.158     595.946
3.164     595.946
3.170     588.000
3.175     588.000
3.181     580.263
3.187     565.385
3.193     558.228
3.199     544.444
3.204     537.805
3.210     531.325
3.216     525.000
3.222     518.824
3.228     512.791
3.233     518.824
3.239     518.824
3.245     525.000
3.251     537.805
3.257     551.250
3.262     558.228
3.268     0.000
3.274     0.000
3.280     0.000
3.286     0.000
3.291     0.000
3.297     0.000
3.303     0.000
3.309     0.000
3.315     0.000
3.320     0.000
3.326     0.000
3.332     0.000
3.338     0.000
3.344     0.000
3.349     0.000
3.355     0.000
3.361     0.000
3.367     0.000
3.373     0.000
3.379     0.000
3.384     0.000
3.390     0.000
3.396     0.000
3.402     0.000
3.408     0.000
3.413     0.000
3.419     0.000
3.425     0.000
3.431     0.000
3.437     0.000
3.442     0.000
3.448     0.000
3.454     0.000
3.460     0.000
3.466     0.000
3.471     0.000
3.477     0.000
3.483     0.000
3.489     0.000
3.495     0.000
3.500     0.000
3.506     0.000
3.512     0.000
3.518     0.000
3.524     0.000
3.529     0.000
3.535     0.000
3.541     0.000
3.547     0.000
3.553     0.000
3.558     0.000
3.564     0.000
3.570     0.000
3.576     0.000
3.582     0.000
3.587     0.000
3.593     0.000
3.599     0.000
3.605     0.000
3.611     0.000
3.617     0.000
3.622     0.000
3.628     0.000
3.634     0.000
3.640     0.000
3.646     0.000
3.651     0.000
3.657     0.000
3.663     0.000
3.669     0.000
3.675     0.000
3.680     0.000
3.686     0.000
3.692     0.000
3.698     0.000
3.704     0.000
3.709     0.000
3.715     0.000
3.721     0.000
3.727     0.000
3.733     0.000
3.738     0.000
3.744     0.000
3.750     0.000
3.756     0.000
3.762     0.000
3.767     0.000
3.773     0.000
3.779     0.000
3.785     0.000
3.791     0.000
3.796     0.000
3.802     0.000
3.808     0.000
3.814     0.000
3.820     0.000
3.825     0.000
3.831     0.000
3.837     0.000
3.843     0.000
3.849     0.000
3.855     0.000
3.860     0.000
3.866     0.000
3.872     0.000
3.878     0.000
3.884     0.000
3.889     0.000
3.895     0.000
3.901     0.000
3.907     0.000
3.913     0.000
3.918     0.000
3.924     0.000
3.930     0.000
3.936     0.000
3.942     0.000
3.947     0.000
3.953     0.000
3.959     0.000
3.965     0.000
3.971     0.000
3.976     0.000
3.982     0.000
3.988     0.000
3.994     0.000
4.000     0.000
4.005     0.000
4.011     0.000
4.017     0.000
4.023     0.000
4.029     0.000
4.034     0.000
4.040     0.000
4.046     0.000
4.052     0.000
4.058     0.000
4.063     0.000
4.069     0.000
4.075     0.000
4.081     0.000
4.087     0.000
4.093     0.000
4.098     0.000
4.104     0.000
4.110     0.000
4.116     0.000
4.122     0.000
4.127     0.000
4.133     0.000
4.139     0.000
4.145     0.000
4.151     0.000
4.156     0.000
4.162     0.000
4.168     0.000
4.174     0.000
4.180     0.000
4.185     0.000
4.191     0.000
4.197     0.000
4.203     0.000
4.209     0.000
4.214     0.000
4.220     0.000
4.226     0.000
4.232     0.000
4.238     0.000
4.243     0.000
4.249     0.000
4.255     0.000
4.261     0.000
4.267     0.000
4.272     0.000
4.278     0.000
4.284     0.000
4.290     0.000
4.296     0.000
4.301     0.000
4.307     0.000
4.313     0.000
4.319     0.000
4.325     0.000
4.331     0.000
4.336     0.000
4.342     0.000
4.348     0.000
4.354     0.000
4.360     0.000
4.365     0.000
4.371     0.000
4.377     0.000
4.383     0.000
4.389     0.000
4.394     0.000
4.400     0.000
4.406     0.000
4.412     0.000
4.418     0.000
4.423     0.000
4.429     0.000
4.435     0.000
4.441     0.000
4.447     0.000
4.452     0.000
4.458     0.000
4.464     0.000
4.470     0.000
4.476     0.000
4.481     0.000
4.487     0.000
4.493     0.000
4.499     0.000
4.505     0.000
4.510     0.000
4.516     0.000
4.522     0.000
4.528     0.000
4.534     0.000
4.540     0.000
4.545     0.000
4.551     0.000
4.557     0.000
4.563     0.000
4.569     0.000
4.574     0.000
4.580     0.000
4.586     0.000
4.592     0.000
4.598     0.000
4.603     0.000
4.609     0.000
4.615     0.000
4.621     0.000
4.627     0.000
4.632     0.000
4.638     0.000
4.644     0.000
4.650     0.000
4.656     0.000
4.661     0.000
4.667     0.000
4.673     0.000
4.679     0.000
4.685     0.000
4.690     0.000
4.696     0.000
4.702     0.000
4.708     0.000
4.714     0.000
4.719     0.000
4.725     0.000
4.731     0.000
4.737     0.000
4.743     331.579
4.748     329.104
4.754     331.579
4.760     321.898
4.766     326.667
4.772     324.265
4.778     324.265
4.783     321.898
4.789     319.565
4.795     319.565
4.801     0.000
4.807     0.000
4.812     0.000
4.818     0.000
4.824     0.000
4.830     0.000
4.836     0.000
4.841     0.000
4.847     0.000
4.853     0.000
4.859     0.000
4.865     0.000
4.870     0.000
4.876     0.000
4.882     0.000
4.888     0.000
4.894     0.000
4.899     0.000
4.905     0.000
4.911     0.000
4.917     0.000
4.923     0.000
4.928     0.000
4.934     0.000
4.940     0.000
4.946     0.000
4.952     0.000
4.957     0.000
4.963     0.000
4.969     0.000
4.975     0.000
4.981     0.000
4.986     0.000
4.992     0.000
4.998     0.000
5.004     0.000
5.010     0.000
5.016     0.000
5.021     0.000
5.027     0.000
5.033     0.000
5.039     0.000
5.045     0.000
5.050     0.000
5.056     0.000
5.062     0.000
5.068     0.000
5.074     0.000
5.079     0.000
5.085     0.000
5.091     0.000
5.097     0.000
5.103     0.000
5.108     0.000
5.114     0.000
5.120     0.000
5.126     0.000
5.132     0.000
5.137     0.000
5.143     0.000
5.149     0.000
5.155     0.000
5.161     0.000
5.166     0.000
5.172     0.000
5.178     0.000
5.184     0.000
5.190     0.000
5.195     0.000
5.201     0.000
5.207     0.000
5.213     0.000
5.219     0.000
5.224     0.000
5.230     0.000
5.236     0.000
5.242     0.000
5.248     0.000
5.254     0.000
5.259     0.000
5.265     0.000
5.271     0.000
5.277     0.000
5.283     0.000
5.288     0.000
5.294     0.000
5.300     0.000
5.306     0.000
5.312     0.000
5.317     0.000
5.323     0.000
5.329     0.000
5.335     0.000
5.341     0.000
5.346     0.000
5.352     0.000
5.358     0.000
5.364     0.000
5.370     0.000
5.375     0.000
5.381     0.000
5.387     0.000
5.393     0.000
5.399     0.000
5.404     0.000
5.410     0.000
5.416     0.000
5.422     0.000
5.428     0.000
5.433     0.000
5.439     0.000
5.445     0.000
5.451     0.000
5.457     0.000
5.462     0.000
5.468     0.000
5.474     0.000
5.480     0.000
5.486     0.000
5.492     0.000
5.497     0.000
5.503     0.000
5.509     0.000
5.515     0.000
5.521     0.000
5.526     0.000
5.532     0.000
5.538     0.000
5.544     0.000
5.550     0.000
5.555     0.000
5.561     0.000
5.567     326.667
5.573     329.104
5.579     329.104
5.584     329.104
5.590     331.579
5.596     329.104
5.602     329.104
5.608     329.104
5.613     329.104
5.619     326.667
5.625     326.667
5.631     324.265
5.637     324.265
5.642     324.265
5.648     324.265
5.654     324.265
5.660     324.265
5.666     324.265
5.671     324.265
5.677     324.265
5.683     658.209
5.689     658.209
5.695     668.182
5.700     668.182
5.706     668.182
5.712     678.462
5.718     678.462
5.724     678.462
5.730     678.462
5.735     678.462
5.741     678.462
5.747     678.462
5.753     678.462
5.759     668.182
5.764     658.209
5.770     648.529
5.776     639.130
5.782     630.000
5.788     630.000
5.793     621.127
5.799     612.500
5.805     612.500
5.811     621.127
5.817     621.127
5.822     630.000
5.828     630.000
5.834     639.130
5.840     658.209
5.846     668.182
5.851     678.462
5.857     689.062
5.863     700.000
5.869     711.290
5.875     711.290
5.880     722.951
5.886     722.951
5.892     722.951
5.898     711.290
5.904     711.290
5.909     700.000
5.915     689.062
5.921     678.462
5.927     658.209
5.933     639.130
5.939     621.127
5.944     612.500
5.950     595.946
5.956     595.946
5.962     588.000
5.968     595.946
5.973     604.110
5.979     612.500
5.985     630.000
5.991     648.529
5.997     668.182
6.002     678.462
6.008     689.062
6.014     700.000
6.020     700.000
6.026     711.290
6.031     711.290
6.037     711.290
6.043     700.000
6.049     700.000
6.055     678.462
6.060     673.282
6.066     668.182
6.072     339.231
6.078     336.641
6.084     336.641
6.089     334.091
6.095     339.231
6.101     315.000
6.107     310.563
6.113     648.529
6.118     658.209
6.124     668.182
6.130     678.462
6.136     678.462
6.142     668.182
6.147     658.209
6.153     648.529
6.159     658.209
6.165     668.182
6.171     668.182
6.177     668.182
6.182     658.209
6.188     658.209
6.194     658.209
6.200     668.182
6.206     668.182
6.211     668.182
6.217     668.182
6.223     668.182
6.229     668.182
6.235     658.209
6.240     648.529
6.246     639.130
6.252     621.127
6.258     612.500
6.264     604.110
6.269     595.946
6.275     595.946
6.281     595.946
6.287     595.946
6.293     604.110
6.298     612.500
6.304     621.127
6.310     630.000
6.316     639.130
6.322     658.209
6.327     678.462
6.333     689.062
6.339     689.062
6.345     700.000
6.351     700.000
6.356     689.062
6.362     689.062
6.368     689.062
6.374     689.062
6.380     678.462
6.385     678.462
6.391     668.182
6.397     668.182
6.403     658.209
6.409     648.529
6.415     648.529
6.420     648.529
6.426     648.529
6.432     648.529
6.438     658.209
6.444     658.209
6.449     658.209
6.455     668.182
6.461     678.462
6.467     689.062
6.473     689.062
6.478     689.062
6.484     689.062
6.490     689.062
6.496     689.062
6.502     678.462
6.507     678.462
6.513     668.182
6.519     668.182
6.525     658.209
6.531     658.209
6.536     0.000
6.542     0.000
6.548     0.000
6.554     0.000
6.560     0.000
6.565     0.000
6.571     0.000
6.577     0.000
6.583     0.000
6.589     0.000
6.594     0.000
6.600     0.000
6.606     0.000
6.612     0.000
6.618     0.000
6.623     0.000
6.629     0.000
6.635     0.000
6.641     0.000
6.647     0.000
6.653     0.000
6.658     0.000
6.664     0.000
6.670     0.000
6.676     0.000
6.682     0.000
6.687     0.000
6.693     0.000
6.699     0.000
6.705     0.000
6.711     0.000
6.716     0.000
6.722     0.000
6.728     630.000
6.734     630.000
6.740     630.000
6.745     630.000
6.751     639.130
6.757     639.130
6.763     639.130
6.769     639.130
6.774     639.130
6.780     639.130
6.786     630.000
6.792     621.127
6.798     612.500
6.803     595.946
6.809     588.000
6.815     588.000
6.821     580.263
6.827     580.263
6.832     580.263
6.838     580.263
6.844     580.263
6.850     588.000
6.856     595.946
6.861     604.110
6.867     612.500
6.873     612.500
6.879     621.127
6.885     630.000
6.891     639.130
6.896     648.529
6.902     658.209
6.908     658.209
6.914     658.209
6.920     668.182
6.925     658.209
6.931     658.209
6.937     658.209
6.943     648.529
6.949     639.130
6.954     630.000
6.960     612.500
6.966     604.110
6.972     595.946
6.978     580.263
6.983     580.263
6.989     580.263
6.995     580.263
7.001     580.263
7.007     588.000
7.012     595.946
7.018     604.110
7.024     612.500
7.030     621.127
7.036     630.000
7.041     648.529
7.047     658.209
7.053     668.182
7.059     668.182
7.065     678.462
7.070     678.462
7.076     678.462
7.082     678.462
7.088     678.462
7.094     678.462
7.100     668.182
7.105     668.182
7.111     658.209
7.117     648.529
7.123     639.130
7.129     630.000
7.134     630.000
7.140     621.127
7.146     621.127
7.152     621.127
7.158     621.127
7.163     630.000
7.169     639.130
7.175     639.130
7.181     639.130
7.187     639.130
7.192     630.000
7.198     551.250
7.204     551.250
7.210     551.250
7.216     551.250
7.221     558.228
7.227     558.228
7.233     558.228
7.239     565.385
7.245     0.000
7.250     0.000
7.256     0.000
7.262     0.000
7.268     0.000
7.274     0.000
7.279     0.000
7.285     0.000
7.291     0.000
7.297     0.000
7.303     0.000
7.308     0.000
7.314     0.000
7.320     0.000
7.326     0.000
7.332     0.000
7.338     0.000
7.343     0.000
7.349     0.000
7.355     0.000
7.361     0.000
7.367     0.000
7.372     0.000
7.378     0.000
7.384     0.000
7.390     0.000
7.396     0.000
7.401     0.000
7.407     0.000
7.413     0.000
7.419     0.000
7.425     0.000
7.430     0.000
7.436     0.000
7.442     0.000
7.448     0.000
7.454     565.385
7.459     558.228
7.465     565.385
7.471     558.228
7.477     558.228
7.483     565.385
7.488     565.385
7.494     580.263
7.500     580.263
7.506     595.946
7.512     595.946
7.517     604.110
7.523     612.500
7.529     612.500
7.535     612.500
7.541     612.500
7.546     612.500
7.552     612.500
7.558     604.110
7.564     604.110
7.570     595.946
7.576     588.000
7.581     580.263
7.587     565.385
7.593     558.228
7.599     558.228
7.605     558.228
7.610     558.228
7.616     558.228
7.622     558.228
7.628     565.385
7.634     580.263
7.639     595.946
7.645     612.500
7.651     612.500
7.657     621.127
7.663     639.130
7.668     648.529
7.674     658.209
7.680     668.182
7.686     668.182
7.692     678.462
7.697     678.462
7.703     678.462
7.709     678.462
7.715     668.182
7.721     668.182
7.726     658.209
7.732     648.529
7.738     648.529
7.744     639.130
7.750     630.000
7.755     612.500
7.761     612.500
7.767     604.110
7.773     604.110
7.779     604.110
7.784     604.110
7.790     612.500
7.796     621.127
7.802     630.000
7.808     639.130
7.814     648.529
7.819     658.209
7.825     668.182
7.831     668.182
7.837     668.182
7.843     668.182
7.848     668.182
7.854     668.182
7.860     658.209
7.866     639.130
7.872     580.263
7.877     0.000
7.883     0.000
7.889     0.000
7.895     0.000
7.901     0.000
7.906     0.000
7.912     0.000
7.918     0.000
7.924     0.000
7.930     0.000
7.935     0.000
7.941     0.000
7.947     0.000
7.953     0.000
7.959     0.000
7.964     0.000
7.970     0.000
7.976     0.000
7.982     0.000
7.988     0.000
7.993     0.000
7.999     0.000
8.005     0.000
8.011     0.000
8.017     0.000
8.022     0.000
8.028     0.000
8.034     0.000
8.040     0.000
8.046     0.000
8.052     0.000
8.057     0.000
8.063     0.000
8.069     0.000
8.075     0.000
8.081     0.000
8.086     0.000
8.092     0.000
8.098     630.000
8.104     612.500
8.110     604.110
8.115     588.000
8.121     588.000
8.127     580.263
8.133     580.263
8.139     580.263
8.144     588.000
8.150     595.946
8.156     612.500
8.162     630.000
8.168     639.130
8.173     658.209
8.179     678.462
8.185     689.062
8.191     700.000
8.197     711.290
8.202     722.951
8.208     722.951
8.214     722.951
8.220     722.951
8.226     722.951
8.231     711.290
8.237     700.000
8.243     689.062
8.249     678.462
8.255     658.209
8.260     639.130
8.266     621.127
8.272     604.110
8.278     588.000
8.284     580.263
8.290     572.727
8.295     572.727
8.301     572.727
8.307     580.263
8.313     595.946
8.319     612.500
8.324     621.127
8.330     639.130
8.336     648.529
8.342     658.209
8.348     668.182
8.353     0.000
8.359     0.000
8.365     0.000
8.371     0.000
8.377     0.000
8.382     0.000
8.388     0.000
8.394     0.000
8.400     0.000
8.406     0.000
8.411     0.000
8.417     0.000
8.423     0.000
8.429     0.000
8.435     0.000
8.440     0.000
8.446     0.000
8.452     0.000
8.458     0.000
8.464     0.000
8.469     0.000
8.475     0.000
8.481     0.000
8.487     0.000
8.493     0.000
8.499     0.000
8.504     0.000
8.510     0.000
8.516     0.000
8.522     0.000
8.528     0.000
8.533     0.000
8.539     0.000
8.545     0.000
8.551     0.000
8.557     0.000
8.562     0.000
8.568     0.000
8.574     0.000
8.580     0.000
8.586     0.000
8.591     0.000
8.597     0.000
8.603     0.000
8.609     0.000
8.615     0.000
8.620     0.000
8.626     0.000
8.632     0.000
8.638     0.000
8.644     0.000
8.649     0.000
8.655     0.000
8.661     0.000
8.667     0.000
8.673     0.000
8.678     0.000
8.684     0.000
8.690     0.000
8.696     0.000
8.702     0.000
8.707     0.000
8.713     0.000
8.719     0.000
8.725     0.000
8.731     0.000
8.737     0.000
8.742     0.000
8.748     0.000
8.754     0.000
8.760     0.000
8.766     0.000
8.771     0.000
8.777     0.000
8.783     0.000
8.789     0.000
8.795     0.000
8.800     0.000
8.806     0.000
8.812     0.000
8.818     0.000
8.824     0.000
8.829     0.000
8.835     0.000
8.841     0.000
8.847     0.000
8.853     0.000
8.858     0.000
8.864     0.000
8.870     0.000
8.876     0.000
8.882     0.000
8.887     0.000
8.893     0.000
8.899     0.000
8.905     0.000
8.911     0.000
8.916     0.000
8.922     0.000
8.928     0.000
8.934     0.000
8.940     0.000
8.945     0.000
8.951     0.000
8.957     0.000
8.963     0.000
8.969     0.000
8.975     0.000
8.980     0.000
8.986     0.000
8.992     0.000
8.998     0.000
9.004     0.000
9.009     0.000
9.015     0.000
9.021     0.000
9.027     0.000
9.033     0.000
9.038     0.000
9.044     0.000
9.050     0.000
9.056     0.000
9.062     0.000
9.067     0.000
9.073     0.000
9.079     0.000
9.085     0.000
9.091     0.000
9.096     0.000
9.102     0.000
9.108     0.000
9.114     0.000
9.120     0.000
9.125     0.000
9.131     0.000
9.137     0.000
9.143     0.000
9.149     0.000
9.154     0.000
9.160     0.000
9.166     0.000
9.172     0.000
9.178     0.000
9.183     0.000
9.189     0.000
9.195     0.000
9.201     0.000
9.207     0.000
9.213     0.000
9.218     0.000
9.224     0.000
9.230     0.000
9.236     0.000
9.242     0.000
9.247     0.000
9.253     0.000
9.259     0.000
9.265     0.000
9.271     0.000
9.276     0.000
9.282     0.000
9.288     0.000
9.294     0.000
9.300     0.000
9.305     0.000
9.311     0.000
9.317     0.000
9.323     0.000
9.329     0.000
9.334     0.000
9.340     0.000
9.346     0.000
9.352     0.000
9.358     0.000
9.363     0.000
9.369     0.000
9.375     0.000
9.381     0.000
9.387     0.000
9.392     0.000
9.398     0.000
9.404     0.000
9.410     0.000
9.416     0.000
9.421     0.000
9.427     0.000
9.433     0.000
9.439     0.000
9.445     0.000
9.451     0.000
9.456     0.000
9.462     0.000
9.468     0.000
9.474     0.000
9.480     0.000
9.485     495.506
9.491     490.000
9.497     479.348
9.503     474.194
9.509     469.149
9.514     474.194
9.520     479.348
9.526     484.615
9.532     490.000
9.538     495.506
9.543     501.136
9.549     506.897
9.555     512.791
9.561     525.000
9.567     531.325
9.572     537.805
9.578     544.444
9.584     551.250
9.590     551.250
9.596     551.250
9.601     544.444
9.607     537.805
9.613     537.805
9.619     531.325
9.625     525.000
9.630     518.824
9.636     506.897
9.642     501.136
9.648     495.506
9.654     484.615
9.660     479.348
9.665     479.348
9.671     490.000
9.677     495.506
9.683     506.897
9.689     512.791
9.694     518.824
9.700     525.000
9.706     537.805
9.712     558.228
9.718     580.263
9.723     588.000
9.729     604.110
9.735     604.110
9.741     604.110
9.747     604.110
9.752     595.946
9.758     588.000
9.764     580.263
9.770     565.385
9.776     558.228
9.781     544.444
9.787     537.805
9.793     531.325
9.799     525.000
9.805     518.824
9.810     512.791
9.816     506.897
9.822     512.791
9.828     506.897
9.834     512.791
9.839     512.791
9.845     0.000
9.851     0.000
9.857     0.000
9.863     0.000
9.868     0.000
9.874     0.000
9.880     0.000
9.886     0.000
9.892     0.000
9.898     0.000
9.903     0.000
9.909     0.000
9.915     0.000
9.921     0.000
9.927     0.000
9.932     0.000
9.938     0.000
9.944     0.000
9.950     0.000
9.956     0.000
9.961     0.000
9.967     0.000
9.973     0.000
9.979     0.000
9.985     0.000
9.990     0.000
9.996     0.000
10.002     0.000
10.008     0.000
10.014     0.000
10.019     0.000
10.025     0.000
10.031     0.000
10.037     0.000
10.043     0.000
10.048     0.000
10.054     0.000
10.060     0.000
10.066     0.000
10.072     0.000
10.077     0.000
10.083     512.791
10.089     506.897
10.095     506.897
10.101     501.136
10.106     501.136
10.112     495.506
10.118     484.615
10.124     484.615
10.130     474.194
10.136     469.149
10.141     464.211
10.147     464.211
10.153     464.211
10.159     469.149
10.165     474.194
10.170     479.348
10.176     490.000
10.182     495.506
10.188     501.136
10.194     506.897
10.199     512.791
10.205     512.791
10.211     518.824
10.217     525.000
10.223     525.000
10.228     525.000
10.234     525.000
10.240     525.000
10.246     525.000
10.252     518.824
10.257     512.791
10.263     506.897
10.269     501.136
10.275     495.506
10.281     490.000
10.286     484.615
10.292     479.348
10.298     474.194
10.304     474.194
10.310     484.615
10.315     495.506
10.321     501.136
10.327     501.136
10.333     506.897
10.339     518.824
10.344     531.325
10.350     544.444
10.356     558.228
10.362     565.385
10.368     580.263
10.374     588.000
10.379     588.000
10.385     588.000
10.391     588.000
10.397     588.000
10.403     580.263
10.408     572.727
10.414     565.385
10.420     558.228
10.426     537.805
10.432     531.325
10.437     525.000
10.443     518.824
10.449     512.791
10.455     506.897
10.461     506.897
10.466     512.791
10.472     512.791
10.478     518.824
10.484     531.325
10.490     544.444
10.495     551.250
10.501     565.385
10.507     580.263
10.513     580.263
10.519     588.000
10.524     588.000
10.530     588.000
10.536     580.263
10.542     192.576
10.548     186.864
10.553     168.321
10.559     170.930
10.565     167.681
10.571     171.595
10.577     168.321
10.582     168.966
10.588     167.045
10.594     168.966
10.600     167.681
10.606     192.576
10.612     168.966
10.617     172.941
10.623     190.909
10.629     194.273
10.635     190.086
10.641     172.266
10.646     169.615
10.652     170.270
10.658     168.966
10.664     168.966
10.670     168.321
10.675     168.321
10.681     169.615
10.687     169.615
10.693     170.270
10.699     180.738
10.704     182.988
10.710     185.294
10.716     187.660
10.722     572.727
10.728     572.727
10.733     580.263
10.739     580.263
10.745     580.263
10.751     580.263
10.757     572.727
10.762     572.727
10.768     558.228
10.774     551.250
10.780     544.444
10.786     537.805
10.791     531.325
10.797     518.824
10.803     512.791
10.809     506.897
10.815     506.897
10.820     0.000
10.826     0.000
10.832     0.000
10.838     0.000
10.844     0.000
10.850     0.000
10.855     0.000
10.861     0.000
10.867     0.000
10.873     0.000
10.879     0.000
10.884     0.000
10.890     0.000
10.896     0.000
10.902     0.000
10.908     0.000
10.913     0.000
10.919     0.000
10.925     0.000
10.931     0.000
10.937     0.000
10.942     0.000
10.948     0.000
10.954     0.000
10.960     0.000
10.966     0.000
10.971     0.000
10.977     0.000
10.983     0.000
10.989     0.000
10.995     0.000
11.000     0.000
11.006     0.000
11.012     0.000
11.018     0.000
11.024     0.000
11.029     0.000
11.035     0.000
11.041     0.000
11.047     0.000
11.053     0.000
11.059     0.000
11.064     0.000
11.070     0.000
11.076     0.000
11.082     0.000
11.088     0.000
11.093     0.000
11.099     0.000
11.105     0.000
11.111     0.000
11.117     0.000
11.122     0.000
11.128     0.000
11.134     0.000
11.140     0.000
11.146     0.000
11.151     0.000
11.157     0.000
11.163     0.000
11.169     0.000
11.175     0.000
11.180     0.000
11.186     0.000
11.192     0.000
11.198     0.000
11.204     0.000
11.209     0.000
11.215     0.000
11.221     0.000
11.227     0.000
11.233     0.000
11.238     0.000
11.244     0.000
11.250     0.000
11.256     0.000
11.262     0.000
11.267     0.000
11.273     0.000
11.279     0.000
11.285     0.000
11.291     0.000
11.297     0.000
11.302     0.000
11.308     0.000
11.314     0.000
11.320     0.000
11.326     0.000
11.331     0.000
11.337     0.000
11.343     0.000
11.349     0.000
11.355     0.000
11.360     0.000
11.366     0.000
11.372     0.000
11.378     0.000
11.384     0.000
11.389     0.000
11.395     0.000
11.401     0.000
11.407     0.000
11.413     0.000
11.418     0.000
11.424     0.000
11.430     0.000
11.436     0.000
11.442     0.000
11.447     0.000
11.453     0.000
11.459     0.000
11.465     0.000
11.471     0.000
11.476     0.000
11.482     0.000
11.488     0.000
11.494     0.000
11.500     0.000
11.505     0.000
11.511     0.000
11.517     0.000
11.523     0.000
11.529     0.000
11.535     0.000
11.540     0.000
11.546     0.000
11.552     0.000
11.558     0.000
11.564     0.000
11.569     0.000
11.575     0.000
11.581     0.000
11.587     0.000
11.593     0.000
11.598     0.000
11.604     0.000
11.610     0.000
11.616     0.000
11.622     0.000
11.627     0.000
11.633     0.000
11.639     0.000
11.645     0.000
11.651     0.000
11.656     0.000
11.662     0.000
11.668     0.000
11.674     0.000
11.680     0.000
11.685     0.000
11.691     0.000
11.697     0.000
11.703     0.000
11.709     0.000
11.714     0.000
11.720     0.000
11.726     0.000
11.732     0.000
11.738     0.000
11.743     0.000
11.749     0.000
11.755     0.000
11.761     0.000
11.767     0.000
11.773     0.000
11.778     0.000
11.784     0.000
11.790     0.000
11.796     0.000
11.802     0.000
11.807     0.000
11.813     0.000
11.819     0.000
11.825     0.000
11.831     0.000
11.836     0.000
11.842     0.000
11.848     0.000
11.854     0.000
11.860     0.000
11.865     0.000
11.871     0.000
11.877     0.000
11.883     0.000
11.889     0.000
11.894     0.000
11.900     0.000
11.906     0.000
11.912     0.000
11.918     0.000
11.923     0.000
11.929     0.000
11.935     0.000
11.941     0.000
11.947     0.000
11.952     0.000
11.958     0.000
11.964     0.000
11.970     0.000
11.976     0.000
11.981     0.000
11.987     0.000
11.993     0.000
11.999     0.000
12.005     0.000
12.011     0.000
12.016     0.000
12.022     0.000
12.028     0.000
12.034     0.000
12.040     0.000
12.045     0.000
12.051     0.000
12.057     0.000
12.063     0.000
12.069     0.000
12.074     0.000
12.080     0.000
12.086     0.000
12.092     0.000
12.098     0.000
12.103     0.000
12.109     0.000
12.115     0.000
12.121     0.000
12.127     0.000
12.132     0.000
12.138     0.000
12.144     0.000
12.150     0.000
12.156     0.000
12.161     0.000
12.167     0.000
12.173     0.000
12.179     0.000
12.185     0.000
12.190     0.000
12.196     0.000
12.202     0.000
12.208     0.000
12.214     0.000
12.220     0.000
12.225     0.000
12.231     0.000
12.237     0.000
12.243     0.000
12.249     0.000
12.254     0.000
12.260     0.000
12.266     0.000
12.272     0.000
12.278     0.000
12.283     0.000
12.289     0.000
12.295     0.000
12.301     0.000
12.307     0.000
12.312     0.000
12.318     0.000
12.324     0.000
12.330     0.000
12.336     0.000
12.341     0.000
12.347     0.000
12.353     0.000
12.359     0.000
12.365     0.000
12.370     0.000
12.376     0.000
12.382     0.000
12.388     0.000
12.394     0.000
12.399     0.000
12.405     0.000
12.411     0.000
12.417     0.000
12.423     0.000
12.428     0.000
12.434     0.000
12.440     0.000
12.446     0.000
12.452     0.000
12.458     0.000
12.463     0.000
12.469     0.000
12.475     0.000
12.481     0.000
12.487     0.000
12.492     0.000
12.498     0.000
12.504     0.000
12.510     0.000
12.516     0.000
12.521     0.000
12.527     0.000
12.533     0.000
12.539     0.000
12.545     0.000
12.550     0.000
12.556     0.000
12.562     0.000
12.568     0.000
12.574     0.000
12.579     0.000
12.585     0.000
12.591     0.000
12.597     0.000
12.603     0.000
12.608     0.000
12.614     0.000
12.620     0.000
12.626     0.000
12.632     0.000
12.637     0.000
12.643     0.000
12.649     0.000
12.655     0.000
12.661     0.000
12.666     0.000
12.672     0.000
12.678     0.000
12.684     0.000
12.690     0.000
12.696     0.000
12.701     0.000
12.707     0.000
12.713     0.000
12.719     0.000
12.725     0.000
12.730     0.000
12.736     0.000
12.742     0.000
12.748     0.000
12.754     0.000
12.759     0.000
12.765     0.000
12.771     0.000
12.777     0.000
12.783     0.000
12.788     0.000
12.794     0.000
12.800     0.000
12.806     0.000
12.812     0.000
12.817     0.000
12.823     0.000
12.829     0.000
12.835     0.000
12.841     0.000
12.846     0.000
12.852     0.000
12.858     0.000
12.864     0.000
12.870     0.000
12.875     0.000
12.881     0.000
12.887     0.000
12.893     0.000
12.899     0.000
12.904     0.000
12.910     0.000
12.916     0.000
12.922     0.000
12.928     0.000
12.934     0.000
12.939     0.000
12.945     0.000
12.951     0.000
12.957     0.000
12.963     0.000
12.968     0.000
12.974     0.000
12.980     0.000
12.986     0.000
12.992     0.000
12.997     0.000
13.003     0.000
13.009     404.587
13.015     408.333
13.021     408.333
13.026     404.587
13.032     404.587
13.038     404.587
13.044     400.909
13.050     397.297
13.055     397.297
13.061     390.265
13.067     393.750
13.073     393.750
13.079     386.842
13.084     390.265
13.090     386.842
13.096     383.478
13.102     390.265
13.108     390.265
13.113     390.265
13.119     397.297
13.125     400.909
13.131     390.265
13.137     400.909
13.142     400.909
13.148     400.909
13.154     404.587
13.160     404.587
13.166     404.587
13.172     408.333
13.177     408.333
13.183     408.333
13.189     408.333
13.195     412.150
13.201     408.333
13.206     408.333
13.212     404.587
13.218     400.909
13.224     404.587
13.230     408.333
13.235     424.038
13.241     420.000
13.247     441.000
13.253     432.353
13.259     436.634
13.264     445.455
13.270     420.000
13.276     420.000
13.282     428.155
13.288     420.000
13.293     428.155
13.299     441.000
13.305     441.000
13.311     441.000
13.317     450.000
13.322     454.639
13.328     454.639
13.334     459.375
13.340     450.000
13.346     450.000
13.351     445.455
13.357     436.634
13.363     445.455
13.369     428.155
13.375     432.353
13.380     428.155
13.386     445.455
13.392     450.000
13.398     445.455
13.404     420.000
13.410     424.038
13.415     428.155
13.421     432.353
13.427     436.634
13.433     445.455
13.439     450.000
13.444     454.639
13.450     459.375
13.456     459.375
13.462     454.639
13.468     459.375
13.473     450.000
13.479     454.639
13.485     450.000
13.491     445.455
13.497     450.000
13.502     450.000
13.508     450.000
13.514     450.000
13.520     454.639
13.526     454.639
13.531     459.375
13.537     459.375
13.543     469.149
13.549     454.639
13.555     469.149
13.560     445.455
13.566     0.000
13.572     0.000
13.578     0.000
13.584     0.000
13.589     0.000
13.595     0.000
13.601     0.000
13.607     0.000
13.613     0.000
13.619     0.000
13.624     0.000
13.630     0.000
13.636     441.000
13.642     450.000
13.648     450.000
13.653     450.000
13.659     454.639
13.665     454.639
13.671     450.000
13.677     450.000
13.682     441.000
13.688     445.455
13.694     445.455
13.700     454.639
13.706     454.639
13.711     450.000
13.717     450.000
13.723     450.000
13.729     445.455
13.735     450.000
13.740     450.000
13.746     445.455
13.752     441.000
13.758     441.000
13.764     441.000
13.769     432.353
13.775     432.353
13.781     428.155
13.787     428.155
13.793     424.038
13.798     424.038
13.804     424.038
13.810     428.155
13.816     432.353
13.822     436.634
13.827     441.000
13.833     445.455
13.839     450.000
13.845     454.639
13.851     459.375
13.857     464.211
13.862     469.149
13.868     474.194
13.874     474.194
13.880     474.194
13.886     474.194
13.891     469.149
13.897     464.211
13.903     459.375
13.909     454.639
13.915     445.455
13.920     441.000
13.926     432.353
13.932     428.155
13.938     420.000
13.944     412.150
13.949     412.150
13.955     408.333
13.961     412.150
13.967     412.150
13.973     416.038
13.978     420.000
13.984     424.038
13.990     428.155
13.996     432.353
14.002     441.000
14.007     445.455
14.013     450.000
14.019     450.000
14.025     454.639
14.031     454.639
14.036     450.000
14.042     450.000
14.048     0.000
14.054     0.000
14.060     0.000
14.065     0.000
14.071     0.000
14.077     0.000
14.083     0.000
14.089     0.000
14.095     0.000
14.100     0.000
14.106     0.000
14.112     0.000
14.118     0.000
14.124     0.000
14.129     0.000
14.135     0.000
14.141     0.000
14.147     0.000
14.153     0.000
14.158     0.000
14.164     0.000
14.170     0.000
14.176     0.000
14.182     0.000
14.187     0.000
14.193     0.000
14.199     0.000
14.205     0.000
14.211     0.000
14.216     0.000
14.222     0.000
14.228     0.000
14.234     0.000
14.240     0.000
14.245     0.000
14.251     0.000
14.257     0.000
14.263     0.000
14.269     0.000
14.274     0.000
14.280     0.000
14.286     0.000
14.292     0.000
14.298     0.000
14.303     0.000
14.309     0.000
14.315     0.000
14.321     0.000
14.327     0.000
14.333     0.000
14.338     0.000
14.344     0.000
14.350     0.000
14.356     0.000
14.362     0.000
14.367     0.000
14.373     0.000
14.379     0.000
14.385     0.000
14.391     0.000
14.396     0.000
14.402     0.000
14.408     0.000
14.414     0.000
14.420     0.000
14.425     0.000
14.431     0.000
14.437     0.000
14.443     0.000
14.449     0.000
14.454     0.000
14.460     0.000
14.466     0.000
14.472     0.000
14.478     0.000
14.483     0.000
14.489     0.000
14.495     0.000
14.501     0.000
14.507     0.000
14.512     0.000
14.518     0.000
14.524     0.000
14.530     0.000
14.536     0.000
14.541     0.000
14.547     0.000
14.553     0.000
14.559     0.000
14.565     0.000
14.571     0.000
14.576     0.000
14.582     0.000
14.588     0.000
14.594     0.000
14.600     0.000
14.605     0.000
14.611     0.000
14.617     0.000
14.623     0.000
14.629     0.000
14.634     0.000
14.640     0.000
14.646     0.000
14.652     0.000
14.658     0.000
14.663     0.000
14.669     0.000
14.675     0.000
14.681     0.000
14.687     0.000
14.692     0.000
14.698     0.000
14.704     0.000
14.710     0.000
14.716     0.000
14.721     0.000
14.727     0.000
14.733     0.000
14.739     0.000
14.745     0.000
14.750     0.000
14.756     0.000
14.762     0.000
14.768     0.000
14.774     0.000
14.780     0.000
14.785     0.000
14.791     0.000
14.797     0.000
14.803     0.000
14.809     0.000
14.814     0.000
14.820     0.000
14.826     0.000
14.832     0.000
14.838     0.000
14.843     0.000
14.849     0.000
14.855     0.000
14.861     0.000
14.867     0.000
14.872     0.000
14.878     0.000
14.884     0.000
14.890     0.000
14.896     0.000
14.901     0.000
14.907     0.000
14.913     0.000
14.919     0.000
14.925     0.000
14.930     0.000
14.936     0.000
14.942     0.000
14.948     0.000
14.954     0.000
14.959     0.000
14.965     0.000
14.971     0.000
14.977     0.000
14.983     0.000
14.988     0.000
14.994     0.000
15.000     0.000
15.006     0.000
15.012     0.000
15.018     0.000
15.023     0.000
15.029     0.000
15.035     0.000
15.041     0.000
15.047     0.000
15.052     0.000
15.058     0.000
15.064     0.000
15.070     0.000
15.076     0.000
15.081     0.000
15.087     0.000
15.093     0.000
15.099     0.000
15.105     0.000
15.110     0.000
15.116     0.000
15.122     0.000
15.128     0.000
15.134     0.000
15.139     0.000
15.145     0.000
15.151     0.000
15.157     0.000
15.163     0.000
15.168     0.000
15.174     0.000
15.180     0.000
15.186     0.000
15.192     0.000
15.197     0.000
15.203     0.000
15.209     0.000
15.215     0.000
15.221     0.000
15.226     0.000
15.232     0.000
15.238     0.000
15.244     0.000
15.250     0.000
15.256     0.000
15.261     0.000
15.267     0.000
15.273     0.000
15.279     0.000
15.285     0.000
15.290     0.000
15.296     0.000
15.302     0.000
15.308     0.000
15.314     0.000
15.319     0.000
15.325     0.000
15.331     0.000
15.337     0.000
15.343     0.000
15.348     0.000
15.354     0.000
15.360     0.000
15.366     0.000
15.372     0.000
15.377     0.000
15.383     0.000
15.389     0.000
15.395     0.000
15.401     0.000
15.406     0.000
15.412     0.000
15.418     0.000
15.424     0.000
15.430     0.000
15.435     0.000
15.441     0.000
15.447     0.000
15.453     0.000
15.459     0.000
15.464     0.000
15.470     0.000
15.476     0.000
15.482     0.000
15.488     0.000
15.494     0.000
15.499     0.000
15.505     0.000
15.511     0.000
15.517     0.000
15.523     0.000
15.528     0.000
15.534     0.000
15.540     0.000
15.546     0.000
15.552     0.000
15.557     0.000
15.563     0.000
15.569     0.000
15.575     0.000
15.581     0.000
15.586     0.000
15.592     0.000
15.598     0.000
15.604     0.000
15.610     0.000
15.615     0.000
15.621     0.000
15.627     0.000
15.633     0.000
15.639     0.000
15.644     0.000
15.650     0.000
15.656     0.000
15.662     0.000
15.668     0.000
15.673     0.000
15.679     0.000
15.685     0.000
15.691     0.000
15.697     0.000
15.702     0.000
15.708     0.000
15.714     0.000
15.720     0.000
15.726     0.000
15.732     0.000
15.737     0.000
15.743     0.000
15.749     0.000
15.755     0.000
15.761     0.000
15.766     0.000
15.772     0.000
15.778     0.000
15.784     0.000
15.790     0.000
15.795     0.000
15.801     0.000
15.807     0.000
15.813     0.000
15.819     0.000
15.824     0.000
15.830     0.000
15.836     0.000
15.842     0.000
15.848     0.000
15.853     0.000
15.859     0.000
15.865     0.000
15.871     0.000
15.877     0.000
15.882     0.000
15.888     0.000
15.894     0.000
15.900     0.000
15.906     0.000
15.911     0.000
15.917     0.000
15.923     0.000
15.929     0.000
15.935     0.000
15.940     0.000
15.946     0.000
15.952     0.000
15.958     0.000
15.964     0.000
15.970     0.000
15.975     0.000
15.981     0.000
15.987     0.000
15.993     0.000
15.999     0.000
16.004     0.000
16.010     0.000
16.016     0.000
16.022     0.000
16.028     0.000
16.033     0.000
16.039     0.000
16.045     0.000
16.051     0.000
16.057     0.000
16.062     0.000
16.068     0.000
16.074     0.000
16.080     0.000
16.086     0.000
16.091     0.000
16.097     0.000
16.103     0.000
16.109     0.000
16.115     0.000
