0.000     0.000
0.006     0.000
0.012     0.000
0.017     0.000
0.023     0.000
0.029     0.000
0.035     0.000
0.041     0.000
0.046     0.000
0.052     0.000
0.058     0.000
0.064     0.000
0.070     0.000
0.075     0.000
0.081     0.000
0.087     0.000
0.093     0.000
0.099     0.000
0.104     0.000
0.110     0.000
0.116     0.000
0.122     0.000
0.128     0.000
0.134     0.000
0.139     0.000
0.145     0.000
0.151     0.000
0.157     0.000
0.163     0.000
0.168     0.000
0.174     0.000
0.180     0.000
0.186     0.000
0.192     0.000
0.197     0.000
0.203     0.000
0.209     0.000
0.215     0.000
0.221     0.000
0.226     0.000
0.232     0.000
0.238     0.000
0.244     0.000
0.250     0.000
0.255     0.000
0.261     0.000
0.267     0.000
0.273     0.000
0.279     0.000
0.284     0.000
0.290     0.000
0.296     0.000
0.302     0.000
0.308     0.000
0.313     0.000
0.319     0.000
0.325     0.000
0.331     0.000
0.337     0.000
0.342     0.000
0.348     0.000
0.354     0.000
0.360     0.000
0.366     0.000
0.372     0.000
0.377     0.000
0.383     0.000
0.389     0.000
0.395     0.000
0.401     0.000
0.406     0.000
0.412     0.000
0.418     0.000
0.424     0.000
0.430     0.000
0.435     0.000
0.441     0.000
0.447     0.000
0.453     0.000
0.459     0.000
0.464     0.000
0.470     0.000
0.476     0.000
0.482     0.000
0.488     0.000
0.493     0.000
0.499     0.000
0.505     0.000
0.511     0.000
0.517     0.000
0.522     0.000
0.528     0.000
0.534     0.000
0.540     0.000
0.546     0.000
0.551     0.000
0.557     0.000
0.563     0.000
0.569     0.000
0.575     0.000
0.580     0.000
0.586     0.000
0.592     0.000
0.598     0.000
0.604     0.000
0.610     0.000
0.615     0.000
0.621     0.000
0.627     0.000
0.633     0.000
0.639     0.000
0.644     0.000
0.650     0.000
0.656     0.000
0.662     0.000
0.668     0.000
0.673     0.000
0.679     0.000
0.685     0.000
0.691     0.000
0.697     0.000
0.702     0.000
0.708     0.000
0.714     0.000
0.720     0.000
0.726     0.000
0.731     0.000
0.737     0.000
0.743     0.000
0.749     0.000
0.755     0.000
0.760     0.000
0.766     0.000
0.772     0.000
0.778     0.000
0.784     0.000
0.789     0.000
0.795     0.000
0.801     0.000
0.807     0.000
0.813     0.000
0.819     0.000
0.824     0.000
0.830     0.000
0.836     0.000
0.842     0.000
0.848     0.000
0.853     0.000
0.859     0.000
0.865     0.000
0.871     0.000
0.877     0.000
0.882     0.000
0.888     0.000
0.894     0.000
0.900     0.000
0.906     0.000
0.911     0.000
0.917     0.000
0.923     0.000
0.929     0.000
0.935     0.000
0.940     0.000
0.946     0.000
0.952     0.000
0.958     0.000
0.964     0.000
0.969     0.000
0.975     0.000
0.981     0.000
0.987     0.000
0.993     0.000
0.998     0.000
1.004     0.000
1.010     0.000
1.016     0.000
1.022     0.000
1.027     0.000
1.033     0.000
1.039     0.000
1.045     0.000
1.051     0.000
1.057     0.000
1.062     0.000
1.068     0.000
1.074     0.000
1.080     0.000
1.086     0.000
1.091     0.000
1.097     0.000
1.103     0.000
1.109     0.000
1.115     0.000
1.120     0.000
1.126     0.000
1.132     0.000
1.138     0.000
1.144     0.000
1.149     0.000
1.155     0.000
1.161     0.000
1.167     0.000
1.173     0.000
1.178     0.000
1.184     0.000
1.190     0.000
1.196     0.000
1.202     0.000
1.207     0.000
1.213     0.000
1.219     0.000
1.225     0.000
1.231     0.000
1.236     0.000
1.242     0.000
1.248     0.000
1.254     0.000
1.260     0.000
1.265     0.000
1.271     0.000
1.277     0.000
1.283     0.000
1.289     0.000
1.295     0.000
1.300     0.000
1.306     0.000
1.312     0.000
1.318     0.000
1.324     0.000
1.329     0.000
1.335     0.000
1.341     0.000
1.347     0.000
1.353     0.000
1.358     0.000
1.364     0.000
1.370     0.000
1.376     0.000
1.382     0.000
1.387     0.000
1.393     0.000
1.399     0.000
1.405     0.000
1.411     0.000
1.416     0.000
1.422     0.000
1.428     0.000
1.434     0.000
1.440     0.000
1.445     0.000
1.451     0.000
1.457     0.000
1.463     0.000
1.469     0.000
1.474     0.000
1.480     0.000
1.486     0.000
1.492     0.000
1.498     0.000
1.503     0.000
1.509     0.000
1.515     0.000
1.521     0.000
1.527     0.000
1.533     0.000
1.538     0.000
1.544     0.000
1.550     0.000
1.556     0.000
1.562     0.000
1.567     0.000
1.573     0.000
1.579     0.000
1.585     0.000
1.591     0.000
1.596     0.000
1.602     0.000
1.608     0.000
1.614     0.000
1.620     0.000
1.625     0.000
1.631     0.000
1.637     0.000
1.643     0.000
1.649     0.000
1.654     0.000
1.660     0.000
1.666     0.000
1.672     0.000
1.678     0.000
1.683     0.000
1.689     0.000
1.695     0.000
1.701     0.000
1.707     0.000
1.712     0.000
1.718     0.000
1.724     0.000
1.730     0.000
1.736     0.000
1.741     0.000
1.747     0.000
1.753     0.000
1.759     0.000
1.765     0.000
1.771     0.000
1.776     0.000
1.782     0.000
1.788     0.000
1.794     0.000
1.800     0.000
1.805     0.000
1.811     0.000
1.817     0.000
1.823     0.000
1.829     0.000
1.834     0.000
1.840     0.000
1.846     0.000
1.852     0.000
1.858     0.000
1.863     0.000
1.869     0.000
1.875     0.000
1.881     0.000
1.887     0.000
1.892     0.000
1.898     0.000
1.904     0.000
1.910     0.000
1.916     0.000
1.921     0.000
1.927     0.000
1.933     0.000
1.939     0.000
1.945     0.000
1.950     0.000
1.956     0.000
1.962     0.000
1.968     0.000
1.974     0.000
1.980     0.000
1.985     0.000
1.991     0.000
1.997     0.000
2.003     0.000
2.009     0.000
2.014     0.000
2.020     0.000
2.026     0.000
2.032     0.000
2.038     416.038
2.043     416.038
2.049     408.333
2.055     404.587
2.061     404.587
2.067     408.333
2.072     404.587
2.078     400.909
2.084     400.909
2.090     412.150
2.096     420.000
2.101     420.000
2.107     416.038
2.113     412.150
2.119     416.038
2.125     404.587
2.130     400.909
2.136     386.842
2.142     400.909
2.148     404.587
2.154     404.587
2.159     404.587
2.165     408.333
2.171     412.150
2.177     412.150
2.183     416.038
2.188     424.038
2.194     428.155
2.200     428.155
2.206     426.087
2.212     424.038
2.218     209.005
2.223     206.075
2.229     0.000
2.235     0.000
2.241     0.000
2.247     0.000
2.252     0.000
2.258     0.000
2.264     0.000
2.270     0.000
2.276     0.000
2.281     0.000
2.287     0.000
2.293     0.000
2.299     0.000
2.305     0.000
2.310     0.000
2.316     0.000
2.322     0.000
2.328     0.000
2.334     0.000
2.339     0.000
2.345     0.000
2.351     0.000
2.357     0.000
2.363     0.000
2.368     0.000
2.374     0.000
2.380     0.000
2.386     0.000
2.392     0.000
2.397     0.000
2.403     0.000
2.409     0.000
2.415     0.000
2.421     0.000
2.426     0.000
2.432     0.000
2.438     0.000
2.444     0.000
2.450     0.000
2.456     0.000
2.461     0.000
2.467     0.000
2.473     0.000
2.479     0.000
2.485     0.000
2.490     0.000
2.496     0.000
2.502     0.000
2.508     0.000
2.514     0.000
2.519     0.000
2.525     0.000
2.531     0.000
2.537     0.000
2.543     0.000
2.548     0.000
2.554     0.000
2.560     0.000
2.566     0.000
2.572     0.000
2.577     0.000
2.583     0.000
2.589     0.000
2.595     0.000
2.601     0.000
2.606     0.000
2.612     0.000
2.618     0.000
2.624     0.000
2.630     0.000
2.635     0.000
2.641     0.000
2.647     0.000
2.653     0.000
2.659     0.000
2.664     0.000
2.670     0.000
2.676     0.000
2.682     0.000
2.688     0.000
2.694     0.000
2.699     0.000
2.705     0.000
2.711     0.000
2.717     0.000
2.723     0.000
2.728     0.000
2.734     0.000
2.740     0.000
2.746     0.000
2.752     0.000
2.757     0.000
2.763     0.000
2.769     0.000
2.775     0.000
2.781     0.000
2.786     0.000
2.792     0.000
2.798     0.000
2.804     0.000
2.810     0.000
2.815     0.000
2.821     0.000
2.827     0.000
2.833     0.000
2.839     0.000
2.844     0.000
2.850     0.000
2.856     0.000
2.862     0.000
2.868     0.000
2.873     0.000
2.879     0.000
2.885     0.000
2.891     0.000
2.897     0.000
2.902     0.000
2.908     0.000
2.914     0.000
2.920     0.000
2.926     0.000
2.932     0.000
2.937     0.000
2.943     0.000
2.949     0.000
2.955     0.000
2.961     0.000
2.966     0.000
2.972     0.000
2.978     0.000
2.984     0.000
2.990     0.000
2.995     0.000
3.001     0.000
3.007     0.000
3.013     0.000
3.019     0.000
3.024     0.000
3.030     0.000
3.036     0.000
3.042     0.000
3.048     0.000
3.053     0.000
3.059     0.000
3.065     0.000
3.071     0.000
3.077     0.000
3.082     0.000
3.088     0.000
3.094     0.000
3.100     0.000
3.106     0.000
3.111     0.000
3.117     0.000
3.123     0.000
3.129     0.000
3.135     0.000
3.140     0.000
3.146     0.000
3.152     0.000
3.158     0.000
3.164     0.000
3.170     0.000
3.175     0.000
3.181     0.000
3.187     0.000
3.193     0.000
3.199     0.000
3.204     0.000
3.210     0.000
3.216     0.000
3.222     0.000
3.228     0.000
3.233     0.000
3.239     0.000
3.245     0.000
3.251     0.000
3.257     0.000
3.262     0.000
3.268     0.000
3.274     0.000
3.280     0.000
3.286     0.000
3.291     0.000
3.297     0.000
3.303     0.000
3.309     0.000
3.315     0.000
3.320     0.000
3.326     0.000
3.332     0.000
3.338     0.000
3.344     0.000
3.349     0.000
3.355     0.000
3.361     0.000
3.367     0.000
3.373     0.000
3.379     0.000
3.384     0.000
3.390     0.000
3.396     0.000
3.402     0.000
3.408     0.000
3.413     0.000
3.419     0.000
3.425     0.000
3.431     0.000
3.437     0.000
3.442     0.000
3.448     0.000
3.454     0.000
3.460     0.000
3.466     0.000
3.471     0.000
3.477     0.000
3.483     0.000
3.489     0.000
3.495     0.000
3.500     0.000
3.506     0.000
3.512     0.000
3.518     0.000
3.524     0.000
3.529     0.000
3.535     0.000
3.541     0.000
3.547     0.000
3.553     0.000
3.558     0.000
3.564     0.000
3.570     0.000
3.576     0.000
3.582     0.000
3.587     0.000
3.593     0.000
3.599     0.000
3.605     0.000
3.611     0.000
3.617     0.000
3.622     0.000
3.628     0.000
3.634     0.000
3.640     0.000
3.646     0.000
3.651     0.000
3.657     0.000
3.663     0.000
3.669     0.000
3.675     0.000
3.680     0.000
3.686     0.000
3.692     0.000
3.698     0.000
3.704     0.000
3.709     0.000
3.715     0.000
3.721     0.000
3.727     0.000
3.733     0.000
3.738     0.000
3.744     0.000
3.750     0.000
3.756     0.000
3.762     0.000
3.767     0.000
3.773     0.000
3.779     0.000
3.785     0.000
3.791     0.000
3.796     0.000
3.802     0.000
3.808     0.000
3.814     0.000
3.820     0.000
3.825     0.000
3.831     0.000
3.837     0.000
3.843     0.000
3.849     0.000
3.855     0.000
3.860     0.000
3.866     0.000
3.872     0.000
3.878     0.000
3.884     0.000
3.889     0.000
3.895     0.000
3.901     0.000
3.907     0.000
3.913     0.000
3.918     0.000
3.924     0.000
3.930     0.000
3.936     0.000
3.942     0.000
3.947     0.000
3.953     0.000
3.959     0.000
3.965     0.000
3.971     0.000
3.976     0.000
3.982     0.000
3.988     0.000
3.994     0.000
4.000     0.000
4.005     0.000
4.011     0.000
4.017     0.000
4.023     0.000
4.029     0.000
4.034     0.000
4.040     0.000
4.046     0.000
4.052     0.000
4.058     0.000
4.063     0.000
4.069     0.000
4.075     0.000
4.081     0.000
4.087     0.000
4.093     0.000
4.098     0.000
4.104     0.000
4.110     0.000
4.116     0.000
4.122     0.000
4.127     0.000
4.133     0.000
4.139     0.000
4.145     0.000
4.151     0.000
4.156     0.000
4.162     0.000
4.168     0.000
4.174     0.000
4.180     0.000
4.185     0.000
4.191     0.000
4.197     0.000
4.203     0.000
4.209     0.000
4.214     0.000
4.220     0.000
4.226     0.000
4.232     0.000
4.238     0.000
4.243     0.000
4.249     0.000
4.255     0.000
4.261     0.000
4.267     0.000
4.272     0.000
4.278     0.000
4.284     0.000
4.290     0.000
4.296     0.000
4.301     0.000
4.307     0.000
4.313     0.000
4.319     0.000
4.325     0.000
4.331     0.000
4.336     0.000
4.342     0.000
4.348     0.000
4.354     0.000
4.360     0.000
4.365     0.000
4.371     0.000
4.377     0.000
4.383     0.000
4.389     0.000
4.394     0.000
4.400     0.000
4.406     0.000
4.412     0.000
4.418     0.000
4.423     0.000
4.429     0.000
4.435     0.000
4.441     0.000
4.447     0.000
4.452     0.000
4.458     0.000
4.464     0.000
4.470     0.000
4.476     0.000
4.481     0.000
4.487     0.000
4.493     0.000
4.499     0.000
4.505     0.000
4.510     0.000
4.516     0.000
4.522     0.000
4.528     0.000
4.534     0.000
4.540     0.000
4.545     0.000
4.551     0.000
4.557     0.000
4.563     0.000
4.569     0.000
4.574     0.000
4.580     0.000
4.586     0.000
4.592     0.000
4.598     0.000
4.603     0.000
4.609     0.000
4.615     0.000
4.621     0.000
4.627     0.000
4.632     0.000
4.638     0.000
4.644     0.000
4.650     0.000
4.656     0.000
4.661     0.000
4.667     0.000
4.673     0.000
4.679     0.000
4.685     0.000
4.690     0.000
4.696     0.000
4.702     0.000
4.708     0.000
4.714     0.000
4.719     0.000
4.725     0.000
4.731     0.000
4.737     0.000
4.743     0.000
4.748     0.000
4.754     0.000
4.760     0.000
4.766     0.000
4.772     0.000
4.778     0.000
4.783     0.000
4.789     0.000
4.795     0.000
4.801     0.000
4.807     0.000
4.812     0.000
4.818     0.000
4.824     0.000
4.830     0.000
4.836     0.000
4.841     0.000
4.847     0.000
4.853     0.000
4.859     0.000
4.865     0.000
4.870     0.000
4.876     0.000
4.882     0.000
4.888     0.000
4.894     0.000
4.899     0.000
4.905     0.000
4.911     0.000
4.917     0.000
4.923     0.000
4.928     0.000
4.934     0.000
4.940     0.000
4.946     0.000
4.952     0.000
4.957     0.000
4.963     0.000
4.969     0.000
4.975     0.000
4.981     0.000
4.986     0.000
4.992     0.000
4.998     0.000
5.004     0.000
5.010     0.000
5.016     0.000
5.021     0.000
5.027     0.000
5.033     0.000
5.039     0.000
5.045     0.000
5.050     0.000
5.056     0.000
5.062     0.000
5.068     0.000
5.074     0.000
5.079     0.000
5.085     0.000
5.091     0.000
5.097     0.000
5.103     0.000
5.108     0.000
5.114     0.000
5.120     0.000
5.126     0.000
5.132     0.000
5.137     0.000
5.143     0.000
5.149     0.000
5.155     0.000
5.161     0.000
5.166     0.000
5.172     0.000
5.178     0.000
5.184     0.000
5.190     0.000
5.195     0.000
5.201     0.000
5.207     0.000
5.213     0.000
5.219     0.000
5.224     0.000
5.230     0.000
5.236     0.000
5.242     0.000
5.248     0.000
5.254     0.000
5.259     0.000
5.265     0.000
5.271     0.000
5.277     0.000
5.283     0.000
5.288     0.000
5.294     0.000
5.300     0.000
5.306     0.000
5.312     0.000
5.317     0.000
5.323     0.000
5.329     0.000
5.335     0.000
5.341     0.000
5.346     0.000
5.352     0.000
5.358     0.000
5.364     0.000
5.370     0.000
5.375     0.000
5.381     0.000
5.387     0.000
5.393     0.000
5.399     0.000
5.404     0.000
5.410     0.000
5.416     0.000
5.422     0.000
5.428     0.000
5.433     0.000
5.439     0.000
5.445     0.000
5.451     0.000
5.457     0.000
5.462     0.000
5.468     0.000
5.474     0.000
5.480     0.000
5.486     0.000
5.492     0.000
5.497     0.000
5.503     0.000
5.509     0.000
5.515     0.000
5.521     0.000
5.526     0.000
5.532     0.000
5.538     0.000
5.544     0.000
5.550     0.000
5.555     0.000
5.561     0.000
5.567     0.000
5.573     0.000
5.579     0.000
5.584     0.000
5.590     0.000
5.596     0.000
5.602     0.000
5.608     0.000
5.613     0.000
5.619     0.000
5.625     0.000
5.631     0.000
5.637     0.000
5.642     0.000
5.648     0.000
5.654     0.000
5.660     0.000
5.666     0.000
5.671     0.000
5.677     0.000
5.683     0.000
5.689     0.000
5.695     0.000
5.700     0.000
5.706     0.000
5.712     0.000
5.718     0.000
5.724     0.000
5.730     0.000
5.735     0.000
5.741     0.000
5.747     0.000
5.753     0.000
5.759     0.000
5.764     0.000
5.770     0.000
5.776     0.000
5.782     0.000
5.788     0.000
5.793     0.000
5.799     0.000
5.805     0.000
5.811     0.000
5.817     0.000
5.822     0.000
5.828     0.000
5.834     0.000
5.840     0.000
5.846     0.000
5.851     0.000
5.857     0.000
5.863     0.000
5.869     0.000
5.875     0.000
5.880     0.000
5.886     0.000
5.892     0.000
5.898     0.000
5.904     0.000
5.909     190.086
5.915     190.086
5.921     190.086
5.927     190.909
5.933     191.739
5.939     193.421
5.944     195.133
5.950     196.000
5.956     197.758
5.962     198.649
5.968     199.548
5.973     200.455
5.979     200.455
5.985     200.455
5.991     199.548
5.997     199.548
6.002     198.649
6.008     198.649
6.014     198.649
6.020     198.649
6.026     197.758
6.031     197.758
6.037     197.758
6.043     196.875
6.049     196.875
6.055     197.758
6.060     197.758
6.066     198.649
6.072     198.649
6.078     198.649
6.084     198.649
6.089     198.649
6.095     198.649
6.101     0.000
6.107     0.000
6.113     0.000
6.118     0.000
6.124     0.000
6.130     0.000
6.136     0.000
6.142     0.000
6.147     0.000
6.153     0.000
6.159     0.000
6.165     0.000
6.171     0.000
6.177     0.000
6.182     0.000
6.188     0.000
6.194     0.000
6.200     0.000
6.206     0.000
6.211     0.000
6.217     0.000
6.223     0.000
6.229     0.000
6.235     0.000
6.240     0.000
6.246     0.000
6.252     0.000
6.258     0.000
6.264     0.000
6.269     0.000
6.275     0.000
6.281     0.000
6.287     0.000
6.293     0.000
6.298     0.000
6.304     0.000
6.310     0.000
6.316     0.000
6.322     0.000
6.327     0.000
6.333     0.000
6.339     0.000
6.345     0.000
6.351     0.000
6.356     0.000
6.362     0.000
6.368     0.000
6.374     0.000
6.380     0.000
6.385     0.000
6.391     0.000
6.397     0.000
6.403     0.000
6.409     0.000
6.415     0.000
6.420     0.000
6.426     0.000
6.432     0.000
6.438     0.000
6.444     0.000
6.449     0.000
6.455     0.000
6.461     0.000
6.467     0.000
6.473     0.000
6.478     0.000
6.484     0.000
6.490     0.000
6.496     0.000
6.502     0.000
6.507     0.000
6.513     0.000
6.519     0.000
6.525     0.000
6.531     0.000
6.536     0.000
6.542     0.000
6.548     0.000
6.554     0.000
6.560     0.000
6.565     0.000
6.571     0.000
6.577     0.000
6.583     0.000
6.589     0.000
6.594     0.000
6.600     0.000
6.606     0.000
6.612     0.000
6.618     0.000
6.623     0.000
6.629     0.000
6.635     0.000
6.641     0.000
6.647     0.000
6.653     247.753
6.658     250.568
6.664     250.568
6.670     250.568
6.676     249.153
6.682     247.753
6.687     490.000
6.693     484.615
6.699     479.348
6.705     450.000
6.711     441.000
6.716     432.353
6.722     424.038
6.728     416.038
6.734     412.150
6.740     408.333
6.745     408.333
6.751     400.909
6.757     400.909
6.763     400.909
6.769     408.333
6.774     412.150
6.780     416.038
6.786     420.000
6.792     432.353
6.798     441.000
6.803     459.375
6.809     484.615
6.815     490.000
6.821     495.506
6.827     250.568
6.832     253.448
6.838     252.000
6.844     252.000
6.850     250.568
6.856     246.369
6.861     245.000
6.867     245.000
6.873     474.194
6.879     459.375
6.885     445.455
6.891     432.353
6.896     428.155
6.902     420.000
6.908     416.038
6.914     412.150
6.920     404.587
6.925     408.333
6.931     0.000
6.937     0.000
6.943     0.000
6.949     0.000
6.954     0.000
6.960     0.000
6.966     0.000
6.972     0.000
6.978     0.000
6.983     0.000
6.989     0.000
6.995     0.000
7.001     0.000
7.007     0.000
7.012     0.000
7.018     0.000
7.024     0.000
7.030     0.000
7.036     0.000
7.041     0.000
7.047     0.000
7.053     0.000
7.059     0.000
7.065     0.000
7.070     0.000
7.076     0.000
7.082     0.000
7.088     0.000
7.094     0.000
7.100     0.000
7.105     0.000
7.111     0.000
7.117     0.000
7.123     0.000
7.129     0.000
7.134     0.000
7.140     0.000
7.146     0.000
7.152     0.000
7.158     0.000
7.163     0.000
7.169     0.000
7.175     0.000
7.181     0.000
7.187     0.000
7.192     0.000
7.198     0.000
7.204     0.000
7.210     0.000
7.216     0.000
7.221     0.000
7.227     0.000
7.233     0.000
7.239     0.000
7.245     0.000
7.250     0.000
7.256     0.000
7.262     0.000
7.268     0.000
7.274     0.000
7.279     0.000
7.285     0.000
7.291     0.000
7.297     0.000
7.303     0.000
7.308     0.000
7.314     0.000
7.320     0.000
7.326     0.000
7.332     0.000
7.338     0.000
7.343     0.000
7.349     0.000
7.355     0.000
7.361     0.000
7.367     0.000
7.372     0.000
7.378     0.000
7.384     0.000
7.390     0.000
7.396     0.000
7.401     0.000
7.407     0.000
7.413     0.000
7.419     0.000
7.425     0.000
7.430     0.000
7.436     0.000
7.442     0.000
7.448     0.000
7.454     0.000
7.459     0.000
7.465     0.000
7.471     0.000
7.477     0.000
7.483     0.000
7.488     0.000
7.494     0.000
7.500     0.000
7.506     0.000
7.512     0.000
7.517     0.000
7.523     0.000
7.529     0.000
7.535     0.000
7.541     0.000
7.546     0.000
7.552     0.000
7.558     0.000
7.564     0.000
7.570     0.000
7.576     0.000
7.581     0.000
7.587     0.000
7.593     0.000
7.599     0.000
7.605     0.000
7.610     0.000
7.616     0.000
7.622     0.000
7.628     0.000
7.634     0.000
7.639     0.000
7.645     0.000
7.651     0.000
7.657     0.000
7.663     0.000
7.668     0.000
7.674     0.000
7.680     0.000
7.686     0.000
7.692     0.000
7.697     0.000
7.703     0.000
7.709     0.000
7.715     0.000
7.721     0.000
7.726     0.000
7.732     0.000
7.738     0.000
7.744     0.000
7.750     0.000
7.755     0.000
7.761     0.000
7.767     0.000
7.773     0.000
7.779     0.000
7.784     0.000
7.790     0.000
7.796     0.000
7.802     0.000
7.808     0.000
7.814     0.000
7.819     0.000
7.825     0.000
7.831     0.000
7.837     0.000
7.843     0.000
7.848     0.000
7.854     0.000
7.860     0.000
7.866     0.000
7.872     0.000
7.877     0.000
7.883     0.000
7.889     0.000
7.895     0.000
7.901     0.000
7.906     0.000
7.912     0.000
7.918     0.000
7.924     0.000
7.930     0.000
7.935     0.000
7.941     0.000
7.947     0.000
7.953     0.000
7.959     0.000
7.964     0.000
7.970     0.000
7.976     0.000
7.982     0.000
7.988     0.000
7.993     0.000
7.999     0.000
8.005     0.000
8.011     0.000
8.017     0.000
8.022     0.000
8.028     0.000
8.034     0.000
8.040     0.000
8.046     0.000
8.052     0.000
8.057     0.000
8.063     0.000
8.069     0.000
8.075     0.000
8.081     0.000
8.086     0.000
8.092     0.000
8.098     0.000
8.104     0.000
8.110     0.000
8.115     0.000
8.121     0.000
8.127     0.000
8.133     0.000
8.139     0.000
8.144     0.000
8.150     0.000
8.156     0.000
8.162     0.000
8.168     0.000
8.173     0.000
8.179     0.000
8.185     0.000
8.191     0.000
8.197     0.000
8.202     0.000
8.208     0.000
8.214     0.000
8.220     0.000
8.226     0.000
8.231     0.000
8.237     0.000
8.243     0.000
8.249     0.000
8.255     0.000
8.260     0.000
8.266     0.000
8.272     0.000
8.278     0.000
8.284     0.000
8.290     0.000
8.295     0.000
8.301     0.000
8.307     0.000
8.313     0.000
8.319     0.000
8.324     0.000
8.330     0.000
8.336     0.000
8.342     0.000
8.348     0.000
8.353     0.000
8.359     0.000
8.365     0.000
8.371     0.000
8.377     0.000
8.382     0.000
8.388     0.000
8.394     0.000
8.400     0.000
8.406     0.000
8.411     0.000
8.417     0.000
8.423     0.000
8.429     0.000
8.435     0.000
8.440     0.000
8.446     0.000
8.452     0.000
8.458     0.000
8.464     0.000
8.469     0.000
8.475     0.000
8.481     0.000
8.487     0.000
8.493     0.000
8.499     0.000
8.504     0.000
8.510     0.000
8.516     0.000
8.522     0.000
8.528     0.000
8.533     0.000
8.539     0.000
8.545     0.000
8.551     0.000
8.557     0.000
8.562     0.000
8.568     0.000
8.574     0.000
8.580     0.000
8.586     0.000
8.591     0.000
8.597     0.000
8.603     0.000
8.609     0.000
8.615     0.000
8.620     0.000
8.626     0.000
8.632     0.000
8.638     0.000
8.644     0.000
8.649     0.000
8.655     0.000
8.661     0.000
8.667     0.000
8.673     0.000
8.678     0.000
8.684     0.000
8.690     0.000
8.696     0.000
8.702     0.000
8.707     0.000
8.713     0.000
8.719     0.000
8.725     0.000
8.731     0.000
8.737     0.000
8.742     0.000
8.748     0.000
8.754     0.000
8.760     0.000
8.766     0.000
8.771     0.000
8.777     0.000
8.783     0.000
8.789     0.000
8.795     0.000
8.800     0.000
8.806     0.000
8.812     0.000
8.818     0.000
8.824     0.000
8.829     0.000
8.835     0.000
8.841     0.000
8.847     0.000
8.853     0.000
8.858     0.000
8.864     0.000
8.870     0.000
8.876     0.000
8.882     0.000
8.887     0.000
8.893     0.000
8.899     0.000
8.905     0.000
8.911     0.000
8.916     432.353
8.922     436.634
8.928     441.000
8.934     445.455
8.940     445.455
8.945     441.000
8.951     432.353
8.957     436.634
8.963     436.634
8.969     436.634
8.975     441.000
8.980     450.000
8.986     441.000
8.992     432.353
8.998     436.634
9.004     436.634
9.009     436.634
9.015     441.000
9.021     445.455
9.027     441.000
9.033     436.634
9.038     436.634
9.044     432.353
9.050     436.634
9.056     441.000
9.062     436.634
9.067     432.353
9.073     432.353
9.079     436.634
9.085     432.353
9.091     432.353
9.096     441.000
9.102     436.634
9.108     428.155
9.114     432.353
9.120     441.000
9.125     441.000
9.131     441.000
9.137     445.455
9.143     226.154
9.149     0.000
9.154     0.000
9.160     0.000
9.166     0.000
9.172     0.000
9.178     0.000
9.183     0.000
9.189     0.000
9.195     436.634
9.201     436.634
9.207     436.634
9.213     441.000
9.218     443.216
9.224     441.000
9.230     441.000
9.236     445.455
9.242     445.455
9.247     445.455
9.253     447.716
9.259     450.000
9.265     454.639
9.271     454.639
9.276     454.639
9.282     454.639
9.288     454.639
9.294     459.375
9.300     459.375
9.305     454.639
9.311     454.639
9.317     454.639
9.323     452.308
9.329     452.308
9.334     450.000
9.340     447.716
9.346     445.455
9.352     443.216
9.358     443.216
9.363     441.000
9.369     438.806
9.375     436.634
9.381     436.634
9.387     436.634
9.392     436.634
9.398     436.634
9.404     438.806
9.410     441.000
9.416     443.216
9.421     225.000
9.427     226.154
9.433     229.688
9.439     232.105
9.445     233.333
9.451     474.194
9.456     474.194
9.462     479.348
9.468     479.348
9.474     479.348
9.480     484.615
9.485     484.615
9.491     479.348
9.497     484.615
9.503     235.829
9.509     233.333
9.514     230.890
9.520     228.497
9.526     226.154
9.532     222.727
9.538     219.403
9.543     216.176
9.549     213.043
9.555     211.005
9.561     210.000
9.567     209.005
9.572     209.005
9.578     209.005
9.584     211.005
9.590     213.043
9.596     215.122
9.601     218.317
9.607     222.727
9.613     225.000
9.619     227.320
9.625     230.890
9.630     233.333
9.636     235.829
9.642     479.348
9.648     479.348
9.654     484.615
9.660     484.615
9.665     495.506
9.671     484.615
9.677     484.615
9.683     484.615
9.689     474.194
9.694     234.574
9.700     232.105
9.706     228.497
9.712     226.154
9.718     222.727
9.723     221.608
9.729     211.005
9.735     208.019
9.741     207.042
9.747     205.116
9.752     205.116
9.758     205.116
9.764     206.075
9.770     207.042
9.776     209.005
9.781     210.000
9.787     213.043
9.793     219.403
9.799     223.858
9.805     226.154
9.810     227.320
9.816     229.688
9.822     232.105
9.828     233.333
9.834     234.574
9.839     235.829
9.845     235.829
9.851     235.829
9.857     235.829
9.863     233.333
9.868     233.333
9.874     230.890
9.880     228.497
9.886     227.320
9.892     225.000
9.898     223.858
9.903     218.317
9.909     215.122
9.915     213.043
9.921     211.005
9.927     211.005
9.932     211.005
9.938     211.005
9.944     213.043
9.950     213.043
9.956     216.176
9.961     218.317
9.967     220.500
9.973     225.000
9.979     225.000
9.985     459.375
9.990     459.375
9.996     464.211
10.002     469.149
10.008     469.149
10.014     474.194
10.019     474.194
10.025     474.194
10.031     474.194
10.037     469.149
10.043     464.211
10.048     459.375
10.054     459.375
10.060     454.639
10.066     452.308
10.072     450.000
10.077     447.716
10.083     445.455
10.089     443.216
10.095     443.216
10.101     441.000
10.106     438.806
10.112     438.806
10.118     436.634
10.124     436.634
10.130     434.483
10.136     432.353
10.141     412.150
10.147     454.639
10.153     450.000
10.159     445.455
10.165     445.455
10.170     445.455
10.176     441.000
10.182     436.634
10.188     441.000
10.194     441.000
10.199     441.000
10.205     214.078
10.211     214.078
10.217     454.639
10.223     469.149
10.228     474.194
10.234     220.500
10.240     221.608
10.246     221.608
10.252     221.608
10.257     222.727
10.263     222.727
10.269     221.608
10.275     221.608
10.281     0.000
10.286     0.000
10.292     0.000
10.298     0.000
10.304     0.000
10.310     0.000
10.315     0.000
10.321     0.000
10.327     0.000
10.333     0.000
10.339     0.000
10.344     0.000
10.350     0.000
10.356     0.000
10.362     0.000
10.368     0.000
10.374     0.000
10.379     0.000
10.385     0.000
10.391     0.000
10.397     0.000
10.403     0.000
10.408     0.000
10.414     0.000
10.420     0.000
10.426     0.000
10.432     0.000
10.437     0.000
10.443     223.858
10.449     223.858
10.455     223.858
10.461     223.858
10.466     223.858
10.472     223.858
10.478     223.858
10.484     223.858
10.490     223.858
10.495     222.727
10.501     223.858
10.507     221.608
10.513     221.608
10.519     222.727
10.524     220.500
10.530     221.608
10.536     220.500
10.542     219.403
10.548     220.500
10.553     219.403
10.559     218.317
10.565     219.403
10.571     218.317
10.577     218.317
10.582     219.403
10.588     218.317
10.594     220.500
10.600     219.403
10.606     218.317
10.612     219.403
10.617     219.403
10.623     219.403
10.629     220.500
10.635     220.500
10.641     221.608
10.646     222.727
10.652     222.727
10.658     223.858
10.664     225.000
10.670     223.858
10.675     226.154
10.681     226.154
10.687     226.154
10.693     227.320
10.699     227.320
10.704     226.154
10.710     0.000
10.716     0.000
10.722     0.000
10.728     0.000
10.733     0.000
10.739     0.000
10.745     0.000
10.751     0.000
10.757     0.000
10.762     0.000
10.768     0.000
10.774     0.000
10.780     0.000
10.786     0.000
10.791     0.000
10.797     0.000
10.803     0.000
10.809     0.000
10.815     0.000
10.820     0.000
10.826     0.000
10.832     0.000
10.838     0.000
10.844     0.000
10.850     0.000
10.855     0.000
10.861     0.000
10.867     0.000
10.873     0.000
10.879     0.000
10.884     0.000
10.890     0.000
10.896     0.000
10.902     0.000
10.908     0.000
10.913     0.000
10.919     0.000
10.925     249.153
10.931     250.568
10.937     250.568
10.942     252.000
10.948     252.000
10.954     252.000
10.960     252.000
10.966     250.568
10.971     250.568
10.977     249.153
10.983     249.153
10.989     250.568
10.995     250.568
11.000     250.568
11.006     250.568
11.012     250.568
11.018     495.506
11.024     495.506
11.029     490.000
11.035     495.506
11.041     495.506
11.047     490.000
11.053     495.506
11.059     490.000
11.064     490.000
11.070     490.000
11.076     495.506
11.082     495.506
11.088     495.506
11.093     501.136
11.099     495.506
11.105     501.136
11.111     495.506
11.117     501.136
11.122     501.136
11.128     495.506
11.134     501.136
11.140     495.506
11.146     501.136
11.151     495.506
11.157     501.136
11.163     495.506
11.169     495.506
11.175     495.506
11.180     490.000
11.186     495.506
11.192     484.615
11.198     490.000
11.204     484.615
11.209     490.000
11.215     490.000
11.221     484.615
11.227     490.000
11.233     484.615
11.238     490.000
11.244     490.000
11.250     490.000
11.256     495.506
11.262     490.000
11.267     501.136
11.273     495.506
11.279     501.136
11.285     506.897
11.291     506.897
11.297     506.897
11.302     506.897
11.308     506.897
11.314     506.897
11.320     506.897
11.326     501.136
11.331     506.897
11.337     495.506
11.343     501.136
11.349     495.506
11.355     495.506
11.360     495.506
11.366     484.615
11.372     490.000
11.378     484.615
11.384     490.000
11.389     484.615
11.395     479.348
11.401     490.000
11.407     474.194
11.413     484.615
11.418     490.000
11.424     490.000
11.430     495.506
11.436     495.506
11.442     506.897
11.447     512.791
11.453     512.791
11.459     518.824
11.465     525.000
11.471     531.325
11.476     531.325
11.482     531.325
11.488     531.325
11.494     531.325
11.500     525.000
11.505     525.000
11.511     525.000
11.517     525.000
11.523     518.824
11.529     512.791
11.535     512.791
11.540     501.136
11.546     501.136
11.552     495.506
11.558     495.506
11.564     490.000
11.569     495.506
11.575     229.688
11.581     228.497
11.587     228.497
11.593     228.497
11.598     229.688
11.604     232.105
11.610     495.506
11.616     479.348
11.622     490.000
11.627     495.506
11.633     501.136
11.639     506.897
11.645     512.791
11.651     518.824
11.656     525.000
11.662     531.325
11.668     537.805
11.674     544.444
11.680     537.805
11.685     551.250
11.691     544.444
11.697     544.444
11.703     544.444
11.709     544.444
11.714     537.805
11.720     537.805
11.726     531.325
11.732     525.000
11.738     518.824
11.743     518.824
11.749     506.897
11.755     506.897
11.761     495.506
11.767     495.506
11.773     495.506
11.778     490.000
11.784     495.506
11.790     233.333
11.796     232.105
11.802     495.506
11.807     484.615
11.813     490.000
11.819     495.506
11.825     479.348
11.831     501.136
11.836     501.136
11.842     506.897
11.848     512.791
11.854     518.824
11.860     531.325
11.865     537.805
11.871     537.805
11.877     544.444
11.883     544.444
11.889     544.444
11.894     544.444
11.900     544.444
11.906     537.805
11.912     531.325
11.918     531.325
11.923     525.000
11.929     518.824
11.935     512.791
11.941     512.791
11.947     495.506
11.952     495.506
11.958     495.506
11.964     490.000
11.970     490.000
11.976     490.000
11.981     454.639
11.987     464.211
11.993     454.639
11.999     229.688
12.005     501.136
12.011     501.136
12.016     495.506
12.022     501.136
12.028     501.136
12.034     506.897
12.040     518.824
12.045     518.824
12.051     525.000
12.057     537.805
12.063     537.805
12.069     544.444
12.074     537.805
12.080     537.805
12.086     537.805
12.092     537.805
12.098     531.325
12.103     518.824
12.109     518.824
12.115     512.791
12.121     506.897
12.127     501.136
12.132     490.000
12.138     495.506
12.144     230.890
12.150     230.890
12.156     229.688
12.161     469.149
12.167     464.211
12.173     469.149
12.179     479.348
12.185     479.348
12.190     484.615
12.196     252.000
12.202     254.913
12.208     257.895
12.214     257.895
12.220     257.895
12.225     256.395
12.231     256.395
12.237     254.913
12.243     254.913
12.249     253.448
12.254     253.448
12.260     252.000
12.266     250.568
12.272     0.000
12.278     0.000
12.283     0.000
12.289     0.000
12.295     0.000
12.301     0.000
12.307     0.000
12.312     0.000
12.318     0.000
12.324     0.000
12.330     0.000
12.336     0.000
12.341     0.000
12.347     0.000
12.353     0.000
12.359     0.000
12.365     0.000
12.370     0.000
12.376     0.000
12.382     0.000
12.388     254.913
12.394     249.153
12.399     196.000
12.405     250.568
12.411     243.646
12.417     237.097
12.423     238.378
12.428     238.378
12.434     238.378
12.440     240.984
12.446     242.308
12.452     242.308
12.458     495.506
12.463     257.895
12.469     262.500
12.475     265.663
12.481     270.552
12.487     273.913
12.492     273.913
12.498     275.625
12.504     273.913
12.510     273.913
12.516     270.552
12.521     268.902
12.527     268.902
12.533     531.325
12.539     525.000
12.545     506.897
12.550     474.194
12.556     469.149
12.562     459.375
12.568     454.639
12.574     450.000
12.579     445.455
12.585     450.000
12.591     450.000
12.597     450.000
12.603     454.639
12.608     464.211
12.614     464.211
12.620     474.194
12.626     501.136
12.632     512.791
12.637     531.325
12.643     273.913
12.649     277.358
12.655     280.892
12.661     284.516
12.666     286.364
12.672     286.364
12.678     286.364
12.684     284.516
12.690     280.892
12.696     275.625
12.701     272.222
12.707     537.805
12.713     525.000
12.719     525.000
12.725     512.791
12.730     490.000
12.736     474.194
12.742     464.211
12.748     459.375
12.754     459.375
12.759     464.211
12.765     459.375
12.771     0.000
12.777     0.000
12.783     0.000
12.788     0.000
12.794     0.000
12.800     0.000
12.806     0.000
12.812     0.000
12.817     0.000
12.823     0.000
12.829     0.000
12.835     0.000
12.841     0.000
12.846     0.000
12.852     0.000
12.858     0.000
12.864     0.000
12.870     0.000
12.875     0.000
12.881     0.000
12.887     0.000
12.893     0.000
12.899     0.000
12.904     0.000
12.910     0.000
12.916     0.000
12.922     0.000
12.928     0.000
12.934     0.000
12.939     0.000
12.945     0.000
12.951     0.000
12.957     0.000
12.963     0.000
12.968     0.000
12.974     0.000
12.980     0.000
12.986     0.000
12.992     0.000
12.997     0.000
13.003     0.000
13.009     0.000
13.015     0.000
13.021     0.000
13.026     0.000
13.032     0.000
13.038     0.000
13.044     0.000
13.050     0.000
13.055     0.000
13.061     0.000
13.067     0.000
13.073     0.000
13.079     0.000
13.084     0.000
13.090     0.000
13.096     0.000
13.102     0.000
13.108     0.000
13.113     0.000
13.119     0.000
13.125     0.000
13.131     0.000
13.137     0.000
13.142     0.000
13.148     0.000
13.154     0.000
13.160     0.000
13.166     0.000
13.172     0.000
13.177     0.000
13.183     0.000
13.189     0.000
13.195     0.000
13.201     0.000
13.206     0.000
13.212     0.000
13.218     0.000
13.224     0.000
13.230     0.000
13.235     0.000
13.241     0.000
13.247     0.000
13.253     0.000
13.259     0.000
13.264     0.000
13.270     0.000
13.276     0.000
13.282     280.892
13.288     282.692
13.293     280.892
13.299     280.892
13.305     280.892
13.311     280.892
13.317     280.892
13.322     280.892
13.328     280.892
13.334     280.892
13.340     279.114
13.346     279.114
13.351     279.114
13.357     279.114
13.363     277.358
13.369     277.358
13.375     277.358
13.380     275.625
13.386     275.625
13.392     275.625
13.398     275.625
13.404     275.625
13.410     275.625
13.415     275.625
13.421     275.625
13.427     275.625
13.433     275.625
13.439     275.625
13.444     275.625
13.450     275.625
13.456     277.358
13.462     277.358
13.468     279.114
13.473     279.114
13.479     279.114
13.485     277.358
13.491     277.358
13.497     277.358
13.502     277.358
13.508     277.358
13.514     277.358
13.520     277.358
13.526     279.114
13.531     551.250
13.537     558.228
13.543     554.717
13.549     558.228
13.555     558.228
13.560     558.228
13.566     558.228
13.572     558.228
13.578     558.228
13.584     565.385
13.589     558.228
13.595     561.783
13.601     565.385
13.607     565.385
13.613     565.385
13.619     569.032
13.624     569.032
13.630     569.032
13.636     565.385
13.642     565.385
13.648     565.385
13.653     565.385
13.659     565.385
13.665     572.727
13.671     558.228
13.677     565.385
13.682     558.228
13.688     558.228
13.694     558.228
13.700     554.717
13.706     554.717
13.711     551.250
13.717     551.250
13.723     547.826
13.729     547.826
13.735     547.826
13.740     547.826
13.746     547.826
13.752     551.250
13.758     547.826
13.764     551.250
13.769     558.228
13.775     558.228
13.781     558.228
13.787     561.783
13.793     561.783
13.798     595.946
13.804     284.516
13.810     284.516
13.816     286.364
13.822     286.364
13.827     286.364
13.833     288.235
13.839     288.235
13.845     288.235
13.851     288.235
13.857     288.235
13.862     286.364
13.868     286.364
13.874     284.516
13.880     284.516
13.886     282.692
13.891     279.114
13.897     277.358
13.903     275.625
13.909     544.444
13.915     544.444
13.920     537.805
13.926     544.444
13.932     544.444
13.938     544.444
13.944     544.444
13.949     544.444
13.955     551.250
13.961     551.250
13.967     554.717
13.973     558.228
13.978     561.783
13.984     284.516
13.990     286.364
13.996     580.263
14.002     588.000
14.007     588.000
14.013     580.263
14.019     595.946
14.025     588.000
14.031     580.263
14.036     580.263
14.042     580.263
14.048     588.000
14.054     290.132
14.060     290.132
14.065     288.235
14.071     286.364
14.077     286.364
14.083     282.692
14.089     280.892
14.095     277.358
14.100     275.625
14.106     275.625
14.112     544.444
14.118     544.444
14.124     544.444
14.129     537.805
14.135     537.805
14.141     537.805
14.147     537.805
14.153     531.325
14.158     537.805
14.164     537.805
14.170     544.444
14.176     544.444
14.182     551.250
14.187     558.228
14.193     544.444
14.199     284.516
14.205     286.364
14.211     580.263
14.216     588.000
14.222     588.000
14.228     588.000
14.234     588.000
14.240     595.946
14.245     595.946
14.251     595.946
14.257     595.946
14.263     588.000
14.269     588.000
14.274     580.263
14.280     588.000
14.286     565.385
14.292     569.032
14.298     565.385
14.303     561.783
14.309     277.358
14.315     275.625
14.321     0.000
14.327     0.000
14.333     0.000
14.338     0.000
14.344     0.000
14.350     0.000
14.356     0.000
14.362     0.000
14.367     0.000
14.373     0.000
14.379     0.000
14.385     0.000
14.391     0.000
14.396     0.000
14.402     0.000
14.408     0.000
14.414     0.000
14.420     0.000
14.425     0.000
14.431     0.000
14.437     0.000
14.443     0.000
14.449     0.000
14.454     0.000
14.460     0.000
14.466     0.000
14.472     0.000
14.478     0.000
14.483     0.000
14.489     0.000
14.495     0.000
14.501     0.000
14.507     0.000
14.512     0.000
14.518     0.000
14.524     0.000
14.530     0.000
14.536     0.000
14.541     0.000
14.547     0.000
14.553     0.000
14.559     0.000
14.565     0.000
14.571     0.000
14.576     0.000
14.582     0.000
14.588     286.364
14.594     288.235
14.600     612.500
14.605     595.946
14.611     588.000
14.617     595.946
14.623     595.946
14.629     595.946
14.634     588.000
14.640     595.946
14.646     588.000
14.652     588.000
14.658     588.000
14.663     580.263
14.669     565.385
14.675     518.824
14.681     512.791
14.687     518.824
14.692     512.791
14.698     512.791
14.704     512.791
14.710     518.824
14.716     531.325
14.721     531.325
14.727     544.444
14.733     551.250
14.739     558.228
14.745     282.692
14.750     284.516
14.756     288.235
14.762     290.132
14.768     292.053
14.774     294.000
14.780     0.000
14.785     0.000
14.791     0.000
14.797     0.000
14.803     0.000
14.809     0.000
14.814     0.000
14.820     0.000
14.826     0.000
14.832     0.000
14.838     0.000
14.843     0.000
14.849     0.000
14.855     0.000
14.861     0.000
14.867     0.000
14.872     0.000
14.878     0.000
14.884     0.000
14.890     0.000
14.896     0.000
14.901     0.000
14.907     0.000
14.913     0.000
14.919     580.263
14.925     580.263
14.930     580.263
14.936     588.000
14.942     584.106
14.948     588.000
14.954     580.263
14.959     580.263
14.965     576.471
14.971     572.727
14.977     569.032
14.983     565.385
14.988     561.783
14.994     558.228
15.000     554.717
15.006     551.250
15.012     551.250
15.018     547.826
15.023     551.250
15.029     551.250
15.035     554.717
15.041     280.892
15.047     282.692
15.052     284.516
15.058     288.235
15.064     290.132
15.070     292.053
15.076     294.000
15.081     294.000
15.087     295.973
15.093     294.000
15.099     294.000
15.105     292.053
15.110     290.132
15.116     286.364
15.122     280.892
15.128     273.913
15.134     270.552
15.139     273.913
15.145     270.552
15.151     268.902
15.157     265.663
15.163     264.072
15.168     264.072
15.174     264.072
15.180     270.552
15.186     270.552
15.192     267.273
15.197     0.000
15.203     0.000
15.209     0.000
15.215     0.000
15.221     0.000
15.226     0.000
15.232     0.000
15.238     0.000
15.244     0.000
15.250     0.000
15.256     0.000
15.261     0.000
15.267     0.000
15.273     0.000
15.279     0.000
15.285     0.000
15.290     0.000
15.296     0.000
15.302     0.000
15.308     0.000
15.314     0.000
15.319     0.000
15.325     0.000
15.331     0.000
15.337     0.000
15.343     0.000
15.348     0.000
15.354     265.663
15.360     262.500
15.366     259.412
15.372     256.395
15.377     256.395
15.383     257.895
15.389     259.412
15.395     262.500
15.401     265.663
15.406     282.692
15.412     290.132
15.418     294.000
15.424     295.973
15.430     297.973
15.435     300.000
15.441     300.000
15.447     300.000
15.453     302.055
15.459     304.138
15.464     308.392
15.470     310.563
15.476     308.392
15.482     304.138
15.488     302.055
15.494     595.946
15.499     595.946
15.505     580.263
15.511     565.385
15.517     544.444
15.523     544.444
15.528     544.444
15.534     544.444
15.540     551.250
15.546     551.250
15.552     551.250
15.557     558.228
15.563     551.250
15.569     282.692
15.575     286.364
15.581     290.132
15.586     292.053
15.592     295.973
15.598     302.055
15.604     308.392
15.610     315.000
15.615     317.266
15.621     319.565
15.627     321.898
15.633     324.265
15.639     324.265
15.644     324.265
15.650     321.898
15.656     321.898
15.662     319.565
15.668     315.000
15.673     310.563
15.679     306.250
15.685     300.000
15.691     295.973
15.697     292.053
15.702     290.132
15.708     286.364
15.714     282.692
15.720     280.892
15.726     280.892
15.732     279.114
15.737     279.114
15.743     279.114
15.749     280.892
15.755     282.692
15.761     284.516
15.766     286.364
15.772     288.235
15.778     290.132
15.784     294.000
15.790     295.973
15.795     300.000
15.801     304.138
15.807     306.250
15.813     310.563
15.819     312.766
15.824     315.000
15.830     315.000
15.836     315.000
15.842     317.266
15.848     315.000
15.853     315.000
15.859     312.766
15.865     312.766
15.871     308.392
15.877     304.138
15.882     302.055
15.888     297.973
15.894     294.000
15.900     290.132
15.906     286.364
15.911     284.516
15.917     282.692
15.923     280.892
15.929     279.114
15.935     279.114
15.940     279.114
15.946     279.114
15.952     279.114
15.958     280.892
15.964     282.692
15.970     284.516
15.975     286.364
15.981     290.132
15.987     630.000
15.993     294.000
15.999     297.973
16.004     300.000
16.010     304.138
16.016     308.392
16.022     310.563
16.028     312.766
16.033     315.000
16.039     315.000
16.045     315.000
16.051     315.000
16.057     315.000
16.062     312.766
16.068     310.563
16.074     306.250
16.080     304.138
16.086     302.055
16.091     612.500
16.097     595.946
16.103     292.053
16.109     290.132
16.115     288.235
16.120     286.364
16.126     284.516
16.132     282.692
16.138     280.892
16.144     280.892
16.149     280.892
16.155     280.892
16.161     280.892
16.167     282.692
16.173     284.516
16.179     286.364
16.184     288.235
16.190     292.053
16.196     294.000
16.202     297.973
16.208     302.055
16.213     304.138
16.219     308.392
16.225     310.563
16.231     312.766
16.237     315.000
16.242     315.000
16.248     315.000
16.254     315.000
16.260     315.000
16.266     315.000
16.271     315.000
16.277     312.766
16.283     312.766
16.289     310.563
16.295     308.392
16.300     304.138
16.306     621.127
16.312     595.946
16.318     294.000
16.324     290.132
16.329     288.235
16.335     286.364
16.341     284.516
16.347     282.692
16.353     280.892
16.358     280.892
16.364     279.114
16.370     280.892
16.376     280.892
16.382     280.892
16.387     282.692
16.393     284.516
16.399     286.364
16.405     288.235
16.411     290.132
16.417     294.000
16.422     297.973
16.428     302.055
16.434     304.138
16.440     308.392
16.446     310.563
16.451     315.000
16.457     317.266
16.463     319.565
16.469     321.898
16.475     321.898
16.480     321.898
16.486     319.565
16.492     319.565
16.498     317.266
16.504     315.000
16.509     312.766
16.515     310.563
16.521     306.250
16.527     302.055
16.533     297.973
16.538     294.000
16.544     292.053
16.550     290.132
16.556     288.235
16.562     286.364
16.567     284.516
16.573     282.692
16.579     282.692
16.585     282.692
16.591     282.692
16.596     284.516
16.602     284.516
16.608     286.364
16.614     288.235
16.620     290.132
16.625     292.053
16.631     294.000
16.637     297.973
16.643     302.055
16.649     304.138
16.655     306.250
16.660     308.392
16.666     312.766
16.672     315.000
16.678     317.266
16.684     319.565
16.689     319.565
16.695     319.565
16.701     319.565
16.707     319.565
16.713     319.565
16.718     317.266
16.724     317.266
16.730     312.766
16.736     308.392
16.742     306.250
16.747     302.055
16.753     300.000
16.759     294.000
16.765     290.132
16.771     288.235
16.776     286.364
16.782     284.516
16.788     284.516
16.794     282.692
16.800     282.692
16.805     282.692
16.811     282.692
16.817     284.516
16.823     286.364
16.829     288.235
16.834     290.132
16.840     294.000
16.846     295.973
16.852     297.973
16.858     302.055
16.863     304.138
16.869     306.250
16.875     306.250
16.881     308.392
16.887     310.563
16.893     310.563
16.898     310.563
16.904     310.563
16.910     308.392
16.916     308.392
16.922     306.250
16.927     306.250
16.933     304.138
16.939     302.055
16.945     300.000
16.951     300.000
16.956     297.973
16.962     295.973
16.968     294.000
16.974     292.053
16.980     292.053
16.985     290.132
16.991     290.132
16.997     290.132
17.003     290.132
17.009     288.235
17.014     288.235
17.020     288.235
17.026     288.235
17.032     290.132
17.038     290.132
17.043     292.053
17.049     292.053
17.055     294.000
17.061     295.973
17.067     297.973
17.072     297.973
17.078     300.000
17.084     300.000
17.090     302.055
17.096     304.138
17.101     306.250
17.107     308.392
17.113     308.392
17.119     308.392
17.125     308.392
17.131     308.392
17.136     308.392
17.142     308.392
17.148     306.250
17.154     304.138
17.160     630.000
17.165     588.000
17.171     588.000
17.177     290.132
17.183     288.235
17.189     286.364
17.194     284.516
17.200     284.516
17.206     284.516
17.212     282.692
17.218     284.516
17.223     284.516
17.229     284.516
17.235     286.364
17.241     288.235
17.247     290.132
17.252     292.053
17.258     294.000
17.264     295.973
17.270     297.973
17.276     300.000
17.281     302.055
17.287     304.138
17.293     306.250
17.299     308.392
17.305     312.766
17.310     315.000
17.316     315.000
17.322     315.000
17.328     315.000
17.334     315.000
17.340     315.000
17.345     310.563
17.351     308.392
17.357     304.138
17.363     302.055
17.369     300.000
17.374     297.973
17.380     295.973
17.386     294.000
17.392     292.053
17.398     290.132
17.403     288.235
17.409     286.364
17.415     284.516
17.421     284.516
17.427     282.692
17.432     282.692
17.438     284.516
17.444     284.516
17.450     284.516
17.456     286.364
17.461     288.235
17.467     290.132
17.473     292.053
17.479     294.000
17.485     295.973
17.490     297.973
17.496     300.000
17.502     304.138
17.508     306.250
17.514     310.563
17.519     312.766
17.525     315.000
17.531     317.266
17.537     317.266
17.543     319.565
17.548     319.565
17.554     317.266
17.560     317.266
17.566     315.000
17.572     312.766
17.578     310.563
17.583     306.250
17.589     304.138
17.595     300.000
17.601     295.973
17.607     294.000
17.612     292.053
17.618     292.053
17.624     290.132
17.630     288.235
17.636     288.235
17.641     288.235
17.647     286.364
17.653     288.235
17.659     288.235
17.665     288.235
17.670     288.235
17.676     290.132
17.682     292.053
17.688     294.000
17.694     295.973
17.699     297.973
17.705     300.000
17.711     302.055
17.717     304.138
17.723     306.250
17.728     308.392
17.734     310.563
17.740     315.000
17.746     315.000
17.752     317.266
17.757     317.266
17.763     317.266
17.769     315.000
17.775     315.000
17.781     312.766
17.786     310.563
17.792     308.392
17.798     306.250
17.804     306.250
17.810     302.055
17.816     297.973
17.821     295.973
17.827     294.000
17.833     292.053
17.839     292.053
17.845     292.053
17.850     290.132
17.856     290.132
17.862     290.132
17.868     288.235
17.874     288.235
17.879     288.235
17.885     290.132
17.891     290.132
17.897     292.053
17.903     292.053
17.908     294.000
17.914     295.973
17.920     297.973
17.926     300.000
17.932     302.055
17.937     302.055
17.943     304.138
17.949     306.250
17.955     308.392
17.961     310.563
17.966     310.563
17.972     312.766
17.978     312.766
17.984     312.766
17.990     312.766
17.995     310.563
18.001     310.563
18.007     308.392
18.013     306.250
18.019     304.138
18.024     302.055
18.030     300.000
18.036     297.973
18.042     297.973
18.048     294.000
18.054     294.000
18.059     292.053
18.065     292.053
18.071     290.132
18.077     290.132
18.083     290.132
18.088     290.132
18.094     290.132
18.100     290.132
18.106     292.053
18.112     292.053
18.117     294.000
18.123     294.000
18.129     295.973
18.135     297.973
18.141     300.000
18.146     302.055
18.152     304.138
18.158     306.250
18.164     308.392
18.170     310.563
18.175     312.766
18.181     315.000
18.187     315.000
18.193     315.000
18.199     315.000
18.204     312.766
18.210     312.766
18.216     310.563
18.222     308.392
18.228     304.138
18.233     300.000
18.239     300.000
18.245     297.973
18.251     295.973
18.257     294.000
18.262     292.053
18.268     292.053
18.274     290.132
18.280     290.132
18.286     288.235
18.292     288.235
18.297     288.235
18.303     288.235
18.309     288.235
18.315     288.235
18.321     288.235
18.326     290.132
18.332     290.132
18.338     292.053
18.344     294.000
18.350     295.973
18.355     297.973
18.361     300.000
18.367     302.055
18.373     304.138
18.379     306.250
18.384     310.563
18.390     312.766
18.396     317.266
18.402     317.266
18.408     319.565
18.413     317.266
18.419     317.266
18.425     315.000
18.431     315.000
18.437     312.766
18.442     312.766
18.448     308.392
18.454     306.250
18.460     304.138
18.466     302.055
18.471     297.973
18.477     295.973
18.483     294.000
18.489     292.053
18.495     292.053
18.500     292.053
18.506     292.053
18.512     290.132
18.518     290.132
18.524     290.132
18.530     290.132
18.535     290.132
18.541     290.132
18.547     292.053
18.553     294.000
18.559     295.973
18.564     297.973
18.570     302.055
18.576     302.055
18.582     304.138
18.588     304.138
18.593     306.250
18.599     306.250
18.605     308.392
18.611     310.563
18.617     312.766
18.622     312.766
18.628     312.766
18.634     312.766
18.640     312.766
18.646     312.766
18.651     310.563
18.657     306.250
18.663     304.138
18.669     302.055
18.675     300.000
18.680     297.973
18.686     295.973
18.692     294.000
18.698     292.053
18.704     292.053
18.709     290.132
18.715     290.132
18.721     288.235
18.727     288.235
18.733     286.364
18.739     286.364
18.744     286.364
18.750     288.235
18.756     288.235
18.762     288.235
18.768     290.132
18.773     292.053
18.779     294.000
18.785     297.973
18.791     302.055
18.797     304.138
18.802     306.250
18.808     310.563
18.814     312.766
18.820     317.266
18.826     319.565
18.831     319.565
18.837     321.898
18.843     321.898
18.849     324.265
18.855     324.265
18.860     321.898
18.866     321.898
18.872     319.565
18.878     317.266
18.884     315.000
18.889     310.563
18.895     306.250
18.901     300.000
18.907     295.973
18.913     292.053
18.918     290.132
18.924     286.364
18.930     282.692
18.936     280.892
18.942     279.114
18.947     277.358
18.953     275.625
18.959     275.625
18.965     275.625
18.971     275.625
18.977     277.358
18.982     279.114
18.988     280.892
18.994     282.692
19.000     284.516
19.006     288.235
19.011     290.132
19.017     294.000
19.023     297.973
19.029     302.055
19.035     306.250
19.040     310.563
19.046     312.766
19.052     315.000
19.058     317.266
19.064     317.266
19.069     317.266
19.075     317.266
19.081     317.266
19.087     317.266
19.093     315.000
19.098     312.766
19.104     308.392
19.110     306.250
19.116     302.055
19.122     300.000
19.127     295.973
19.133     294.000
19.139     292.053
19.145     290.132
19.151     288.235
19.156     286.364
19.162     286.364
19.168     286.364
19.174     286.364
19.180     286.364
19.185     286.364
19.191     286.364
19.197     288.235
19.203     290.132
19.209     292.053
19.215     294.000
19.220     297.973
19.226     302.055
19.232     304.138
19.238     308.392
19.244     312.766
19.249     317.266
19.255     319.565
19.261     321.898
19.267     321.898
19.273     324.265
19.278     324.265
19.284     324.265
19.290     326.667
19.296     324.265
19.302     324.265
19.307     321.898
19.313     319.565
19.319     317.266
19.325     312.766
19.331     308.392
19.336     304.138
19.342     300.000
19.348     295.973
19.354     290.132
19.360     286.364
19.365     284.516
19.371     282.692
19.377     280.892
19.383     280.892
19.389     280.892
19.394     280.892
19.400     280.892
19.406     282.692
19.412     284.516
19.418     286.364
19.423     288.235
19.429     290.132
19.435     294.000
19.441     295.973
19.447     300.000
19.453     302.055
19.458     304.138
19.464     306.250
19.470     308.392
19.476     310.563
19.482     312.766
19.487     312.766
19.493     312.766
19.499     312.766
19.505     312.766
19.511     312.766
19.516     312.766
19.522     310.563
19.528     308.392
19.534     306.250
19.540     304.138
19.545     302.055
19.551     297.973
19.557     295.973
19.563     295.973
19.569     294.000
19.574     294.000
19.580     292.053
19.586     292.053
19.592     290.132
19.598     290.132
19.603     288.235
19.609     288.235
19.615     288.235
19.621     288.235
19.627     288.235
19.632     290.132
19.638     290.132
19.644     292.053
19.650     294.000
19.656     297.973
19.661     302.055
19.667     306.250
19.673     308.392
19.679     310.563
19.685     312.766
19.691     315.000
19.696     315.000
19.702     317.266
19.708     317.266
19.714     317.266
19.720     317.266
19.725     315.000
19.731     315.000
19.737     312.766
19.743     310.563
19.749     308.392
19.754     306.250
19.760     304.138
19.766     302.055
19.772     297.973
19.778     295.973
19.783     294.000
19.789     292.053
19.795     292.053
19.801     290.132
19.807     288.235
19.812     288.235
19.818     286.364
19.824     286.364
19.830     286.364
19.836     288.235
19.841     288.235
19.847     290.132
19.853     294.000
19.859     295.973
19.865     300.000
19.870     304.138
19.876     306.250
19.882     310.563
19.888     315.000
19.894     315.000
19.900     317.266
19.905     317.266
19.911     319.565
19.917     319.565
19.923     319.565
19.929     319.565
19.934     319.565
19.940     317.266
19.946     317.266
19.952     315.000
19.958     312.766
19.963     308.392
19.969     302.055
19.975     297.973
19.981     295.973
19.987     290.132
19.992     286.364
19.998     282.692
20.004     279.114
20.010     277.358
20.016     277.358
20.021     275.625
20.027     275.625
20.033     275.625
20.039     277.358
20.045     279.114
20.050     280.892
20.056     282.692
20.062     286.364
20.068     290.132
20.074     294.000
20.079     297.973
20.085     300.000
20.091     304.138
20.097     308.392
20.103     312.766
20.108     315.000
20.114     317.266
20.120     317.266
20.126     317.266
20.132     317.266
20.138     315.000
20.143     315.000
20.149     312.766
20.155     310.563
20.161     308.392
20.167     306.250
20.172     304.138
20.178     300.000
20.184     297.973
20.190     294.000
20.196     290.132
20.201     288.235
20.207     286.364
20.213     284.516
20.219     284.516
20.225     282.692
20.230     282.692
20.236     284.516
20.242     284.516
20.248     286.364
20.254     288.235
20.259     290.132
20.265     292.053
20.271     294.000
20.277     297.973
20.283     297.973
20.288     302.055
20.294     304.138
20.300     306.250
20.306     310.563
20.312     312.766
20.317     315.000
20.323     315.000
20.329     315.000
20.335     315.000
20.341     315.000
20.346     312.766
20.352     310.563
20.358     306.250
20.364     304.138
20.370     300.000
20.376     297.973
20.381     294.000
20.387     292.053
20.393     288.235
20.399     286.364
20.405     286.364
20.410     284.516
20.416     282.692
20.422     282.692
20.428     282.692
20.434     284.516
20.439     284.516
20.445     286.364
20.451     288.235
20.457     290.132
20.463     290.132
20.468     292.053
20.474     292.053
20.480     294.000
20.486     295.973
20.492     297.973
20.497     300.000
20.503     302.055
20.509     304.138
20.515     304.138
20.521     306.250
20.526     304.138
20.532     302.055
20.538     300.000
20.544     297.973
20.550     297.973
20.555     297.973
20.561     295.973
20.567     295.973
20.573     295.973
20.579     295.973
20.584     295.973
20.590     297.973
20.596     300.000
20.602     302.055
20.608     302.055
20.614     304.138
20.619     306.250
20.625     306.250
20.631     308.392
20.637     308.392
20.643     308.392
20.648     308.392
20.654     310.563
20.660     310.563
20.666     310.563
20.672     310.563
20.677     310.563
20.683     310.563
20.689     308.392
20.695     306.250
20.701     304.138
20.706     304.138
20.712     0.000
20.718     0.000
20.724     0.000
20.730     0.000
20.735     0.000
20.741     0.000
20.747     0.000
20.753     0.000
20.759     0.000
20.764     0.000
20.770     0.000
20.776     0.000
20.782     0.000
20.788     0.000
20.793     0.000
20.799     0.000
20.805     0.000
20.811     0.000
20.817     0.000
20.822     0.000
20.828     0.000
20.834     0.000
20.840     0.000
20.846     0.000
20.852     0.000
20.857     0.000
20.863     0.000
20.869     0.000
20.875     0.000
20.881     0.000
20.886     0.000
20.892     0.000
20.898     0.000
20.904     0.000
20.910     0.000
20.915     0.000
20.921     0.000
20.927     0.000
20.933     0.000
20.939     0.000
20.944     0.000
20.950     0.000
20.956     0.000
20.962     0.000
20.968     0.000
20.973     0.000
20.979     0.000
20.985     0.000
20.991     0.000
20.997     0.000
21.002     0.000
21.008     0.000
21.014     0.000
21.020     0.000
21.026     0.000
21.031     0.000
21.037     0.000
21.043     0.000
21.049     0.000
21.055     0.000
21.060     0.000
21.066     0.000
21.072     0.000
21.078     0.000
21.084     0.000
21.090     0.000
21.095     0.000
21.101     0.000
21.107     0.000
21.113     0.000
21.119     0.000
21.124     0.000
21.130     0.000
21.136     0.000
21.142     0.000
21.148     0.000
21.153     0.000
21.159     0.000
21.165     0.000
21.171     0.000
21.177     0.000
21.182     0.000
21.188     0.000
21.194     0.000
21.200     0.000
21.206     0.000
21.211     0.000
21.217     0.000
21.223     0.000
21.229     0.000
21.235     0.000
21.240     0.000
21.246     0.000
21.252     0.000
21.258     0.000
21.264     0.000
21.269     0.000
21.275     0.000
21.281     0.000
21.287     0.000
21.293     0.000
21.299     0.000
21.304     0.000
21.310     0.000
21.316     0.000
21.322     0.000
21.328     0.000
21.333     0.000
21.339     0.000
21.345     0.000
21.351     0.000
21.357     0.000
21.362     0.000
21.368     0.000
21.374     0.000
21.380     0.000
21.386     0.000
21.391     0.000
21.397     0.000
21.403     0.000
21.409     0.000
21.415     0.000
21.420     0.000
21.426     0.000
21.432     0.000
21.438     0.000
21.444     0.000
21.449     0.000
21.455     0.000
21.461     0.000
21.467     0.000
21.473     0.000
21.478     0.000
21.484     0.000
21.490     0.000
21.496     0.000
21.502     0.000
21.507     0.000
21.513     0.000
21.519     0.000
21.525     0.000
21.531     0.000
21.537     0.000
21.542     0.000
21.548     0.000
21.554     0.000
21.560     0.000
21.566     0.000
21.571     0.000
21.577     0.000
21.583     0.000
21.589     0.000
21.595     0.000
21.600     0.000
21.606     0.000
21.612     0.000
21.618     0.000
21.624     0.000
21.629     0.000
21.635     0.000
21.641     0.000
21.647     0.000
21.653     0.000
21.658     0.000
21.664     0.000
21.670     0.000
21.676     0.000
21.682     0.000
21.687     0.000
21.693     0.000
21.699     0.000
21.705     0.000
21.711     0.000
21.716     0.000
21.722     0.000
21.728     0.000
21.734     0.000
21.740     0.000
21.745     0.000
21.751     0.000
21.757     0.000
21.763     0.000
21.769     0.000
21.775     0.000
21.780     0.000
21.786     0.000
21.792     0.000
21.798     0.000
21.804     0.000
21.809     0.000
21.815     0.000
21.821     0.000
21.827     0.000
21.833     0.000
21.838     0.000
21.844     0.000
21.850     0.000
21.856     0.000
21.862     0.000
21.867     0.000
21.873     0.000
21.879     0.000
21.885     0.000
21.891     0.000
21.896     0.000
21.902     0.000
21.908     0.000
21.914     0.000
21.920     0.000
21.925     0.000
21.931     0.000
21.937     0.000
21.943     0.000
21.949     0.000
21.954     0.000
21.960     0.000
21.966     0.000
21.972     0.000
21.978     0.000
21.983     0.000
21.989     0.000
21.995     0.000
22.001     0.000
22.007     0.000
22.013     0.000
22.018     0.000
22.024     0.000
22.030     0.000
22.036     0.000
22.042     0.000
22.047     0.000
22.053     0.000
22.059     0.000
22.065     0.000
22.071     0.000
22.076     0.000
22.082     0.000
22.088     0.000
22.094     0.000
22.100     0.000
22.105     0.000
22.111     0.000
22.117     0.000
22.123     0.000
22.129     0.000
22.134     0.000
22.140     0.000
22.146     0.000
22.152     0.000
22.158     0.000
22.163     0.000
22.169     0.000
22.175     0.000
22.181     0.000
