0.000     0.000
0.006     0.000
0.012     0.000
0.017     0.000
0.023     0.000
0.029     0.000
0.035     0.000
0.041     0.000
0.046     0.000
0.052     0.000
0.058     0.000
0.064     0.000
0.070     0.000
0.075     0.000
0.081     0.000
0.087     0.000
0.093     0.000
0.099     0.000
0.104     0.000
0.110     0.000
0.116     0.000
0.122     0.000
0.128     0.000
0.134     0.000
0.139     0.000
0.145     0.000
0.151     0.000
0.157     0.000
0.163     0.000
0.168     0.000
0.174     0.000
0.180     0.000
0.186     0.000
0.192     0.000
0.197     0.000
0.203     0.000
0.209     0.000
0.215     0.000
0.221     0.000
0.226     0.000
0.232     0.000
0.238     0.000
0.244     0.000
0.250     0.000
0.255     0.000
0.261     0.000
0.267     0.000
0.273     0.000
0.279     0.000
0.284     0.000
0.290     0.000
0.296     0.000
0.302     0.000
0.308     0.000
0.313     0.000
0.319     0.000
0.325     0.000
0.331     0.000
0.337     0.000
0.342     0.000
0.348     0.000
0.354     0.000
0.360     0.000
0.366     0.000
0.372     0.000
0.377     0.000
0.383     0.000
0.389     0.000
0.395     0.000
0.401     0.000
0.406     0.000
0.412     0.000
0.418     0.000
0.424     0.000
0.430     565.385
0.435     565.385
0.441     565.385
0.447     565.385
0.453     572.727
0.459     572.727
0.464     572.727
0.470     572.727
0.476     580.263
0.482     580.263
0.488     580.263
0.493     580.263
0.499     580.263
0.505     588.000
0.511     588.000
0.517     580.263
0.522     580.263
0.528     572.727
0.534     572.727
0.540     572.727
0.546     565.385
0.551     565.385
0.557     558.228
0.563     551.250
0.569     544.444
0.575     537.805
0.580     531.325
0.586     525.000
0.592     518.824
0.598     512.791
0.604     506.897
0.610     506.897
0.615     506.897
0.621     512.791
0.627     512.791
0.633     512.791
0.639     518.824
0.644     525.000
0.650     531.325
0.656     537.805
0.662     551.250
0.668     558.228
0.673     565.385
0.679     565.385
0.685     572.727
0.691     580.263
0.697     580.263
0.702     580.263
0.708     580.263
0.714     580.263
0.720     572.727
0.726     565.385
0.731     558.228
0.737     551.250
0.743     544.444
0.749     531.325
0.755     518.824
0.760     506.897
0.766     501.136
0.772     495.506
0.778     495.506
0.784     495.506
0.789     501.136
0.795     506.897
0.801     518.824
0.807     525.000
0.813     544.444
0.819     551.250
0.824     565.385
0.830     572.727
0.836     580.263
0.842     588.000
0.848     588.000
0.853     595.946
0.859     595.946
0.865     595.946
0.871     595.946
0.877     588.000
0.882     0.000
0.888     0.000
0.894     0.000
0.900     0.000
0.906     0.000
0.911     0.000
0.917     0.000
0.923     0.000
0.929     0.000
0.935     0.000
0.940     0.000
0.946     0.000
0.952     0.000
0.958     0.000
0.964     0.000
0.969     0.000
0.975     0.000
0.981     0.000
0.987     0.000
0.993     0.000
0.998     0.000
1.004     0.000
1.010     0.000
1.016     0.000
1.022     0.000
1.027     0.000
1.033     0.000
1.039     0.000
1.045     0.000
1.051     0.000
1.057     0.000
1.062     0.000
1.068     0.000
1.074     0.000
1.080     0.000
1.086     0.000
1.091     0.000
1.097     0.000
1.103     0.000
1.109     0.000
1.115     0.000
1.120     0.000
1.126     0.000
1.132     0.000
1.138     0.000
1.144     0.000
1.149     0.000
1.155     0.000
1.161     0.000
1.167     0.000
1.173     0.000
1.178     0.000
1.184     0.000
1.190     0.000
1.196     0.000
1.202     0.000
1.207     0.000
1.213     0.000
1.219     0.000
1.225     0.000
1.231     0.000
1.236     0.000
1.242     0.000
1.248     0.000
1.254     0.000
1.260     0.000
1.265     0.000
1.271     0.000
1.277     0.000
1.283     0.000
1.289     0.000
1.295     0.000
1.300     0.000
1.306     0.000
1.312     0.000
1.318     0.000
1.324     0.000
1.329     0.000
1.335     0.000
1.341     0.000
1.347     0.000
1.353     0.000
1.358     0.000
1.364     0.000
1.370     0.000
1.376     0.000
1.382     0.000
1.387     0.000
1.393     0.000
1.399     0.000
1.405     0.000
1.411     0.000
1.416     0.000
1.422     525.000
1.428     525.000
1.434     518.824
1.440     518.824
1.445     518.824
1.451     518.824
1.457     525.000
1.463     525.000
1.469     537.805
1.474     544.444
1.480     551.250
1.486     558.228
1.492     565.385
1.498     572.727
1.503     580.263
1.509     580.263
1.515     588.000
1.521     588.000
1.527     580.263
1.533     580.263
1.538     572.727
1.544     565.385
1.550     558.228
1.556     551.250
1.562     537.805
1.567     525.000
1.573     512.791
1.579     501.136
1.585     495.506
1.591     490.000
1.596     490.000
1.602     495.506
1.608     495.506
1.614     506.897
1.620     512.791
1.625     525.000
1.631     544.444
1.637     558.228
1.643     565.385
1.649     572.727
1.654     588.000
1.660     604.110
1.666     612.500
1.672     612.500
1.678     612.500
1.683     612.500
1.689     612.500
1.695     604.110
1.701     595.946
1.707     588.000
1.712     580.263
1.718     572.727
1.724     565.385
1.730     558.228
1.736     544.444
1.741     531.325
1.747     525.000
1.753     525.000
1.759     525.000
1.765     525.000
1.771     531.325
1.776     537.805
1.782     544.444
1.788     0.000
1.794     0.000
1.800     0.000
1.805     0.000
1.811     0.000
1.817     0.000
1.823     0.000
1.829     0.000
1.834     0.000
1.840     0.000
1.846     0.000
1.852     0.000
1.858     0.000
1.863     0.000
1.869     0.000
1.875     0.000
1.881     0.000
1.887     0.000
1.892     0.000
1.898     0.000
1.904     0.000
1.910     0.000
1.916     0.000
1.921     0.000
1.927     0.000
1.933     0.000
1.939     0.000
1.945     0.000
1.950     0.000
1.956     0.000
1.962     0.000
1.968     0.000
1.974     0.000
1.980     0.000
1.985     0.000
1.991     0.000
1.997     0.000
2.003     0.000
2.009     0.000
2.014     0.000
2.020     0.000
2.026     0.000
2.032     0.000
2.038     0.000
2.043     0.000
2.049     0.000
2.055     604.110
2.061     604.110
2.067     604.110
2.072     604.110
2.078     604.110
2.084     595.946
2.090     595.946
2.096     595.946
2.101     595.946
2.107     595.946
2.113     595.946
2.119     595.946
2.125     595.946
2.130     595.946
2.136     0.000
2.142     0.000
2.148     0.000
2.154     0.000
2.159     0.000
2.165     0.000
2.171     0.000
2.177     0.000
2.183     0.000
2.188     0.000
2.194     0.000
2.200     0.000
2.206     0.000
2.212     0.000
2.218     0.000
2.223     0.000
2.229     0.000
2.235     0.000
2.241     0.000
2.247     0.000
2.252     0.000
2.258     0.000
2.264     0.000
2.270     0.000
2.276     0.000
2.281     0.000
2.287     0.000
2.293     0.000
2.299     0.000
2.305     0.000
2.310     0.000
2.316     0.000
2.322     0.000
2.328     0.000
2.334     0.000
2.339     0.000
2.345     0.000
2.351     0.000
2.357     0.000
2.363     0.000
2.368     0.000
2.374     0.000
2.380     0.000
2.386     0.000
2.392     512.791
2.397     515.789
2.403     515.789
2.409     512.791
2.415     512.791
2.421     512.791
2.426     506.897
2.432     506.897
2.438     506.897
2.444     501.136
2.450     501.136
2.456     501.136
2.461     501.136
2.467     495.506
2.473     495.506
2.479     495.506
2.485     501.136
2.490     501.136
2.496     501.136
2.502     501.136
2.508     501.136
2.514     506.897
2.519     506.897
2.525     512.791
2.531     512.791
2.537     512.791
2.543     512.791
2.548     518.824
2.554     518.824
2.560     518.824
2.566     518.824
2.572     518.824
2.577     525.000
2.583     518.824
2.589     518.824
2.595     518.824
2.601     518.824
2.606     521.893
2.612     525.000
2.618     528.144
2.624     531.325
2.630     531.325
2.635     531.325
2.641     531.325
2.647     531.325
2.653     528.144
2.659     531.325
2.664     531.325
2.670     658.209
2.676     648.529
2.682     639.130
2.688     630.000
2.694     621.127
2.699     630.000
2.705     639.130
2.711     648.529
2.717     658.209
2.723     668.182
2.728     668.182
2.734     668.182
2.740     668.182
2.746     668.182
2.752     668.182
2.757     658.209
2.763     658.209
2.769     648.529
2.775     648.529
2.781     648.529
2.786     639.130
2.792     639.130
2.798     639.130
2.804     639.130
2.810     639.130
2.815     639.130
2.821     648.529
2.827     658.209
2.833     658.209
2.839     658.209
2.844     668.182
2.850     668.182
2.856     678.462
2.862     689.062
2.868     689.062
2.873     700.000
2.879     700.000
2.885     700.000
2.891     700.000
2.897     689.062
2.902     689.062
2.908     678.462
2.914     668.182
2.920     658.209
2.926     639.130
2.932     621.127
2.937     612.500
2.943     604.110
2.949     604.110
2.955     595.946
2.961     595.946
2.966     604.110
2.972     604.110
2.978     612.500
2.984     630.000
2.990     639.130
2.995     648.529
3.001     668.182
3.007     678.462
3.013     689.062
3.019     689.062
3.024     700.000
3.030     700.000
3.036     711.290
3.042     711.290
3.048     711.290
3.053     700.000
3.059     700.000
3.065     689.062
3.071     678.462
3.077     658.209
3.082     648.529
3.088     630.000
3.094     612.500
3.100     604.110
3.106     595.946
3.111     595.946
3.117     588.000
3.123     588.000
3.129     595.946
3.135     604.110
3.140     612.500
3.146     630.000
3.152     639.130
3.158     658.209
3.164     668.182
3.170     678.462
3.175     689.062
3.181     689.062
3.187     700.000
3.193     711.290
3.199     711.290
3.204     711.290
3.210     711.290
3.216     711.290
3.222     700.000
3.228     700.000
3.233     689.062
3.239     668.182
3.245     658.209
3.251     639.130
3.257     630.000
3.262     612.500
3.268     612.500
3.274     604.110
3.280     604.110
3.286     604.110
3.291     612.500
3.297     621.127
3.303     630.000
3.309     639.130
3.315     648.529
3.320     668.182
3.326     678.462
3.332     689.062
3.338     689.062
3.344     689.062
3.349     700.000
3.355     700.000
3.361     700.000
3.367     700.000
3.373     700.000
3.379     689.062
3.384     678.462
3.390     678.462
3.396     658.209
3.402     648.529
3.408     630.000
3.413     612.500
3.419     604.110
3.425     595.946
3.431     588.000
3.437     595.946
3.442     604.110
3.448     621.127
3.454     630.000
3.460     630.000
3.466     648.529
3.471     658.209
3.477     668.182
3.483     678.462
3.489     678.462
3.495     0.000
3.500     0.000
3.506     0.000
3.512     0.000
3.518     0.000
3.524     0.000
3.529     0.000
3.535     0.000
3.541     0.000
3.547     0.000
3.553     0.000
3.558     0.000
3.564     0.000
3.570     0.000
3.576     0.000
3.582     0.000
3.587     0.000
3.593     0.000
3.599     0.000
3.605     0.000
3.611     0.000
3.617     0.000
3.622     0.000
3.628     0.000
3.634     0.000
3.640     0.000
3.646     0.000
3.651     0.000
3.657     0.000
3.663     0.000
3.669     0.000
3.675     0.000
3.680     0.000
3.686     0.000
3.692     0.000
3.698     0.000
3.704     0.000
3.709     0.000
3.715     0.000
3.721     0.000
3.727     0.000
3.733     0.000
3.738     0.000
3.744     0.000
3.750     0.000
3.756     0.000
3.762     0.000
3.767     0.000
3.773     0.000
3.779     0.000
3.785     0.000
3.791     0.000
3.796     0.000
3.802     0.000
3.808     0.000
3.814     0.000
3.820     0.000
3.825     0.000
3.831     0.000
3.837     0.000
3.843     0.000
3.849     0.000
3.855     0.000
3.860     0.000
3.866     0.000
3.872     0.000
3.878     0.000
3.884     0.000
3.889     0.000
3.895     0.000
3.901     0.000
3.907     0.000
3.913     0.000
3.918     0.000
3.924     0.000
3.930     0.000
3.936     0.000
3.942     0.000
3.947     0.000
3.953     0.000
3.959     0.000
3.965     0.000
3.971     0.000
3.976     0.000
3.982     0.000
3.988     0.000
3.994     0.000
4.000     0.000
4.005     0.000
4.011     0.000
4.017     0.000
4.023     0.000
4.029     0.000
4.034     0.000
4.040     0.000
4.046     0.000
4.052     0.000
4.058     0.000
4.063     0.000
4.069     0.000
4.075     0.000
4.081     0.000
4.087     0.000
4.093     0.000
4.098     479.348
4.104     484.615
4.110     484.615
4.116     484.615
4.122     490.000
4.127     490.000
4.133     490.000
4.139     490.000
4.145     490.000
4.151     490.000
4.156     490.000
4.162     490.000
4.168     490.000
4.174     490.000
4.180     490.000
4.185     490.000
4.191     484.615
4.197     490.000
4.203     490.000
4.209     490.000
4.214     490.000
4.220     490.000
4.226     490.000
4.232     495.506
4.238     495.506
4.243     501.136
4.249     501.136
4.255     506.897
4.261     506.897
4.267     512.791
4.272     518.824
4.278     518.824
4.284     525.000
4.290     525.000
4.296     531.325
4.301     531.325
4.307     525.000
4.313     525.000
4.319     531.325
4.325     531.325
4.331     531.325
4.336     525.000
4.342     525.000
4.348     544.444
4.354     551.250
4.360     544.444
4.365     544.444
4.371     544.444
4.377     537.805
4.383     544.444
4.389     551.250
4.394     551.250
4.400     551.250
4.406     551.250
4.412     551.250
4.418     558.228
4.423     551.250
4.429     551.250
4.435     551.250
4.441     551.250
4.447     551.250
4.452     544.444
4.458     544.444
4.464     544.444
4.470     544.444
4.476     544.444
4.481     544.444
4.487     544.444
4.493     551.250
4.499     558.228
4.505     558.228
4.510     565.385
4.516     572.727
4.522     580.263
4.528     580.263
4.534     588.000
4.540     588.000
4.545     588.000
4.551     588.000
4.557     588.000
4.563     588.000
4.569     588.000
4.574     580.263
4.580     572.727
4.586     572.727
4.592     558.228
4.598     551.250
4.603     544.444
4.609     537.805
4.615     531.325
4.621     525.000
4.627     518.824
4.632     518.824
4.638     518.824
4.644     525.000
4.650     525.000
4.656     531.325
4.661     537.805
4.667     544.444
4.673     551.250
4.679     565.385
4.685     572.727
4.690     580.263
4.696     588.000
4.702     595.946
4.708     595.946
4.714     604.110
4.719     604.110
4.725     604.110
4.731     595.946
4.737     588.000
4.743     580.263
4.748     572.727
4.754     565.385
4.760     558.228
4.766     544.444
4.772     537.805
4.778     531.325
4.783     525.000
4.789     525.000
4.795     0.000
4.801     0.000
4.807     0.000
4.812     0.000
4.818     0.000
4.824     0.000
4.830     0.000
4.836     0.000
4.841     0.000
4.847     0.000
4.853     0.000
4.859     0.000
4.865     0.000
4.870     0.000
4.876     0.000
4.882     0.000
4.888     0.000
4.894     0.000
4.899     0.000
4.905     0.000
4.911     0.000
4.917     0.000
4.923     0.000
4.928     0.000
4.934     0.000
4.940     0.000
4.946     0.000
4.952     0.000
4.957     0.000
4.963     0.000
4.969     0.000
4.975     0.000
4.981     0.000
4.986     0.000
4.992     0.000
4.998     0.000
5.004     0.000
5.010     0.000
5.016     0.000
5.021     0.000
5.027     0.000
5.033     0.000
5.039     0.000
5.045     495.506
5.050     495.506
5.056     490.000
5.062     479.348
5.068     474.194
5.074     474.194
5.079     479.348
5.085     484.615
5.091     490.000
5.097     490.000
5.103     490.000
5.108     495.506
5.114     495.506
5.120     495.506
5.126     495.506
5.132     495.506
5.137     495.506
5.143     495.506
5.149     495.506
5.155     490.000
5.161     490.000
5.166     490.000
5.172     484.615
5.178     484.615
5.184     484.615
5.190     479.348
5.195     484.615
5.201     484.615
5.207     490.000
5.213     490.000
5.219     495.506
5.224     495.506
5.230     501.136
5.236     506.897
5.242     512.791
5.248     518.824
5.254     518.824
5.259     512.791
5.265     512.791
5.271     512.791
5.277     512.791
5.283     512.791
5.288     512.791
5.294     506.897
5.300     506.897
5.306     501.136
5.312     495.506
5.317     495.506
5.323     490.000
5.329     484.615
5.335     490.000
5.341     501.136
5.346     512.791
5.352     512.791
5.358     525.000
5.364     537.805
5.370     551.250
5.375     558.228
5.381     565.385
5.387     572.727
5.393     580.263
5.399     588.000
5.404     588.000
5.410     588.000
5.416     588.000
5.422     580.263
5.428     572.727
5.433     565.385
5.439     558.228
5.445     551.250
5.451     544.444
5.457     537.805
5.462     531.325
5.468     525.000
5.474     525.000
5.480     525.000
5.486     525.000
5.492     525.000
5.497     531.325
5.503     531.325
5.509     537.805
5.515     544.444
5.521     551.250
5.526     558.228
5.532     565.385
5.538     572.727
5.544     580.263
5.550     588.000
5.555     588.000
5.561     595.946
5.567     595.946
5.573     595.946
5.579     595.946
5.584     588.000
5.590     580.263
5.596     580.263
5.602     572.727
5.608     565.385
5.613     558.228
5.619     544.444
5.625     531.325
5.631     512.791
5.637     506.897
5.642     506.897
5.648     506.897
5.654     506.897
5.660     512.791
5.666     518.824
5.671     525.000
5.677     537.805
5.683     551.250
5.689     565.385
5.695     572.727
5.700     588.000
5.706     595.946
5.712     604.110
5.718     612.500
5.724     621.127
5.730     621.127
5.735     621.127
5.741     612.500
5.747     604.110
5.753     604.110
5.759     595.946
5.764     580.263
5.770     572.727
5.776     565.385
5.782     565.385
5.788     558.228
5.793     551.250
5.799     544.444
5.805     544.444
5.811     565.385
5.817     565.385
5.822     565.385
5.828     565.385
5.834     565.385
5.840     580.263
5.846     0.000
5.851     0.000
5.857     0.000
5.863     0.000
5.869     0.000
5.875     0.000
5.880     0.000
5.886     0.000
5.892     0.000
5.898     0.000
5.904     0.000
5.909     0.000
5.915     0.000
5.921     595.946
5.927     595.946
5.933     588.000
5.939     595.946
5.944     595.946
5.950     595.946
5.956     595.946
5.962     595.946
5.968     595.946
5.973     595.946
5.979     595.946
5.985     595.946
5.991     595.946
5.997     604.110
6.002     604.110
6.008     604.110
6.014     604.110
6.020     604.110
6.026     604.110
6.031     595.946
6.037     595.946
6.043     595.946
6.049     595.946
6.055     595.946
6.060     595.946
6.066     588.000
6.072     588.000
6.078     588.000
6.084     588.000
6.089     588.000
6.095     588.000
6.101     588.000
6.107     588.000
6.113     588.000
6.118     588.000
6.124     0.000
6.130     0.000
6.136     0.000
6.142     0.000
6.147     0.000
6.153     0.000
6.159     0.000
6.165     0.000
6.171     0.000
6.177     0.000
6.182     0.000
6.188     0.000
6.194     0.000
6.200     0.000
6.206     0.000
6.211     0.000
6.217     0.000
6.223     0.000
6.229     0.000
6.235     0.000
6.240     0.000
6.246     0.000
6.252     0.000
6.258     0.000
6.264     0.000
6.269     0.000
6.275     0.000
6.281     0.000
6.287     0.000
6.293     0.000
6.298     0.000
6.304     0.000
6.310     0.000
6.316     0.000
6.322     0.000
6.327     0.000
6.333     0.000
6.339     0.000
6.345     0.000
6.351     0.000
6.356     0.000
6.362     501.136
6.368     501.136
6.374     501.136
6.380     501.136
6.385     506.897
6.391     506.897
6.397     506.897
6.403     501.136
6.409     501.136
6.415     501.136
6.420     501.136
6.426     501.136
6.432     495.506
6.438     495.506
6.444     495.506
6.449     495.506
6.455     501.136
6.461     501.136
6.467     501.136
6.473     506.897
6.478     506.897
6.484     506.897
6.490     512.791
6.496     0.000
6.502     0.000
6.507     0.000
6.513     0.000
6.519     0.000
6.525     0.000
6.531     0.000
6.536     0.000
6.542     0.000
6.548     0.000
6.554     0.000
6.560     0.000
6.565     0.000
6.571     0.000
6.577     0.000
6.583     0.000
6.589     0.000
6.594     0.000
6.600     0.000
6.606     0.000
6.612     0.000
6.618     0.000
6.623     0.000
6.629     0.000
6.635     0.000
6.641     0.000
6.647     0.000
6.653     0.000
6.658     0.000
6.664     0.000
6.670     0.000
6.676     0.000
6.682     0.000
6.687     0.000
6.693     0.000
6.699     0.000
6.705     0.000
6.711     0.000
6.716     0.000
6.722     0.000
6.728     0.000
6.734     0.000
6.740     0.000
6.745     0.000
6.751     0.000
6.757     0.000
6.763     0.000
6.769     0.000
6.774     0.000
6.780     0.000
6.786     0.000
6.792     0.000
6.798     648.529
6.803     658.209
6.809     658.209
6.815     668.182
6.821     668.182
6.827     678.462
6.832     678.462
6.838     678.462
6.844     689.062
6.850     689.062
6.856     678.462
6.861     678.462
6.867     668.182
6.873     668.182
6.879     658.209
6.885     648.529
6.891     630.000
6.896     612.500
6.902     604.110
6.908     595.946
6.914     588.000
6.920     588.000
6.925     588.000
6.931     588.000
6.937     588.000
6.943     588.000
6.949     604.110
6.954     612.500
6.960     630.000
6.966     648.529
6.972     658.209
6.978     668.182
6.983     678.462
6.989     678.462
6.995     689.062
7.001     689.062
7.007     689.062
7.012     689.062
7.018     689.062
7.024     689.062
7.030     678.462
7.036     668.182
7.041     658.209
7.047     648.529
7.053     630.000
7.059     621.127
7.065     604.110
7.070     595.946
7.076     588.000
7.082     588.000
7.088     580.263
7.094     580.263
7.100     588.000
7.105     588.000
7.111     595.946
7.117     612.500
7.123     621.127
7.129     639.130
7.134     658.209
7.140     668.182
7.146     678.462
7.152     689.062
7.158     689.062
7.163     700.000
7.169     700.000
7.175     700.000
7.181     700.000
7.187     689.062
7.192     689.062
7.198     678.462
7.204     668.182
7.210     658.209
7.216     639.130
7.221     621.127
7.227     612.500
7.233     604.110
7.239     595.946
7.245     588.000
7.250     588.000
7.256     588.000
7.262     588.000
7.268     595.946
7.274     595.946
7.279     604.110
7.285     621.127
7.291     639.130
7.297     648.529
7.303     658.209
7.308     668.182
7.314     678.462
7.320     678.462
7.326     689.062
7.332     689.062
7.338     689.062
7.343     689.062
7.349     689.062
7.355     678.462
7.361     0.000
7.367     0.000
7.372     0.000
7.378     0.000
7.384     0.000
7.390     0.000
7.396     0.000
7.401     0.000
7.407     0.000
7.413     0.000
7.419     0.000
7.425     0.000
7.430     0.000
7.436     0.000
7.442     0.000
7.448     0.000
7.454     0.000
7.459     0.000
7.465     0.000
7.471     0.000
7.477     0.000
7.483     0.000
7.488     0.000
7.494     0.000
7.500     0.000
7.506     0.000
7.512     0.000
7.517     0.000
7.523     0.000
7.529     0.000
7.535     0.000
7.541     0.000
7.546     0.000
7.552     0.000
7.558     0.000
7.564     0.000
7.570     0.000
7.576     0.000
7.581     0.000
7.587     0.000
7.593     0.000
7.599     0.000
7.605     0.000
7.610     0.000
7.616     0.000
7.622     0.000
7.628     0.000
7.634     0.000
7.639     0.000
7.645     0.000
7.651     0.000
7.657     0.000
7.663     0.000
7.668     0.000
7.674     0.000
7.680     0.000
7.686     0.000
7.692     0.000
7.697     0.000
7.703     0.000
7.709     0.000
7.715     0.000
7.721     0.000
7.726     0.000
7.732     0.000
7.738     0.000
7.744     0.000
7.750     0.000
7.755     0.000
7.761     0.000
7.767     0.000
7.773     0.000
7.779     0.000
7.784     0.000
7.790     0.000
7.796     0.000
7.802     0.000
7.808     0.000
7.814     0.000
7.819     0.000
7.825     0.000
7.831     0.000
7.837     0.000
7.843     0.000
7.848     0.000
7.854     0.000
7.860     0.000
7.866     0.000
7.872     0.000
7.877     0.000
7.883     0.000
7.889     0.000
7.895     0.000
7.901     0.000
7.906     0.000
7.912     0.000
7.918     0.000
7.924     0.000
7.930     0.000
7.935     0.000
7.941     0.000
7.947     0.000
7.953     0.000
7.959     501.136
7.964     501.136
7.970     495.506
7.976     501.136
7.982     501.136
7.988     501.136
7.993     501.136
7.999     501.136
8.005     501.136
8.011     501.136
8.017     495.506
8.022     495.506
8.028     495.506
8.034     495.506
8.040     495.506
8.046     495.506
8.052     495.506
8.057     495.506
8.063     501.136
8.069     501.136
8.075     501.136
8.081     501.136
8.086     501.136
8.092     506.897
8.098     506.897
8.104     506.897
8.110     506.897
8.115     506.897
8.121     506.897
8.127     506.897
8.133     512.791
8.139     512.791
8.144     512.791
8.150     512.791
8.156     512.791
8.162     512.791
8.168     512.791
8.173     0.000
8.179     0.000
8.185     0.000
8.191     0.000
8.197     0.000
8.202     0.000
8.208     0.000
8.214     0.000
8.220     0.000
8.226     0.000
8.231     0.000
8.237     0.000
8.243     0.000
8.249     0.000
8.255     0.000
8.260     0.000
8.266     0.000
8.272     0.000
8.278     0.000
8.284     0.000
8.290     0.000
8.295     0.000
8.301     0.000
8.307     0.000
8.313     0.000
8.319     0.000
8.324     0.000
8.330     0.000
8.336     0.000
8.342     0.000
8.348     0.000
8.353     0.000
8.359     0.000
8.365     0.000
8.371     0.000
8.377     0.000
8.382     0.000
8.388     0.000
8.394     0.000
8.400     0.000
8.406     0.000
8.411     0.000
8.417     0.000
8.423     0.000
8.429     0.000
8.435     0.000
8.440     0.000
8.446     0.000
8.452     0.000
8.458     0.000
8.464     0.000
8.469     0.000
8.475     0.000
8.481     0.000
8.487     0.000
8.493     0.000
8.499     0.000
8.504     0.000
8.510     0.000
8.516     551.250
8.522     551.250
8.528     551.250
8.533     551.250
8.539     551.250
8.545     551.250
8.551     551.250
8.557     551.250
8.562     544.444
8.568     544.444
8.574     537.805
8.580     537.805
8.586     531.325
8.591     531.325
8.597     531.325
8.603     531.325
8.609     531.325
8.615     537.805
8.620     537.805
8.626     544.444
8.632     544.444
8.638     551.250
8.644     558.228
8.649     558.228
8.655     565.385
8.661     572.727
8.667     580.263
8.673     580.263
8.678     588.000
8.684     588.000
8.690     588.000
8.696     588.000
8.702     580.263
8.707     580.263
8.713     572.727
8.719     565.385
8.725     558.228
8.731     551.250
8.737     544.444
8.742     537.805
8.748     525.000
8.754     518.824
8.760     512.791
8.766     512.791
8.771     512.791
8.777     512.791
8.783     512.791
8.789     518.824
8.795     525.000
8.800     531.325
8.806     537.805
8.812     544.444
8.818     558.228
8.824     565.385
8.829     572.727
8.835     580.263
8.841     588.000
8.847     588.000
8.853     595.946
8.858     595.946
8.864     595.946
8.870     595.946
8.876     588.000
8.882     588.000
8.887     580.263
8.893     572.727
8.899     565.385
8.905     551.250
8.911     544.444
8.916     537.805
8.922     525.000
8.928     518.824
8.934     512.791
8.940     506.897
8.945     506.897
8.951     506.897
8.957     512.791
8.963     518.824
8.969     525.000
8.975     531.325
8.980     544.444
8.986     551.250
8.992     558.228
8.998     572.727
9.004     580.263
9.009     588.000
9.015     588.000
9.021     595.946
9.027     595.946
9.033     595.946
9.038     595.946
9.044     595.946
9.050     588.000
9.056     588.000
9.062     572.727
9.067     565.385
9.073     551.250
9.079     544.444
9.085     537.805
9.091     531.325
9.096     525.000
9.102     518.824
9.108     518.824
9.114     525.000
9.120     525.000
9.125     531.325
9.131     544.444
9.137     551.250
9.143     558.228
9.149     0.000
9.154     0.000
9.160     0.000
9.166     0.000
9.172     0.000
9.178     0.000
9.183     0.000
9.189     0.000
9.195     0.000
9.201     0.000
9.207     0.000
9.213     0.000
9.218     0.000
9.224     0.000
9.230     0.000
9.236     0.000
9.242     0.000
9.247     0.000
9.253     0.000
9.259     0.000
9.265     0.000
9.271     0.000
9.276     0.000
9.282     0.000
9.288     0.000
9.294     0.000
9.300     0.000
9.305     0.000
9.311     0.000
9.317     0.000
9.323     0.000
9.329     0.000
9.334     0.000
9.340     0.000
9.346     0.000
9.352     0.000
9.358     0.000
9.363     0.000
9.369     0.000
9.375     0.000
9.381     0.000
9.387     0.000
9.392     0.000
9.398     0.000
9.404     580.263
9.410     580.263
9.416     580.263
9.421     580.263
9.427     580.263
9.433     580.263
9.439     580.263
9.445     588.000
9.451     588.000
9.456     588.000
9.462     588.000
9.468     588.000
9.474     588.000
9.480     588.000
9.485     588.000
9.491     588.000
9.497     588.000
9.503     588.000
9.509     588.000
9.514     588.000
9.520     588.000
9.526     588.000
9.532     588.000
9.538     588.000
9.543     588.000
9.549     595.946
9.555     595.946
9.561     604.110
9.567     604.110
9.572     612.500
9.578     612.500
9.584     621.127
9.590     621.127
9.596     621.127
9.601     621.127
9.607     621.127
9.613     621.127
9.619     621.127
9.625     621.127
9.630     630.000
9.636     630.000
9.642     630.000
9.648     639.130
9.654     648.529
9.660     668.182
9.665     678.462
9.671     689.062
9.677     700.000
9.683     700.000
9.689     711.290
9.694     711.290
9.700     722.951
9.706     722.951
9.712     722.951
9.718     722.951
9.723     722.951
9.729     722.951
9.735     722.951
9.741     722.951
9.747     722.951
9.752     711.290
9.758     711.290
9.764     711.290
9.770     711.290
9.776     711.290
9.781     711.290
9.787     711.290
9.793     711.290
9.799     711.290
9.805     722.951
9.810     722.951
9.816     735.000
9.822     735.000
9.828     735.000
9.834     747.458
9.839     747.458
9.845     747.458
9.851     747.458
9.857     747.458
9.863     747.458
9.868     747.458
9.874     735.000
9.880     735.000
9.886     722.951
9.892     722.951
9.898     711.290
9.903     711.290
9.909     711.290
9.915     711.290
9.921     711.290
9.927     711.290
9.932     722.951
9.938     722.951
9.944     722.951
9.950     735.000
9.956     735.000
9.961     735.000
9.967     735.000
9.973     735.000
9.979     735.000
9.985     722.951
9.990     711.290
9.996     700.000
10.002     678.462
10.008     648.529
10.014     630.000
10.019     612.500
10.025     604.110
10.031     588.000
10.037     580.263
10.043     580.263
10.048     580.263
10.054     580.263
10.060     588.000
10.066     588.000
10.072     595.946
10.077     604.110
10.083     612.500
10.089     612.500
10.095     621.127
10.101     621.127
10.106     621.127
10.112     612.500
10.118     612.500
10.124     604.110
10.130     595.946
10.136     595.946
10.141     580.263
10.147     580.263
10.153     572.727
10.159     572.727
10.165     565.385
10.170     565.385
10.176     0.000
10.182     0.000
10.188     0.000
10.194     0.000
10.199     0.000
10.205     0.000
10.211     0.000
10.217     0.000
10.223     0.000
10.228     0.000
10.234     0.000
10.240     0.000
10.246     0.000
10.252     0.000
10.257     0.000
10.263     0.000
10.269     0.000
10.275     0.000
10.281     0.000
10.286     0.000
10.292     0.000
10.298     0.000
10.304     0.000
10.310     0.000
10.315     0.000
10.321     0.000
10.327     0.000
10.333     0.000
10.339     0.000
10.344     0.000
10.350     0.000
10.356     0.000
10.362     0.000
10.368     0.000
10.374     0.000
10.379     0.000
10.385     0.000
10.391     0.000
10.397     0.000
10.403     0.000
10.408     0.000
10.414     0.000
10.420     0.000
10.426     0.000
10.432     0.000
10.437     0.000
10.443     0.000
10.449     0.000
10.455     531.325
10.461     531.325
10.466     531.325
10.472     537.805
10.478     537.805
10.484     544.444
10.490     544.444
10.495     551.250
10.501     551.250
10.507     558.228
10.513     565.385
10.519     572.727
10.524     572.727
10.530     580.263
10.536     588.000
10.542     588.000
10.548     588.000
10.553     580.263
10.559     580.263
10.565     572.727
10.571     565.385
10.577     558.228
10.582     551.250
10.588     544.444
10.594     531.325
10.600     525.000
10.606     512.791
10.612     512.791
10.617     506.897
10.623     506.897
10.629     512.791
10.635     512.791
10.641     518.824
10.646     525.000
10.652     531.325
10.658     537.805
10.664     544.444
10.670     558.228
10.675     565.385
10.681     572.727
10.687     580.263
10.693     580.263
10.699     588.000
10.704     588.000
10.710     588.000
10.716     588.000
10.722     588.000
10.728     580.263
10.733     572.727
10.739     565.385
10.745     558.228
10.751     551.250
10.757     537.805
10.762     531.325
10.768     518.824
10.774     512.791
10.780     501.136
10.786     501.136
10.791     501.136
10.797     501.136
10.803     506.897
10.809     512.791
10.815     518.824
10.820     531.325
10.826     544.444
10.832     558.228
10.838     558.228
10.844     572.727
10.850     580.263
10.855     580.263
10.861     588.000
10.867     588.000
10.873     595.946
10.879     595.946
10.884     588.000
10.890     588.000
10.896     580.263
10.902     572.727
10.908     558.228
10.913     544.444
10.919     531.325
10.925     525.000
10.931     512.791
10.937     506.897
10.942     501.136
10.948     495.506
10.954     501.136
10.960     506.897
10.966     518.824
10.971     531.325
10.977     551.250
10.983     558.228
10.989     565.385
10.995     572.727
11.000     0.000
11.006     0.000
11.012     0.000
11.018     0.000
11.024     0.000
11.029     0.000
11.035     0.000
11.041     0.000
11.047     0.000
11.053     0.000
11.059     0.000
11.064     0.000
11.070     0.000
11.076     0.000
11.082     0.000
11.088     0.000
11.093     0.000
11.099     0.000
11.105     0.000
11.111     0.000
11.117     0.000
11.122     0.000
11.128     0.000
11.134     0.000
11.140     0.000
11.146     0.000
11.151     0.000
11.157     0.000
11.163     0.000
11.169     0.000
11.175     0.000
11.180     0.000
11.186     0.000
11.192     0.000
11.198     0.000
11.204     0.000
11.209     0.000
11.215     0.000
11.221     0.000
11.227     0.000
11.233     0.000
11.238     0.000
11.244     0.000
11.250     0.000
11.256     0.000
11.262     0.000
11.267     0.000
11.273     0.000
11.279     0.000
11.285     0.000
11.291     0.000
11.297     501.136
11.302     501.136
11.308     501.136
11.314     501.136
11.320     501.136
11.326     495.506
11.331     495.506
11.337     490.000
11.343     490.000
11.349     484.615
11.355     484.615
11.360     479.348
11.366     474.194
11.372     474.194
11.378     474.194
11.384     469.149
11.389     469.149
11.395     474.194
11.401     474.194
11.407     479.348
11.413     484.615
11.418     490.000
11.424     495.506
11.430     501.136
11.436     506.897
11.442     506.897
11.447     512.791
11.453     518.824
11.459     518.824
11.465     518.824
11.471     518.824
11.476     525.000
11.482     518.824
11.488     518.824
11.494     512.791
11.500     506.897
11.505     495.506
11.511     490.000
11.517     479.348
11.523     469.149
11.529     459.375
11.535     450.000
11.540     445.455
11.546     441.000
11.552     441.000
11.558     441.000
11.564     445.455
11.569     445.455
11.575     450.000
11.581     454.639
11.587     459.375
11.593     474.194
11.598     490.000
11.604     495.506
11.610     506.897
11.616     512.791
11.622     518.824
11.627     525.000
11.633     525.000
11.639     531.325
11.645     531.325
11.651     525.000
11.656     525.000
11.662     518.824
11.668     512.791
11.674     506.897
11.680     501.136
11.685     490.000
11.691     479.348
11.697     469.149
11.703     459.375
11.709     454.639
11.714     454.639
11.720     454.639
11.726     454.639
11.732     459.375
11.738     464.211
11.743     469.149
11.749     474.194
11.755     490.000
11.761     501.136
11.767     506.897
11.773     512.791
11.778     518.824
11.784     531.325
11.790     531.325
11.796     537.805
11.802     537.805
11.807     537.805
11.813     537.805
11.819     531.325
11.825     525.000
11.831     518.824
11.836     512.791
11.842     501.136
11.848     490.000
11.854     479.348
11.860     469.149
11.865     459.375
11.871     454.639
11.877     450.000
11.883     450.000
11.889     450.000
11.894     454.639
11.900     454.639
11.906     464.211
11.912     469.149
11.918     479.348
11.923     490.000
11.929     501.136
11.935     506.897
11.941     512.791
11.947     518.824
11.952     525.000
11.958     525.000
11.964     531.325
11.970     531.325
11.976     525.000
11.981     525.000
11.987     512.791
11.993     506.897
11.999     501.136
12.005     490.000
12.011     479.348
12.016     474.194
12.022     464.211
12.028     459.375
12.034     454.639
12.040     454.639
12.045     454.639
12.051     459.375
12.057     464.211
12.063     474.194
12.069     479.348
12.074     490.000
12.080     495.506
12.086     501.136
12.092     506.897
12.098     512.791
12.103     518.824
12.109     525.000
12.115     525.000
12.121     0.000
12.127     0.000
12.132     0.000
12.138     0.000
12.144     0.000
12.150     0.000
12.156     0.000
12.161     0.000
12.167     0.000
12.173     0.000
12.179     0.000
12.185     0.000
12.190     0.000
12.196     0.000
12.202     0.000
12.208     0.000
12.214     0.000
12.220     0.000
12.225     0.000
12.231     0.000
12.237     0.000
12.243     0.000
12.249     0.000
12.254     0.000
12.260     0.000
12.266     0.000
12.272     0.000
12.278     0.000
12.283     0.000
12.289     0.000
12.295     0.000
12.301     0.000
12.307     0.000
12.312     0.000
12.318     0.000
12.324     0.000
12.330     0.000
12.336     0.000
12.341     0.000
12.347     0.000
12.353     0.000
12.359     0.000
12.365     0.000
12.370     0.000
12.376     0.000
12.382     0.000
12.388     0.000
12.394     0.000
12.399     0.000
12.405     0.000
12.411     0.000
12.417     0.000
12.423     0.000
12.428     0.000
12.434     0.000
12.440     0.000
12.446     0.000
12.452     0.000
12.458     0.000
12.463     0.000
12.469     0.000
12.475     0.000
12.481     0.000
12.487     0.000
12.492     445.455
12.498     441.000
12.504     432.353
12.510     424.038
12.516     416.038
12.521     408.333
12.527     404.587
12.533     400.909
12.539     397.297
12.545     393.750
12.550     390.265
12.556     393.750
12.562     393.750
12.568     400.909
12.574     0.000
12.579     0.000
12.585     0.000
12.591     0.000
12.597     0.000
12.603     0.000
12.608     0.000
12.614     0.000
12.620     0.000
12.626     0.000
12.632     0.000
12.637     0.000
12.643     0.000
12.649     0.000
12.655     0.000
12.661     0.000
12.666     0.000
12.672     0.000
12.678     0.000
12.684     0.000
12.690     0.000
12.696     0.000
12.701     0.000
12.707     0.000
12.713     0.000
12.719     0.000
12.725     0.000
12.730     0.000
12.736     0.000
12.742     0.000
12.748     0.000
12.754     0.000
12.759     0.000
12.765     0.000
12.771     0.000
12.777     0.000
12.783     0.000
12.788     0.000
12.794     0.000
12.800     0.000
12.806     0.000
12.812     0.000
12.817     0.000
12.823     0.000
12.829     0.000
12.835     0.000
12.841     0.000
12.846     0.000
12.852     0.000
12.858     0.000
12.864     0.000
12.870     0.000
12.875     0.000
12.881     0.000
12.887     0.000
12.893     0.000
12.899     0.000
12.904     0.000
12.910     0.000
12.916     0.000
12.922     0.000
12.928     0.000
12.934     0.000
12.939     0.000
12.945     0.000
12.951     0.000
12.957     0.000
12.963     0.000
12.968     0.000
12.974     0.000
12.980     0.000
12.986     0.000
12.992     0.000
12.997     0.000
13.003     0.000
13.009     0.000
13.015     0.000
13.021     0.000
13.026     0.000
13.032     0.000
13.038     0.000
13.044     0.000
13.050     0.000
13.055     0.000
13.061     0.000
13.067     0.000
13.073     0.000
13.079     0.000
13.084     0.000
13.090     0.000
13.096     0.000
13.102     0.000
13.108     0.000
13.113     0.000
13.119     0.000
13.125     0.000
13.131     0.000
13.137     0.000
13.142     0.000
13.148     0.000
13.154     0.000
13.160     0.000
13.166     0.000
13.172     0.000
13.177     0.000
13.183     0.000
13.189     0.000
13.195     0.000
13.201     0.000
13.206     0.000
13.212     0.000
13.218     0.000
13.224     0.000
13.230     0.000
13.235     0.000
13.241     0.000
13.247     0.000
13.253     0.000
13.259     0.000
13.264     0.000
13.270     0.000
13.276     0.000
13.282     0.000
13.288     0.000
13.293     0.000
13.299     0.000
13.305     0.000
13.311     0.000
13.317     0.000
13.322     0.000
13.328     0.000
13.334     0.000
13.340     0.000
13.346     0.000
13.351     0.000
13.357     0.000
13.363     0.000
13.369     0.000
13.375     0.000
13.380     0.000
13.386     0.000
13.392     0.000
13.398     0.000
13.404     0.000
13.410     0.000
13.415     0.000
13.421     0.000
13.427     0.000
13.433     0.000
13.439     0.000
13.444     0.000
13.450     0.000
13.456     0.000
13.462     0.000
13.468     0.000
13.473     0.000
13.479     0.000
13.485     0.000
13.491     0.000
13.497     0.000
13.502     0.000
13.508     0.000
13.514     0.000
13.520     0.000
13.526     0.000
13.531     0.000
13.537     0.000
13.543     0.000
13.549     0.000
13.555     0.000
13.560     0.000
13.566     0.000
13.572     0.000
13.578     0.000
13.584     0.000
13.589     0.000
13.595     0.000
13.601     0.000
13.607     0.000
13.613     0.000
13.619     0.000
13.624     0.000
13.630     0.000
13.636     0.000
13.642     0.000
13.648     0.000
13.653     0.000
13.659     0.000
13.665     0.000
13.671     0.000
13.677     0.000
13.682     0.000
13.688     0.000
13.694     0.000
13.700     0.000
13.706     0.000
13.711     0.000
13.717     0.000
13.723     0.000
13.729     0.000
13.735     0.000
13.740     0.000
13.746     0.000
13.752     0.000
13.758     0.000
13.764     0.000
13.769     0.000
13.775     0.000
13.781     0.000
13.787     0.000
13.793     0.000
13.798     0.000
13.804     0.000
13.810     0.000
13.816     0.000
13.822     0.000
13.827     0.000
13.833     0.000
13.839     0.000
13.845     0.000
13.851     0.000
13.857     0.000
13.862     0.000
13.868     0.000
13.874     0.000
13.880     0.000
13.886     0.000
13.891     0.000
13.897     0.000
13.903     0.000
13.909     0.000
13.915     0.000
