0.000     0.000
0.006     0.000
0.012     0.000
0.017     0.000
0.023     0.000
0.029     0.000
0.035     0.000
0.041     0.000
0.046     0.000
0.052     0.000
0.058     0.000
0.064     0.000
0.070     0.000
0.075     0.000
0.081     0.000
0.087     0.000
0.093     0.000
0.099     0.000
0.104     0.000
0.110     0.000
0.116     0.000
0.122     0.000
0.128     0.000
0.134     0.000
0.139     0.000
0.145     0.000
0.151     0.000
0.157     0.000
0.163     0.000
0.168     0.000
0.174     0.000
0.180     0.000
0.186     0.000
0.192     0.000
0.197     0.000
0.203     0.000
0.209     0.000
0.215     0.000
0.221     0.000
0.226     0.000
0.232     0.000
0.238     0.000
0.244     0.000
0.250     0.000
0.255     0.000
0.261     0.000
0.267     0.000
0.273     0.000
0.279     0.000
0.284     0.000
0.290     0.000
0.296     0.000
0.302     0.000
0.308     0.000
0.313     0.000
0.319     0.000
0.325     0.000
0.331     0.000
0.337     0.000
0.342     0.000
0.348     0.000
0.354     0.000
0.360     0.000
0.366     0.000
0.372     0.000
0.377     0.000
0.383     0.000
0.389     0.000
0.395     0.000
0.401     0.000
0.406     0.000
0.412     0.000
0.418     0.000
0.424     0.000
0.430     0.000
0.435     0.000
0.441     0.000
0.447     0.000
0.453     0.000
0.459     0.000
0.464     0.000
0.470     0.000
0.476     0.000
0.482     0.000
0.488     0.000
0.493     0.000
0.499     0.000
0.505     0.000
0.511     0.000
0.517     0.000
0.522     0.000
0.528     0.000
0.534     0.000
0.540     0.000
0.546     0.000
0.551     0.000
0.557     0.000
0.563     0.000
0.569     0.000
0.575     0.000
0.580     0.000
0.586     0.000
0.592     0.000
0.598     0.000
0.604     0.000
0.610     0.000
0.615     0.000
0.621     0.000
0.627     0.000
0.633     0.000
0.639     0.000
0.644     0.000
0.650     0.000
0.656     0.000
0.662     0.000
0.668     0.000
0.673     0.000
0.679     0.000
0.685     0.000
0.691     0.000
0.697     0.000
0.702     0.000
0.708     0.000
0.714     0.000
0.720     0.000
0.726     0.000
0.731     0.000
0.737     0.000
0.743     0.000
0.749     0.000
0.755     0.000
0.760     0.000
0.766     0.000
0.772     0.000
0.778     0.000
0.784     0.000
0.789     0.000
0.795     0.000
0.801     0.000
0.807     0.000
0.813     0.000
0.819     0.000
0.824     0.000
0.830     0.000
0.836     0.000
0.842     0.000
0.848     0.000
0.853     0.000
0.859     0.000
0.865     0.000
0.871     0.000
0.877     0.000
0.882     0.000
0.888     0.000
0.894     0.000
0.900     0.000
0.906     0.000
0.911     0.000
0.917     0.000
0.923     0.000
0.929     0.000
0.935     0.000
0.940     0.000
0.946     0.000
0.952     0.000
0.958     0.000
0.964     0.000
0.969     0.000
0.975     0.000
0.981     0.000
0.987     0.000
0.993     0.000
0.998     0.000
1.004     0.000
1.010     0.000
1.016     0.000
1.022     0.000
1.027     0.000
1.033     0.000
1.039     0.000
1.045     0.000
1.051     0.000
1.057     0.000
1.062     0.000
1.068     0.000
1.074     0.000
1.080     0.000
1.086     0.000
1.091     0.000
1.097     0.000
1.103     0.000
1.109     0.000
1.115     0.000
1.120     0.000
1.126     0.000
1.132     0.000
1.138     0.000
1.144     0.000
1.149     0.000
1.155     0.000
1.161     0.000
1.167     0.000
1.173     0.000
1.178     0.000
1.184     0.000
1.190     0.000
1.196     0.000
1.202     0.000
1.207     229.688
1.213     233.333
1.219     234.574
1.225     237.097
1.231     221.608
1.236     240.984
1.242     242.308
1.248     242.308
1.254     243.646
1.260     246.369
1.265     246.369
1.271     247.753
1.277     247.753
1.283     250.568
1.289     249.153
1.295     250.568
1.300     250.568
1.306     253.448
1.312     218.317
1.318     218.317
1.324     256.395
1.329     257.895
1.335     257.895
1.341     257.895
1.347     257.895
1.353     257.895
1.358     257.895
1.364     256.395
1.370     254.913
1.376     256.395
1.382     254.913
1.387     256.395
1.393     256.395
1.399     256.395
1.405     218.317
1.411     256.395
1.416     256.395
1.422     256.395
1.428     257.895
1.434     257.895
1.440     257.895
1.445     259.412
1.451     259.412
1.457     259.412
1.463     257.895
1.469     259.412
1.474     0.000
1.480     0.000
1.486     0.000
1.492     0.000
1.498     0.000
1.503     0.000
1.509     0.000
1.515     0.000
1.521     0.000
1.527     0.000
1.533     0.000
1.538     0.000
1.544     0.000
1.550     0.000
1.556     0.000
1.562     0.000
1.567     0.000
1.573     0.000
1.579     0.000
1.585     0.000
1.591     0.000
1.596     0.000
1.602     0.000
1.608     0.000
1.614     0.000
1.620     0.000
1.625     0.000
1.631     0.000
1.637     0.000
1.643     0.000
1.649     0.000
1.654     0.000
1.660     0.000
1.666     0.000
1.672     0.000
1.678     0.000
1.683     0.000
1.689     0.000
1.695     0.000
1.701     0.000
1.707     0.000
1.712     0.000
1.718     0.000
1.724     0.000
1.730     0.000
1.736     0.000
1.741     0.000
1.747     0.000
1.753     0.000
1.759     0.000
1.765     0.000
1.771     0.000
1.776     0.000
1.782     0.000
1.788     0.000
1.794     0.000
1.800     0.000
1.805     0.000
1.811     0.000
1.817     0.000
1.823     0.000
1.829     0.000
1.834     0.000
1.840     0.000
1.846     0.000
1.852     0.000
1.858     0.000
1.863     0.000
1.869     0.000
1.875     0.000
1.881     0.000
1.887     0.000
1.892     0.000
1.898     0.000
1.904     0.000
1.910     0.000
1.916     0.000
1.921     0.000
1.927     0.000
1.933     0.000
1.939     0.000
1.945     0.000
1.950     0.000
1.956     0.000
1.962     0.000
1.968     0.000
1.974     0.000
1.980     0.000
1.985     0.000
1.991     0.000
1.997     0.000
2.003     0.000
2.009     0.000
2.014     0.000
2.020     0.000
2.026     0.000
2.032     0.000
2.038     0.000
2.043     0.000
2.049     0.000
2.055     0.000
2.061     0.000
2.067     0.000
2.072     0.000
2.078     0.000
2.084     0.000
2.090     0.000
2.096     0.000
2.101     0.000
2.107     0.000
2.113     0.000
2.119     0.000
2.125     0.000
2.130     0.000
2.136     0.000
2.142     0.000
2.148     0.000
2.154     0.000
2.159     0.000
2.165     0.000
2.171     0.000
2.177     0.000
2.183     0.000
2.188     0.000
2.194     0.000
2.200     0.000
2.206     0.000
2.212     0.000
2.218     0.000
2.223     0.000
2.229     0.000
2.235     0.000
2.241     0.000
2.247     0.000
2.252     0.000
2.258     0.000
2.264     0.000
2.270     0.000
2.276     0.000
2.281     0.000
2.287     0.000
2.293     0.000
2.299     0.000
2.305     0.000
2.310     0.000
2.316     0.000
2.322     0.000
2.328     0.000
2.334     0.000
2.339     0.000
2.345     0.000
2.351     0.000
2.357     200.455
2.363     197.758
2.368     197.758
2.374     206.075
2.380     202.294
2.386     203.226
2.392     199.548
2.397     194.273
2.403     199.548
2.409     202.294
2.415     199.548
2.421     206.075
2.426     198.649
2.432     202.294
2.438     204.167
2.444     200.455
2.450     208.019
2.456     204.167
2.461     203.226
2.467     207.042
2.473     202.294
2.479     202.294
2.485     203.226
2.490     197.758
2.496     202.294
2.502     199.548
2.508     200.455
2.514     203.226
2.519     195.133
2.525     201.370
2.531     197.758
2.537     201.370
2.543     211.005
2.548     199.548
2.554     204.167
2.560     0.000
2.566     0.000
2.572     0.000
2.577     0.000
2.583     0.000
2.589     0.000
2.595     0.000
2.601     0.000
2.606     0.000
2.612     0.000
2.618     0.000
2.624     0.000
2.630     0.000
2.635     0.000
2.641     0.000
2.647     0.000
2.653     0.000
2.659     0.000
2.664     0.000
2.670     0.000
2.676     0.000
2.682     0.000
2.688     259.412
2.694     260.947
2.699     262.500
2.705     264.072
2.711     264.072
2.717     264.072
2.723     264.072
2.728     264.072
2.734     265.663
2.740     265.663
2.746     265.663
2.752     265.663
2.757     265.663
2.763     265.663
2.769     265.663
2.775     265.663
2.781     265.663
2.786     265.663
2.792     265.663
2.798     265.663
2.804     265.663
2.810     267.273
2.815     267.273
2.821     267.273
2.827     0.000
2.833     0.000
2.839     0.000
2.844     0.000
2.850     0.000
2.856     0.000
2.862     0.000
2.868     0.000
2.873     0.000
2.879     0.000
2.885     0.000
2.891     0.000
2.897     0.000
2.902     0.000
2.908     0.000
2.914     0.000
2.920     0.000
2.926     0.000
2.932     0.000
2.937     0.000
2.943     0.000
2.949     0.000
2.955     0.000
2.961     0.000
2.966     0.000
2.972     0.000
2.978     0.000
2.984     0.000
2.990     0.000
2.995     0.000
3.001     0.000
3.007     0.000
3.013     0.000
3.019     0.000
3.024     0.000
3.030     0.000
3.036     0.000
3.042     0.000
3.048     202.294
3.053     206.075
3.059     206.075
3.065     209.005
3.071     211.005
3.077     204.167
3.082     205.116
3.088     204.167
3.094     209.005
3.100     211.005
3.106     201.370
3.111     209.005
3.117     207.042
3.123     202.294
3.129     208.019
3.135     195.133
3.140     196.000
3.146     196.875
3.152     196.875
3.158     196.875
3.164     196.875
3.170     196.875
3.175     197.758
3.181     198.649
3.187     198.649
3.193     198.649
3.199     198.649
3.204     199.548
3.210     199.548
3.216     200.455
3.222     200.455
3.228     200.455
3.233     200.455
3.239     200.455
3.245     200.455
3.251     200.455
3.257     201.370
3.262     201.370
3.268     202.294
3.274     202.294
3.280     201.370
3.286     202.294
3.291     202.294
3.297     202.294
3.303     202.294
3.309     202.294
3.315     202.294
3.320     202.294
3.326     202.294
3.332     203.226
3.338     202.294
3.344     203.226
3.349     203.226
3.355     202.294
3.361     203.226
3.367     203.226
3.373     203.226
3.379     203.226
3.384     203.226
3.390     204.167
3.396     204.167
3.402     204.167
3.408     204.167
3.413     205.116
3.419     205.116
3.425     206.075
3.431     206.075
3.437     206.075
3.442     206.075
3.448     206.075
3.454     207.042
3.460     207.042
3.466     207.042
3.471     206.075
3.477     206.075
3.483     206.075
3.489     206.075
3.495     206.075
3.500     206.075
3.506     207.042
3.512     206.075
3.518     206.075
3.524     206.075
3.529     206.075
3.535     206.075
3.541     206.075
3.547     207.042
3.553     207.042
3.558     206.075
3.564     207.042
3.570     207.042
3.576     208.019
3.582     211.005
3.587     207.042
3.593     210.000
3.599     207.042
3.605     207.042
3.611     207.042
3.617     205.116
3.622     205.116
3.628     209.005
3.634     205.116
3.640     206.075
3.646     205.116
3.651     209.005
3.657     208.019
3.663     212.019
3.669     212.019
3.675     203.226
3.680     213.043
3.686     213.043
3.692     212.019
3.698     215.122
3.704     210.000
3.709     210.000
3.715     0.000
3.721     0.000
3.727     0.000
3.733     0.000
3.738     0.000
3.744     0.000
3.750     0.000
3.756     0.000
3.762     0.000
3.767     0.000
3.773     0.000
3.779     0.000
3.785     0.000
3.791     0.000
3.796     0.000
3.802     0.000
3.808     0.000
3.814     0.000
3.820     0.000
3.825     0.000
3.831     0.000
3.837     0.000
3.843     0.000
3.849     0.000
3.855     0.000
3.860     0.000
3.866     0.000
3.872     0.000
3.878     0.000
3.884     0.000
3.889     0.000
3.895     0.000
3.901     0.000
3.907     0.000
3.913     0.000
3.918     0.000
3.924     0.000
3.930     0.000
3.936     0.000
3.942     0.000
3.947     0.000
3.953     0.000
3.959     0.000
3.965     0.000
3.971     0.000
3.976     0.000
3.982     0.000
3.988     0.000
3.994     0.000
4.000     0.000
4.005     0.000
4.011     0.000
4.017     0.000
4.023     0.000
4.029     0.000
4.034     0.000
4.040     0.000
4.046     0.000
4.052     0.000
4.058     0.000
4.063     0.000
4.069     0.000
4.075     0.000
4.081     0.000
4.087     0.000
4.093     0.000
4.098     0.000
4.104     0.000
4.110     0.000
4.116     0.000
4.122     0.000
4.127     0.000
4.133     0.000
4.139     0.000
4.145     0.000
4.151     0.000
4.156     0.000
4.162     0.000
4.168     0.000
4.174     0.000
4.180     0.000
4.185     0.000
4.191     0.000
4.197     0.000
4.203     0.000
4.209     0.000
4.214     0.000
4.220     0.000
4.226     0.000
4.232     0.000
4.238     0.000
4.243     0.000
4.249     0.000
4.255     0.000
4.261     0.000
4.267     0.000
4.272     0.000
4.278     0.000
4.284     0.000
4.290     0.000
4.296     0.000
4.301     0.000
4.307     0.000
4.313     0.000
4.319     0.000
4.325     0.000
4.331     0.000
4.336     0.000
4.342     0.000
4.348     0.000
4.354     0.000
4.360     0.000
4.365     0.000
4.371     0.000
4.377     0.000
4.383     0.000
4.389     0.000
4.394     0.000
4.400     0.000
4.406     0.000
4.412     0.000
4.418     0.000
4.423     0.000
4.429     0.000
4.435     0.000
4.441     0.000
4.447     0.000
4.452     0.000
4.458     0.000
4.464     0.000
4.470     0.000
4.476     0.000
4.481     0.000
4.487     0.000
4.493     0.000
4.499     0.000
4.505     0.000
4.510     0.000
4.516     0.000
4.522     0.000
4.528     0.000
4.534     0.000
4.540     0.000
4.545     0.000
4.551     0.000
4.557     194.273
4.563     199.548
4.569     199.548
4.574     196.875
4.580     200.455
4.586     190.909
4.592     200.455
4.598     193.421
4.603     189.270
4.609     186.864
4.615     186.076
4.621     0.000
4.627     0.000
4.632     0.000
4.638     0.000
4.644     0.000
4.650     0.000
4.656     0.000
4.661     0.000
4.667     0.000
4.673     0.000
4.679     0.000
4.685     0.000
4.690     0.000
4.696     0.000
4.702     0.000
4.708     0.000
4.714     0.000
4.719     0.000
4.725     0.000
4.731     0.000
4.737     0.000
4.743     0.000
4.748     0.000
4.754     0.000
4.760     0.000
4.766     0.000
4.772     0.000
4.778     0.000
4.783     0.000
4.789     0.000
4.795     0.000
4.801     0.000
4.807     0.000
4.812     0.000
4.818     0.000
4.824     0.000
4.830     0.000
4.836     0.000
4.841     0.000
4.847     0.000
4.853     0.000
4.859     0.000
4.865     0.000
4.870     0.000
4.876     0.000
4.882     0.000
4.888     0.000
4.894     0.000
4.899     0.000
4.905     0.000
4.911     0.000
4.917     0.000
4.923     0.000
4.928     0.000
4.934     0.000
4.940     0.000
4.946     0.000
4.952     0.000
4.957     0.000
4.963     0.000
4.969     0.000
4.975     0.000
4.981     0.000
4.986     0.000
4.992     0.000
4.998     0.000
5.004     0.000
5.010     0.000
5.016     0.000
5.021     0.000
5.027     0.000
5.033     0.000
5.039     0.000
5.045     0.000
5.050     0.000
5.056     0.000
5.062     0.000
5.068     0.000
5.074     0.000
5.079     0.000
5.085     0.000
5.091     0.000
5.097     0.000
5.103     0.000
5.108     0.000
5.114     0.000
5.120     0.000
5.126     0.000
5.132     0.000
5.137     0.000
5.143     0.000
5.149     0.000
5.155     0.000
5.161     0.000
5.166     0.000
5.172     0.000
5.178     0.000
5.184     0.000
5.190     0.000
5.195     0.000
5.201     0.000
5.207     0.000
5.213     0.000
5.219     0.000
5.224     0.000
5.230     0.000
5.236     0.000
5.242     0.000
5.248     0.000
5.254     0.000
5.259     0.000
5.265     0.000
5.271     0.000
5.277     0.000
5.283     0.000
5.288     0.000
5.294     0.000
5.300     0.000
5.306     0.000
5.312     0.000
5.317     0.000
5.323     0.000
5.329     0.000
5.335     0.000
5.341     0.000
5.346     0.000
5.352     0.000
5.358     0.000
5.364     0.000
5.370     0.000
5.375     0.000
5.381     0.000
5.387     0.000
5.393     0.000
5.399     0.000
5.404     0.000
5.410     0.000
5.416     0.000
5.422     0.000
5.428     0.000
5.433     0.000
5.439     0.000
5.445     0.000
5.451     0.000
5.457     0.000
5.462     0.000
5.468     0.000
5.474     0.000
5.480     0.000
5.486     0.000
5.492     0.000
5.497     0.000
5.503     0.000
5.509     0.000
5.515     0.000
5.521     0.000
5.526     0.000
5.532     0.000
5.538     0.000
5.544     0.000
5.550     0.000
5.555     0.000
5.561     0.000
5.567     0.000
5.573     0.000
5.579     0.000
5.584     0.000
5.590     0.000
5.596     0.000
5.602     0.000
5.608     0.000
5.613     0.000
5.619     0.000
5.625     0.000
5.631     0.000
5.637     0.000
5.642     0.000
5.648     0.000
5.654     0.000
5.660     0.000
5.666     0.000
5.671     0.000
5.677     0.000
5.683     0.000
5.689     0.000
5.695     0.000
5.700     0.000
5.706     0.000
5.712     0.000
5.718     0.000
5.724     0.000
5.730     0.000
5.735     0.000
5.741     0.000
5.747     0.000
5.753     0.000
5.759     0.000
5.764     0.000
5.770     0.000
5.776     0.000
5.782     0.000
5.788     0.000
5.793     0.000
5.799     0.000
5.805     0.000
5.811     0.000
5.817     0.000
5.822     0.000
5.828     0.000
5.834     0.000
5.840     0.000
5.846     0.000
5.851     0.000
5.857     0.000
5.863     0.000
5.869     0.000
5.875     0.000
5.880     0.000
5.886     0.000
5.892     0.000
5.898     0.000
5.904     0.000
5.909     0.000
5.915     0.000
5.921     0.000
5.927     0.000
5.933     0.000
5.939     0.000
5.944     0.000
5.950     0.000
5.956     0.000
5.962     0.000
5.968     0.000
5.973     0.000
5.979     0.000
5.985     0.000
5.991     0.000
5.997     0.000
6.002     0.000
6.008     0.000
6.014     0.000
6.020     0.000
6.026     0.000
6.031     0.000
6.037     0.000
6.043     0.000
6.049     0.000
6.055     0.000
6.060     0.000
6.066     0.000
6.072     0.000
6.078     0.000
6.084     0.000
6.089     0.000
6.095     0.000
6.101     0.000
6.107     0.000
6.113     0.000
6.118     0.000
6.124     0.000
6.130     0.000
6.136     0.000
6.142     0.000
6.147     0.000
6.153     0.000
6.159     0.000
6.165     0.000
6.171     0.000
6.177     0.000
6.182     0.000
6.188     0.000
6.194     0.000
6.200     0.000
6.206     0.000
6.211     0.000
6.217     0.000
6.223     0.000
6.229     0.000
6.235     0.000
6.240     0.000
6.246     0.000
6.252     0.000
6.258     0.000
6.264     0.000
6.269     0.000
6.275     0.000
6.281     0.000
6.287     0.000
6.293     0.000
6.298     0.000
6.304     0.000
6.310     0.000
6.316     0.000
6.322     0.000
6.327     0.000
6.333     0.000
6.339     0.000
6.345     0.000
6.351     0.000
6.356     0.000
6.362     0.000
6.368     0.000
6.374     0.000
6.380     0.000
6.385     0.000
6.391     0.000
6.397     0.000
6.403     0.000
6.409     0.000
6.415     0.000
6.420     0.000
6.426     0.000
6.432     0.000
6.438     0.000
6.444     0.000
6.449     0.000
6.455     0.000
6.461     0.000
6.467     0.000
6.473     0.000
6.478     0.000
6.484     0.000
6.490     0.000
6.496     0.000
6.502     0.000
6.507     0.000
6.513     0.000
6.519     0.000
6.525     0.000
6.531     0.000
6.536     0.000
6.542     0.000
6.548     0.000
6.554     0.000
6.560     0.000
6.565     0.000
6.571     0.000
6.577     0.000
6.583     0.000
6.589     0.000
6.594     0.000
6.600     0.000
6.606     0.000
6.612     0.000
6.618     0.000
6.623     0.000
6.629     0.000
6.635     0.000
6.641     0.000
6.647     0.000
6.653     0.000
6.658     0.000
6.664     0.000
6.670     0.000
6.676     0.000
6.682     0.000
6.687     0.000
6.693     0.000
6.699     0.000
6.705     0.000
6.711     0.000
6.716     0.000
6.722     0.000
6.728     0.000
6.734     0.000
6.740     0.000
6.745     0.000
6.751     0.000
6.757     0.000
6.763     0.000
6.769     0.000
6.774     0.000
6.780     0.000
6.786     0.000
6.792     0.000
6.798     0.000
6.803     0.000
6.809     0.000
6.815     0.000
6.821     0.000
6.827     0.000
6.832     0.000
6.838     0.000
6.844     0.000
6.850     0.000
6.856     0.000
6.861     0.000
6.867     0.000
6.873     0.000
6.879     0.000
6.885     0.000
6.891     0.000
6.896     0.000
6.902     0.000
6.908     0.000
6.914     0.000
6.920     0.000
6.925     0.000
6.931     0.000
6.937     0.000
6.943     0.000
6.949     0.000
6.954     0.000
6.960     0.000
6.966     0.000
6.972     0.000
6.978     0.000
6.983     0.000
6.989     0.000
6.995     0.000
7.001     0.000
7.007     0.000
7.012     0.000
7.018     0.000
7.024     0.000
7.030     0.000
7.036     0.000
7.041     0.000
7.047     0.000
7.053     0.000
7.059     0.000
7.065     0.000
7.070     0.000
7.076     0.000
7.082     0.000
7.088     0.000
7.094     0.000
7.100     0.000
7.105     0.000
7.111     0.000
7.117     0.000
7.123     0.000
7.129     0.000
7.134     0.000
7.140     0.000
7.146     0.000
7.152     0.000
7.158     0.000
7.163     0.000
7.169     0.000
7.175     0.000
7.181     0.000
7.187     0.000
7.192     0.000
7.198     0.000
7.204     0.000
7.210     0.000
7.216     0.000
7.221     0.000
7.227     0.000
7.233     0.000
7.239     0.000
7.245     0.000
7.250     0.000
7.256     0.000
7.262     0.000
7.268     0.000
7.274     0.000
7.279     0.000
7.285     0.000
7.291     0.000
7.297     247.753
7.303     247.753
7.308     246.369
7.314     246.369
7.320     245.000
7.326     245.000
7.332     245.000
7.338     245.000
7.343     245.000
7.349     245.000
7.355     245.000
7.361     245.000
7.367     245.000
7.372     245.000
7.378     245.000
7.384     246.369
7.390     246.369
7.396     246.369
7.401     247.753
7.407     247.753
7.413     247.753
7.419     247.753
7.425     247.753
7.430     247.753
7.436     247.753
7.442     247.753
7.448     247.753
7.454     247.753
7.459     0.000
7.465     0.000
7.471     0.000
7.477     0.000
7.483     0.000
7.488     0.000
7.494     0.000
7.500     0.000
7.506     0.000
7.512     0.000
7.517     0.000
7.523     0.000
7.529     0.000
7.535     0.000
7.541     0.000
7.546     0.000
7.552     0.000
7.558     0.000
7.564     0.000
7.570     0.000
7.576     0.000
7.581     0.000
7.587     0.000
7.593     0.000
7.599     0.000
7.605     0.000
7.610     0.000
7.616     0.000
7.622     0.000
7.628     0.000
7.634     0.000
7.639     0.000
7.645     0.000
7.651     0.000
7.657     0.000
7.663     0.000
7.668     0.000
7.674     0.000
7.680     0.000
7.686     0.000
7.692     0.000
7.697     0.000
7.703     0.000
7.709     0.000
7.715     0.000
7.721     0.000
7.726     0.000
7.732     0.000
7.738     0.000
7.744     0.000
7.750     0.000
7.755     0.000
7.761     0.000
7.767     0.000
7.773     0.000
7.779     0.000
7.784     0.000
7.790     0.000
7.796     0.000
7.802     0.000
7.808     0.000
7.814     0.000
7.819     0.000
7.825     0.000
7.831     0.000
7.837     0.000
7.843     0.000
7.848     0.000
7.854     0.000
7.860     0.000
7.866     0.000
7.872     0.000
7.877     0.000
7.883     0.000
7.889     0.000
7.895     0.000
7.901     0.000
7.906     0.000
7.912     0.000
7.918     0.000
7.924     0.000
7.930     0.000
7.935     0.000
7.941     0.000
7.947     0.000
7.953     0.000
7.959     0.000
7.964     0.000
7.970     0.000
7.976     0.000
7.982     0.000
7.988     0.000
7.993     0.000
7.999     0.000
8.005     0.000
8.011     0.000
8.017     0.000
8.022     0.000
8.028     0.000
8.034     0.000
8.040     0.000
8.046     0.000
8.052     0.000
8.057     0.000
8.063     0.000
8.069     0.000
8.075     0.000
8.081     0.000
8.086     0.000
8.092     0.000
8.098     0.000
8.104     0.000
8.110     0.000
8.115     0.000
8.121     0.000
8.127     0.000
8.133     0.000
8.139     0.000
8.144     0.000
8.150     0.000
8.156     0.000
8.162     0.000
8.168     0.000
8.173     0.000
8.179     0.000
8.185     0.000
8.191     0.000
8.197     0.000
8.202     0.000
8.208     0.000
8.214     0.000
8.220     0.000
8.226     0.000
8.231     0.000
8.237     0.000
8.243     0.000
8.249     0.000
8.255     0.000
8.260     0.000
8.266     0.000
8.272     0.000
8.278     0.000
8.284     0.000
8.290     0.000
8.295     0.000
8.301     0.000
8.307     0.000
8.313     0.000
8.319     0.000
8.324     0.000
8.330     0.000
8.336     0.000
8.342     0.000
8.348     0.000
8.353     0.000
8.359     0.000
8.365     0.000
8.371     0.000
8.377     0.000
8.382     0.000
8.388     0.000
8.394     0.000
8.400     0.000
8.406     0.000
8.411     0.000
8.417     0.000
8.423     0.000
8.429     0.000
8.435     0.000
8.440     0.000
8.446     0.000
8.452     0.000
8.458     0.000
8.464     0.000
8.469     0.000
8.475     0.000
8.481     0.000
8.487     0.000
8.493     0.000
8.499     0.000
8.504     0.000
8.510     0.000
8.516     0.000
8.522     0.000
8.528     0.000
8.533     0.000
8.539     0.000
8.545     0.000
8.551     0.000
8.557     0.000
8.562     0.000
8.568     0.000
8.574     0.000
8.580     0.000
8.586     0.000
8.591     0.000
8.597     0.000
8.603     0.000
8.609     0.000
8.615     0.000
8.620     0.000
8.626     0.000
8.632     0.000
8.638     0.000
8.644     0.000
8.649     0.000
8.655     0.000
8.661     0.000
8.667     0.000
8.673     0.000
8.678     0.000
8.684     0.000
8.690     0.000
8.696     0.000
8.702     0.000
8.707     0.000
8.713     0.000
8.719     0.000
8.725     0.000
8.731     0.000
8.737     0.000
8.742     0.000
8.748     0.000
8.754     0.000
8.760     0.000
8.766     0.000
8.771     0.000
8.777     0.000
8.783     0.000
8.789     0.000
8.795     0.000
8.800     0.000
8.806     0.000
8.812     0.000
8.818     0.000
8.824     0.000
8.829     0.000
8.835     0.000
8.841     0.000
8.847     0.000
8.853     0.000
8.858     0.000
8.864     0.000
8.870     0.000
8.876     0.000
8.882     0.000
8.887     0.000
8.893     0.000
8.899     0.000
8.905     0.000
8.911     0.000
8.916     0.000
8.922     0.000
8.928     0.000
8.934     0.000
8.940     0.000
8.945     0.000
8.951     0.000
8.957     0.000
8.963     0.000
8.969     0.000
8.975     0.000
8.980     0.000
8.986     0.000
8.992     0.000
8.998     0.000
9.004     0.000
9.009     0.000
9.015     0.000
9.021     0.000
9.027     0.000
9.033     0.000
9.038     0.000
9.044     0.000
9.050     0.000
9.056     0.000
9.062     0.000
9.067     0.000
9.073     0.000
9.079     0.000
9.085     0.000
9.091     0.000
9.096     0.000
9.102     0.000
9.108     0.000
9.114     0.000
9.120     0.000
9.125     0.000
9.131     0.000
9.137     0.000
9.143     0.000
9.149     0.000
9.154     0.000
9.160     0.000
9.166     0.000
9.172     0.000
9.178     0.000
9.183     0.000
9.189     0.000
9.195     0.000
9.201     0.000
9.207     0.000
9.213     0.000
9.218     0.000
9.224     0.000
9.230     0.000
9.236     0.000
9.242     0.000
9.247     0.000
9.253     0.000
9.259     0.000
9.265     0.000
9.271     0.000
9.276     0.000
9.282     0.000
9.288     0.000
9.294     0.000
9.300     0.000
9.305     0.000
9.311     0.000
9.317     0.000
9.323     0.000
9.329     0.000
9.334     0.000
9.340     0.000
9.346     0.000
9.352     0.000
9.358     0.000
9.363     0.000
9.369     0.000
9.375     0.000
9.381     0.000
9.387     0.000
9.392     0.000
9.398     0.000
9.404     0.000
9.410     0.000
9.416     0.000
9.421     0.000
9.427     0.000
9.433     0.000
9.439     0.000
9.445     0.000
9.451     0.000
9.456     0.000
9.462     0.000
9.468     0.000
9.474     0.000
9.480     0.000
9.485     0.000
9.491     0.000
9.497     0.000
9.503     0.000
9.509     0.000
9.514     0.000
9.520     0.000
9.526     0.000
9.532     0.000
9.538     0.000
9.543     0.000
9.549     0.000
9.555     0.000
9.561     0.000
9.567     0.000
9.572     0.000
9.578     0.000
9.584     0.000
9.590     0.000
9.596     0.000
9.601     0.000
9.607     0.000
9.613     0.000
9.619     0.000
9.625     0.000
9.630     0.000
9.636     0.000
9.642     0.000
9.648     0.000
9.654     0.000
9.660     0.000
9.665     0.000
9.671     0.000
9.677     0.000
9.683     0.000
9.689     0.000
9.694     0.000
9.700     0.000
9.706     0.000
9.712     0.000
9.718     0.000
9.723     0.000
9.729     0.000
9.735     0.000
9.741     0.000
9.747     0.000
9.752     0.000
9.758     0.000
9.764     0.000
9.770     0.000
9.776     0.000
9.781     0.000
9.787     0.000
9.793     0.000
9.799     0.000
9.805     0.000
9.810     0.000
9.816     0.000
9.822     0.000
9.828     0.000
9.834     0.000
9.839     0.000
9.845     0.000
9.851     0.000
9.857     0.000
9.863     0.000
9.868     0.000
9.874     0.000
9.880     0.000
9.886     0.000
9.892     0.000
9.898     0.000
9.903     0.000
9.909     0.000
9.915     0.000
9.921     0.000
9.927     0.000
9.932     0.000
9.938     0.000
9.944     0.000
9.950     0.000
9.956     0.000
9.961     0.000
9.967     0.000
9.973     0.000
9.979     0.000
9.985     0.000
9.990     0.000
9.996     0.000
10.002     0.000
10.008     0.000
10.014     0.000
10.019     0.000
10.025     0.000
10.031     0.000
10.037     0.000
10.043     0.000
10.048     0.000
10.054     0.000
10.060     197.758
10.066     198.649
10.072     198.649
10.077     199.548
10.083     198.649
10.089     198.649
10.095     197.758
10.101     196.875
10.106     196.875
10.112     196.000
10.118     196.000
10.124     196.000
10.130     196.000
10.136     196.000
10.141     196.000
10.147     196.000
10.153     196.000
10.159     196.875
10.165     196.000
10.170     197.758
10.176     197.758
10.182     197.758
10.188     197.758
10.194     197.758
10.199     198.649
10.205     198.649
10.211     198.649
10.217     0.000
10.223     0.000
10.228     0.000
10.234     0.000
10.240     0.000
10.246     0.000
10.252     0.000
10.257     0.000
10.263     0.000
10.269     0.000
10.275     0.000
10.281     0.000
10.286     0.000
10.292     0.000
10.298     0.000
10.304     0.000
10.310     0.000
10.315     0.000
10.321     0.000
10.327     0.000
10.333     0.000
10.339     0.000
10.344     0.000
10.350     0.000
10.356     0.000
10.362     0.000
10.368     0.000
10.374     0.000
10.379     0.000
10.385     0.000
10.391     0.000
10.397     0.000
10.403     0.000
10.408     0.000
10.414     0.000
10.420     0.000
10.426     0.000
10.432     0.000
10.437     0.000
10.443     0.000
10.449     0.000
10.455     0.000
10.461     0.000
10.466     0.000
10.472     0.000
10.478     0.000
10.484     0.000
10.490     0.000
10.495     0.000
10.501     0.000
10.507     0.000
10.513     0.000
10.519     0.000
10.524     0.000
10.530     0.000
10.536     0.000
10.542     0.000
10.548     0.000
10.553     0.000
10.559     0.000
10.565     0.000
10.571     0.000
10.577     0.000
10.582     0.000
10.588     0.000
10.594     0.000
10.600     0.000
10.606     0.000
10.612     0.000
10.617     0.000
10.623     0.000
10.629     0.000
10.635     0.000
10.641     0.000
10.646     0.000
10.652     0.000
10.658     0.000
10.664     0.000
10.670     0.000
10.675     0.000
10.681     0.000
10.687     0.000
10.693     0.000
10.699     0.000
10.704     0.000
10.710     0.000
10.716     0.000
10.722     0.000
10.728     0.000
10.733     0.000
10.739     0.000
10.745     0.000
10.751     0.000
10.757     0.000
10.762     0.000
10.768     0.000
10.774     0.000
10.780     0.000
10.786     0.000
10.791     0.000
10.797     0.000
10.803     0.000
10.809     0.000
10.815     0.000
10.820     0.000
10.826     0.000
10.832     0.000
10.838     0.000
10.844     0.000
10.850     0.000
10.855     0.000
10.861     0.000
10.867     0.000
10.873     0.000
10.879     0.000
10.884     0.000
10.890     0.000
10.896     0.000
10.902     0.000
10.908     0.000
10.913     0.000
10.919     0.000
10.925     0.000
10.931     0.000
10.937     0.000
10.942     0.000
10.948     0.000
10.954     0.000
10.960     0.000
10.966     0.000
10.971     0.000
10.977     0.000
10.983     0.000
10.989     0.000
10.995     0.000
11.000     0.000
11.006     0.000
11.012     0.000
11.018     0.000
11.024     0.000
11.029     0.000
11.035     0.000
11.041     0.000
11.047     0.000
11.053     0.000
11.059     0.000
11.064     0.000
11.070     0.000
11.076     0.000
11.082     0.000
11.088     0.000
11.093     0.000
11.099     0.000
11.105     0.000
11.111     0.000
11.117     0.000
11.122     0.000
11.128     0.000
11.134     0.000
11.140     0.000
11.146     0.000
11.151     0.000
11.157     0.000
11.163     0.000
11.169     0.000
11.175     0.000
11.180     0.000
11.186     0.000
11.192     0.000
11.198     0.000
11.204     0.000
11.209     0.000
11.215     0.000
11.221     0.000
11.227     0.000
11.233     0.000
11.238     0.000
11.244     0.000
11.250     0.000
11.256     0.000
11.262     0.000
11.267     0.000
11.273     0.000
11.279     0.000
11.285     0.000
11.291     0.000
11.297     0.000
11.302     0.000
11.308     0.000
11.314     0.000
11.320     0.000
11.326     0.000
11.331     0.000
11.337     0.000
11.343     0.000
11.349     0.000
11.355     0.000
11.360     0.000
11.366     0.000
11.372     0.000
11.378     0.000
11.384     0.000
11.389     0.000
11.395     0.000
11.401     0.000
11.407     0.000
11.413     0.000
11.418     0.000
11.424     0.000
11.430     0.000
11.436     0.000
11.442     0.000
11.447     0.000
11.453     0.000
11.459     0.000
11.465     0.000
11.471     0.000
11.476     0.000
11.482     0.000
11.488     0.000
11.494     0.000
11.500     0.000
11.505     0.000
11.511     0.000
11.517     0.000
11.523     0.000
11.529     0.000
11.535     0.000
11.540     0.000
11.546     0.000
11.552     0.000
11.558     0.000
11.564     0.000
11.569     0.000
11.575     0.000
11.581     0.000
11.587     0.000
11.593     0.000
11.598     0.000
11.604     0.000
11.610     0.000
11.616     0.000
11.622     0.000
11.627     0.000
11.633     0.000
11.639     0.000
11.645     0.000
11.651     0.000
11.656     0.000
11.662     0.000
11.668     0.000
11.674     0.000
11.680     0.000
11.685     0.000
11.691     0.000
11.697     0.000
11.703     0.000
11.709     0.000
11.714     0.000
11.720     0.000
11.726     0.000
11.732     0.000
11.738     0.000
11.743     0.000
11.749     0.000
11.755     0.000
11.761     0.000
11.767     0.000
11.773     0.000
11.778     0.000
11.784     0.000
11.790     0.000
11.796     0.000
11.802     0.000
11.807     0.000
11.813     0.000
11.819     0.000
11.825     0.000
11.831     0.000
11.836     0.000
11.842     0.000
11.848     0.000
11.854     0.000
11.860     0.000
11.865     0.000
11.871     0.000
11.877     0.000
11.883     0.000
11.889     0.000
11.894     0.000
11.900     0.000
11.906     0.000
11.912     0.000
11.918     0.000
11.923     0.000
11.929     0.000
11.935     0.000
11.941     0.000
11.947     0.000
11.952     0.000
11.958     0.000
11.964     0.000
11.970     0.000
11.976     0.000
11.981     0.000
11.987     0.000
11.993     0.000
11.999     0.000
12.005     0.000
12.011     0.000
12.016     0.000
12.022     0.000
12.028     0.000
12.034     0.000
12.040     0.000
12.045     0.000
12.051     0.000
12.057     0.000
12.063     0.000
12.069     0.000
12.074     182.988
12.080     189.270
12.086     183.750
12.092     201.370
12.098     205.116
12.103     208.019
12.109     204.167
12.115     207.042
12.121     209.005
12.127     226.154
12.132     221.608
12.138     229.688
12.144     233.333
12.150     235.829
12.156     0.000
12.161     0.000
12.167     0.000
12.173     0.000
12.179     0.000
12.185     0.000
12.190     0.000
12.196     0.000
12.202     0.000
12.208     0.000
12.214     0.000
12.220     0.000
12.225     0.000
12.231     0.000
12.237     0.000
12.243     0.000
12.249     0.000
12.254     0.000
12.260     0.000
12.266     0.000
12.272     0.000
12.278     0.000
12.283     0.000
12.289     0.000
12.295     0.000
12.301     0.000
12.307     0.000
12.312     0.000
12.318     0.000
12.324     0.000
12.330     0.000
12.336     0.000
12.341     0.000
12.347     0.000
12.353     0.000
12.359     0.000
12.365     0.000
12.370     0.000
12.376     0.000
12.382     0.000
12.388     0.000
12.394     259.412
12.399     257.895
12.405     257.895
12.411     256.395
12.417     256.395
12.423     256.395
12.428     256.395
12.434     254.913
12.440     254.913
12.446     256.395
12.452     254.913
12.458     256.395
12.463     256.395
12.469     256.395
12.475     256.395
12.481     256.395
12.487     256.395
12.492     256.395
12.498     256.395
12.504     256.395
12.510     256.395
12.516     256.395
12.521     256.395
12.527     256.395
12.533     0.000
12.539     0.000
12.545     0.000
12.550     0.000
12.556     0.000
12.562     0.000
12.568     0.000
12.574     0.000
12.579     0.000
12.585     0.000
12.591     0.000
12.597     0.000
12.603     0.000
12.608     0.000
12.614     0.000
12.620     0.000
12.626     0.000
12.632     0.000
12.637     0.000
12.643     0.000
12.649     0.000
12.655     0.000
12.661     0.000
12.666     0.000
12.672     0.000
12.678     0.000
12.684     0.000
12.690     0.000
12.696     0.000
12.701     260.947
12.707     260.947
12.713     260.947
12.719     260.947
12.725     260.947
12.730     260.947
12.736     260.947
12.742     260.947
12.748     260.947
12.754     260.947
12.759     260.947
12.765     260.947
12.771     260.947
12.777     259.412
12.783     257.895
12.788     257.895
12.794     237.097
12.800     257.895
12.806     237.097
12.812     257.895
12.817     237.097
12.823     257.895
12.829     238.378
12.835     257.895
12.841     259.412
12.846     238.378
12.852     259.412
12.858     260.947
12.864     262.500
12.870     264.072
12.875     0.000
12.881     0.000
12.887     0.000
12.893     0.000
12.899     0.000
12.904     0.000
12.910     0.000
12.916     0.000
12.922     0.000
12.928     0.000
12.934     0.000
12.939     0.000
12.945     0.000
12.951     0.000
12.957     0.000
12.963     0.000
12.968     0.000
12.974     0.000
12.980     0.000
12.986     0.000
12.992     0.000
12.997     0.000
13.003     0.000
13.009     0.000
13.015     0.000
13.021     0.000
13.026     0.000
13.032     0.000
13.038     0.000
13.044     0.000
13.050     0.000
13.055     0.000
13.061     0.000
13.067     0.000
13.073     0.000
13.079     0.000
13.084     0.000
13.090     0.000
13.096     0.000
13.102     0.000
13.108     0.000
13.113     0.000
13.119     0.000
13.125     0.000
13.131     0.000
13.137     0.000
13.142     0.000
13.148     0.000
13.154     0.000
13.160     0.000
13.166     235.829
13.172     220.500
13.177     220.500
13.183     237.097
13.189     238.378
13.195     239.674
13.201     240.984
13.206     242.308
13.212     243.646
13.218     245.000
13.224     247.753
13.230     247.753
13.235     249.153
13.241     250.568
13.247     253.448
13.253     254.913
13.259     256.395
13.264     257.895
13.270     257.895
13.276     259.412
13.282     259.412
13.288     259.412
13.293     259.412
13.299     259.412
13.305     257.895
13.311     259.412
13.317     259.412
13.322     259.412
13.328     259.412
13.334     260.947
13.340     260.947
13.346     260.947
13.351     260.947
13.357     260.947
13.363     260.947
13.369     221.608
13.375     260.947
13.380     222.727
13.386     222.727
13.392     221.608
13.398     260.947
13.404     222.727
13.410     221.608
13.415     221.608
13.421     260.947
13.427     260.947
13.433     260.947
13.439     260.947
13.444     260.947
13.450     260.947
13.456     260.947
13.462     259.412
13.468     259.412
13.473     259.412
13.479     259.412
13.485     257.895
13.491     257.895
13.497     257.895
13.502     257.895
13.508     257.895
13.514     257.895
13.520     257.895
13.526     257.895
13.531     202.294
13.537     257.895
13.543     257.895
13.549     257.895
13.555     257.895
13.560     259.412
13.566     259.412
13.572     259.412
13.578     259.412
13.584     259.412
13.589     257.895
13.595     257.895
13.601     257.895
13.607     257.895
13.613     257.895
13.619     257.895
13.624     257.895
13.630     257.895
13.636     257.895
13.642     257.895
13.648     257.895
13.653     257.895
13.659     257.895
13.665     257.895
13.671     259.412
13.677     257.895
13.682     257.895
13.688     257.895
13.694     257.895
13.700     257.895
13.706     256.395
13.711     257.895
13.717     257.895
13.723     257.895
13.729     257.895
13.735     220.500
13.740     257.895
13.746     220.500
13.752     220.500
13.758     220.500
13.764     257.895
13.769     259.412
13.775     259.412
13.781     259.412
13.787     260.947
13.793     260.947
13.798     262.500
13.804     262.500
13.810     265.663
13.816     0.000
13.822     0.000
13.827     0.000
13.833     0.000
13.839     0.000
13.845     0.000
13.851     0.000
13.857     0.000
13.862     0.000
13.868     0.000
13.874     0.000
13.880     0.000
13.886     0.000
13.891     0.000
13.897     0.000
13.903     0.000
13.909     0.000
13.915     0.000
13.920     0.000
13.926     0.000
13.932     0.000
13.938     0.000
13.944     0.000
13.949     0.000
13.955     0.000
13.961     0.000
13.967     0.000
13.973     0.000
13.978     0.000
13.984     0.000
13.990     0.000
13.996     0.000
14.002     0.000
14.007     0.000
14.013     0.000
14.019     0.000
14.025     0.000
14.031     0.000
14.036     0.000
14.042     0.000
14.048     0.000
14.054     0.000
14.060     0.000
14.065     0.000
14.071     0.000
14.077     0.000
14.083     0.000
14.089     0.000
14.095     0.000
14.100     0.000
14.106     0.000
14.112     0.000
14.118     0.000
14.124     0.000
14.129     0.000
14.135     0.000
14.141     0.000
14.147     0.000
14.153     0.000
14.158     0.000
14.164     0.000
14.170     0.000
14.176     0.000
14.182     0.000
14.187     0.000
14.193     0.000
14.199     0.000
14.205     0.000
14.211     0.000
14.216     0.000
14.222     0.000
14.228     0.000
14.234     0.000
14.240     0.000
14.245     0.000
14.251     0.000
14.257     0.000
14.263     0.000
14.269     0.000
14.274     0.000
14.280     0.000
14.286     0.000
14.292     0.000
14.298     0.000
14.303     0.000
14.309     0.000
14.315     0.000
14.321     0.000
14.327     0.000
14.333     0.000
14.338     0.000
14.344     0.000
14.350     0.000
14.356     0.000
14.362     187.660
14.367     185.294
14.373     186.076
14.379     185.294
14.385     183.750
14.391     185.294
14.396     186.076
14.402     189.270
14.408     187.660
14.414     194.273
14.420     186.076
14.425     188.462
14.431     181.481
14.437     185.294
14.443     188.462
14.449     180.738
14.454     187.660
14.460     181.481
14.466     182.231
14.472     186.864
14.478     177.108
14.483     187.660
14.489     182.988
14.495     185.294
14.501     188.462
14.507     177.823
14.512     186.864
14.518     182.988
14.524     186.076
14.530     188.462
14.536     0.000
14.541     0.000
14.547     0.000
14.553     0.000
14.559     0.000
14.565     0.000
14.571     0.000
14.576     0.000
14.582     0.000
14.588     0.000
14.594     0.000
14.600     0.000
14.605     0.000
14.611     0.000
14.617     0.000
14.623     0.000
14.629     0.000
14.634     0.000
14.640     0.000
14.646     0.000
14.652     0.000
14.658     0.000
14.663     0.000
14.669     0.000
14.675     0.000
14.681     0.000
14.687     0.000
14.692     0.000
14.698     0.000
14.704     0.000
14.710     0.000
14.716     0.000
14.721     0.000
14.727     0.000
14.733     0.000
14.739     0.000
14.745     0.000
14.750     0.000
14.756     0.000
14.762     0.000
14.768     0.000
14.774     0.000
14.780     270.552
14.785     270.552
14.791     272.222
14.797     270.552
14.803     270.552
14.809     268.902
14.814     268.902
14.820     267.273
14.826     268.902
14.832     268.902
14.838     268.902
14.843     0.000
14.849     0.000
14.855     0.000
14.861     0.000
14.867     0.000
14.872     0.000
14.878     0.000
14.884     0.000
14.890     0.000
14.896     0.000
14.901     0.000
14.907     0.000
14.913     0.000
14.919     0.000
14.925     0.000
14.930     0.000
14.936     0.000
14.942     0.000
14.948     0.000
14.954     0.000
14.959     0.000
14.965     0.000
14.971     0.000
14.977     0.000
14.983     0.000
14.988     0.000
14.994     0.000
15.000     0.000
15.006     0.000
15.012     0.000
15.018     0.000
15.023     0.000
15.029     0.000
15.035     0.000
15.041     0.000
15.047     0.000
15.052     0.000
15.058     0.000
15.064     0.000
15.070     0.000
15.076     0.000
15.081     0.000
15.087     0.000
15.093     0.000
15.099     0.000
15.105     0.000
15.110     0.000
15.116     0.000
15.122     0.000
15.128     0.000
15.134     0.000
15.139     0.000
15.145     0.000
15.151     0.000
15.157     0.000
15.163     0.000
15.168     0.000
15.174     0.000
15.180     0.000
15.186     0.000
15.192     0.000
15.197     0.000
15.203     0.000
15.209     0.000
15.215     0.000
15.221     0.000
15.226     0.000
15.232     0.000
15.238     0.000
15.244     0.000
15.250     0.000
15.256     0.000
15.261     0.000
15.267     0.000
15.273     0.000
15.279     0.000
15.285     0.000
15.290     0.000
15.296     0.000
15.302     0.000
15.308     0.000
15.314     0.000
15.319     0.000
15.325     0.000
15.331     0.000
15.337     0.000
15.343     0.000
15.348     0.000
15.354     0.000
15.360     0.000
15.366     0.000
15.372     0.000
15.377     0.000
15.383     0.000
15.389     0.000
15.395     0.000
15.401     0.000
15.406     0.000
15.412     0.000
15.418     0.000
15.424     0.000
15.430     0.000
15.435     0.000
15.441     0.000
15.447     0.000
15.453     0.000
15.459     0.000
15.464     0.000
15.470     203.226
15.476     204.167
15.482     204.167
15.488     204.167
15.494     204.167
15.499     204.167
15.505     205.116
15.511     205.116
15.517     205.116
15.523     205.116
15.528     203.226
15.534     204.167
15.540     203.226
15.546     202.294
15.552     204.167
15.557     202.294
15.563     203.226
15.569     208.019
15.575     203.226
15.581     206.075
15.586     202.294
15.592     207.042
15.598     212.019
15.604     207.042
15.610     211.005
15.615     207.042
15.621     208.019
15.627     202.294
15.633     206.075
15.639     209.005
15.644     211.005
15.650     215.122
15.656     0.000
15.662     0.000
15.668     0.000
15.673     0.000
15.679     0.000
15.685     0.000
15.691     0.000
15.697     0.000
15.702     0.000
15.708     0.000
15.714     0.000
15.720     0.000
15.726     0.000
15.732     0.000
15.737     0.000
15.743     0.000
15.749     0.000
15.755     0.000
15.761     0.000
15.766     0.000
15.772     0.000
15.778     0.000
15.784     0.000
15.790     0.000
15.795     0.000
15.801     0.000
15.807     0.000
15.813     0.000
15.819     0.000
15.824     0.000
15.830     0.000
15.836     0.000
15.842     0.000
15.848     0.000
15.853     0.000
15.859     0.000
15.865     0.000
15.871     0.000
15.877     0.000
15.882     0.000
15.888     0.000
15.894     0.000
15.900     0.000
15.906     0.000
15.911     0.000
15.917     0.000
15.923     0.000
15.929     0.000
15.935     0.000
15.940     0.000
15.946     0.000
15.952     0.000
15.958     0.000
15.964     0.000
15.970     0.000
15.975     0.000
15.981     0.000
15.987     0.000
15.993     0.000
15.999     0.000
16.004     0.000
16.010     0.000
16.016     0.000
16.022     0.000
16.028     0.000
16.033     0.000
16.039     0.000
16.045     0.000
16.051     0.000
16.057     0.000
16.062     0.000
16.068     0.000
16.074     0.000
16.080     0.000
16.086     0.000
16.091     0.000
16.097     0.000
16.103     0.000
16.109     0.000
16.115     0.000
16.120     0.000
16.126     0.000
16.132     0.000
16.138     0.000
16.144     0.000
16.149     0.000
16.155     0.000
16.161     0.000
16.167     0.000
16.173     0.000
16.179     0.000
16.184     0.000
16.190     0.000
16.196     0.000
16.202     0.000
16.208     0.000
16.213     0.000
16.219     0.000
16.225     0.000
16.231     0.000
16.237     0.000
16.242     0.000
16.248     0.000
16.254     0.000
16.260     0.000
16.266     0.000
16.271     0.000
16.277     0.000
16.283     0.000
16.289     0.000
16.295     0.000
16.300     0.000
16.306     0.000
16.312     0.000
16.318     0.000
16.324     0.000
16.329     0.000
16.335     0.000
16.341     0.000
16.347     0.000
16.353     0.000
16.358     0.000
16.364     0.000
16.370     0.000
16.376     0.000
16.382     0.000
16.387     0.000
16.393     0.000
16.399     0.000
16.405     0.000
16.411     0.000
16.417     0.000
16.422     0.000
16.428     0.000
16.434     0.000
16.440     0.000
16.446     0.000
16.451     0.000
16.457     0.000
16.463     0.000
16.469     0.000
16.475     0.000
16.480     0.000
16.486     0.000
16.492     0.000
16.498     0.000
16.504     0.000
16.509     0.000
16.515     0.000
16.521     0.000
16.527     0.000
16.533     0.000
16.538     0.000
16.544     0.000
16.550     0.000
16.556     0.000
16.562     0.000
16.567     0.000
16.573     0.000
16.579     0.000
16.585     0.000
16.591     0.000
16.596     0.000
16.602     0.000
16.608     0.000
16.614     0.000
16.620     0.000
16.625     0.000
16.631     0.000
16.637     0.000
16.643     0.000
16.649     0.000
16.655     0.000
16.660     0.000
16.666     0.000
16.672     0.000
16.678     0.000
16.684     0.000
16.689     0.000
16.695     0.000
16.701     0.000
16.707     0.000
16.713     0.000
16.718     0.000
16.724     0.000
16.730     0.000
16.736     0.000
16.742     0.000
16.747     0.000
16.753     0.000
16.759     0.000
16.765     0.000
16.771     0.000
16.776     0.000
16.782     0.000
16.788     0.000
16.794     0.000
16.800     0.000
16.805     0.000
16.811     0.000
16.817     0.000
16.823     0.000
16.829     0.000
16.834     0.000
16.840     0.000
16.846     0.000
16.852     0.000
16.858     0.000
16.863     0.000
16.869     0.000
16.875     0.000
16.881     0.000
16.887     0.000
16.893     0.000
16.898     0.000
16.904     0.000
16.910     0.000
16.916     0.000
16.922     0.000
16.927     0.000
16.933     0.000
16.939     0.000
16.945     0.000
16.951     0.000
16.956     0.000
16.962     0.000
16.968     0.000
16.974     0.000
16.980     0.000
16.985     0.000
16.991     0.000
16.997     0.000
17.003     0.000
17.009     0.000
17.014     0.000
17.020     0.000
17.026     0.000
17.032     0.000
17.038     0.000
17.043     0.000
17.049     0.000
17.055     0.000
17.061     0.000
17.067     0.000
17.072     0.000
17.078     0.000
17.084     0.000
17.090     0.000
17.096     0.000
17.101     0.000
17.107     0.000
17.113     0.000
17.119     0.000
17.125     0.000
17.131     0.000
17.136     0.000
17.142     0.000
17.148     0.000
17.154     0.000
17.160     0.000
17.165     0.000
17.171     0.000
17.177     0.000
17.183     0.000
17.189     0.000
17.194     0.000
17.200     0.000
17.206     0.000
17.212     0.000
17.218     0.000
17.223     0.000
17.229     0.000
17.235     0.000
17.241     0.000
17.247     0.000
17.252     0.000
17.258     0.000
17.264     0.000
17.270     0.000
17.276     0.000
17.281     0.000
17.287     0.000
17.293     0.000
17.299     0.000
17.305     0.000
17.310     0.000
17.316     0.000
17.322     0.000
17.328     0.000
17.334     0.000
17.340     0.000
17.345     0.000
17.351     0.000
17.357     195.133
17.363     194.273
17.369     195.133
17.374     196.875
17.380     196.000
17.386     196.875
17.392     197.758
17.398     198.649
17.403     0.000
17.409     0.000
17.415     0.000
17.421     0.000
17.427     0.000
17.432     0.000
17.438     0.000
17.444     0.000
17.450     0.000
17.456     0.000
17.461     0.000
17.467     0.000
17.473     0.000
17.479     0.000
17.485     0.000
17.490     0.000
17.496     0.000
17.502     0.000
17.508     0.000
17.514     0.000
17.519     198.649
17.525     192.576
17.531     196.000
17.537     195.133
17.543     196.875
17.548     196.000
17.554     192.576
17.560     194.273
17.566     192.576
17.572     197.758
17.578     200.455
17.583     198.649
17.589     202.294
17.595     200.455
17.601     197.758
17.607     200.455
17.612     195.133
17.618     202.294
17.624     194.273
17.630     197.758
17.636     196.875
17.641     191.739
17.647     197.758
17.653     194.273
17.659     196.875
17.665     192.576
17.670     202.294
17.676     191.739
17.682     204.167
17.688     190.909
17.694     194.273
17.699     194.273
17.705     193.421
17.711     195.133
17.717     196.875
17.723     194.273
17.728     0.000
17.734     0.000
17.740     0.000
17.746     0.000
17.752     0.000
17.757     0.000
17.763     0.000
17.769     0.000
17.775     0.000
17.781     0.000
17.786     0.000
17.792     0.000
17.798     0.000
17.804     0.000
17.810     0.000
17.816     0.000
17.821     0.000
17.827     0.000
17.833     0.000
17.839     0.000
17.845     0.000
17.850     0.000
17.856     0.000
17.862     0.000
17.868     0.000
17.874     0.000
17.879     0.000
17.885     0.000
17.891     0.000
17.897     0.000
17.903     0.000
17.908     0.000
17.914     0.000
17.920     0.000
17.926     0.000
17.932     0.000
17.937     0.000
17.943     0.000
17.949     0.000
17.955     0.000
17.961     0.000
17.966     0.000
17.972     0.000
17.978     0.000
17.984     0.000
17.990     0.000
17.995     0.000
18.001     0.000
18.007     0.000
18.013     0.000
18.019     0.000
18.024     0.000
18.030     0.000
18.036     0.000
18.042     0.000
18.048     0.000
18.054     0.000
18.059     0.000
18.065     0.000
18.071     0.000
18.077     0.000
18.083     0.000
18.088     0.000
18.094     0.000
18.100     0.000
18.106     0.000
18.112     0.000
18.117     0.000
18.123     0.000
18.129     0.000
18.135     0.000
18.141     0.000
18.146     0.000
18.152     0.000
18.158     0.000
18.164     172.941
18.170     172.941
18.175     175.000
18.181     177.108
18.187     177.108
18.193     0.000
18.199     0.000
18.204     0.000
18.210     0.000
18.216     0.000
18.222     0.000
18.228     0.000
18.233     0.000
18.239     0.000
18.245     0.000
18.251     0.000
18.257     0.000
18.262     0.000
18.268     0.000
18.274     0.000
18.280     0.000
18.286     0.000
18.292     0.000
18.297     0.000
18.303     0.000
18.309     0.000
18.315     0.000
18.321     0.000
18.326     0.000
18.332     0.000
18.338     0.000
18.344     0.000
18.350     0.000
18.355     0.000
18.361     0.000
18.367     0.000
18.373     0.000
18.379     0.000
18.384     0.000
18.390     0.000
18.396     0.000
18.402     0.000
18.408     0.000
18.413     0.000
18.419     0.000
18.425     0.000
18.431     0.000
18.437     0.000
18.442     0.000
18.448     0.000
18.454     0.000
18.460     0.000
18.466     0.000
18.471     0.000
18.477     0.000
18.483     0.000
18.489     0.000
18.495     0.000
18.500     0.000
18.506     0.000
18.512     0.000
18.518     0.000
18.524     0.000
18.530     0.000
18.535     0.000
18.541     0.000
18.547     0.000
18.553     0.000
18.559     0.000
18.564     0.000
18.570     0.000
18.576     0.000
18.582     0.000
18.588     0.000
18.593     0.000
18.599     0.000
18.605     0.000
18.611     0.000
18.617     0.000
18.622     0.000
18.628     0.000
18.634     0.000
18.640     0.000
18.646     0.000
18.651     0.000
18.657     0.000
18.663     0.000
18.669     0.000
18.675     0.000
18.680     0.000
18.686     0.000
18.692     0.000
18.698     0.000
18.704     0.000
18.709     0.000
18.715     0.000
18.721     0.000
18.727     0.000
18.733     0.000
18.739     0.000
18.744     0.000
18.750     0.000
18.756     0.000
18.762     0.000
18.768     0.000
18.773     0.000
18.779     0.000
18.785     0.000
18.791     0.000
18.797     0.000
18.802     0.000
18.808     0.000
18.814     0.000
18.820     0.000
18.826     0.000
18.831     0.000
18.837     0.000
18.843     0.000
18.849     0.000
18.855     0.000
18.860     0.000
18.866     0.000
18.872     0.000
18.878     0.000
18.884     0.000
18.889     0.000
18.895     0.000
18.901     0.000
18.907     0.000
18.913     0.000
18.918     0.000
18.924     0.000
18.930     0.000
18.936     0.000
18.942     0.000
18.947     0.000
18.953     0.000
18.959     0.000
18.965     0.000
18.971     0.000
18.977     0.000
18.982     0.000
18.988     0.000
18.994     0.000
19.000     0.000
19.006     0.000
19.011     0.000
19.017     0.000
19.023     0.000
19.029     0.000
19.035     0.000
19.040     0.000
19.046     0.000
19.052     0.000
19.058     0.000
19.064     0.000
19.069     0.000
19.075     0.000
19.081     0.000
19.087     0.000
19.093     0.000
19.098     0.000
19.104     0.000
19.110     0.000
19.116     0.000
19.122     0.000
19.127     0.000
19.133     0.000
19.139     0.000
19.145     0.000
19.151     0.000
19.156     0.000
19.162     0.000
19.168     0.000
19.174     0.000
19.180     0.000
19.185     0.000
19.191     0.000
19.197     0.000
19.203     0.000
19.209     0.000
19.215     229.688
19.220     234.574
19.226     235.829
19.232     237.097
19.238     238.378
19.244     239.674
19.249     239.674
19.255     240.984
19.261     240.984
19.267     242.308
19.273     242.308
19.278     242.308
19.284     242.308
19.290     242.308
19.296     243.646
19.302     243.646
19.307     243.646
19.313     243.646
19.319     243.646
19.325     243.646
19.331     243.646
19.336     243.646
19.342     243.646
19.348     243.646
19.354     243.646
19.360     243.646
19.365     242.308
19.371     242.308
19.377     242.308
19.383     242.308
19.389     242.308
19.394     242.308
19.400     242.975
19.406     243.646
19.412     245.000
19.418     245.000
19.423     246.369
19.429     247.753
19.435     247.753
19.441     247.753
19.447     247.753
19.453     246.369
19.458     246.369
19.464     246.369
19.470     245.000
19.476     245.000
19.482     245.000
19.487     246.369
19.493     246.369
19.499     246.369
19.505     247.753
19.511     249.153
19.516     249.153
19.522     249.153
19.528     250.568
19.534     249.153
19.540     249.153
19.545     247.753
19.551     247.753
19.557     246.369
19.563     245.000
19.569     243.646
19.574     242.308
19.580     241.644
19.586     239.674
19.592     208.019
19.598     202.294
19.603     217.241
19.609     215.122
19.615     214.078
19.621     214.078
19.627     213.043
19.632     213.043
19.638     211.005
19.644     209.005
19.650     207.042
19.656     205.116
19.661     206.075
19.667     205.116
19.673     205.116
19.679     205.116
19.685     206.075
19.691     206.075
19.696     207.042
19.702     207.042
19.708     208.019
19.714     207.042
19.720     207.042
19.725     207.042
19.731     206.075
19.737     207.042
19.743     206.075
19.749     206.075
19.754     206.075
19.760     205.116
19.766     205.116
19.772     206.075
19.778     0.000
19.783     0.000
19.789     0.000
19.795     0.000
19.801     0.000
19.807     0.000
19.812     0.000
19.818     0.000
19.824     0.000
19.830     0.000
19.836     0.000
19.841     0.000
19.847     0.000
19.853     0.000
19.859     0.000
19.865     0.000
19.870     0.000
19.876     0.000
19.882     0.000
19.888     0.000
19.894     0.000
19.900     0.000
19.905     0.000
19.911     0.000
19.917     0.000
19.923     0.000
19.929     0.000
19.934     0.000
19.940     0.000
19.946     0.000
19.952     0.000
19.958     0.000
19.963     0.000
19.969     0.000
19.975     0.000
19.981     0.000
19.987     0.000
19.992     0.000
19.998     0.000
20.004     0.000
20.010     0.000
20.016     0.000
20.021     0.000
20.027     0.000
20.033     0.000
20.039     0.000
20.045     0.000
20.050     0.000
20.056     0.000
20.062     0.000
20.068     0.000
20.074     0.000
20.079     0.000
20.085     0.000
20.091     0.000
20.097     0.000
20.103     0.000
20.108     0.000
20.114     0.000
20.120     0.000
20.126     0.000
20.132     0.000
20.138     0.000
20.143     0.000
20.149     0.000
20.155     0.000
20.161     0.000
20.167     0.000
20.172     0.000
20.178     0.000
20.184     0.000
20.190     0.000
20.196     0.000
20.201     0.000
20.207     0.000
20.213     0.000
20.219     0.000
20.225     0.000
20.230     0.000
20.236     0.000
20.242     0.000
20.248     0.000
20.254     0.000
20.259     0.000
20.265     0.000
20.271     0.000
20.277     0.000
20.283     0.000
20.288     0.000
20.294     0.000
20.300     0.000
20.306     158.065
20.312     171.595
20.317     177.823
20.323     156.940
20.329     175.000
20.335     175.697
20.341     0.000
20.346     0.000
20.352     0.000
20.358     0.000
20.364     0.000
20.370     0.000
20.376     0.000
20.381     0.000
20.387     0.000
20.393     0.000
20.399     0.000
20.405     0.000
20.410     0.000
20.416     0.000
20.422     0.000
20.428     0.000
20.434     0.000
20.439     0.000
20.445     0.000
20.451     0.000
20.457     0.000
20.463     0.000
20.468     0.000
20.474     0.000
20.480     0.000
20.486     0.000
20.492     0.000
20.497     0.000
20.503     0.000
20.509     0.000
20.515     0.000
20.521     0.000
20.526     0.000
20.532     0.000
20.538     0.000
20.544     0.000
20.550     0.000
20.555     0.000
20.561     0.000
20.567     0.000
20.573     0.000
20.579     0.000
20.584     0.000
20.590     0.000
20.596     0.000
20.602     0.000
20.608     0.000
20.614     0.000
20.619     0.000
20.625     0.000
20.631     0.000
20.637     0.000
20.643     0.000
20.648     0.000
20.654     0.000
20.660     0.000
20.666     0.000
20.672     0.000
20.677     0.000
20.683     0.000
20.689     0.000
20.695     0.000
20.701     0.000
20.706     0.000
20.712     0.000
20.718     0.000
20.724     0.000
20.730     0.000
20.735     0.000
20.741     0.000
20.747     0.000
20.753     0.000
20.759     0.000
20.764     0.000
20.770     0.000
20.776     0.000
20.782     0.000
20.788     0.000
20.793     0.000
20.799     0.000
20.805     0.000
20.811     0.000
20.817     0.000
20.822     0.000
20.828     0.000
20.834     0.000
20.840     0.000
20.846     0.000
20.852     0.000
20.857     0.000
20.863     0.000
20.869     0.000
20.875     0.000
20.881     0.000
20.886     0.000
20.892     0.000
20.898     0.000
20.904     0.000
20.910     0.000
20.915     0.000
20.921     0.000
20.927     0.000
20.933     0.000
20.939     0.000
20.944     0.000
20.950     0.000
20.956     0.000
20.962     0.000
20.968     0.000
20.973     0.000
20.979     0.000
20.985     0.000
20.991     0.000
20.997     0.000
21.002     0.000
21.008     0.000
21.014     0.000
21.020     0.000
21.026     0.000
21.031     0.000
21.037     0.000
21.043     0.000
21.049     0.000
21.055     0.000
21.060     0.000
21.066     0.000
21.072     0.000
21.078     0.000
21.084     0.000
21.090     0.000
21.095     0.000
21.101     0.000
21.107     0.000
21.113     0.000
21.119     0.000
21.124     0.000
21.130     0.000
21.136     0.000
21.142     0.000
21.148     0.000
21.153     0.000
21.159     0.000
21.165     0.000
21.171     0.000
21.177     0.000
21.182     0.000
21.188     0.000
21.194     0.000
21.200     0.000
21.206     0.000
21.211     0.000
21.217     0.000
21.223     0.000
21.229     0.000
21.235     182.988
21.240     182.231
21.246     182.231
21.252     182.231
21.258     181.481
21.264     181.481
21.269     181.481
21.275     181.481
21.281     181.481
21.287     181.481
21.293     180.738
21.299     0.000
21.304     0.000
21.310     0.000
21.316     0.000
21.322     0.000
21.328     0.000
21.333     0.000
21.339     0.000
21.345     0.000
21.351     0.000
21.357     0.000
21.362     0.000
21.368     0.000
21.374     0.000
21.380     0.000
21.386     0.000
21.391     0.000
21.397     0.000
21.403     0.000
21.409     0.000
21.415     0.000
21.420     0.000
21.426     0.000
21.432     0.000
21.438     0.000
21.444     0.000
21.449     0.000
21.455     0.000
21.461     0.000
21.467     0.000
21.473     0.000
21.478     0.000
21.484     0.000
21.490     0.000
21.496     0.000
21.502     0.000
21.507     0.000
21.513     0.000
21.519     0.000
21.525     0.000
21.531     0.000
21.537     0.000
21.542     0.000
21.548     0.000
21.554     0.000
21.560     0.000
21.566     0.000
21.571     0.000
21.577     0.000
21.583     0.000
21.589     0.000
21.595     0.000
21.600     0.000
21.606     0.000
21.612     0.000
21.618     0.000
21.624     0.000
21.629     0.000
21.635     0.000
21.641     0.000
21.647     0.000
21.653     0.000
21.658     0.000
21.664     0.000
21.670     0.000
21.676     0.000
21.682     0.000
21.687     0.000
21.693     0.000
21.699     0.000
21.705     0.000
21.711     0.000
21.716     0.000
21.722     0.000
21.728     0.000
21.734     0.000
21.740     0.000
21.745     0.000
21.751     0.000
21.757     0.000
21.763     0.000
21.769     0.000
21.775     0.000
21.780     0.000
21.786     0.000
21.792     0.000
21.798     0.000
21.804     0.000
21.809     0.000
21.815     0.000
21.821     0.000
21.827     0.000
21.833     0.000
21.838     0.000
21.844     0.000
21.850     0.000
21.856     0.000
21.862     0.000
21.867     0.000
21.873     0.000
21.879     0.000
21.885     0.000
21.891     0.000
21.896     0.000
21.902     0.000
21.908     0.000
21.914     0.000
21.920     0.000
21.925     0.000
21.931     0.000
21.937     0.000
21.943     0.000
21.949     0.000
21.954     0.000
21.960     0.000
21.966     0.000
21.972     0.000
21.978     0.000
21.983     0.000
21.989     0.000
21.995     0.000
22.001     0.000
22.007     0.000
22.013     0.000
22.018     0.000
22.024     0.000
22.030     0.000
22.036     0.000
22.042     0.000
22.047     0.000
22.053     0.000
22.059     0.000
22.065     0.000
22.071     0.000
22.076     0.000
22.082     0.000
22.088     0.000
22.094     0.000
22.100     0.000
22.105     0.000
22.111     0.000
22.117     0.000
22.123     0.000
22.129     0.000
22.134     0.000
22.140     0.000
22.146     0.000
22.152     0.000
22.158     0.000
22.163     0.000
22.169     0.000
22.175     0.000
22.181     0.000
22.187     0.000
22.192     0.000
22.198     0.000
22.204     0.000
22.210     0.000
22.216     0.000
22.221     0.000
22.227     0.000
22.233     0.000
22.239     0.000
22.245     0.000
22.251     0.000
22.256     0.000
22.262     0.000
22.268     0.000
22.274     0.000
22.280     0.000
22.285     0.000
22.291     0.000
22.297     0.000
22.303     0.000
22.309     0.000
22.314     0.000
22.320     0.000
22.326     0.000
22.332     0.000
22.338     0.000
22.343     0.000
22.349     0.000
22.355     0.000
22.361     0.000
22.367     0.000
22.372     0.000
22.378     0.000
22.384     0.000
22.390     0.000
22.396     0.000
22.401     0.000
22.407     0.000
22.413     0.000
22.419     0.000
22.425     0.000
22.430     0.000
22.436     0.000
22.442     0.000
22.448     0.000
22.454     0.000
22.460     0.000
22.465     0.000
22.471     0.000
22.477     0.000
22.483     0.000
22.489     0.000
22.494     0.000
22.500     0.000
22.506     0.000
22.512     0.000
22.518     0.000
22.523     0.000
22.529     0.000
22.535     0.000
22.541     0.000
22.547     0.000
22.552     0.000
22.558     0.000
22.564     0.000
22.570     0.000
22.576     0.000
22.581     0.000
22.587     0.000
22.593     0.000
22.599     0.000
22.605     0.000
22.610     0.000
22.616     0.000
22.622     0.000
22.628     0.000
22.634     0.000
22.639     0.000
22.645     0.000
22.651     0.000
22.657     0.000
22.663     0.000
22.668     0.000
22.674     0.000
22.680     0.000
22.686     0.000
22.692     0.000
22.698     0.000
22.703     0.000
22.709     0.000
