0.000     0.000
0.006     0.000
0.012     0.000
0.017     0.000
0.023     0.000
0.029     0.000
0.035     0.000
0.041     0.000
0.046     0.000
0.052     0.000
0.058     0.000
0.064     0.000
0.070     0.000
0.075     0.000
0.081     0.000
0.087     0.000
0.093     0.000
0.099     0.000
0.104     0.000
0.110     0.000
0.116     235.829
0.122     237.097
0.128     237.097
0.134     238.378
0.139     239.674
0.145     240.984
0.151     242.308
0.157     243.646
0.163     245.000
0.168     247.753
0.174     249.153
0.180     250.568
0.186     252.000
0.192     252.000
0.197     252.000
0.203     252.000
0.209     253.448
0.215     253.448
0.221     512.791
0.226     512.791
0.232     512.791
0.238     512.791
0.244     262.500
0.250     264.072
0.255     268.902
0.261     272.222
0.267     273.913
0.273     273.913
0.279     294.000
0.284     295.973
0.290     297.973
0.296     319.565
0.302     321.898
0.308     326.667
0.313     329.104
0.319     331.579
0.325     336.641
0.331     339.231
0.337     341.860
0.342     344.531
0.348     344.531
0.354     347.244
0.360     347.244
0.366     347.244
0.372     347.244
0.377     347.244
0.383     0.000
0.389     0.000
0.395     0.000
0.401     0.000
0.406     0.000
0.412     0.000
0.418     0.000
0.424     0.000
0.430     0.000
0.435     0.000
0.441     0.000
0.447     0.000
0.453     0.000
0.459     0.000
0.464     0.000
0.470     0.000
0.476     0.000
0.482     0.000
0.488     0.000
0.493     0.000
0.499     0.000
0.505     0.000
0.511     0.000
0.517     0.000
0.522     0.000
0.528     0.000
0.534     0.000
0.540     0.000
0.546     0.000
0.551     0.000
0.557     0.000
0.563     0.000
0.569     0.000
0.575     0.000
0.580     0.000
0.586     0.000
0.592     0.000
0.598     0.000
0.604     0.000
0.610     0.000
0.615     0.000
0.621     0.000
0.627     0.000
0.633     0.000
0.639     0.000
0.644     0.000
0.650     0.000
0.656     0.000
0.662     0.000
0.668     0.000
0.673     0.000
0.679     0.000
0.685     0.000
0.691     0.000
0.697     0.000
0.702     0.000
0.708     0.000
0.714     0.000
0.720     0.000
0.726     0.000
0.731     0.000
0.737     0.000
0.743     0.000
0.749     0.000
0.755     0.000
0.760     0.000
0.766     0.000
0.772     0.000
0.778     0.000
0.784     0.000
0.789     0.000
0.795     0.000
0.801     0.000
0.807     0.000
0.813     0.000
0.819     0.000
0.824     0.000
0.830     0.000
0.836     0.000
0.842     0.000
0.848     0.000
0.853     0.000
0.859     0.000
0.865     0.000
0.871     0.000
0.877     0.000
0.882     0.000
0.888     0.000
0.894     0.000
0.900     0.000
0.906     0.000
0.911     0.000
0.917     0.000
0.923     0.000
0.929     0.000
0.935     0.000
0.940     0.000
0.946     257.895
0.952     259.412
0.958     260.947
0.964     262.500
0.969     262.500
0.975     262.500
0.981     264.072
0.987     264.072
0.993     264.072
0.998     264.072
1.004     262.500
1.010     262.500
1.016     260.947
1.022     260.947
1.027     260.947
1.033     260.947
1.039     0.000
1.045     0.000
1.051     0.000
1.057     0.000
1.062     0.000
1.068     0.000
1.074     0.000
1.080     0.000
1.086     0.000
1.091     0.000
1.097     0.000
1.103     0.000
1.109     0.000
1.115     0.000
1.120     0.000
1.126     0.000
1.132     0.000
1.138     0.000
1.144     0.000
1.149     0.000
1.155     0.000
1.161     0.000
1.167     0.000
1.173     0.000
1.178     0.000
1.184     0.000
1.190     0.000
1.196     0.000
1.202     0.000
1.207     0.000
1.213     0.000
1.219     0.000
1.225     0.000
1.231     0.000
1.236     0.000
1.242     0.000
1.248     0.000
1.254     0.000
1.260     0.000
1.265     0.000
1.271     0.000
1.277     0.000
1.283     0.000
1.289     0.000
1.295     0.000
1.300     0.000
1.306     0.000
1.312     0.000
1.318     0.000
1.324     0.000
1.329     0.000
1.335     0.000
1.341     0.000
1.347     0.000
1.353     0.000
1.358     0.000
1.364     0.000
1.370     0.000
1.376     0.000
1.382     0.000
1.387     0.000
1.393     0.000
1.399     0.000
1.405     0.000
1.411     0.000
1.416     0.000
1.422     0.000
1.428     0.000
1.434     0.000
1.440     0.000
1.445     0.000
1.451     0.000
1.457     0.000
1.463     0.000
1.469     0.000
1.474     0.000
1.480     0.000
1.486     0.000
1.492     0.000
1.498     0.000
1.503     0.000
1.509     0.000
1.515     0.000
1.521     0.000
1.527     0.000
1.533     0.000
1.538     0.000
1.544     0.000
1.550     0.000
1.556     0.000
1.562     0.000
1.567     0.000
1.573     0.000
1.579     0.000
1.585     0.000
1.591     0.000
1.596     0.000
1.602     0.000
1.608     0.000
1.614     0.000
1.620     0.000
1.625     0.000
1.631     208.019
1.637     206.075
1.643     206.075
1.649     204.167
1.654     204.167
1.660     202.294
1.666     217.241
1.672     214.078
1.678     210.000
1.683     204.167
1.689     203.226
1.695     203.226
1.701     212.019
1.707     212.019
1.712     213.043
1.718     230.890
1.724     252.000
1.730     127.457
1.736     132.036
1.741     131.250
1.747     252.000
1.753     252.000
1.759     253.448
1.765     253.448
1.771     253.448
1.776     0.000
1.782     0.000
1.788     0.000
1.794     0.000
1.800     0.000
1.805     0.000
1.811     0.000
1.817     0.000
1.823     0.000
1.829     0.000
1.834     0.000
1.840     0.000
1.846     0.000
1.852     0.000
1.858     0.000
1.863     0.000
1.869     0.000
1.875     0.000
1.881     0.000
1.887     0.000
1.892     0.000
1.898     0.000
1.904     0.000
1.910     0.000
1.916     0.000
1.921     0.000
1.927     0.000
1.933     0.000
1.939     0.000
1.945     0.000
1.950     0.000
1.956     0.000
1.962     0.000
1.968     259.412
1.974     259.412
1.980     259.412
1.985     260.947
1.991     260.947
1.997     259.412
2.003     259.412
2.009     259.412
2.014     257.895
2.020     257.895
2.026     257.895
2.032     257.895
2.038     256.395
2.043     256.395
2.049     256.395
2.055     257.895
2.061     257.895
2.067     257.895
2.072     259.412
2.078     259.412
2.084     260.947
2.090     260.947
2.096     260.947
2.101     260.947
2.107     260.947
2.113     259.412
2.119     257.895
2.125     256.395
2.130     256.395
2.136     256.395
2.142     257.895
2.148     259.412
2.154     259.412
2.159     259.412
2.165     259.412
2.171     259.412
2.177     259.412
2.183     256.395
2.188     257.895
2.194     0.000
2.200     0.000
2.206     0.000
2.212     0.000
2.218     0.000
2.223     0.000
2.229     0.000
2.235     0.000
2.241     0.000
2.247     0.000
2.252     0.000
2.258     0.000
2.264     0.000
2.270     0.000
2.276     0.000
2.281     0.000
2.287     0.000
2.293     0.000
2.299     0.000
2.305     0.000
2.310     355.645
2.316     355.645
2.322     355.645
2.328     355.645
2.334     355.645
2.339     355.645
2.345     355.645
2.351     355.645
2.357     355.645
2.363     355.645
2.368     358.537
2.374     361.475
2.380     364.463
2.386     370.588
2.392     373.729
2.397     380.172
2.403     383.478
2.409     386.842
2.415     390.265
2.421     393.750
2.426     393.750
2.432     393.750
2.438     393.750
2.444     393.750
2.450     393.750
2.456     393.750
2.461     390.265
2.467     390.265
2.473     390.265
2.479     390.265
2.485     390.265
2.490     390.265
2.496     390.265
2.502     390.265
2.508     393.750
2.514     393.750
2.519     397.297
2.525     397.297
2.531     397.297
2.537     393.750
2.543     390.265
2.548     386.842
2.554     383.478
2.560     376.923
2.566     370.588
2.572     367.500
2.577     367.500
2.583     373.729
2.589     383.478
2.595     383.478
2.601     390.265
2.606     386.842
2.612     390.265
2.618     388.546
2.624     390.265
2.630     386.842
2.635     393.750
2.641     0.000
2.647     0.000
2.653     0.000
2.659     0.000
2.664     0.000
2.670     0.000
2.676     0.000
2.682     0.000
2.688     0.000
2.694     0.000
2.699     0.000
2.705     0.000
2.711     0.000
2.717     0.000
2.723     0.000
2.728     0.000
2.734     0.000
2.740     0.000
2.746     0.000
2.752     0.000
2.757     0.000
2.763     0.000
2.769     0.000
2.775     0.000
2.781     0.000
2.786     0.000
2.792     0.000
2.798     0.000
2.804     0.000
2.810     0.000
2.815     0.000
2.821     0.000
2.827     0.000
2.833     0.000
2.839     0.000
2.844     0.000
2.850     0.000
2.856     0.000
2.862     0.000
2.868     0.000
2.873     0.000
2.879     0.000
2.885     0.000
2.891     0.000
2.897     0.000
2.902     0.000
2.908     0.000
2.914     0.000
2.920     0.000
2.926     0.000
2.932     0.000
2.937     0.000
2.943     0.000
2.949     0.000
2.955     0.000
2.961     0.000
2.966     0.000
2.972     344.531
2.978     341.860
2.984     341.860
2.990     341.860
2.995     341.860
3.001     341.860
3.007     344.531
3.013     344.531
3.019     344.531
3.024     344.531
3.030     344.531
3.036     345.882
3.042     347.244
3.048     214.078
3.053     195.133
3.059     213.043
3.065     214.078
3.071     212.019
3.077     0.000
3.082     0.000
3.088     0.000
3.094     0.000
3.100     0.000
3.106     0.000
3.111     0.000
3.117     0.000
3.123     0.000
3.129     0.000
3.135     0.000
3.140     0.000
3.146     0.000
3.152     0.000
3.158     0.000
3.164     0.000
3.170     0.000
3.175     0.000
3.181     0.000
3.187     0.000
3.193     0.000
3.199     0.000
3.204     0.000
3.210     0.000
3.216     0.000
3.222     0.000
3.228     0.000
3.233     0.000
3.239     0.000
3.245     0.000
3.251     0.000
3.257     0.000
3.262     0.000
3.268     0.000
3.274     0.000
3.280     0.000
3.286     0.000
3.291     0.000
3.297     0.000
3.303     0.000
3.309     0.000
3.315     0.000
3.320     0.000
3.326     0.000
3.332     0.000
3.338     0.000
3.344     0.000
3.349     0.000
3.355     0.000
3.361     0.000
3.367     0.000
3.373     0.000
3.379     0.000
3.384     0.000
3.390     0.000
3.396     0.000
3.402     0.000
3.408     0.000
3.413     0.000
3.419     0.000
3.425     0.000
3.431     0.000
3.437     0.000
3.442     0.000
3.448     0.000
3.454     0.000
3.460     0.000
3.466     0.000
3.471     0.000
3.477     0.000
3.483     0.000
3.489     0.000
3.495     0.000
3.500     0.000
3.506     0.000
3.512     0.000
3.518     190.086
3.524     206.075
3.529     204.167
3.535     205.116
3.541     208.019
3.547     207.042
3.553     209.005
3.558     208.019
3.564     211.005
3.570     207.042
3.576     211.005
3.582     206.075
3.587     207.042
3.593     210.000
3.599     207.042
3.605     208.019
3.611     215.122
3.617     204.167
3.622     211.005
3.628     214.078
3.634     205.116
3.640     213.043
3.646     212.019
3.651     201.370
3.657     217.241
3.663     218.317
3.669     214.078
3.675     220.500
3.680     215.122
3.686     203.226
3.692     132.831
3.698     132.432
3.704     131.642
3.709     223.858
3.715     216.176
3.721     212.019
3.727     185.294
3.733     191.739
3.738     186.076
3.744     182.988
3.750     196.875
3.756     185.294
3.762     195.133
3.767     203.226
3.773     194.273
3.779     195.133
3.785     200.455
3.791     0.000
3.796     0.000
3.802     0.000
3.808     0.000
3.814     0.000
3.820     0.000
3.825     0.000
3.831     0.000
3.837     0.000
3.843     0.000
3.849     0.000
3.855     0.000
3.860     0.000
3.866     0.000
3.872     0.000
3.878     0.000
3.884     0.000
3.889     0.000
3.895     0.000
3.901     0.000
3.907     0.000
3.913     0.000
3.918     0.000
3.924     0.000
3.930     0.000
3.936     0.000
3.942     0.000
3.947     0.000
3.953     0.000
3.959     0.000
3.965     0.000
3.971     0.000
3.976     0.000
3.982     0.000
3.988     0.000
3.994     0.000
4.000     0.000
4.005     0.000
4.011     0.000
4.017     0.000
4.023     0.000
4.029     0.000
4.034     0.000
4.040     0.000
4.046     0.000
4.052     0.000
4.058     0.000
4.063     0.000
4.069     0.000
4.075     0.000
4.081     0.000
4.087     0.000
4.093     0.000
4.098     0.000
4.104     0.000
4.110     0.000
4.116     0.000
4.122     0.000
4.127     0.000
4.133     0.000
4.139     0.000
4.145     0.000
4.151     0.000
4.156     0.000
4.162     0.000
4.168     0.000
4.174     0.000
4.180     0.000
4.185     0.000
4.191     0.000
4.197     0.000
4.203     0.000
4.209     0.000
4.214     0.000
4.220     0.000
4.226     0.000
4.232     0.000
4.238     0.000
4.243     0.000
4.249     0.000
4.255     0.000
4.261     0.000
4.267     0.000
4.272     0.000
4.278     0.000
4.284     0.000
4.290     0.000
4.296     0.000
4.301     0.000
4.307     0.000
4.313     0.000
4.319     0.000
4.325     0.000
4.331     0.000
4.336     0.000
4.342     0.000
4.348     0.000
4.354     0.000
4.360     0.000
4.365     0.000
4.371     0.000
4.377     0.000
4.383     0.000
4.389     0.000
4.394     0.000
4.400     0.000
4.406     0.000
4.412     187.660
4.418     190.086
4.423     180.738
4.429     190.909
4.435     186.864
4.441     193.421
4.447     191.739
4.452     179.268
4.458     188.462
4.464     185.294
4.470     175.000
4.476     190.909
4.481     181.481
4.487     193.421
4.493     176.400
4.499     191.739
4.505     179.268
4.510     190.086
4.516     187.660
4.522     200.455
4.528     216.176
4.534     222.727
4.540     227.320
4.545     232.105
4.551     233.333
4.557     178.543
4.563     239.674
4.569     242.308
4.574     243.646
4.580     245.000
4.586     246.369
4.592     247.753
4.598     247.753
4.603     247.753
4.609     249.153
4.615     249.153
4.621     250.568
4.627     250.568
4.632     250.568
4.638     250.568
4.644     250.568
4.650     250.568
4.656     250.568
4.661     252.000
4.667     252.000
4.673     252.000
4.679     250.568
4.685     250.568
4.690     172.266
4.696     196.000
4.702     182.231
4.708     192.576
4.714     191.739
4.719     184.519
4.725     185.294
4.731     190.909
4.737     189.270
4.743     190.909
4.748     191.739
4.754     191.739
4.760     190.909
4.766     196.000
4.772     186.864
4.778     189.270
4.783     188.462
4.789     185.294
4.795     182.988
4.801     190.086
4.807     184.519
4.812     0.000
4.818     0.000
4.824     0.000
4.830     0.000
4.836     0.000
4.841     0.000
4.847     0.000
4.853     0.000
4.859     0.000
4.865     0.000
4.870     0.000
4.876     0.000
4.882     0.000
4.888     0.000
4.894     0.000
4.899     0.000
4.905     0.000
4.911     0.000
4.917     0.000
4.923     0.000
4.928     0.000
4.934     0.000
4.940     0.000
4.946     0.000
4.952     0.000
4.957     0.000
4.963     0.000
4.969     0.000
4.975     0.000
4.981     0.000
4.986     0.000
4.992     0.000
4.998     0.000
5.004     0.000
5.010     0.000
5.016     0.000
5.021     0.000
5.027     0.000
5.033     0.000
5.039     0.000
5.045     0.000
5.050     0.000
5.056     0.000
5.062     0.000
5.068     0.000
5.074     0.000
5.079     0.000
5.085     0.000
5.091     0.000
5.097     0.000
5.103     0.000
5.108     0.000
5.114     0.000
5.120     0.000
5.126     0.000
5.132     0.000
5.137     0.000
5.143     0.000
5.149     0.000
5.155     0.000
5.161     0.000
5.166     0.000
5.172     0.000
5.178     0.000
5.184     0.000
5.190     0.000
5.195     0.000
5.201     0.000
5.207     0.000
5.213     0.000
5.219     0.000
5.224     0.000
5.230     0.000
5.236     0.000
5.242     0.000
5.248     0.000
5.254     0.000
5.259     0.000
5.265     0.000
5.271     0.000
5.277     0.000
5.283     0.000
5.288     0.000
5.294     0.000
5.300     0.000
5.306     0.000
5.312     0.000
5.317     0.000
5.323     0.000
5.329     0.000
5.335     0.000
5.341     0.000
5.346     0.000
5.352     0.000
5.358     0.000
5.364     0.000
5.370     0.000
5.375     0.000
5.381     0.000
5.387     0.000
5.393     0.000
5.399     0.000
5.404     0.000
5.410     0.000
5.416     0.000
5.422     0.000
5.428     0.000
5.433     0.000
5.439     0.000
5.445     0.000
5.451     0.000
5.457     0.000
5.462     0.000
5.468     0.000
5.474     0.000
5.480     0.000
5.486     0.000
5.492     0.000
5.497     0.000
5.503     0.000
5.509     0.000
5.515     0.000
5.521     0.000
5.526     0.000
5.532     0.000
5.538     0.000
5.544     0.000
5.550     0.000
5.555     0.000
5.561     0.000
5.567     0.000
5.573     0.000
5.579     0.000
5.584     0.000
5.590     0.000
5.596     0.000
5.602     0.000
5.608     0.000
5.613     0.000
5.619     0.000
5.625     0.000
5.631     0.000
5.637     0.000
5.642     0.000
5.648     0.000
5.654     0.000
5.660     0.000
5.666     0.000
5.671     0.000
5.677     0.000
5.683     0.000
5.689     0.000
5.695     0.000
5.700     0.000
5.706     0.000
5.712     0.000
5.718     0.000
5.724     0.000
5.730     0.000
5.735     0.000
5.741     0.000
5.747     0.000
5.753     0.000
5.759     0.000
5.764     0.000
5.770     0.000
5.776     0.000
5.782     0.000
5.788     0.000
5.793     0.000
5.799     0.000
5.805     0.000
5.811     0.000
5.817     0.000
5.822     0.000
5.828     0.000
5.834     0.000
5.840     0.000
5.846     0.000
5.851     0.000
5.857     0.000
5.863     0.000
5.869     0.000
5.875     0.000
5.880     0.000
5.886     0.000
5.892     0.000
5.898     0.000
5.904     0.000
5.909     178.543
5.915     185.294
5.921     184.519
5.927     184.519
5.933     190.086
5.939     183.750
5.944     183.750
5.950     190.909
5.956     180.000
5.962     181.481
5.968     187.660
5.973     175.000
5.979     182.231
5.985     0.000
5.991     0.000
5.997     0.000
6.002     0.000
6.008     0.000
6.014     0.000
6.020     0.000
6.026     0.000
6.031     0.000
6.037     0.000
6.043     0.000
6.049     0.000
6.055     0.000
6.060     0.000
6.066     0.000
6.072     0.000
6.078     0.000
6.084     0.000
6.089     0.000
6.095     0.000
6.101     0.000
6.107     0.000
6.113     0.000
6.118     0.000
6.124     0.000
6.130     0.000
6.136     0.000
6.142     0.000
6.147     0.000
6.153     0.000
6.159     0.000
6.165     0.000
6.171     0.000
6.177     0.000
6.182     0.000
6.188     0.000
6.194     0.000
6.200     0.000
6.206     0.000
6.211     0.000
6.217     0.000
6.223     0.000
6.229     0.000
6.235     0.000
6.240     0.000
6.246     0.000
6.252     0.000
6.258     0.000
6.264     0.000
6.269     0.000
6.275     0.000
6.281     0.000
6.287     0.000
6.293     0.000
6.298     0.000
6.304     0.000
6.310     0.000
6.316     0.000
6.322     0.000
6.327     0.000
6.333     0.000
6.339     0.000
6.345     0.000
6.351     0.000
6.356     0.000
6.362     0.000
6.368     0.000
6.374     0.000
6.380     0.000
6.385     0.000
6.391     0.000
6.397     0.000
6.403     0.000
6.409     0.000
6.415     0.000
6.420     0.000
6.426     0.000
6.432     208.019
6.438     208.019
6.444     208.019
6.449     208.019
6.455     208.019
6.461     208.019
6.467     208.019
6.473     208.019
6.478     209.005
6.484     209.005
6.490     209.005
6.496     209.005
6.502     208.019
6.507     208.019
6.513     208.019
6.519     208.019
6.525     208.019
6.531     207.042
6.536     207.042
6.542     207.042
6.548     207.042
6.554     207.042
6.560     194.273
6.565     194.273
6.571     207.042
6.577     207.042
6.583     208.019
6.589     208.019
6.594     194.273
6.600     208.019
6.606     208.019
6.612     208.019
6.618     208.019
6.623     194.273
6.629     207.042
6.635     194.273
6.641     207.042
6.647     207.042
6.653     194.273
6.658     207.042
6.664     194.273
6.670     195.133
6.676     207.042
6.682     206.075
6.687     207.042
6.693     201.370
6.699     205.116
6.705     210.000
6.711     205.116
6.716     214.078
6.722     207.042
6.728     195.133
6.734     190.086
6.740     194.273
6.745     207.042
6.751     190.909
6.757     201.370
6.763     205.116
6.769     197.758
6.774     208.019
6.780     201.370
6.786     200.455
6.792     206.075
6.798     198.649
6.803     203.226
6.809     202.294
6.815     198.649
6.821     205.116
6.827     201.370
6.832     201.370
6.838     207.042
6.844     203.226
6.850     203.226
6.856     203.226
6.861     198.649
6.867     207.042
6.873     205.116
6.879     201.370
6.885     200.455
6.891     196.000
6.896     204.167
6.902     203.226
6.908     201.370
6.914     201.370
6.920     196.875
6.925     201.370
6.931     205.116
6.937     202.294
6.943     205.116
6.949     198.649
6.954     201.370
6.960     206.075
6.966     200.455
6.972     209.005
6.978     200.455
6.983     199.548
6.989     205.116
6.995     197.758
7.001     205.116
7.007     206.075
7.012     206.075
7.018     211.005
7.024     211.005
7.030     210.000
7.036     211.005
7.041     208.019
7.047     209.005
7.053     210.000
7.059     208.019
7.065     209.005
7.070     211.005
7.076     212.019
7.082     212.019
7.088     214.078
7.094     216.176
7.100     212.019
7.105     214.078
7.111     210.000
7.117     205.116
7.123     215.122
7.129     210.000
7.134     214.078
7.140     211.005
7.146     215.122
7.152     219.403
7.158     222.727
7.163     0.000
7.169     0.000
7.175     0.000
7.181     0.000
7.187     0.000
7.192     0.000
7.198     0.000
7.204     0.000
7.210     0.000
7.216     0.000
7.221     0.000
7.227     0.000
7.233     0.000
7.239     0.000
7.245     0.000
7.250     0.000
7.256     0.000
7.262     0.000
7.268     0.000
7.274     0.000
7.279     0.000
7.285     0.000
7.291     0.000
7.297     0.000
7.303     0.000
7.308     0.000
7.314     0.000
7.320     0.000
7.326     217.241
7.332     213.043
7.338     208.019
7.343     209.005
7.349     209.005
7.355     213.043
7.361     210.000
7.367     214.078
7.372     210.000
7.378     206.075
7.384     215.122
7.390     213.043
7.396     214.078
7.401     215.122
7.407     208.019
7.413     210.000
7.419     209.005
7.425     211.005
7.430     211.005
7.436     208.019
7.442     216.176
7.448     206.075
7.454     215.122
7.459     214.078
7.465     210.000
7.471     212.019
7.477     208.019
7.483     208.019
7.488     206.075
7.494     210.000
7.500     211.005
7.506     207.042
7.512     207.042
7.517     206.075
7.523     209.005
7.529     208.019
7.535     209.005
7.541     209.005
7.546     209.005
7.552     209.005
7.558     209.005
7.564     210.000
7.570     208.019
7.576     208.019
7.581     209.005
7.587     208.019
7.593     208.019
7.599     209.005
7.605     209.005
7.610     208.019
7.616     209.005
7.622     206.075
7.628     205.116
7.634     209.005
7.639     207.042
7.645     209.005
7.651     207.042
7.657     207.042
7.663     207.042
7.668     207.042
7.674     214.078
7.680     204.167
7.686     207.042
7.692     216.176
7.697     212.019
7.703     208.019
7.709     209.005
7.715     206.075
7.721     218.317
7.726     210.000
7.732     212.019
7.738     216.176
7.744     202.294
7.750     209.005
7.755     202.294
7.761     200.455
7.767     201.370
7.773     0.000
7.779     0.000
7.784     0.000
7.790     0.000
7.796     0.000
7.802     0.000
7.808     0.000
7.814     0.000
7.819     0.000
7.825     0.000
7.831     0.000
7.837     0.000
7.843     0.000
7.848     0.000
7.854     0.000
7.860     0.000
7.866     0.000
7.872     0.000
7.877     0.000
7.883     0.000
7.889     0.000
7.895     0.000
7.901     0.000
7.906     0.000
7.912     0.000
7.918     0.000
7.924     188.462
7.930     188.462
7.935     186.864
7.941     0.000
7.947     0.000
7.953     0.000
7.959     0.000
7.964     0.000
7.970     0.000
7.976     0.000
7.982     0.000
7.988     0.000
7.993     0.000
7.999     0.000
8.005     0.000
8.011     0.000
8.017     0.000
8.022     0.000
8.028     0.000
8.034     0.000
8.040     0.000
8.046     0.000
8.052     0.000
8.057     0.000
8.063     0.000
8.069     0.000
8.075     0.000
8.081     0.000
8.086     0.000
8.092     0.000
8.098     0.000
8.104     0.000
8.110     0.000
8.115     0.000
8.121     0.000
8.127     0.000
8.133     0.000
8.139     0.000
8.144     0.000
8.150     0.000
8.156     0.000
8.162     0.000
8.168     0.000
8.173     0.000
8.179     0.000
8.185     0.000
8.191     0.000
8.197     0.000
8.202     0.000
8.208     0.000
8.214     0.000
8.220     0.000
8.226     0.000
8.231     0.000
8.237     0.000
8.243     0.000
8.249     0.000
8.255     0.000
8.260     0.000
8.266     0.000
8.272     0.000
8.278     0.000
8.284     0.000
8.290     0.000
8.295     0.000
8.301     0.000
8.307     0.000
8.313     0.000
8.319     0.000
8.324     0.000
8.330     0.000
8.336     0.000
8.342     0.000
8.348     0.000
8.353     0.000
8.359     0.000
8.365     0.000
8.371     0.000
8.377     0.000
8.382     0.000
8.388     0.000
8.394     0.000
8.400     0.000
8.406     0.000
8.411     186.864
8.417     194.273
8.423     194.273
8.429     187.660
8.435     194.273
8.440     188.462
8.446     187.660
8.452     199.548
8.458     186.076
8.464     185.294
8.469     196.875
8.475     186.864
8.481     190.909
8.487     192.576
8.493     184.519
8.499     197.758
8.504     187.660
8.510     188.462
8.516     199.548
8.522     181.481
8.528     172.941
8.533     180.738
8.539     190.086
8.545     0.000
8.551     0.000
8.557     0.000
8.562     0.000
8.568     0.000
8.574     0.000
8.580     0.000
8.586     0.000
8.591     0.000
8.597     0.000
8.603     0.000
8.609     0.000
8.615     0.000
8.620     0.000
8.626     0.000
8.632     0.000
8.638     0.000
8.644     0.000
8.649     0.000
8.655     0.000
8.661     0.000
8.667     0.000
8.673     0.000
8.678     0.000
8.684     0.000
8.690     0.000
8.696     0.000
8.702     0.000
8.707     0.000
8.713     0.000
8.719     0.000
8.725     0.000
8.731     0.000
8.737     0.000
8.742     0.000
8.748     0.000
8.754     0.000
8.760     0.000
8.766     0.000
8.771     0.000
8.777     0.000
8.783     0.000
8.789     0.000
8.795     0.000
8.800     0.000
8.806     0.000
8.812     0.000
8.818     0.000
8.824     0.000
8.829     0.000
8.835     0.000
8.841     0.000
8.847     0.000
8.853     0.000
8.858     0.000
8.864     0.000
8.870     250.568
8.876     249.858
8.882     250.568
8.887     249.153
8.893     249.153
8.899     249.153
8.905     250.568
8.911     250.568
8.916     252.000
8.922     252.000
8.928     252.000
8.934     252.000
8.940     252.000
8.945     250.568
8.951     252.000
8.957     252.000
8.963     252.000
8.969     254.913
8.975     254.913
8.980     0.000
8.986     0.000
8.992     0.000
8.998     0.000
9.004     0.000
9.009     0.000
9.015     0.000
9.021     0.000
9.027     0.000
9.033     0.000
9.038     0.000
9.044     0.000
9.050     0.000
9.056     0.000
9.062     0.000
9.067     0.000
9.073     0.000
9.079     0.000
9.085     0.000
9.091     0.000
9.096     0.000
9.102     0.000
9.108     0.000
9.114     0.000
9.120     0.000
9.125     0.000
9.131     0.000
9.137     0.000
9.143     0.000
9.149     0.000
9.154     0.000
9.160     0.000
9.166     0.000
9.172     0.000
9.178     0.000
9.183     0.000
9.189     0.000
9.195     0.000
9.201     0.000
9.207     0.000
9.213     0.000
9.218     0.000
9.224     0.000
9.230     0.000
9.236     0.000
9.242     0.000
9.247     0.000
9.253     0.000
9.259     0.000
9.265     0.000
9.271     0.000
9.276     0.000
9.282     0.000
9.288     0.000
9.294     0.000
9.300     0.000
9.305     0.000
9.311     0.000
9.317     0.000
9.323     0.000
9.329     0.000
9.334     0.000
9.340     0.000
9.346     0.000
9.352     0.000
9.358     306.250
9.363     310.563
9.369     315.000
9.375     319.565
9.381     324.265
9.387     326.667
9.392     329.104
9.398     334.091
9.404     336.641
9.410     339.231
9.416     341.860
9.421     341.860
9.427     341.860
9.433     341.860
9.439     339.231
9.445     339.231
9.451     339.231
9.456     339.231
9.462     339.231
9.468     339.231
9.474     336.641
9.480     339.231
9.485     339.231
9.491     0.000
9.497     0.000
9.503     0.000
9.509     0.000
9.514     0.000
9.520     0.000
9.526     0.000
9.532     0.000
9.538     0.000
9.543     0.000
9.549     0.000
9.555     0.000
9.561     0.000
9.567     0.000
9.572     0.000
9.578     0.000
9.584     0.000
9.590     0.000
9.596     0.000
9.601     0.000
9.607     0.000
9.613     0.000
9.619     0.000
9.625     0.000
9.630     0.000
9.636     0.000
9.642     0.000
9.648     0.000
9.654     0.000
9.660     0.000
9.665     0.000
9.671     0.000
9.677     0.000
9.683     0.000
9.689     0.000
9.694     0.000
9.700     0.000
9.706     0.000
9.712     0.000
9.718     0.000
9.723     0.000
9.729     0.000
9.735     0.000
9.741     0.000
9.747     0.000
9.752     0.000
9.758     0.000
9.764     0.000
9.770     0.000
9.776     0.000
9.781     0.000
9.787     0.000
9.793     0.000
9.799     0.000
9.805     0.000
9.810     0.000
9.816     0.000
9.822     0.000
9.828     0.000
9.834     0.000
9.839     0.000
9.845     0.000
9.851     0.000
9.857     0.000
9.863     0.000
9.868     0.000
9.874     0.000
9.880     0.000
9.886     0.000
9.892     0.000
9.898     0.000
9.903     0.000
9.909     0.000
9.915     0.000
9.921     0.000
9.927     0.000
9.932     0.000
9.938     0.000
9.944     0.000
9.950     0.000
9.956     0.000
9.961     0.000
9.967     0.000
9.973     0.000
9.979     0.000
9.985     0.000
9.990     0.000
9.996     0.000
10.002     0.000
10.008     0.000
10.014     0.000
10.019     0.000
10.025     0.000
10.031     0.000
10.037     0.000
10.043     0.000
10.048     0.000
10.054     0.000
10.060     0.000
10.066     0.000
10.072     0.000
10.077     0.000
10.083     0.000
10.089     0.000
10.095     0.000
10.101     0.000
10.106     0.000
10.112     0.000
10.118     0.000
10.124     0.000
10.130     0.000
10.136     0.000
10.141     0.000
10.147     0.000
10.153     0.000
10.159     0.000
10.165     0.000
10.170     0.000
10.176     0.000
10.182     0.000
10.188     0.000
10.194     0.000
10.199     0.000
10.205     0.000
10.211     0.000
10.217     0.000
10.223     0.000
10.228     0.000
10.234     0.000
10.240     0.000
10.246     0.000
10.252     0.000
10.257     0.000
10.263     0.000
10.269     0.000
10.275     0.000
10.281     0.000
10.286     0.000
10.292     0.000
10.298     0.000
10.304     0.000
10.310     0.000
10.315     0.000
10.321     0.000
10.327     0.000
10.333     0.000
10.339     0.000
10.344     0.000
10.350     0.000
10.356     0.000
10.362     0.000
10.368     0.000
10.374     0.000
10.379     0.000
10.385     0.000
10.391     0.000
10.397     0.000
10.403     0.000
10.408     0.000
10.414     0.000
10.420     0.000
10.426     0.000
10.432     0.000
10.437     0.000
10.443     0.000
10.449     0.000
10.455     0.000
10.461     0.000
10.466     0.000
10.472     0.000
10.478     0.000
10.484     0.000
10.490     0.000
10.495     0.000
10.501     0.000
10.507     0.000
10.513     0.000
10.519     0.000
10.524     0.000
10.530     0.000
10.536     0.000
10.542     0.000
10.548     0.000
10.553     0.000
10.559     0.000
10.565     0.000
10.571     0.000
10.577     0.000
10.582     0.000
10.588     0.000
10.594     0.000
10.600     0.000
10.606     191.739
10.612     190.909
10.617     190.086
10.623     190.086
10.629     190.086
10.635     190.909
10.641     203.226
10.646     203.226
10.652     203.226
10.658     204.167
10.664     205.116
10.670     203.226
10.675     204.167
10.681     203.226
10.687     202.294
10.693     202.294
10.699     203.226
10.704     202.294
10.710     205.116
10.716     205.116
10.722     205.116
10.728     205.116
10.733     204.167
10.739     205.116
10.745     205.116
10.751     204.167
10.757     204.167
10.762     204.167
10.768     203.226
10.774     204.167
10.780     204.167
10.786     205.116
10.791     207.042
10.797     205.116
10.803     206.075
10.809     207.042
10.815     207.042
10.820     207.042
10.826     206.075
10.832     206.075
10.838     204.167
10.844     204.167
10.850     206.075
10.855     205.116
10.861     206.075
10.867     205.116
10.873     206.075
10.879     204.167
10.884     204.167
10.890     203.226
10.896     203.226
10.902     203.226
10.908     202.294
10.913     204.167
10.919     204.167
10.925     205.116
10.931     206.075
10.937     205.116
10.942     206.075
10.948     204.167
10.954     206.075
10.960     206.075
10.966     207.042
10.971     207.042
10.977     206.075
10.983     203.226
10.989     199.548
10.995     204.167
11.000     201.370
11.006     208.019
11.012     205.116
11.018     206.075
11.024     202.294
11.029     199.548
11.035     200.455
11.041     201.370
11.047     198.649
11.053     196.000
11.059     196.875
11.064     201.370
11.070     198.649
11.076     208.019
11.082     208.019
11.088     217.241
11.093     207.042
11.099     208.019
11.105     215.122
11.111     216.176
11.117     234.574
11.122     252.000
11.128     234.574
11.134     234.574
11.140     134.862
11.146     215.122
11.151     208.019
11.157     207.042
11.163     214.078
11.169     0.000
11.175     0.000
11.180     0.000
11.186     0.000
11.192     0.000
11.198     0.000
11.204     0.000
11.209     0.000
11.215     0.000
11.221     0.000
11.227     0.000
11.233     0.000
11.238     0.000
11.244     0.000
11.250     0.000
11.256     0.000
11.262     0.000
11.267     0.000
11.273     0.000
11.279     0.000
11.285     0.000
11.291     0.000
11.297     0.000
11.302     0.000
11.308     0.000
11.314     0.000
11.320     0.000
11.326     0.000
11.331     0.000
11.337     0.000
11.343     0.000
11.349     0.000
11.355     0.000
11.360     0.000
11.366     0.000
11.372     0.000
11.378     0.000
11.384     0.000
11.389     0.000
11.395     0.000
11.401     0.000
11.407     240.984
11.413     234.574
11.418     237.097
11.424     228.497
11.430     226.154
11.436     222.727
11.442     221.608
11.447     219.403
11.453     218.317
11.459     214.078
11.465     219.403
11.471     218.317
11.476     217.241
11.482     216.176
11.488     212.019
11.494     207.042
11.500     211.005
11.505     210.000
11.511     206.075
11.517     208.019
11.523     209.005
11.529     208.019
11.535     209.005
11.540     209.005
11.546     209.005
11.552     209.005
11.558     211.005
11.564     211.005
11.569     210.000
11.575     212.019
11.581     212.019
11.587     210.000
11.593     211.005
11.598     210.000
11.604     208.019
11.610     222.727
11.616     221.608
11.622     209.005
11.627     222.727
11.633     222.727
11.639     225.000
11.645     213.043
11.651     221.608
11.656     214.078
11.662     214.078
11.668     218.317
11.674     218.317
11.680     215.122
11.685     219.403
11.691     218.317
11.697     222.727
11.703     221.608
11.709     234.574
11.714     136.111
11.720     228.497
11.726     228.497
11.732     227.320
11.738     225.000
11.743     228.497
11.749     234.574
11.755     243.646
11.761     240.984
11.767     242.308
11.773     240.984
11.778     238.378
11.784     235.829
11.790     234.574
11.796     237.097
11.802     235.829
11.807     234.574
11.813     234.574
11.819     233.333
11.825     232.105
11.831     233.333
11.836     234.574
11.842     232.105
11.848     233.333
11.854     232.105
11.860     232.105
11.865     232.105
11.871     234.574
11.877     232.105
11.883     229.688
11.889     230.890
11.894     229.688
11.900     232.105
11.906     230.890
11.912     232.105
11.918     230.890
11.923     226.154
11.929     226.154
11.935     228.497
11.941     230.890
11.947     233.333
11.952     235.829
11.958     232.105
11.964     233.333
11.970     235.829
11.976     238.378
11.981     240.984
11.987     240.984
11.993     238.378
11.999     237.097
12.005     234.574
12.011     234.574
12.016     235.829
12.022     0.000
12.028     0.000
12.034     0.000
12.040     0.000
12.045     0.000
12.051     0.000
12.057     0.000
12.063     0.000
12.069     0.000
12.074     0.000
12.080     0.000
12.086     0.000
12.092     0.000
12.098     0.000
12.103     0.000
12.109     0.000
12.115     0.000
12.121     0.000
12.127     0.000
12.132     0.000
12.138     0.000
12.144     0.000
12.150     0.000
12.156     0.000
12.161     0.000
12.167     0.000
12.173     0.000
12.179     0.000
12.185     0.000
12.190     232.105
12.196     222.727
12.202     229.688
12.208     222.727
12.214     221.608
12.220     212.019
12.225     219.403
12.231     198.649
12.237     190.086
12.243     212.019
12.249     214.078
12.254     235.829
12.260     237.097
12.266     237.097
12.272     234.574
12.278     235.829
12.283     234.574
12.289     233.333
12.295     233.333
12.301     234.574
12.307     234.574
12.312     237.097
12.318     238.378
12.324     240.984
12.330     242.308
12.336     243.646
12.341     246.369
12.347     249.153
12.353     252.000
12.359     254.913
12.365     256.395
12.370     259.412
12.376     259.412
12.382     260.947
12.388     262.500
12.394     262.500
12.399     264.072
12.405     265.663
12.411     265.663
12.417     265.663
12.423     265.663
12.428     265.663
12.434     265.663
12.440     265.663
12.446     265.663
12.452     265.663
12.458     264.072
12.463     264.072
12.469     264.072
12.475     264.072
12.481     262.500
12.487     262.500
12.492     260.947
12.498     262.500
12.504     260.947
12.510     260.947
12.516     260.947
12.521     260.947
12.527     260.947
12.533     260.947
12.539     260.947
12.545     260.947
12.550     259.412
12.556     259.412
12.562     259.412
12.568     259.412
12.574     259.412
12.579     259.412
12.585     259.412
12.591     259.412
12.597     259.412
12.603     259.412
12.608     259.412
12.614     259.412
12.620     259.412
12.626     260.947
12.632     260.947
12.637     260.947
12.643     262.500
12.649     262.500
12.655     262.500
12.661     262.500
12.666     262.500
12.672     259.412
12.678     260.947
12.684     234.574
12.690     229.688
12.696     233.333
12.701     229.688
12.707     225.000
12.713     262.500
12.719     262.500
12.725     234.574
12.730     225.000
12.736     211.005
12.742     210.000
12.748     210.000
12.754     208.019
12.759     208.019
12.765     210.000
12.771     210.000
12.777     210.000
12.783     210.000
12.788     210.000
12.794     208.019
12.800     0.000
12.806     0.000
12.812     0.000
12.817     0.000
12.823     0.000
12.829     0.000
12.835     0.000
12.841     0.000
12.846     0.000
12.852     0.000
12.858     0.000
12.864     0.000
12.870     0.000
12.875     0.000
12.881     0.000
12.887     0.000
12.893     0.000
12.899     0.000
12.904     0.000
12.910     0.000
12.916     0.000
12.922     0.000
12.928     0.000
12.934     0.000
12.939     0.000
12.945     0.000
12.951     0.000
12.957     0.000
12.963     0.000
12.968     0.000
12.974     0.000
12.980     0.000
12.986     0.000
12.992     0.000
12.997     0.000
13.003     0.000
13.009     0.000
13.015     0.000
13.021     0.000
13.026     0.000
13.032     0.000
13.038     0.000
13.044     0.000
13.050     0.000
13.055     0.000
13.061     0.000
13.067     0.000
13.073     0.000
13.079     0.000
13.084     0.000
13.090     0.000
13.096     0.000
13.102     0.000
13.108     0.000
13.113     0.000
13.119     0.000
13.125     0.000
13.131     0.000
13.137     0.000
13.142     0.000
13.148     0.000
13.154     0.000
13.160     0.000
13.166     0.000
13.172     0.000
13.177     0.000
13.183     0.000
13.189     0.000
13.195     0.000
13.201     0.000
13.206     0.000
13.212     0.000
13.218     0.000
13.224     0.000
13.230     0.000
13.235     0.000
13.241     0.000
13.247     0.000
13.253     0.000
13.259     0.000
13.264     0.000
13.270     0.000
13.276     0.000
13.282     0.000
13.288     0.000
13.293     0.000
13.299     0.000
13.305     0.000
13.311     0.000
13.317     0.000
13.322     0.000
13.328     0.000
13.334     0.000
13.340     0.000
13.346     0.000
13.351     0.000
13.357     0.000
13.363     0.000
13.369     0.000
13.375     0.000
13.380     0.000
13.386     0.000
13.392     0.000
13.398     0.000
13.404     0.000
13.410     0.000
13.415     0.000
13.421     0.000
13.427     0.000
13.433     0.000
13.439     0.000
13.444     0.000
13.450     0.000
13.456     0.000
13.462     0.000
13.468     0.000
13.473     0.000
13.479     0.000
13.485     0.000
13.491     0.000
13.497     0.000
13.502     0.000
13.508     0.000
13.514     0.000
13.520     0.000
13.526     0.000
13.531     0.000
13.537     0.000
13.543     0.000
13.549     0.000
13.555     0.000
13.560     0.000
13.566     0.000
13.572     0.000
13.578     0.000
13.584     0.000
13.589     0.000
13.595     0.000
13.601     0.000
13.607     0.000
13.613     0.000
13.619     0.000
13.624     0.000
13.630     0.000
13.636     0.000
13.642     0.000
13.648     0.000
13.653     0.000
13.659     0.000
13.665     0.000
13.671     0.000
13.677     0.000
13.682     0.000
13.688     0.000
13.694     0.000
13.700     0.000
13.706     0.000
13.711     130.473
13.717     130.473
13.723     134.043
13.729     134.862
13.735     416.038
13.740     0.000
13.746     0.000
13.752     0.000
13.758     0.000
13.764     0.000
13.769     0.000
13.775     0.000
13.781     0.000
13.787     0.000
13.793     0.000
13.798     0.000
13.804     0.000
13.810     0.000
13.816     0.000
13.822     0.000
13.827     0.000
13.833     0.000
13.839     0.000
13.845     0.000
13.851     0.000
13.857     0.000
13.862     0.000
13.868     0.000
13.874     0.000
13.880     0.000
13.886     0.000
13.891     0.000
13.897     0.000
13.903     0.000
13.909     0.000
13.915     0.000
13.920     0.000
13.926     0.000
13.932     0.000
13.938     0.000
13.944     0.000
13.949     0.000
13.955     0.000
13.961     0.000
13.967     0.000
13.973     0.000
13.978     0.000
13.984     0.000
13.990     0.000
13.996     0.000
14.002     0.000
14.007     0.000
14.013     0.000
14.019     0.000
14.025     0.000
14.031     0.000
14.036     0.000
14.042     0.000
14.048     0.000
14.054     0.000
14.060     0.000
14.065     0.000
14.071     0.000
14.077     0.000
14.083     0.000
14.089     0.000
14.095     0.000
14.100     0.000
14.106     0.000
14.112     0.000
14.118     0.000
14.124     0.000
14.129     0.000
14.135     0.000
14.141     0.000
14.147     0.000
14.153     0.000
14.158     0.000
14.164     0.000
14.170     0.000
14.176     0.000
14.182     0.000
14.187     0.000
14.193     0.000
14.199     0.000
14.205     0.000
14.211     0.000
14.216     0.000
14.222     0.000
14.228     0.000
14.234     0.000
14.240     0.000
14.245     0.000
14.251     0.000
14.257     0.000
14.263     0.000
14.269     0.000
14.274     0.000
14.280     0.000
14.286     0.000
14.292     0.000
14.298     0.000
14.303     0.000
14.309     0.000
14.315     0.000
14.321     0.000
14.327     0.000
14.333     0.000
14.338     0.000
14.344     0.000
14.350     0.000
14.356     0.000
14.362     0.000
14.367     0.000
14.373     0.000
14.379     0.000
14.385     0.000
14.391     0.000
14.396     0.000
14.402     0.000
14.408     0.000
14.414     0.000
14.420     0.000
14.425     0.000
14.431     0.000
14.437     0.000
14.443     0.000
14.449     0.000
14.454     0.000
14.460     0.000
14.466     0.000
14.472     0.000
14.478     0.000
14.483     0.000
14.489     0.000
14.495     0.000
14.501     0.000
14.507     0.000
14.512     0.000
14.518     0.000
14.524     0.000
14.530     0.000
14.536     0.000
14.541     0.000
14.547     0.000
14.553     0.000
14.559     0.000
14.565     0.000
14.571     0.000
14.576     0.000
14.582     0.000
14.588     0.000
14.594     0.000
14.600     0.000
14.605     0.000
14.611     0.000
14.617     0.000
14.623     0.000
14.629     0.000
14.634     0.000
14.640     0.000
14.646     0.000
14.652     0.000
14.658     0.000
14.663     0.000
14.669     0.000
14.675     0.000
14.681     0.000
14.687     0.000
14.692     0.000
14.698     0.000
14.704     0.000
14.710     0.000
14.716     0.000
14.721     0.000
14.727     0.000
14.733     0.000
14.739     0.000
14.745     0.000
14.750     0.000
14.756     0.000
14.762     0.000
14.768     0.000
14.774     0.000
14.780     0.000
14.785     0.000
14.791     0.000
14.797     0.000
14.803     0.000
14.809     0.000
14.814     0.000
14.820     0.000
14.826     0.000
14.832     0.000
14.838     0.000
14.843     0.000
14.849     0.000
14.855     0.000
14.861     0.000
14.867     0.000
14.872     0.000
14.878     0.000
14.884     0.000
14.890     0.000
14.896     0.000
14.901     0.000
14.907     0.000
14.913     0.000
14.919     0.000
14.925     0.000
14.930     0.000
14.936     0.000
14.942     0.000
14.948     0.000
14.954     0.000
14.959     0.000
14.965     0.000
14.971     130.473
14.977     130.473
14.983     130.473
14.988     130.473
14.994     129.706
15.000     130.473
15.006     0.000
15.012     0.000
15.018     0.000
15.023     0.000
15.029     0.000
15.035     0.000
15.041     0.000
15.047     0.000
15.052     0.000
15.058     0.000
15.064     0.000
15.070     0.000
15.076     0.000
15.081     0.000
15.087     0.000
15.093     0.000
15.099     0.000
15.105     0.000
15.110     0.000
15.116     0.000
15.122     0.000
15.128     0.000
15.134     0.000
15.139     0.000
15.145     0.000
15.151     0.000
15.157     0.000
15.163     0.000
15.168     0.000
15.174     0.000
15.180     0.000
15.186     0.000
15.192     0.000
15.197     0.000
15.203     0.000
15.209     0.000
15.215     0.000
15.221     0.000
15.226     0.000
15.232     0.000
15.238     0.000
15.244     0.000
15.250     0.000
15.256     0.000
15.261     0.000
15.267     0.000
15.273     0.000
15.279     0.000
15.285     0.000
15.290     0.000
15.296     0.000
15.302     0.000
15.308     0.000
15.314     0.000
15.319     0.000
15.325     0.000
15.331     0.000
15.337     0.000
15.343     0.000
15.348     0.000
15.354     0.000
15.360     0.000
15.366     0.000
15.372     0.000
15.377     0.000
15.383     0.000
15.389     0.000
15.395     0.000
15.401     0.000
15.406     0.000
15.412     0.000
15.418     0.000
15.424     0.000
15.430     0.000
15.435     0.000
15.441     0.000
15.447     0.000
15.453     0.000
15.459     0.000
15.464     0.000
15.470     0.000
15.476     0.000
15.482     0.000
15.488     0.000
15.494     0.000
15.499     0.000
15.505     0.000
15.511     0.000
15.517     0.000
15.523     0.000
15.528     0.000
15.534     0.000
15.540     0.000
15.546     0.000
15.552     0.000
15.557     0.000
15.563     0.000
15.569     0.000
15.575     0.000
15.581     0.000
15.586     0.000
15.592     0.000
15.598     0.000
15.604     0.000
15.610     0.000
15.615     0.000
15.621     0.000
15.627     0.000
15.633     0.000
15.639     0.000
15.644     0.000
15.650     0.000
15.656     0.000
15.662     0.000
15.668     0.000
15.673     0.000
15.679     0.000
15.685     0.000
15.691     0.000
15.697     0.000
15.702     0.000
15.708     0.000
15.714     0.000
15.720     0.000
15.726     0.000
15.732     0.000
15.737     0.000
15.743     0.000
15.749     0.000
15.755     0.000
15.761     0.000
15.766     0.000
15.772     0.000
15.778     0.000
15.784     0.000
15.790     0.000
15.795     0.000
15.801     0.000
15.807     0.000
15.813     0.000
15.819     0.000
15.824     0.000
15.830     0.000
15.836     0.000
15.842     0.000
15.848     0.000
15.853     0.000
15.859     0.000
15.865     0.000
15.871     0.000
15.877     0.000
15.882     0.000
15.888     0.000
15.894     0.000
15.900     0.000
15.906     0.000
15.911     0.000
15.917     0.000
15.923     0.000
15.929     0.000
15.935     0.000
15.940     0.000
15.946     0.000
15.952     0.000
15.958     0.000
15.964     0.000
15.970     0.000
15.975     0.000
15.981     0.000
15.987     0.000
15.993     0.000
15.999     0.000
16.004     0.000
16.010     0.000
16.016     0.000
16.022     0.000
16.028     0.000
16.033     0.000
16.039     0.000
16.045     0.000
16.051     0.000
16.057     0.000
16.062     0.000
16.068     0.000
16.074     0.000
16.080     0.000
16.086     0.000
16.091     0.000
16.097     0.000
16.103     0.000
16.109     0.000
16.115     0.000
16.120     0.000
16.126     0.000
16.132     0.000
16.138     0.000
16.144     0.000
16.149     0.000
16.155     0.000
16.161     0.000
16.167     0.000
16.173     0.000
16.179     0.000
16.184     0.000
16.190     0.000
16.196     0.000
16.202     0.000
16.208     0.000
16.213     0.000
16.219     0.000
16.225     0.000
16.231     0.000
16.237     0.000
16.242     0.000
16.248     0.000
16.254     0.000
16.260     0.000
16.266     0.000
16.271     0.000
16.277     0.000
16.283     0.000
16.289     0.000
16.295     0.000
16.300     0.000
16.306     0.000
16.312     0.000
16.318     0.000
16.324     0.000
16.329     0.000
16.335     0.000
16.341     0.000
16.347     0.000
16.353     0.000
16.358     0.000
16.364     0.000
16.370     0.000
16.376     0.000
16.382     0.000
16.387     0.000
16.393     0.000
16.399     0.000
16.405     0.000
16.411     0.000
16.417     0.000
16.422     0.000
16.428     0.000
16.434     0.000
16.440     0.000
16.446     0.000
16.451     0.000
16.457     0.000
16.463     0.000
16.469     0.000
16.475     0.000
16.480     0.000
16.486     0.000
16.492     0.000
16.498     0.000
16.504     0.000
16.509     0.000
16.515     0.000
16.521     0.000
16.527     0.000
16.533     0.000
16.538     0.000
16.544     0.000
16.550     0.000
16.556     0.000
16.562     0.000
16.567     0.000
16.573     0.000
16.579     0.000
16.585     0.000
16.591     0.000
16.596     0.000
16.602     0.000
16.608     0.000
16.614     0.000
16.620     0.000
16.625     0.000
16.631     0.000
16.637     0.000
16.643     0.000
16.649     0.000
16.655     0.000
16.660     0.000
16.666     0.000
16.672     0.000
16.678     0.000
16.684     0.000
16.689     0.000
16.695     0.000
16.701     0.000
16.707     0.000
16.713     0.000
16.718     0.000
16.724     0.000
16.730     0.000
16.736     0.000
16.742     0.000
16.747     0.000
16.753     0.000
16.759     0.000
16.765     0.000
16.771     0.000
16.776     0.000
16.782     0.000
16.788     0.000
16.794     0.000
16.800     0.000
16.805     0.000
16.811     0.000
16.817     0.000
16.823     0.000
16.829     0.000
16.834     0.000
16.840     0.000
16.846     0.000
16.852     0.000
16.858     0.000
16.863     0.000
16.869     0.000
16.875     0.000
16.881     0.000
16.887     0.000
16.893     0.000
16.898     0.000
16.904     0.000
16.910     0.000
16.916     0.000
16.922     0.000
16.927     0.000
16.933     0.000
16.939     0.000
16.945     0.000
16.951     0.000
16.956     0.000
16.962     0.000
16.968     0.000
16.974     0.000
16.980     0.000
16.985     0.000
16.991     0.000
16.997     0.000
17.003     0.000
17.009     0.000
17.014     0.000
17.020     0.000
17.026     0.000
17.032     0.000
17.038     0.000
17.043     0.000
17.049     0.000
17.055     0.000
17.061     0.000
17.067     0.000
17.072     0.000
17.078     0.000
17.084     0.000
17.090     0.000
17.096     0.000
17.101     0.000
17.107     0.000
17.113     0.000
17.119     0.000
17.125     0.000
17.131     0.000
17.136     0.000
17.142     0.000
17.148     0.000
17.154     0.000
17.160     0.000
17.165     0.000
17.171     0.000
17.177     0.000
17.183     0.000
17.189     0.000
17.194     0.000
17.200     0.000
17.206     0.000
17.212     0.000
17.218     0.000
17.223     0.000
17.229     0.000
17.235     0.000
17.241     0.000
17.247     0.000
17.252     0.000
17.258     0.000
17.264     0.000
17.270     0.000
17.276     0.000
17.281     0.000
17.287     0.000
17.293     0.000
17.299     0.000
17.305     0.000
17.310     0.000
17.316     0.000
17.322     0.000
17.328     0.000
17.334     0.000
17.340     0.000
17.345     0.000
17.351     0.000
17.357     0.000
17.363     0.000
17.369     0.000
17.374     0.000
17.380     0.000
17.386     0.000
17.392     0.000
17.398     0.000
17.403     0.000
17.409     0.000
17.415     0.000
17.421     0.000
17.427     0.000
17.432     0.000
17.438     0.000
17.444     0.000
17.450     0.000
17.456     0.000
17.461     0.000
17.467     0.000
17.473     0.000
17.479     0.000
17.485     0.000
17.490     0.000
17.496     0.000
17.502     0.000
17.508     0.000
17.514     0.000
17.519     0.000
17.525     0.000
17.531     0.000
17.537     0.000
17.543     0.000
17.548     0.000
17.554     0.000
17.560     0.000
17.566     0.000
17.572     0.000
17.578     0.000
17.583     0.000
17.589     0.000
17.595     0.000
17.601     0.000
17.607     0.000
17.612     0.000
17.618     0.000
17.624     0.000
17.630     0.000
17.636     0.000
17.641     0.000
17.647     0.000
17.653     0.000
17.659     0.000
17.665     0.000
17.670     0.000
17.676     0.000
17.682     0.000
17.688     0.000
17.694     0.000
17.699     0.000
17.705     0.000
17.711     0.000
17.717     0.000
17.723     0.000
17.728     0.000
17.734     0.000
17.740     0.000
17.746     0.000
17.752     0.000
17.757     0.000
17.763     0.000
17.769     0.000
17.775     0.000
17.781     0.000
17.786     0.000
17.792     0.000
17.798     0.000
17.804     0.000
17.810     0.000
17.816     0.000
17.821     0.000
17.827     0.000
17.833     0.000
17.839     0.000
17.845     0.000
17.850     0.000
17.856     0.000
17.862     0.000
17.868     0.000
17.874     0.000
17.879     0.000
17.885     0.000
17.891     0.000
17.897     0.000
17.903     0.000
17.908     0.000
17.914     0.000
17.920     0.000
17.926     0.000
17.932     0.000
17.937     0.000
17.943     0.000
17.949     0.000
17.955     0.000
17.961     0.000
17.966     0.000
17.972     0.000
17.978     0.000
17.984     0.000
17.990     0.000
17.995     0.000
18.001     0.000
18.007     0.000
18.013     0.000
18.019     0.000
18.024     0.000
18.030     0.000
18.036     0.000
18.042     0.000
18.048     0.000
18.054     0.000
18.059     0.000
18.065     0.000
18.071     0.000
18.077     0.000
18.083     0.000
18.088     0.000
18.094     0.000
18.100     0.000
18.106     0.000
18.112     0.000
18.117     0.000
18.123     0.000
18.129     0.000
18.135     0.000
18.141     0.000
18.146     0.000
18.152     0.000
18.158     0.000
18.164     0.000
18.170     0.000
18.175     0.000
18.181     0.000
18.187     0.000
18.193     0.000
18.199     0.000
18.204     0.000
18.210     0.000
18.216     0.000
18.222     0.000
18.228     0.000
18.233     0.000
18.239     0.000
18.245     0.000
18.251     0.000
18.257     0.000
18.262     0.000
18.268     0.000
18.274     0.000
18.280     0.000
18.286     0.000
18.292     0.000
18.297     0.000
18.303     0.000
18.309     0.000
18.315     0.000
18.321     0.000
18.326     0.000
18.332     0.000
18.338     0.000
18.344     0.000
18.350     0.000
18.355     0.000
18.361     0.000
18.367     0.000
18.373     0.000
18.379     0.000
18.384     0.000
18.390     0.000
18.396     0.000
18.402     0.000
18.408     0.000
18.413     0.000
18.419     0.000
18.425     0.000
18.431     0.000
18.437     0.000
18.442     0.000
18.448     0.000
18.454     0.000
18.460     0.000
18.466     0.000
18.471     0.000
18.477     0.000
18.483     0.000
18.489     0.000
18.495     0.000
18.500     0.000
18.506     0.000
18.512     0.000
18.518     0.000
18.524     0.000
18.530     0.000
18.535     0.000
18.541     0.000
18.547     0.000
18.553     0.000
18.559     0.000
18.564     0.000
18.570     0.000
18.576     0.000
18.582     0.000
18.588     0.000
18.593     0.000
18.599     0.000
18.605     0.000
18.611     0.000
18.617     0.000
18.622     0.000
18.628     0.000
18.634     0.000
18.640     0.000
18.646     0.000
18.651     0.000
18.657     0.000
18.663     0.000
18.669     0.000
18.675     0.000
18.680     0.000
18.686     0.000
18.692     0.000
18.698     0.000
18.704     0.000
18.709     0.000
18.715     0.000
18.721     0.000
18.727     0.000
18.733     0.000
18.739     0.000
18.744     0.000
18.750     0.000
18.756     0.000
18.762     0.000
18.768     0.000
18.773     0.000
18.779     0.000
18.785     0.000
18.791     0.000
18.797     0.000
18.802     0.000
18.808     0.000
18.814     0.000
18.820     0.000
18.826     0.000
18.831     0.000
18.837     0.000
18.843     0.000
18.849     0.000
18.855     0.000
18.860     0.000
18.866     0.000
18.872     0.000
18.878     0.000
18.884     0.000
18.889     0.000
18.895     0.000
18.901     0.000
18.907     0.000
18.913     0.000
18.918     0.000
18.924     0.000
18.930     0.000
18.936     0.000
18.942     0.000
18.947     0.000
18.953     0.000
18.959     0.000
18.965     0.000
18.971     0.000
18.977     0.000
18.982     0.000
18.988     0.000
18.994     0.000
19.000     0.000
19.006     0.000
19.011     0.000
19.017     0.000
19.023     0.000
19.029     0.000
19.035     0.000
19.040     0.000
19.046     0.000
19.052     0.000
19.058     0.000
19.064     0.000
19.069     0.000
19.075     0.000
19.081     0.000
19.087     0.000
19.093     0.000
19.098     0.000
19.104     0.000
19.110     0.000
19.116     0.000
19.122     0.000
19.127     0.000
19.133     0.000
19.139     0.000
19.145     0.000
19.151     0.000
19.156     0.000
19.162     0.000
19.168     0.000
19.174     0.000
19.180     0.000
19.185     0.000
19.191     0.000
19.197     0.000
19.203     0.000
19.209     0.000
19.215     0.000
19.220     0.000
19.226     0.000
19.232     0.000
19.238     0.000
19.244     0.000
19.249     0.000
19.255     0.000
19.261     0.000
19.267     0.000
19.273     0.000
19.278     0.000
19.284     0.000
19.290     0.000
19.296     0.000
19.302     0.000
19.307     0.000
19.313     0.000
19.319     0.000
19.325     0.000
19.331     0.000
19.336     0.000
19.342     0.000
19.348     0.000
19.354     0.000
19.360     0.000
19.365     0.000
19.371     0.000
19.377     0.000
19.383     0.000
19.389     0.000
19.394     0.000
19.400     0.000
19.406     0.000
19.412     0.000
19.418     0.000
19.423     0.000
19.429     0.000
19.435     0.000
19.441     0.000
19.447     0.000
