0.000     0.000
0.006     1.000
0.012     2.000
0.017     3.000
0.023     4.000
0.029     5.000
0.035     6.000
0.041     7.000
0.046     8.000
0.052     9.000
0.058     10.000
0.064     11.000
0.070     12.000
0.075     13.000
0.081     14.000
0.087     15.000
0.093     16.000
0.099     17.000
0.104     18.000
0.110     19.000
0.116     20.000
0.122     21.000
0.128     22.000
0.134     23.000
0.139     24.000
0.145     25.000
0.151     26.000
0.157     27.000
0.163     28.000
0.168     29.000
0.174     30.000
0.180     31.000
0.186     32.000
0.192     33.000
0.197     34.000
0.203     35.000
0.209     36.000
0.215     37.000
0.221     38.000
0.226     39.000
0.232     40.000
0.238     41.000
0.244     42.000
0.250     43.000
0.255     44.000
0.261     45.000
0.267     46.000
0.273     47.000
0.279     48.000
0.284     49.000
0.290     50.000
0.296     51.000
0.302     52.000
0.308     53.000
0.313     54.000
0.319     55.000
0.325     56.000
0.331     57.000
0.337     58.000
0.342     59.000
0.348     60.000
0.354     61.000
0.360     62.000
0.366     63.000
0.372     64.000
0.377     65.000
0.383     66.000
0.389     67.000
0.395     68.000
0.401     69.000
0.406     70.000
0.412     71.000
0.418     72.000
0.424     73.000
0.430     74.000
0.435     75.000
0.441     76.000
0.447     77.000
0.453     78.000
0.459     79.000
0.464     80.000
0.470     81.000
0.476     82.000
0.482     83.000
0.488     84.000
0.493     85.000
0.499     86.000
0.505     87.000
0.511     88.000
0.517     89.000
0.522     90.000
0.528     91.000
0.534     92.000
0.540     93.000
0.546     94.000
0.551     95.000
0.557     96.000
0.563     97.000
0.569     98.000
0.575     99.000
0.580     100.000
0.586     101.000
0.592     102.000
0.598     103.000
0.604     104.000
0.610     105.000
0.615     106.000
0.621     107.000
0.627     108.000
0.633     109.000
0.639     110.000
0.644     111.000
0.650     112.000
0.656     113.000
0.662     114.000
0.668     115.000
0.673     116.000
0.679     117.000
0.685     118.000
0.691     119.000
0.697     120.000
0.702     121.000
0.708     122.000
0.714     123.000
0.720     124.000
0.726     125.000
0.731     126.000
0.737     127.000
0.743     128.000
0.749     129.000
0.755     130.000
0.760     131.000
0.766     132.000
0.772     133.000
0.778     134.000
0.784     135.000
0.789     136.000
0.795     137.000
0.801     138.000
0.807     139.000
0.813     140.000
0.819     141.000
0.824     142.000
0.830     143.000
0.836     144.000
0.842     145.000
0.848     146.000
0.853     147.000
0.859     148.000
0.865     149.000
0.871     150.000
0.877     151.000
0.882     152.000
0.888     153.000
0.894     154.000
0.900     155.000
0.906     156.000
0.911     157.000
0.917     158.000
0.923     159.000
0.929     160.000
0.935     161.000
0.940     162.000
0.946     163.000
0.952     164.000
0.958     165.000
0.964     166.000
0.969     167.000
0.975     168.000
0.981     169.000
0.987     170.000
0.993     171.000
0.998     172.000
1.004     173.000
1.010     174.000
1.016     175.000
1.022     176.000
1.027     177.000
1.033     178.000
1.039     179.000
1.045     180.000
1.051     181.000
1.057     182.000
1.062     183.000
1.068     184.000
1.074     185.000
1.080     186.000
1.086     187.000
1.091     188.000
1.097     189.000
1.103     190.000
1.109     191.000
1.115     192.000
1.120     193.000
1.126     194.000
1.132     195.000
1.138     196.000
1.144     197.000
1.149     198.000
1.155     199.000
1.161     200.000
1.167     201.000
1.173     202.000
1.178     203.000
1.184     204.000
1.190     205.000
1.196     206.000
1.202     207.000
1.207     208.000
1.213     209.000
1.219     210.000
1.225     211.000
1.231     212.000
1.236     213.000
1.242     214.000
1.248     215.000
1.254     216.000
1.260     217.000
1.265     218.000
1.271     219.000
1.277     220.000
1.283     221.000
1.289     222.000
1.295     223.000
1.300     224.000
1.306     225.000
1.312     226.000
1.318     227.000
1.324     228.000
1.329     229.000
1.335     230.000
1.341     231.000
1.347     232.000
1.353     233.000
1.358     234.000
1.364     235.000
1.370     236.000
1.376     237.000
1.382     238.000
1.387     239.000
1.393     240.000
1.399     241.000
1.405     242.000
1.411     243.000
1.416     244.000
1.422     245.000
1.428     246.000
1.434     247.000
1.440     248.000
1.445     249.000
1.451     250.000
1.457     251.000
1.463     252.000
1.469     253.000
1.474     254.000
1.480     255.000
1.486     256.000
1.492     257.000
1.498     258.000
1.503     259.000
1.509     260.000
1.515     261.000
1.521     262.000
1.527     263.000
1.533     264.000
1.538     265.000
1.544     266.000
1.550     267.000
1.556     268.000
1.562     269.000
1.567     270.000
1.573     271.000
1.579     272.000
1.585     273.000
1.591     274.000
1.596     275.000
1.602     276.000
1.608     277.000
1.614     278.000
1.620     279.000
1.625     280.000
1.631     281.000
1.637     282.000
1.643     283.000
1.649     284.000
1.654     285.000
1.660     286.000
1.666     287.000
1.672     288.000
1.678     289.000
1.683     290.000
1.689     291.000
1.695     292.000
1.701     293.000
1.707     294.000
1.712     295.000
1.718     296.000
1.724     297.000
1.730     298.000
1.736     299.000
1.741     300.000
1.747     301.000
1.753     302.000
1.759     303.000
1.765     304.000
1.771     305.000
1.776     306.000
1.782     307.000
1.788     308.000
1.794     309.000
1.800     310.000
1.805     311.000
1.811     312.000
1.817     313.000
1.823     314.000
1.829     315.000
1.834     316.000
1.840     317.000
1.846     318.000
1.852     319.000
1.858     320.000
1.863     321.000
1.869     322.000
1.875     323.000
1.881     324.000
1.887     325.000
1.892     326.000
1.898     327.000
1.904     328.000
1.910     329.000
1.916     330.000
1.921     331.000
1.927     332.000
1.933     333.000
1.939     334.000
1.945     335.000
1.950     336.000
1.956     337.000
1.962     338.000
1.968     339.000
1.974     340.000
1.980     341.000
1.985     342.000
1.991     343.000
1.997     344.000
2.003     345.000
2.009     346.000
2.014     347.000
2.020     348.000
2.026     349.000
2.032     350.000
2.038     351.000
2.043     352.000
2.049     353.000
2.055     354.000
2.061     355.000
2.067     356.000
2.072     357.000
2.078     358.000
2.084     359.000
2.090     360.000
2.096     361.000
2.101     362.000
2.107     363.000
2.113     364.000
2.119     365.000
2.125     366.000
2.130     367.000
2.136     368.000
2.142     369.000
2.148     370.000
2.154     371.000
2.159     372.000
2.165     373.000
2.171     374.000
2.177     375.000
2.183     376.000
2.188     377.000
2.194     378.000
2.200     379.000
2.206     380.000
2.212     381.000
2.218     382.000
2.223     383.000
2.229     384.000
2.235     385.000
2.241     386.000
2.247     387.000
2.252     388.000
2.258     389.000
2.264     390.000
2.270     391.000
2.276     392.000
2.281     393.000
2.287     394.000
2.293     395.000
2.299     396.000
2.305     397.000
2.310     398.000
2.316     399.000
2.322     400.000
2.328     401.000
2.334     402.000
2.339     403.000
2.345     404.000
2.351     405.000
2.357     406.000
2.363     407.000
2.368     408.000
2.374     409.000
2.380     410.000
2.386     411.000
2.392     412.000
2.397     413.000
2.403     414.000
2.409     415.000
2.415     416.000
2.421     417.000
2.426     418.000
2.432     419.000
2.438     420.000
2.444     421.000
2.450     422.000
2.456     423.000
2.461     424.000
2.467     425.000
2.473     426.000
2.479     427.000
2.485     428.000
2.490     429.000
2.496     430.000
2.502     431.000
2.508     432.000
2.514     433.000
2.519     434.000
2.525     435.000
2.531     436.000
2.537     437.000
2.543     438.000
2.548     439.000
2.554     440.000
2.560     441.000
2.566     442.000
2.572     443.000
2.577     444.000
2.583     445.000
2.589     446.000
2.595     447.000
2.601     448.000
2.606     449.000
2.612     450.000
2.618     451.000
2.624     452.000
2.630     453.000
2.635     454.000
2.641     455.000
2.647     456.000
2.653     457.000
2.659     458.000
2.664     459.000
2.670     460.000
2.676     461.000
2.682     462.000
2.688     463.000
2.694     464.000
2.699     465.000
2.705     466.000
2.711     467.000
2.717     468.000
2.723     469.000
2.728     470.000
2.734     471.000
2.740     472.000
2.746     473.000
2.752     474.000
2.757     475.000
2.763     476.000
2.769     477.000
2.775     478.000
2.781     479.000
2.786     480.000
2.792     481.000
2.798     482.000
2.804     483.000
2.810     484.000
2.815     485.000
2.821     486.000
2.827     487.000
2.833     488.000
2.839     489.000
2.844     490.000
2.850     491.000
2.856     492.000
2.862     493.000
2.868     494.000
2.873     495.000
2.879     496.000
2.885     497.000
2.891     498.000
2.897     499.000
2.902     500.000
2.908     501.000
2.914     502.000
2.920     503.000
2.926     504.000
2.932     505.000
2.937     506.000
2.943     507.000
2.949     508.000
2.955     509.000
2.961     510.000
2.966     511.000
2.972     512.000
2.978     513.000
2.984     514.000
2.990     515.000
2.995     516.000
3.001     517.000
3.007     518.000
3.013     519.000
3.019     520.000
3.024     521.000
3.030     522.000
3.036     523.000
3.042     524.000
3.048     525.000
3.053     526.000
3.059     527.000
3.065     528.000
3.071     529.000
3.077     530.000
3.082     531.000
3.088     532.000
3.094     533.000
3.100     534.000
3.106     535.000
3.111     536.000
3.117     537.000
3.123     538.000
3.129     539.000
3.135     540.000
3.140     541.000
3.146     542.000
3.152     543.000
3.158     544.000
3.164     545.000
3.170     546.000
3.175     547.000
3.181     548.000
3.187     549.000
3.193     550.000
3.199     551.000
3.204     552.000
3.210     553.000
3.216     554.000
3.222     555.000
3.228     556.000
3.233     557.000
3.239     558.000
3.245     559.000
3.251     560.000
3.257     561.000
3.262     562.000
3.268     563.000
3.274     564.000
3.280     565.000
3.286     566.000
3.291     567.000
3.297     568.000
3.303     569.000
3.309     570.000
3.315     571.000
3.320     572.000
3.326     573.000
3.332     574.000
3.338     575.000
3.344     576.000
3.349     577.000
3.355     578.000
3.361     579.000
3.367     580.000
3.373     581.000
3.379     582.000
3.384     583.000
3.390     584.000
3.396     585.000
3.402     586.000
3.408     587.000
3.413     588.000
3.419     589.000
3.425     590.000
3.431     591.000
3.437     592.000
3.442     593.000
3.448     594.000
3.454     595.000
3.460     596.000
3.466     597.000
3.471     598.000
3.477     599.000
3.483     600.000
3.489     601.000
3.495     602.000
3.500     603.000
3.506     604.000
3.512     605.000
3.518     606.000
3.524     607.000
3.529     608.000
3.535     609.000
3.541     610.000
3.547     611.000
3.553     612.000
3.558     613.000
3.564     614.000
3.570     615.000
3.576     616.000
3.582     617.000
3.587     618.000
3.593     619.000
3.599     620.000
3.605     621.000
3.611     622.000
3.617     623.000
3.622     624.000
3.628     625.000
3.634     626.000
3.640     627.000
3.646     628.000
3.651     629.000
3.657     630.000
3.663     631.000
3.669     632.000
3.675     633.000
3.680     634.000
3.686     635.000
3.692     636.000
3.698     637.000
3.704     638.000
3.709     639.000
3.715     640.000
3.721     641.000
3.727     642.000
3.733     643.000
3.738     644.000
3.744     645.000
3.750     646.000
3.756     647.000
3.762     648.000
3.767     649.000
3.773     650.000
3.779     651.000
3.785     652.000
3.791     653.000
3.796     654.000
3.802     655.000
3.808     656.000
3.814     657.000
3.820     658.000
3.825     659.000
3.831     660.000
3.837     661.000
3.843     662.000
3.849     663.000
3.855     664.000
3.860     665.000
3.866     666.000
3.872     667.000
3.878     668.000
3.884     669.000
3.889     670.000
3.895     671.000
3.901     672.000
3.907     673.000
3.913     674.000
3.918     675.000
3.924     676.000
3.930     677.000
3.936     678.000
3.942     679.000
3.947     680.000
3.953     681.000
3.959     682.000
3.965     683.000
3.971     684.000
3.976     685.000
3.982     686.000
3.988     687.000
3.994     688.000
4.000     689.000
4.005     690.000
4.011     691.000
4.017     692.000
4.023     693.000
4.029     694.000
4.034     695.000
4.040     696.000
4.046     697.000
4.052     698.000
4.058     699.000
4.063     700.000
4.069     701.000
4.075     702.000
4.081     703.000
4.087     704.000
4.093     705.000
4.098     706.000
4.104     707.000
4.110     708.000
4.116     709.000
4.122     710.000
4.127     711.000
4.133     712.000
4.139     713.000
4.145     714.000
4.151     715.000
4.156     716.000
4.162     717.000
4.168     718.000
4.174     719.000
4.180     720.000
4.185     721.000
4.191     722.000
4.197     723.000
4.203     724.000
4.209     725.000
4.214     726.000
4.220     727.000
4.226     728.000
4.232     729.000
4.238     730.000
4.243     731.000
4.249     732.000
4.255     733.000
4.261     734.000
4.267     735.000
4.272     736.000
4.278     737.000
4.284     738.000
4.290     739.000
4.296     740.000
4.301     741.000
4.307     742.000
4.313     743.000
4.319     744.000
4.325     745.000
4.331     746.000
4.336     747.000
4.342     748.000
4.348     749.000
4.354     750.000
4.360     751.000
4.365     752.000
4.371     753.000
4.377     754.000
4.383     755.000
4.389     756.000
4.394     757.000
4.400     758.000
4.406     759.000
4.412     760.000
4.418     761.000
4.423     762.000
4.429     763.000
4.435     764.000
4.441     765.000
4.447     766.000
4.452     767.000
4.458     768.000
4.464     769.000
4.470     770.000
4.476     771.000
4.481     772.000
4.487     773.000
4.493     774.000
4.499     775.000
4.505     776.000
4.510     777.000
4.516     778.000
4.522     779.000
4.528     780.000
4.534     781.000
4.540     782.000
4.545     783.000
4.551     784.000
4.557     785.000
4.563     786.000
4.569     787.000
4.574     788.000
4.580     789.000
4.586     790.000
4.592     791.000
4.598     792.000
4.603     793.000
4.609     794.000
4.615     795.000
4.621     796.000
4.627     797.000
4.632     798.000
4.638     799.000
4.644     800.000
4.650     801.000
4.656     802.000
4.661     803.000
4.667     804.000
4.673     805.000
4.679     806.000
4.685     807.000
4.690     808.000
4.696     809.000
4.702     810.000
4.708     811.000
4.714     812.000
4.719     813.000
4.725     814.000
4.731     815.000
4.737     816.000
4.743     817.000
4.748     818.000
4.754     819.000
4.760     820.000
4.766     821.000
4.772     822.000
4.778     823.000
4.783     824.000
4.789     825.000
4.795     826.000
4.801     827.000
4.807     828.000
4.812     829.000
4.818     830.000
4.824     831.000
4.830     832.000
4.836     833.000
4.841     834.000
4.847     835.000
4.853     836.000
4.859     837.000
4.865     838.000
4.870     839.000
4.876     840.000
4.882     841.000
4.888     842.000
4.894     843.000
4.899     844.000
4.905     845.000
4.911     846.000
4.917     847.000
4.923     848.000
4.928     849.000
4.934     850.000
4.940     851.000
4.946     852.000
4.952     853.000
4.957     854.000
4.963     855.000
4.969     856.000
4.975     857.000
4.981     858.000
4.986     859.000
4.992     860.000
4.998     861.000
5.004     862.000
5.010     863.000
5.016     864.000
5.021     865.000
5.027     866.000
5.033     867.000
5.039     868.000
5.045     869.000
5.050     870.000
5.056     871.000
5.062     872.000
5.068     873.000
5.074     874.000
5.079     875.000
5.085     876.000
5.091     877.000
5.097     878.000
5.103     879.000
5.108     880.000
5.114     881.000
5.120     882.000
5.126     883.000
5.132     884.000
5.137     885.000
5.143     886.000
5.149     887.000
5.155     888.000
5.161     889.000
5.166     890.000
5.172     891.000
5.178     892.000
5.184     893.000
5.190     894.000
5.195     895.000
5.201     896.000
5.207     897.000
5.213     898.000
5.219     899.000
5.224     900.000
5.230     901.000
5.236     902.000
5.242     903.000
5.248     904.000
5.254     905.000
5.259     906.000
5.265     907.000
5.271     908.000
5.277     909.000
5.283     910.000
5.288     911.000
5.294     912.000
5.300     913.000
5.306     914.000
5.312     915.000
5.317     916.000
5.323     917.000
5.329     918.000
5.335     919.000
5.341     920.000
5.346     921.000
5.352     922.000
5.358     923.000
5.364     924.000
5.370     925.000
5.375     926.000
5.381     927.000
5.387     928.000
5.393     929.000
5.399     930.000
5.404     931.000
5.410     932.000
5.416     933.000
5.422     934.000
5.428     935.000
5.433     936.000
5.439     937.000
5.445     938.000
5.451     939.000
5.457     940.000
5.462     941.000
5.468     942.000
5.474     943.000
5.480     944.000
5.486     945.000
5.492     946.000
5.497     947.000
5.503     948.000
5.509     949.000
5.515     950.000
5.521     951.000
5.526     952.000
5.532     953.000
5.538     954.000
5.544     955.000
5.550     956.000
5.555     957.000
5.561     958.000
5.567     959.000
5.573     960.000
5.579     961.000
5.584     962.000
5.590     963.000
5.596     964.000
5.602     965.000
5.608     966.000
5.613     967.000
5.619     968.000
5.625     969.000
5.631     970.000
5.637     971.000
5.642     972.000
5.648     973.000
5.654     974.000
5.660     975.000
5.666     976.000
5.671     977.000
5.677     978.000
5.683     979.000
5.689     980.000
5.695     981.000
5.700     982.000
5.706     983.000
5.712     984.000
5.718     985.000
5.724     986.000
5.730     987.000
5.735     988.000
5.741     989.000
5.747     990.000
5.753     991.000
5.759     992.000
5.764     993.000
5.770     994.000
5.776     995.000
5.782     996.000
5.788     997.000
5.793     998.000
5.799     999.000
5.805     1000.000
5.811     1001.000
5.817     1002.000
5.822     1003.000
5.828     1004.000
5.834     1005.000
5.840     1006.000
5.846     1007.000
5.851     1008.000
5.857     1009.000
5.863     1010.000
5.869     1011.000
5.875     1012.000
5.880     1013.000
5.886     1014.000
5.892     1015.000
5.898     1016.000
5.904     1017.000
5.909     1018.000
5.915     1019.000
5.921     1020.000
5.927     1021.000
5.933     1022.000
5.939     1023.000
5.944     1024.000
5.950     1025.000
5.956     1026.000
5.962     1027.000
5.968     1028.000
5.973     1029.000
5.979     1030.000
5.985     1031.000
5.991     1032.000
5.997     1033.000
6.002     1034.000
6.008     1035.000
6.014     1036.000
6.020     1037.000
6.026     1038.000
6.031     1039.000
6.037     1040.000
6.043     1041.000
6.049     1042.000
6.055     1043.000
6.060     1044.000
6.066     1045.000
6.072     1046.000
6.078     1047.000
6.084     1048.000
6.089     1049.000
6.095     1050.000
6.101     1051.000
6.107     1052.000
6.113     1053.000
6.118     1054.000
6.124     1055.000
6.130     1056.000
6.136     1057.000
6.142     1058.000
6.147     1059.000
6.153     1060.000
6.159     1061.000
6.165     1062.000
6.171     1063.000
6.177     1064.000
6.182     1065.000
6.188     1066.000
6.194     1067.000
6.200     1068.000
6.206     1069.000
6.211     1070.000
6.217     1071.000
6.223     1072.000
6.229     1073.000
6.235     1074.000
6.240     1075.000
6.246     1076.000
6.252     1077.000
6.258     1078.000
6.264     1079.000
6.269     1080.000
6.275     1081.000
6.281     1082.000
6.287     1083.000
6.293     1084.000
6.298     1085.000
6.304     1086.000
6.310     1087.000
6.316     1088.000
6.322     1089.000
6.327     1090.000
6.333     1091.000
6.339     1092.000
6.345     1093.000
6.351     1094.000
6.356     1095.000
6.362     1096.000
6.368     1097.000
6.374     1098.000
6.380     1099.000
6.385     1100.000
6.391     1101.000
6.397     1102.000
6.403     1103.000
6.409     1104.000
6.415     1105.000
6.420     1106.000
6.426     1107.000
6.432     1108.000
6.438     1109.000
6.444     1110.000
6.449     1111.000
6.455     1112.000
6.461     1113.000
6.467     1114.000
6.473     1115.000
6.478     1116.000
6.484     1117.000
6.490     1118.000
6.496     1119.000
6.502     1120.000
6.507     1121.000
6.513     1122.000
6.519     1123.000
6.525     1124.000
6.531     1125.000
6.536     1126.000
6.542     1127.000
6.548     1128.000
6.554     1129.000
6.560     1130.000
6.565     1131.000
6.571     1132.000
6.577     1133.000
6.583     1134.000
6.589     1135.000
6.594     1136.000
6.600     1137.000
6.606     1138.000
6.612     1139.000
6.618     1140.000
6.623     1141.000
6.629     1142.000
6.635     1143.000
6.641     1144.000
6.647     1145.000
6.653     1146.000
6.658     1147.000
6.664     1148.000
6.670     1149.000
6.676     1150.000
6.682     1151.000
6.687     1152.000
6.693     1153.000
6.699     1154.000
6.705     1155.000
6.711     1156.000
6.716     1157.000
6.722     1158.000
6.728     1159.000
6.734     1160.000
6.740     1161.000
6.745     1162.000
6.751     1163.000
6.757     1164.000
6.763     1165.000
6.769     1166.000
6.774     1167.000
6.780     1168.000
6.786     1169.000
6.792     1170.000
6.798     1171.000
6.803     1172.000
6.809     1173.000
6.815     1174.000
6.821     1175.000
6.827     1176.000
6.832     1177.000
6.838     1178.000
6.844     1179.000
6.850     1180.000
6.856     1181.000
6.861     1182.000
6.867     1183.000
6.873     1184.000
6.879     1185.000
6.885     1186.000
6.891     1187.000
6.896     1188.000
6.902     1189.000
6.908     1190.000
6.914     1191.000
6.920     1192.000
6.925     1193.000
6.931     1194.000
6.937     1195.000
6.943     1196.000
6.949     1197.000
6.954     1198.000
6.960     1199.000
6.966     1200.000
6.972     1201.000
6.978     1202.000
6.983     1203.000
6.989     1204.000
6.995     1205.000
7.001     1206.000
7.007     1207.000
7.012     1208.000
7.018     1209.000
7.024     1210.000
7.030     1211.000
7.036     1212.000
7.041     1213.000
7.047     1214.000
7.053     1215.000
7.059     1216.000
7.065     1217.000
7.070     1218.000
7.076     1219.000
7.082     1220.000
7.088     1221.000
7.094     1222.000
7.100     1223.000
7.105     1224.000
7.111     1225.000
7.117     1226.000
7.123     1227.000
7.129     1228.000
7.134     1229.000
7.140     1230.000
7.146     1231.000
7.152     1232.000
7.158     1233.000
7.163     1234.000
7.169     1235.000
7.175     1236.000
7.181     1237.000
7.187     1238.000
7.192     1239.000
7.198     1240.000
7.204     1241.000
7.210     1242.000
7.216     1243.000
7.221     1244.000
7.227     1245.000
7.233     1246.000
7.239     1247.000
7.245     1248.000
7.250     1249.000
7.256     1250.000
7.262     1251.000
7.268     1252.000
7.274     1253.000
7.279     1254.000
7.285     1255.000
7.291     1256.000
7.297     1257.000
7.303     1258.000
7.308     1259.000
7.314     1260.000
7.320     1261.000
7.326     1262.000
7.332     1263.000
7.338     1264.000
7.343     1265.000
7.349     1266.000
7.355     1267.000
7.361     1268.000
7.367     1269.000
7.372     1270.000
7.378     1271.000
7.384     1272.000
7.390     1273.000
7.396     1274.000
7.401     1275.000
7.407     1276.000
7.413     1277.000
7.419     1278.000
7.425     1279.000
7.430     1280.000
7.436     1281.000
7.442     1282.000
7.448     1283.000
7.454     1284.000
7.459     1285.000
7.465     1286.000
7.471     1287.000
7.477     1288.000
7.483     1289.000
7.488     1290.000
7.494     1291.000
7.500     1292.000
7.506     1293.000
7.512     1294.000
7.517     1295.000
7.523     1296.000
7.529     1297.000
7.535     1298.000
7.541     1299.000
7.546     1300.000
7.552     1301.000
7.558     1302.000
7.564     1303.000
7.570     1304.000
7.576     1305.000
7.581     1306.000
7.587     1307.000
7.593     1308.000
7.599     1309.000
7.605     1310.000
7.610     1311.000
7.616     1312.000
7.622     1313.000
7.628     1314.000
7.634     1315.000
7.639     1316.000
7.645     1317.000
7.651     1318.000
7.657     1319.000
7.663     1320.000
7.668     1321.000
7.674     1322.000
7.680     1323.000
7.686     1324.000
7.692     1325.000
7.697     1326.000
7.703     1327.000
7.709     1328.000
7.715     1329.000
7.721     1330.000
7.726     1331.000
7.732     1332.000
7.738     1333.000
7.744     1334.000
7.750     1335.000
7.755     1336.000
7.761     1337.000
7.767     1338.000
7.773     1339.000
7.779     1340.000
7.784     1341.000
7.790     1342.000
7.796     1343.000
7.802     1344.000
7.808     1345.000
7.814     1346.000
7.819     1347.000
7.825     1348.000
7.831     1349.000
7.837     1350.000
7.843     1351.000
7.848     1352.000
7.854     1353.000
7.860     1354.000
7.866     1355.000
7.872     1356.000
7.877     1357.000
7.883     1358.000
7.889     1359.000
7.895     1360.000
7.901     1361.000
7.906     1362.000
7.912     1363.000
7.918     1364.000
7.924     1365.000
7.930     1366.000
7.935     1367.000
7.941     1368.000
7.947     1369.000
7.953     1370.000
7.959     1371.000
7.964     1372.000
7.970     1373.000
7.976     1374.000
7.982     1375.000
7.988     1376.000
7.993     1377.000
7.999     1378.000
8.005     1379.000
8.011     1380.000
8.017     1381.000
8.022     1382.000
8.028     1383.000
8.034     1384.000
8.040     1385.000
8.046     1386.000
8.052     1387.000
8.057     1388.000
8.063     1389.000
8.069     1390.000
8.075     1391.000
8.081     1392.000
8.086     1393.000
8.092     1394.000
8.098     1395.000
8.104     1396.000
8.110     1397.000
8.115     1398.000
8.121     1399.000
8.127     1400.000
8.133     1401.000
8.139     1402.000
8.144     1403.000
8.150     1404.000
8.156     1405.000
8.162     1406.000
8.168     1407.000
8.173     1408.000
8.179     1409.000
8.185     1410.000
8.191     1411.000
8.197     1412.000
8.202     1413.000
8.208     1414.000
8.214     1415.000
8.220     1416.000
8.226     1417.000
8.231     1418.000
8.237     1419.000
8.243     1420.000
8.249     1421.000
8.255     1422.000
8.260     1423.000
8.266     1424.000
8.272     1425.000
8.278     1426.000
8.284     1427.000
8.290     1428.000
8.295     1429.000
8.301     1430.000
8.307     1431.000
8.313     1432.000
8.319     1433.000
8.324     1434.000
8.330     1435.000
8.336     1436.000
8.342     1437.000
8.348     1438.000
8.353     1439.000
8.359     1440.000
8.365     1441.000
8.371     1442.000
8.377     1443.000
8.382     1444.000
8.388     1445.000
8.394     1446.000
8.400     1447.000
8.406     1448.000
8.411     1449.000
8.417     1450.000
8.423     1451.000
8.429     1452.000
8.435     1453.000
8.440     1454.000
8.446     1455.000
8.452     1456.000
8.458     1457.000
8.464     1458.000
8.469     1459.000
8.475     1460.000
8.481     1461.000
8.487     1462.000
8.493     1463.000
8.499     1464.000
8.504     1465.000
8.510     1466.000
8.516     1467.000
8.522     1468.000
8.528     1469.000
8.533     1470.000
8.539     1471.000
8.545     1472.000
8.551     1473.000
8.557     1474.000
8.562     1475.000
8.568     1476.000
8.574     1477.000
8.580     1478.000
8.586     1479.000
8.591     1480.000
8.597     1481.000
8.603     1482.000
8.609     1483.000
8.615     1484.000
8.620     1485.000
8.626     1486.000
8.632     1487.000
8.638     1488.000
8.644     1489.000
8.649     1490.000
8.655     1491.000
8.661     1492.000
8.667     1493.000
8.673     1494.000
8.678     1495.000
8.684     1496.000
8.690     1497.000
8.696     1498.000
8.702     1499.000
8.707     1500.000
8.713     1501.000
8.719     1502.000
8.725     1503.000
8.731     1504.000
8.737     1505.000
8.742     1506.000
8.748     1507.000
8.754     1508.000
8.760     1509.000
8.766     1510.000
8.771     1511.000
8.777     1512.000
8.783     1513.000
8.789     1514.000
8.795     1515.000
8.800     1516.000
8.806     1517.000
8.812     1518.000
8.818     1519.000
8.824     1520.000
8.829     1521.000
8.835     1522.000
8.841     1523.000
8.847     1524.000
8.853     1525.000
8.858     1526.000
8.864     1527.000
8.870     1528.000
8.876     1529.000
8.882     1530.000
8.887     1531.000
8.893     1532.000
8.899     1533.000
8.905     1534.000
8.911     1535.000
8.916     1536.000
8.922     1537.000
8.928     1538.000
8.934     1539.000
8.940     1540.000
8.945     1541.000
8.951     1542.000
8.957     1543.000
8.963     1544.000
8.969     1545.000
8.975     1546.000
8.980     1547.000
8.986     1548.000
8.992     1549.000
8.998     1550.000
9.004     1551.000
9.009     1552.000
9.015     1553.000
9.021     1554.000
9.027     1555.000
9.033     1556.000
9.038     1557.000
9.044     1558.000
9.050     1559.000
9.056     1560.000
9.062     1561.000
9.067     1562.000
9.073     1563.000
9.079     1564.000
9.085     1565.000
9.091     1566.000
9.096     1567.000
9.102     1568.000
9.108     1569.000
9.114     1570.000
9.120     1571.000
9.125     1572.000
9.131     1573.000
9.137     1574.000
9.143     1575.000
9.149     1576.000
9.154     1577.000
9.160     1578.000
9.166     1579.000
9.172     1580.000
9.178     1581.000
9.183     1582.000
9.189     1583.000
9.195     1584.000
9.201     1585.000
9.207     1586.000
9.213     1587.000
9.218     1588.000
9.224     1589.000
9.230     1590.000
9.236     1591.000
9.242     1592.000
9.247     1593.000
9.253     1594.000
9.259     1595.000
9.265     1596.000
9.271     1597.000
9.276     1598.000
9.282     1599.000
9.288     1600.000
9.294     1601.000
9.300     1602.000
9.305     1603.000
9.311     1604.000
9.317     1605.000
9.323     1606.000
9.329     1607.000
9.334     1608.000
9.340     1609.000
9.346     1610.000
9.352     1611.000
9.358     1612.000
9.363     1613.000
9.369     1614.000
9.375     1615.000
9.381     1616.000
9.387     1617.000
9.392     1618.000
9.398     1619.000
9.404     1620.000
9.410     1621.000
9.416     1622.000
9.421     1623.000
9.427     1624.000
9.433     1625.000
9.439     1626.000
9.445     1627.000
9.451     1628.000
9.456     1629.000
9.462     1630.000
9.468     1631.000
9.474     1632.000
9.480     1633.000
9.485     1634.000
9.491     1635.000
9.497     1636.000
9.503     1637.000
9.509     1638.000
9.514     1639.000
9.520     1640.000
9.526     1641.000
9.532     1642.000
9.538     1643.000
9.543     1644.000
9.549     1645.000
9.555     1646.000
9.561     1647.000
9.567     1648.000
9.572     1649.000
9.578     1650.000
9.584     1651.000
9.590     1652.000
9.596     1653.000
9.601     1654.000
9.607     1655.000
9.613     1656.000
9.619     1657.000
9.625     1658.000
9.630     1659.000
9.636     1660.000
9.642     1661.000
9.648     1662.000
9.654     1663.000
9.660     1664.000
9.665     1665.000
9.671     1666.000
9.677     1667.000
9.683     1668.000
9.689     1669.000
9.694     1670.000
9.700     1671.000
9.706     1672.000
9.712     1673.000
9.718     1674.000
9.723     1675.000
9.729     1676.000
9.735     1677.000
9.741     1678.000
9.747     1679.000
9.752     1680.000
9.758     1681.000
9.764     1682.000
9.770     1683.000
9.776     1684.000
9.781     1685.000
9.787     1686.000
9.793     1687.000
9.799     1688.000
9.805     1689.000
9.810     1690.000
9.816     1691.000
9.822     1692.000
9.828     1693.000
9.834     1694.000
9.839     1695.000
9.845     1696.000
9.851     1697.000
9.857     1698.000
9.863     1699.000
9.868     1700.000
9.874     1701.000
9.880     1702.000
9.886     1703.000
9.892     1704.000
9.898     1705.000
9.903     1706.000
9.909     1707.000
9.915     1708.000
9.921     1709.000
9.927     1710.000
9.932     1711.000
9.938     1712.000
9.944     1713.000
9.950     1714.000
9.956     1715.000
9.961     1716.000
9.967     1717.000
9.973     1718.000
9.979     1719.000
9.985     1720.000
9.990     1721.000
9.996     1722.000
10.002     1723.000
10.008     1724.000
10.014     1725.000
10.019     1726.000
10.025     1727.000
10.031     1728.000
10.037     1729.000
10.043     1730.000
10.048     1731.000
10.054     1732.000
10.060     1733.000
10.066     1734.000
10.072     1735.000
10.077     1736.000
10.083     1737.000
10.089     1738.000
10.095     1739.000
10.101     1740.000
10.106     1741.000
10.112     1742.000
10.118     1743.000
10.124     1744.000
10.130     1745.000
10.136     1746.000
10.141     1747.000
10.147     1748.000
10.153     1749.000
10.159     1750.000
10.165     1751.000
10.170     1752.000
10.176     1753.000
10.182     1754.000
10.188     1755.000
10.194     1756.000
10.199     1757.000
10.205     1758.000
10.211     1759.000
10.217     1760.000
10.223     1761.000
10.228     1762.000
10.234     1763.000
10.240     1764.000
10.246     1765.000
10.252     1766.000
10.257     1767.000
10.263     1768.000
10.269     1769.000
10.275     1770.000
10.281     1771.000
10.286     1772.000
10.292     1773.000
10.298     1774.000
10.304     1775.000
10.310     1776.000
10.315     1777.000
10.321     1778.000
10.327     1779.000
10.333     1780.000
10.339     1781.000
10.344     1782.000
10.350     1783.000
10.356     1784.000
10.362     1785.000
10.368     1786.000
10.374     1787.000
10.379     1788.000
10.385     1789.000
10.391     1790.000
10.397     1791.000
10.403     1792.000
10.408     1793.000
10.414     1794.000
10.420     1795.000
10.426     1796.000
10.432     1797.000
10.437     1798.000
10.443     1799.000
10.449     1800.000
10.455     1801.000
10.461     1802.000
10.466     1803.000
10.472     1804.000
10.478     1805.000
10.484     1806.000
10.490     1807.000
10.495     1808.000
10.501     1809.000
10.507     1810.000
10.513     1811.000
10.519     1812.000
10.524     1813.000
10.530     1814.000
10.536     1815.000
10.542     1816.000
10.548     1817.000
10.553     1818.000
10.559     1819.000
10.565     1820.000
10.571     1821.000
10.577     1822.000
10.582     1823.000
10.588     1824.000
10.594     1825.000
10.600     1826.000
10.606     1827.000
10.612     1828.000
10.617     1829.000
10.623     1830.000
10.629     1831.000
10.635     1832.000
10.641     1833.000
10.646     1834.000
10.652     1835.000
10.658     1836.000
10.664     1837.000
10.670     1838.000
10.675     1839.000
10.681     1840.000
10.687     1841.000
10.693     1842.000
10.699     1843.000
10.704     1844.000
10.710     1845.000
10.716     1846.000
10.722     1847.000
10.728     1848.000
10.733     1849.000
10.739     1850.000
10.745     1851.000
10.751     1852.000
10.757     1853.000
10.762     1854.000
10.768     1855.000
10.774     1856.000
10.780     1857.000
10.786     1858.000
10.791     1859.000
10.797     1860.000
10.803     1861.000
10.809     1862.000
10.815     1863.000
10.820     1864.000
10.826     1865.000
10.832     1866.000
10.838     1867.000
10.844     1868.000
10.850     1869.000
10.855     1870.000
10.861     1871.000
10.867     1872.000
10.873     1873.000
10.879     1874.000
10.884     1875.000
10.890     1876.000
10.896     1877.000
10.902     1878.000
10.908     1879.000
10.913     1880.000
10.919     1881.000
10.925     1882.000
10.931     1883.000
10.937     1884.000
10.942     1885.000
10.948     1886.000
10.954     1887.000
10.960     1888.000
10.966     1889.000
10.971     1890.000
10.977     1891.000
10.983     1892.000
10.989     1893.000
10.995     1894.000
11.000     1895.000
11.006     1896.000
11.012     1897.000
11.018     1898.000
11.024     1899.000
11.029     1900.000
11.035     1901.000
11.041     1902.000
11.047     1903.000
11.053     1904.000
11.059     1905.000
11.064     1906.000
11.070     1907.000
11.076     1908.000
11.082     1909.000
11.088     1910.000
11.093     1911.000
11.099     1912.000
11.105     1913.000
11.111     1914.000
11.117     1915.000
11.122     1916.000
11.128     1917.000
11.134     1918.000
11.140     1919.000
11.146     1920.000
11.151     1921.000
11.157     1922.000
11.163     1923.000
11.169     1924.000
11.175     1925.000
11.180     1926.000
11.186     1927.000
11.192     1928.000
11.198     1929.000
11.204     1930.000
11.209     1931.000
11.215     1932.000
11.221     1933.000
11.227     1934.000
11.233     1935.000
11.238     1936.000
11.244     1937.000
11.250     1938.000
11.256     1939.000
11.262     1940.000
11.267     1941.000
11.273     1942.000
11.279     1943.000
11.285     1944.000
11.291     1945.000
11.297     1946.000
11.302     1947.000
11.308     1948.000
11.314     1949.000
11.320     1950.000
11.326     1951.000
11.331     1952.000
11.337     1953.000
11.343     1954.000
11.349     1955.000
11.355     1956.000
11.360     1957.000
11.366     1958.000
11.372     1959.000
11.378     1960.000
11.384     1961.000
11.389     1962.000
11.395     1963.000
11.401     1964.000
11.407     1965.000
11.413     1966.000
11.418     1967.000
11.424     1968.000
11.430     1969.000
11.436     1970.000
11.442     1971.000
11.447     1972.000
11.453     1973.000
11.459     1974.000
11.465     1975.000
11.471     1976.000
11.476     1977.000
11.482     1978.000
11.488     1979.000
11.494     1980.000
11.500     1981.000
11.505     1982.000
11.511     1983.000
11.517     1984.000
11.523     1985.000
11.529     1986.000
11.535     1987.000
11.540     1988.000
11.546     1989.000
11.552     1990.000
11.558     1991.000
11.564     1992.000
11.569     1993.000
11.575     1994.000
11.581     1995.000
11.587     1996.000
11.593     1997.000
11.598     1998.000
11.604     1999.000
11.610     2000.000
11.616     2001.000
11.622     2002.000
11.627     2003.000
11.633     2004.000
11.639     2005.000
11.645     2006.000
11.651     2007.000
11.656     2008.000
11.662     2009.000
11.668     2010.000
11.674     2011.000
11.680     2012.000
11.685     2013.000
11.691     2014.000
11.697     2015.000
11.703     2016.000
11.709     2017.000
11.714     2018.000
11.720     2019.000
11.726     2020.000
11.732     2021.000
11.738     2022.000
11.743     2023.000
11.749     2024.000
11.755     2025.000
11.761     2026.000
11.767     2027.000
11.773     2028.000
11.778     2029.000
11.784     2030.000
11.790     2031.000
11.796     2032.000
11.802     2033.000
11.807     2034.000
11.813     2035.000
11.819     2036.000
11.825     2037.000
11.831     2038.000
11.836     2039.000
11.842     2040.000
11.848     2041.000
11.854     2042.000
11.860     2043.000
11.865     2044.000
11.871     2045.000
11.877     2046.000
11.883     2047.000
11.889     2048.000
11.894     2049.000
11.900     2050.000
11.906     2051.000
11.912     2052.000
11.918     2053.000
11.923     2054.000
11.929     2055.000
11.935     2056.000
11.941     2057.000
11.947     2058.000
11.952     2059.000
11.958     2060.000
11.964     2061.000
11.970     2062.000
11.976     2063.000
11.981     2064.000
11.987     2065.000
11.993     2066.000
11.999     2067.000
12.005     2068.000
12.011     2069.000
12.016     2070.000
12.022     2071.000
12.028     2072.000
12.034     2073.000
12.040     2074.000
12.045     2075.000
12.051     2076.000
12.057     2077.000
12.063     2078.000
12.069     2079.000
12.074     2080.000
12.080     2081.000
12.086     2082.000
12.092     2083.000
12.098     2084.000
12.103     2085.000
12.109     2086.000
12.115     2087.000
12.121     2088.000
12.127     2089.000
12.132     2090.000
12.138     2091.000
12.144     2092.000
12.150     2093.000
12.156     2094.000
12.161     2095.000
12.167     2096.000
12.173     2097.000
12.179     2098.000
12.185     2099.000
12.190     2100.000
12.196     2101.000
12.202     2102.000
12.208     2103.000
12.214     2104.000
12.220     2105.000
12.225     2106.000
12.231     2107.000
12.237     2108.000
12.243     2109.000
12.249     2110.000
12.254     2111.000
12.260     2112.000
12.266     2113.000
12.272     2114.000
12.278     2115.000
12.283     2116.000
12.289     2117.000
12.295     2118.000
12.301     2119.000
12.307     2120.000
12.312     2121.000
12.318     2122.000
12.324     2123.000
12.330     2124.000
12.336     2125.000
12.341     2126.000
12.347     2127.000
12.353     2128.000
12.359     2129.000
12.365     2130.000
12.370     2131.000
12.376     2132.000
12.382     2133.000
12.388     2134.000
12.394     2135.000
12.399     2136.000
12.405     2137.000
12.411     2138.000
12.417     2139.000
12.423     2140.000
12.428     2141.000
12.434     2142.000
12.440     2143.000
12.446     2144.000
12.452     2145.000
12.458     2146.000
12.463     2147.000
12.469     2148.000
12.475     2149.000
12.481     2150.000
12.487     2151.000
12.492     2152.000
12.498     2153.000
12.504     2154.000
12.510     2155.000
12.516     2156.000
12.521     2157.000
12.527     2158.000
12.533     2159.000
12.539     2160.000
12.545     2161.000
12.550     2162.000
12.556     2163.000
12.562     2164.000
12.568     2165.000
12.574     2166.000
12.579     2167.000
12.585     2168.000
12.591     2169.000
12.597     2170.000
12.603     2171.000
12.608     2172.000
12.614     2173.000
12.620     2174.000
12.626     2175.000
12.632     2176.000
12.637     2177.000
12.643     2178.000
12.649     2179.000
12.655     2180.000
12.661     2181.000
12.666     2182.000
12.672     2183.000
12.678     2184.000
12.684     2185.000
12.690     2186.000
12.696     2187.000
12.701     2188.000
12.707     2189.000
12.713     2190.000
12.719     2191.000
12.725     2192.000
12.730     2193.000
12.736     2194.000
12.742     2195.000
12.748     2196.000
12.754     2197.000
12.759     2198.000
12.765     2199.000
12.771     2200.000
12.777     2201.000
12.783     2202.000
12.788     2203.000
12.794     2204.000
12.800     2205.000
12.806     2206.000
12.812     2207.000
12.817     2208.000
12.823     2209.000
12.829     2210.000
12.835     2211.000
12.841     2212.000
12.846     2213.000
12.852     2214.000
12.858     2215.000
12.864     2216.000
12.870     2217.000
12.875     2218.000
12.881     2219.000
12.887     2220.000
12.893     2221.000
12.899     2222.000
12.904     2223.000
12.910     2224.000
12.916     2225.000
12.922     2226.000
12.928     2227.000
12.934     2228.000
12.939     2229.000
12.945     2230.000
12.951     2231.000
12.957     2232.000
12.963     2233.000
12.968     2234.000
12.974     2235.000
12.980     2236.000
12.986     2237.000
12.992     2238.000
12.997     2239.000
13.003     2240.000
13.009     2241.000
13.015     2242.000
13.021     2243.000
13.026     2244.000
13.032     2245.000
13.038     2246.000
13.044     2247.000
13.050     2248.000
13.055     2249.000
13.061     2250.000
13.067     2251.000
13.073     2252.000
13.079     2253.000
13.084     2254.000
13.090     2255.000
13.096     2256.000
13.102     2257.000
13.108     2258.000
13.113     2259.000
13.119     2260.000
13.125     2261.000
13.131     2262.000
13.137     2263.000
13.142     2264.000
13.148     2265.000
13.154     2266.000
13.160     2267.000
13.166     2268.000
13.172     2269.000
13.177     2270.000
13.183     2271.000
13.189     2272.000
13.195     2273.000
13.201     2274.000
13.206     2275.000
13.212     2276.000
13.218     2277.000
13.224     2278.000
13.230     2279.000
13.235     2280.000
13.241     2281.000
13.247     2282.000
13.253     2283.000
13.259     2284.000
13.264     2285.000
13.270     2286.000
13.276     2287.000
13.282     2288.000
13.288     2289.000
13.293     2290.000
13.299     2291.000
13.305     2292.000
13.311     2293.000
13.317     2294.000
13.322     2295.000
13.328     2296.000
13.334     2297.000
13.340     2298.000
13.346     2299.000
13.351     2300.000
13.357     2301.000
13.363     2302.000
13.369     2303.000
13.375     2304.000
13.380     2305.000
13.386     2306.000
13.392     2307.000
13.398     2308.000
13.404     2309.000
13.410     2310.000
13.415     2311.000
13.421     2312.000
13.427     2313.000
13.433     2314.000
13.439     2315.000
13.444     2316.000
13.450     2317.000
13.456     2318.000
13.462     2319.000
13.468     2320.000
13.473     2321.000
13.479     2322.000
13.485     2323.000
13.491     2324.000
13.497     2325.000
13.502     2326.000
13.508     2327.000
13.514     2328.000
13.520     2329.000
13.526     2330.000
13.531     2331.000
13.537     2332.000
13.543     2333.000
13.549     2334.000
13.555     2335.000
13.560     2336.000
13.566     2337.000
13.572     2338.000
13.578     2339.000
13.584     2340.000
13.589     2341.000
13.595     2342.000
13.601     2343.000
13.607     2344.000
13.613     2345.000
13.619     2346.000
13.624     2347.000
13.630     2348.000
13.636     2349.000
13.642     2350.000
13.648     2351.000
13.653     2352.000
13.659     2353.000
13.665     2354.000
13.671     2355.000
13.677     2356.000
13.682     2357.000
13.688     2358.000
13.694     2359.000
13.700     2360.000
13.706     2361.000
13.711     2362.000
13.717     2363.000
13.723     2364.000
13.729     2365.000
13.735     2366.000
13.740     2367.000
13.746     2368.000
13.752     2369.000
13.758     2370.000
13.764     2371.000
13.769     2372.000
13.775     2373.000
13.781     2374.000
13.787     2375.000
13.793     2376.000
13.798     2377.000
13.804     2378.000
13.810     2379.000
13.816     2380.000
13.822     2381.000
13.827     2382.000
13.833     2383.000
13.839     2384.000
13.845     2385.000
13.851     2386.000
13.857     2387.000
13.862     2388.000
13.868     2389.000
13.874     2390.000
13.880     2391.000
13.886     2392.000
13.891     2393.000
13.897     2394.000
13.903     2395.000
13.909     2396.000
13.915     2397.000
13.920     2398.000
13.926     2399.000
13.932     2400.000
13.938     2401.000
13.944     2402.000
13.949     2403.000
13.955     2404.000
13.961     2405.000
13.967     2406.000
13.973     2407.000
13.978     2408.000
13.984     2409.000
13.990     2410.000
13.996     2411.000
14.002     2412.000
14.007     2413.000
14.013     2414.000
14.019     2415.000
14.025     2416.000
14.031     2417.000
14.036     2418.000
14.042     2419.000
14.048     2420.000
14.054     2421.000
14.060     2422.000
14.065     2423.000
14.071     2424.000
14.077     2425.000
14.083     2426.000
14.089     2427.000
14.095     2428.000
14.100     2429.000
14.106     2430.000
14.112     2431.000
14.118     2432.000
14.124     2433.000
14.129     2434.000
14.135     2435.000
14.141     2436.000
14.147     2437.000
14.153     2438.000
14.158     2439.000
14.164     2440.000
14.170     2441.000
14.176     2442.000
14.182     2443.000
14.187     2444.000
14.193     2445.000
14.199     2446.000
14.205     2447.000
14.211     2448.000
14.216     2449.000
14.222     2450.000
14.228     2451.000
14.234     2452.000
14.240     2453.000
14.245     2454.000
14.251     2455.000
14.257     2456.000
14.263     2457.000
14.269     2458.000
14.274     2459.000
14.280     2460.000
14.286     2461.000
14.292     2462.000
14.298     2463.000
14.303     2464.000
14.309     2465.000
14.315     2466.000
14.321     2467.000
14.327     2468.000
14.333     2469.000
14.338     2470.000
14.344     2471.000
14.350     2472.000
14.356     2473.000
14.362     2474.000
14.367     2475.000
14.373     2476.000
14.379     2477.000
14.385     2478.000
14.391     2479.000
14.396     2480.000
14.402     2481.000
14.408     2482.000
14.414     2483.000
14.420     2484.000
14.425     2485.000
14.431     2486.000
14.437     2487.000
14.443     2488.000
14.449     2489.000
14.454     2490.000
14.460     2491.000
14.466     2492.000
14.472     2493.000
14.478     2494.000
14.483     2495.000
14.489     2496.000
14.495     2497.000
14.501     2498.000
14.507     2499.000
14.512     2500.000
14.518     2501.000
14.524     2502.000
14.530     2503.000
14.536     2504.000
14.541     2505.000
14.547     2506.000
14.553     2507.000
14.559     2508.000
14.565     2509.000
14.571     2510.000
14.576     2511.000
14.582     2512.000
14.588     2513.000
14.594     2514.000
14.600     2515.000
14.605     2516.000
14.611     2517.000
14.617     2518.000
14.623     2519.000
14.629     2520.000
14.634     2521.000
14.640     2522.000
14.646     2523.000
14.652     2524.000
14.658     2525.000
14.663     2526.000
14.669     2527.000
14.675     2528.000
14.681     2529.000
14.687     2530.000
14.692     2531.000
14.698     2532.000
14.704     2533.000
14.710     2534.000
14.716     2535.000
14.721     2536.000
14.727     2537.000
14.733     2538.000
14.739     2539.000
14.745     2540.000
14.750     2541.000
14.756     2542.000
14.762     2543.000
14.768     2544.000
14.774     2545.000
14.780     2546.000
14.785     2547.000
14.791     2548.000
14.797     2549.000
14.803     2550.000
14.809     2551.000
14.814     2552.000
14.820     2553.000
14.826     2554.000
14.832     2555.000
14.838     2556.000
14.843     2557.000
14.849     2558.000
14.855     2559.000
14.861     2560.000
14.867     2561.000
14.872     2562.000
14.878     2563.000
14.884     2564.000
14.890     2565.000
14.896     2566.000
14.901     2567.000
14.907     2568.000
14.913     2569.000
14.919     2570.000
14.925     2571.000
14.930     2572.000
14.936     2573.000
14.942     2574.000
14.948     2575.000
14.954     2576.000
14.959     2577.000
14.965     2578.000
14.971     2579.000
14.977     2580.000
14.983     2581.000
14.988     2582.000
14.994     2583.000
15.000     2584.000
15.006     2585.000
15.012     2586.000
15.018     2587.000
15.023     2588.000
15.029     2589.000
15.035     2590.000
15.041     2591.000
15.047     2592.000
15.052     2593.000
15.058     2594.000
15.064     2595.000
15.070     2596.000
15.076     2597.000
15.081     2598.000
15.087     2599.000
15.093     2600.000
15.099     2601.000
15.105     2602.000
15.110     2603.000
15.116     2604.000
15.122     2605.000
15.128     2606.000
15.134     2607.000
15.139     2608.000
15.145     2609.000
15.151     2610.000
15.157     2611.000
15.163     2612.000
15.168     2613.000
15.174     2614.000
15.180     2615.000
15.186     2616.000
15.192     2617.000
15.197     2618.000
15.203     2619.000
15.209     2620.000
15.215     2621.000
15.221     2622.000
15.226     2623.000
15.232     2624.000
15.238     2625.000
15.244     2626.000
15.250     2627.000
15.256     2628.000
15.261     2629.000
15.267     2630.000
15.273     2631.000
15.279     2632.000
15.285     2633.000
15.290     2634.000
15.296     2635.000
15.302     2636.000
15.308     2637.000
15.314     2638.000
15.319     2639.000
15.325     2640.000
15.331     2641.000
15.337     2642.000
15.343     2643.000
15.348     2644.000
15.354     2645.000
15.360     2646.000
15.366     2647.000
15.372     2648.000
15.377     2649.000
15.383     2650.000
15.389     2651.000
15.395     2652.000
15.401     2653.000
15.406     2654.000
15.412     2655.000
15.418     2656.000
15.424     2657.000
15.430     2658.000
15.435     2659.000
15.441     2660.000
15.447     2661.000
15.453     2662.000
15.459     2663.000
15.464     2664.000
15.470     2665.000
15.476     2666.000
15.482     2667.000
15.488     2668.000
15.494     2669.000
15.499     2670.000
15.505     2671.000
15.511     2672.000
15.517     2673.000
15.523     2674.000
15.528     2675.000
15.534     2676.000
15.540     2677.000
15.546     2678.000
15.552     2679.000
15.557     2680.000
15.563     2681.000
15.569     2682.000
15.575     2683.000
15.581     2684.000
15.586     2685.000
15.592     2686.000
15.598     2687.000
15.604     2688.000
15.610     2689.000
15.615     2690.000
15.621     2691.000
15.627     2692.000
15.633     2693.000
15.639     2694.000
15.644     2695.000
15.650     2696.000
15.656     2697.000
15.662     2698.000
15.668     2699.000
15.673     2700.000
15.679     2701.000
15.685     2702.000
15.691     2703.000
15.697     2704.000
15.702     2705.000
15.708     2706.000
15.714     2707.000
15.720     2708.000
15.726     2709.000
15.732     2710.000
15.737     2711.000
15.743     2712.000
15.749     2713.000
15.755     2714.000
15.761     2715.000
15.766     2716.000
15.772     2717.000
15.778     2718.000
15.784     2719.000
15.790     2720.000
15.795     2721.000
15.801     2722.000
15.807     2723.000
15.813     2724.000
15.819     2725.000
15.824     2726.000
15.830     2727.000
15.836     2728.000
15.842     2729.000
15.848     2730.000
15.853     2731.000
15.859     2732.000
15.865     2733.000
15.871     2734.000
15.877     2735.000
15.882     2736.000
15.888     2737.000
15.894     2738.000
15.900     2739.000
15.906     2740.000
15.911     2741.000
15.917     2742.000
15.923     2743.000
15.929     2744.000
15.935     2745.000
15.940     2746.000
15.946     2747.000
15.952     2748.000
15.958     2749.000
15.964     2750.000
15.970     2751.000
15.975     2752.000
15.981     2753.000
15.987     2754.000
15.993     2755.000
15.999     2756.000
16.004     2757.000
16.010     2758.000
16.016     2759.000
16.022     2760.000
16.028     2761.000
16.033     2762.000
16.039     2763.000
16.045     2764.000
16.051     2765.000
16.057     2766.000
16.062     2767.000
16.068     2768.000
16.074     2769.000
16.080     2770.000
16.086     2771.000
16.091     2772.000
16.097     2773.000
16.103     2774.000
16.109     2775.000
16.115     2776.000
16.120     2777.000
16.126     2778.000
16.132     2779.000
16.138     2780.000
16.144     2781.000
16.149     2782.000
16.155     2783.000
16.161     2784.000
16.167     2785.000
16.173     2786.000
16.179     2787.000
16.184     2788.000
16.190     2789.000
16.196     2790.000
16.202     2791.000
16.208     2792.000
16.213     2793.000
16.219     2794.000
16.225     2795.000
16.231     2796.000
16.237     2797.000
16.242     2798.000
16.248     2799.000
16.254     2800.000
16.260     2801.000
16.266     2802.000
16.271     2803.000
16.277     2804.000
16.283     2805.000
16.289     2806.000
16.295     2807.000
16.300     2808.000
16.306     2809.000
16.312     2810.000
16.318     2811.000
16.324     2812.000
16.329     2813.000
16.335     2814.000
16.341     2815.000
16.347     2816.000
16.353     2817.000
16.358     2818.000
16.364     2819.000
16.370     2820.000
16.376     2821.000
16.382     2822.000
16.387     2823.000
16.393     2824.000
16.399     2825.000
16.405     2826.000
16.411     2827.000
16.417     2828.000
16.422     2829.000
16.428     2830.000
16.434     2831.000
16.440     2832.000
16.446     2833.000
16.451     2834.000
16.457     2835.000
16.463     2836.000
16.469     2837.000
16.475     2838.000
16.480     2839.000
16.486     2840.000
16.492     2841.000
16.498     2842.000
16.504     2843.000
16.509     2844.000
16.515     2845.000
16.521     2846.000
16.527     2847.000
16.533     2848.000
16.538     2849.000
16.544     2850.000
16.550     2851.000
16.556     2852.000
16.562     2853.000
16.567     2854.000
16.573     2855.000
16.579     2856.000
16.585     2857.000
16.591     2858.000
16.596     2859.000
16.602     2860.000
16.608     2861.000
16.614     2862.000
16.620     2863.000
16.625     2864.000
16.631     2865.000
16.637     2866.000
16.643     2867.000
16.649     2868.000
16.655     2869.000
16.660     2870.000
16.666     2871.000
16.672     2872.000
16.678     2873.000
16.684     2874.000
16.689     2875.000
16.695     2876.000
16.701     2877.000
16.707     2878.000
16.713     2879.000
16.718     2880.000
16.724     2881.000
16.730     2882.000
16.736     2883.000
16.742     2884.000
16.747     2885.000
16.753     2886.000
16.759     2887.000
16.765     2888.000
16.771     2889.000
16.776     2890.000
16.782     2891.000
16.788     2892.000
16.794     2893.000
16.800     2894.000
16.805     2895.000
16.811     2896.000
16.817     2897.000
16.823     2898.000
16.829     2899.000
16.834     2900.000
16.840     2901.000
16.846     2902.000
16.852     2903.000
16.858     2904.000
16.863     2905.000
16.869     2906.000
16.875     2907.000
16.881     2908.000
16.887     2909.000
16.893     2910.000
16.898     2911.000
16.904     2912.000
16.910     2913.000
16.916     2914.000
16.922     2915.000
16.927     2916.000
16.933     2917.000
16.939     2918.000
16.945     2919.000
16.951     2920.000
16.956     2921.000
16.962     2922.000
16.968     2923.000
16.974     2924.000
16.980     2925.000
16.985     2926.000
16.991     2927.000
16.997     2928.000
17.003     2929.000
17.009     2930.000
17.014     2931.000
17.020     2932.000
17.026     2933.000
17.032     2934.000
17.038     2935.000
17.043     2936.000
17.049     2937.000
17.055     2938.000
17.061     2939.000
17.067     2940.000
17.072     2941.000
17.078     2942.000
17.084     2943.000
17.090     2944.000
17.096     2945.000
17.101     2946.000
17.107     2947.000
17.113     2948.000
17.119     2949.000
17.125     2950.000
17.131     2951.000
17.136     2952.000
17.142     2953.000
17.148     2954.000
17.154     2955.000
17.160     2956.000
17.165     2957.000
17.171     2958.000
17.177     2959.000
17.183     2960.000
17.189     2961.000
17.194     2962.000
17.200     2963.000
17.206     2964.000
17.212     2965.000
17.218     2966.000
17.223     2967.000
17.229     2968.000
17.235     2969.000
17.241     2970.000
17.247     2971.000
17.252     2972.000
17.258     2973.000
17.264     2974.000
17.270     2975.000
17.276     2976.000
17.281     2977.000
17.287     2978.000
17.293     2979.000
17.299     2980.000
17.305     2981.000
17.310     2982.000
17.316     2983.000
17.322     2984.000
17.328     2985.000
17.334     2986.000
17.340     2987.000
17.345     2988.000
17.351     2989.000
17.357     2990.000
17.363     2991.000
17.369     2992.000
17.374     2993.000
17.380     2994.000
17.386     2995.000
17.392     2996.000
17.398     2997.000
17.403     2998.000
17.409     2999.000
17.415     3000.000
17.421     3001.000
17.427     3002.000
17.432     3003.000
17.438     3004.000
17.444     3005.000
17.450     3006.000
17.456     3007.000
17.461     3008.000
17.467     3009.000
17.473     3010.000
17.479     3011.000
17.485     3012.000
17.490     3013.000
17.496     3014.000
17.502     3015.000
17.508     3016.000
17.514     3017.000
17.519     3018.000
17.525     3019.000
17.531     3020.000
17.537     3021.000
17.543     3022.000
17.548     3023.000
17.554     3024.000
17.560     3025.000
17.566     3026.000
17.572     3027.000
17.578     3028.000
17.583     3029.000
17.589     3030.000
17.595     3031.000
17.601     3032.000
17.607     3033.000
17.612     3034.000
17.618     3035.000
17.624     3036.000
17.630     3037.000
17.636     3038.000
17.641     3039.000
17.647     3040.000
17.653     3041.000
17.659     3042.000
17.665     3043.000
17.670     3044.000
17.676     3045.000
17.682     3046.000
17.688     3047.000
17.694     3048.000
17.699     3049.000
17.705     3050.000
17.711     3051.000
17.717     3052.000
17.723     3053.000
17.728     3054.000
17.734     3055.000
17.740     3056.000
17.746     3057.000
17.752     3058.000
17.757     3059.000
17.763     3060.000
17.769     3061.000
17.775     3062.000
17.781     3063.000
17.786     3064.000
17.792     3065.000
17.798     3066.000
17.804     3067.000
17.810     3068.000
17.816     3069.000
17.821     3070.000
17.827     3071.000
17.833     3072.000
17.839     3073.000
17.845     3074.000
17.850     3075.000
17.856     3076.000
17.862     3077.000
17.868     3078.000
17.874     3079.000
17.879     3080.000
17.885     3081.000
17.891     3082.000
17.897     3083.000
17.903     3084.000
17.908     3085.000
17.914     3086.000
17.920     3087.000
17.926     3088.000
17.932     3089.000
17.937     3090.000
17.943     3091.000
17.949     3092.000
17.955     3093.000
17.961     3094.000
17.966     3095.000
17.972     3096.000
17.978     3097.000
17.984     3098.000
17.990     3099.000
17.995     3100.000
18.001     3101.000
18.007     3102.000
18.013     3103.000
18.019     3104.000
18.024     3105.000
18.030     3106.000
18.036     3107.000
18.042     3108.000
18.048     3109.000
18.054     3110.000
18.059     3111.000
18.065     3112.000
18.071     3113.000
18.077     3114.000
18.083     3115.000
18.088     3116.000
18.094     3117.000
18.100     3118.000
18.106     3119.000
18.112     3120.000
18.117     3121.000
18.123     3122.000
18.129     3123.000
18.135     3124.000
18.141     3125.000
18.146     3126.000
18.152     3127.000
18.158     3128.000
18.164     3129.000
18.170     3130.000
18.175     3131.000
18.181     3132.000
18.187     3133.000
18.193     3134.000
18.199     3135.000
18.204     3136.000
18.210     3137.000
18.216     3138.000
18.222     3139.000
18.228     3140.000
18.233     3141.000
18.239     3142.000
18.245     3143.000
18.251     3144.000
18.257     3145.000
18.262     3146.000
18.268     3147.000
18.274     3148.000
18.280     3149.000
18.286     3150.000
18.292     3151.000
18.297     3152.000
18.303     3153.000
18.309     3154.000
18.315     3155.000
18.321     3156.000
18.326     3157.000
18.332     3158.000
18.338     3159.000
18.344     3160.000
18.350     3161.000
18.355     3162.000
18.361     3163.000
18.367     3164.000
18.373     3165.000
18.379     3166.000
18.384     3167.000
18.390     3168.000
18.396     3169.000
18.402     3170.000
18.408     3171.000
18.413     3172.000
18.419     3173.000
18.425     3174.000
18.431     3175.000
18.437     3176.000
18.442     3177.000
18.448     3178.000
18.454     3179.000
18.460     3180.000
18.466     3181.000
18.471     3182.000
18.477     3183.000
18.483     3184.000
18.489     3185.000
18.495     3186.000
18.500     3187.000
18.506     3188.000
18.512     3189.000
18.518     3190.000
18.524     3191.000
18.530     3192.000
18.535     3193.000
18.541     3194.000
18.547     3195.000
18.553     3196.000
18.559     3197.000
18.564     3198.000
18.570     3199.000
18.576     3200.000
18.582     3201.000
18.588     3202.000
18.593     3203.000
18.599     3204.000
18.605     3205.000
18.611     3206.000
18.617     3207.000
18.622     3208.000
18.628     3209.000
18.634     3210.000
18.640     3211.000
18.646     3212.000
18.651     3213.000
18.657     3214.000
18.663     3215.000
18.669     3216.000
18.675     3217.000
18.680     3218.000
18.686     3219.000
18.692     3220.000
18.698     3221.000
18.704     3222.000
18.709     3223.000
18.715     3224.000
18.721     3225.000
18.727     3226.000
18.733     3227.000
18.739     3228.000
18.744     3229.000
18.750     3230.000
18.756     3231.000
18.762     3232.000
18.768     3233.000
18.773     3234.000
18.779     3235.000
18.785     3236.000
18.791     3237.000
18.797     3238.000
18.802     3239.000
18.808     3240.000
18.814     3241.000
18.820     3242.000
18.826     3243.000
18.831     3244.000
18.837     3245.000
18.843     3246.000
18.849     3247.000
18.855     3248.000
18.860     3249.000
18.866     3250.000
18.872     3251.000
18.878     3252.000
18.884     3253.000
18.889     3254.000
18.895     3255.000
18.901     3256.000
18.907     3257.000
18.913     3258.000
18.918     3259.000
18.924     3260.000
18.930     3261.000
18.936     3262.000
18.942     3263.000
18.947     3264.000
18.953     3265.000
18.959     3266.000
18.965     3267.000
18.971     3268.000
18.977     3269.000
18.982     3270.000
18.988     3271.000
18.994     3272.000
19.000     3273.000
19.006     3274.000
19.011     3275.000
19.017     3276.000
19.023     3277.000
19.029     3278.000
19.035     3279.000
19.040     3280.000
19.046     3281.000
19.052     3282.000
19.058     3283.000
19.064     3284.000
19.069     3285.000
19.075     3286.000
19.081     3287.000
19.087     3288.000
19.093     3289.000
19.098     3290.000
19.104     3291.000
19.110     3292.000
19.116     3293.000
19.122     3294.000
19.127     3295.000
19.133     3296.000
19.139     3297.000
19.145     3298.000
19.151     3299.000
19.156     3300.000
19.162     3301.000
19.168     3302.000
19.174     3303.000
19.180     3304.000
19.185     3305.000
19.191     3306.000
19.197     3307.000
19.203     3308.000
19.209     3309.000
19.215     3310.000
19.220     3311.000
19.226     3312.000
19.232     3313.000
19.238     3314.000
19.244     3315.000
19.249     3316.000
19.255     3317.000
19.261     3318.000
19.267     3319.000
19.273     3320.000
19.278     3321.000
19.284     3322.000
19.290     3323.000
19.296     3324.000
19.302     3325.000
19.307     3326.000
19.313     3327.000
19.319     3328.000
19.325     3329.000
19.331     3330.000
19.336     3331.000
19.342     3332.000
19.348     3333.000
19.354     3334.000
19.360     3335.000
19.365     3336.000
19.371     3337.000
19.377     3338.000
19.383     3339.000
19.389     3340.000
19.394     3341.000
19.400     3342.000
19.406     3343.000
19.412     3344.000
19.418     3345.000
19.423     3346.000
19.429     3347.000
19.435     3348.000
19.441     3349.000
19.447     3350.000
19.453     3351.000
19.458     3352.000
19.464     3353.000
19.470     3354.000
19.476     3355.000
19.482     3356.000
19.487     3357.000
19.493     3358.000
19.499     3359.000
19.505     3360.000
19.511     3361.000
19.516     3362.000
19.522     3363.000
19.528     3364.000
19.534     3365.000
19.540     3366.000
19.545     3367.000
19.551     3368.000
19.557     3369.000
19.563     3370.000
19.569     3371.000
19.574     3372.000
19.580     3373.000
19.586     3374.000
19.592     3375.000
19.598     3376.000
19.603     3377.000
19.609     3378.000
19.615     3379.000
19.621     3380.000
19.627     3381.000
19.632     3382.000
19.638     3383.000
19.644     3384.000
19.650     3385.000
19.656     3386.000
19.661     3387.000
19.667     3388.000
19.673     3389.000
19.679     3390.000
19.685     3391.000
19.691     3392.000
19.696     3393.000
19.702     3394.000
19.708     3395.000
19.714     3396.000
19.720     3397.000
19.725     3398.000
19.731     3399.000
19.737     3400.000
19.743     3401.000
19.749     3402.000
19.754     3403.000
19.760     3404.000
19.766     3405.000
19.772     3406.000
19.778     3407.000
19.783     3408.000
19.789     3409.000
19.795     3410.000
19.801     3411.000
19.807     3412.000
19.812     3413.000
19.818     3414.000
19.824     3415.000
19.830     3416.000
19.836     3417.000
19.841     3418.000
19.847     3419.000
19.853     3420.000
19.859     3421.000
19.865     3422.000
19.870     3423.000
19.876     3424.000
19.882     3425.000
19.888     3426.000
19.894     3427.000
19.900     3428.000
19.905     3429.000
19.911     3430.000
19.917     3431.000
19.923     3432.000
19.929     3433.000
19.934     3434.000
19.940     3435.000
19.946     3436.000
19.952     3437.000
19.958     3438.000
19.963     3439.000
19.969     3440.000
19.975     3441.000
19.981     3442.000
19.987     3443.000
19.992     3444.000
19.998     3445.000
20.004     3446.000
20.010     3447.000
20.016     3448.000
20.021     3449.000
20.027     3450.000
20.033     3451.000
20.039     3452.000
20.045     3453.000
20.050     3454.000
20.056     3455.000
20.062     3456.000
20.068     3457.000
20.074     3458.000
20.079     3459.000
20.085     3460.000
20.091     3461.000
20.097     3462.000
20.103     3463.000
20.108     3464.000
20.114     3465.000
20.120     3466.000
20.126     3467.000
20.132     3468.000
20.138     3469.000
20.143     3470.000
20.149     3471.000
20.155     3472.000
20.161     3473.000
20.167     3474.000
20.172     3475.000
20.178     3476.000
20.184     3477.000
20.190     3478.000
20.196     3479.000
20.201     3480.000
20.207     3481.000
20.213     3482.000
20.219     3483.000
20.225     3484.000
20.230     3485.000
20.236     3486.000
20.242     3487.000
20.248     3488.000
20.254     3489.000
20.259     3490.000
20.265     3491.000
20.271     3492.000
20.277     3493.000
20.283     3494.000
20.288     3495.000
20.294     3496.000
20.300     3497.000
20.306     3498.000
20.312     3499.000
20.317     3500.000
20.323     3501.000
20.329     3502.000
20.335     3503.000
20.341     3504.000
20.346     3505.000
20.352     3506.000
20.358     3507.000
20.364     3508.000
20.370     3509.000
20.376     3510.000
20.381     3511.000
20.387     3512.000
20.393     3513.000
20.399     3514.000
20.405     3515.000
20.410     3516.000
20.416     3517.000
20.422     3518.000
20.428     3519.000
20.434     3520.000
20.439     3521.000
20.445     3522.000
20.451     3523.000
20.457     3524.000
20.463     3525.000
20.468     3526.000
20.474     3527.000
20.480     3528.000
20.486     3529.000
20.492     3530.000
20.497     3531.000
20.503     3532.000
20.509     3533.000
20.515     3534.000
20.521     3535.000
20.526     3536.000
20.532     3537.000
20.538     3538.000
20.544     3539.000
20.550     3540.000
20.555     3541.000
20.561     3542.000
20.567     3543.000
20.573     3544.000
20.579     3545.000
20.584     3546.000
20.590     3547.000
20.596     3548.000
20.602     3549.000
20.608     3550.000
20.614     3551.000
20.619     3552.000
20.625     3553.000
20.631     3554.000
20.637     3555.000
20.643     3556.000
20.648     3557.000
20.654     3558.000
20.660     3559.000
20.666     3560.000
20.672     3561.000
20.677     3562.000
20.683     3563.000
20.689     3564.000
20.695     3565.000
20.701     3566.000
20.706     3567.000
20.712     3568.000
20.718     3569.000
20.724     3570.000
20.730     3571.000
20.735     3572.000
20.741     3573.000
20.747     3574.000
20.753     3575.000
20.759     3576.000
20.764     3577.000
20.770     3578.000
20.776     3579.000
20.782     3580.000
20.788     3581.000
20.793     3582.000
20.799     3583.000
20.805     3584.000
20.811     3585.000
20.817     3586.000
20.822     3587.000
20.828     3588.000
20.834     3589.000
20.840     3590.000
20.846     3591.000
20.852     3592.000
20.857     3593.000
20.863     3594.000
20.869     3595.000
20.875     3596.000
20.881     3597.000
20.886     3598.000
20.892     3599.000
20.898     3600.000
20.904     3601.000
20.910     3602.000
20.915     3603.000
20.921     3604.000
20.927     3605.000
20.933     3606.000
20.939     3607.000
20.944     3608.000
20.950     3609.000
20.956     3610.000
20.962     3611.000
20.968     3612.000
20.973     3613.000
20.979     3614.000
20.985     3615.000
20.991     3616.000
20.997     3617.000
21.002     3618.000
21.008     3619.000
21.014     3620.000
21.020     3621.000
21.026     3622.000
21.031     3623.000
21.037     3624.000
21.043     3625.000
21.049     3626.000
21.055     3627.000
21.060     3628.000
21.066     3629.000
21.072     3630.000
21.078     3631.000
21.084     3632.000
21.090     3633.000
21.095     3634.000
21.101     3635.000
21.107     3636.000
21.113     3637.000
21.119     3638.000
21.124     3639.000
21.130     3640.000
21.136     3641.000
21.142     3642.000
21.148     3643.000
21.153     3644.000
21.159     3645.000
21.165     3646.000
21.171     3647.000
21.177     3648.000
21.182     3649.000
21.188     3650.000
21.194     3651.000
21.200     3652.000
21.206     3653.000
21.211     3654.000
21.217     3655.000
21.223     3656.000
21.229     3657.000
21.235     3658.000
21.240     3659.000
21.246     3660.000
21.252     3661.000
21.258     3662.000
21.264     3663.000
21.269     3664.000
21.275     3665.000
21.281     3666.000
21.287     3667.000
21.293     3668.000
21.299     3669.000
21.304     3670.000
21.310     3671.000
21.316     3672.000
21.322     3673.000
21.328     3674.000
21.333     3675.000
21.339     3676.000
21.345     3677.000
21.351     3678.000
21.357     3679.000
21.362     3680.000
21.368     3681.000
21.374     3682.000
21.380     3683.000
21.386     3684.000
21.391     3685.000
21.397     3686.000
21.403     3687.000
21.409     3688.000
21.415     3689.000
21.420     3690.000
21.426     3691.000
21.432     3692.000
21.438     3693.000
21.444     3694.000
21.449     3695.000
21.455     3696.000
21.461     3697.000
21.467     3698.000
21.473     3699.000
21.478     3700.000
21.484     3701.000
21.490     3702.000
21.496     3703.000
21.502     3704.000
21.507     3705.000
21.513     3706.000
21.519     3707.000
21.525     3708.000
21.531     3709.000
21.537     3710.000
21.542     3711.000
21.548     3712.000
21.554     3713.000
21.560     3714.000
21.566     3715.000
21.571     3716.000
21.577     3717.000
21.583     3718.000
21.589     3719.000
21.595     3720.000
21.600     3721.000
21.606     3722.000
21.612     3723.000
21.618     3724.000
21.624     3725.000
21.629     3726.000
21.635     3727.000
21.641     3728.000
21.647     3729.000
21.653     3730.000
21.658     3731.000
21.664     3732.000
21.670     3733.000
21.676     3734.000
21.682     3735.000
21.687     3736.000
21.693     3737.000
21.699     3738.000
21.705     3739.000
21.711     3740.000
21.716     3741.000
21.722     3742.000
21.728     3743.000
21.734     3744.000
21.740     3745.000
21.745     3746.000
21.751     3747.000
21.757     3748.000
21.763     3749.000
21.769     3750.000
21.775     3751.000
21.780     3752.000
21.786     3753.000
21.792     3754.000
21.798     3755.000
21.804     3756.000
21.809     3757.000
21.815     3758.000
21.821     3759.000
21.827     3760.000
21.833     3761.000
21.838     3762.000
21.844     3763.000
21.850     3764.000
21.856     3765.000
21.862     3766.000
21.867     3767.000
21.873     3768.000
21.879     3769.000
21.885     3770.000
21.891     3771.000
21.896     3772.000
21.902     3773.000
21.908     3774.000
21.914     3775.000
21.920     3776.000
21.925     3777.000
21.931     3778.000
21.937     3779.000
21.943     3780.000
21.949     3781.000
21.954     3782.000
21.960     3783.000
21.966     3784.000
21.972     3785.000
21.978     3786.000
21.983     3787.000
21.989     3788.000
21.995     3789.000
22.001     3790.000
22.007     3791.000
22.013     3792.000
22.018     3793.000
22.024     3794.000
22.030     3795.000
22.036     3796.000
22.042     3797.000
22.047     3798.000
22.053     3799.000
22.059     3800.000
22.065     3801.000
22.071     3802.000
22.076     3803.000
22.082     3804.000
22.088     3805.000
22.094     3806.000
22.100     3807.000
22.105     3808.000
22.111     3809.000
22.117     3810.000
22.123     3811.000
22.129     3812.000
22.134     3813.000
22.140     3814.000
22.146     3815.000
22.152     3816.000
22.158     3817.000
22.163     3818.000
22.169     3819.000
22.175     3820.000
22.181     3821.000
22.187     3822.000
22.192     3823.000
22.198     3824.000
22.204     3825.000
22.210     3826.000
22.216     3827.000
22.221     3828.000
22.227     3829.000
22.233     3830.000
22.239     3831.000
22.245     3832.000
22.251     3833.000
22.256     3834.000
22.262     3835.000
22.268     3836.000
22.274     3837.000
22.280     3838.000
22.285     3839.000
22.291     3840.000
22.297     3841.000
22.303     3842.000
22.309     3843.000
22.314     3844.000
22.320     3845.000
22.326     3846.000
22.332     3847.000
22.338     3848.000
22.343     3849.000
22.349     3850.000
22.355     3851.000
22.361     3852.000
22.367     3853.000
22.372     3854.000
22.378     3855.000
22.384     3856.000
22.390     3857.000
22.396     3858.000
22.401     3859.000
22.407     3860.000
22.413     3861.000
22.419     3862.000
22.425     3863.000
22.430     3864.000
22.436     3865.000
22.442     3866.000
22.448     3867.000
22.454     3868.000
22.460     3869.000
22.465     3870.000
22.471     3871.000
22.477     3872.000
22.483     3873.000
22.489     3874.000
22.494     3875.000
22.500     3876.000
22.506     3877.000
22.512     3878.000
22.518     3879.000
22.523     3880.000
22.529     3881.000
22.535     3882.000
22.541     3883.000
22.547     3884.000
22.552     3885.000
22.558     3886.000
22.564     3887.000
22.570     3888.000
22.576     3889.000
22.581     3890.000
22.587     3891.000
22.593     3892.000
22.599     3893.000
22.605     3894.000
22.610     3895.000
22.616     3896.000
22.622     3897.000
22.628     3898.000
22.634     3899.000
22.639     3900.000
22.645     3901.000
22.651     3902.000
22.657     3903.000
22.663     3904.000
22.668     3905.000
22.674     3906.000
22.680     3907.000
22.686     3908.000
22.692     3909.000
22.698     3910.000
22.703     3911.000
22.709     3912.000
22.715     3913.000
22.721     3914.000
22.727     3915.000
22.732     3916.000
22.738     3917.000
22.744     3918.000
22.750     3919.000
22.756     3920.000
22.761     3921.000
22.767     3922.000
22.773     3923.000
22.779     3924.000
22.785     3925.000
22.790     3926.000
22.796     3927.000
22.802     3928.000
22.808     3929.000
22.814     3930.000
22.819     3931.000
22.825     3932.000
22.831     3933.000
22.837     3934.000
22.843     3935.000
22.848     3936.000
22.854     3937.000
22.860     3938.000
22.866     3939.000
22.872     3940.000
22.877     3941.000
22.883     3942.000
22.889     3943.000
22.895     3944.000
22.901     3945.000
22.906     3946.000
22.912     3947.000
22.918     3948.000
22.924     3949.000
22.930     3950.000
22.936     3951.000
22.941     3952.000
22.947     3953.000
22.953     3954.000
22.959     3955.000
22.965     3956.000
22.970     3957.000
22.976     3958.000
22.982     3959.000
22.988     3960.000
22.994     3961.000
22.999     3962.000
23.005     3963.000
23.011     3964.000
23.017     3965.000
23.023     3966.000
23.028     3967.000
23.034     3968.000
23.040     3969.000
23.046     3970.000
23.052     3971.000
23.057     3972.000
23.063     3973.000
23.069     3974.000
23.075     3975.000
23.081     3976.000
23.086     3977.000
23.092     3978.000
23.098     3979.000
23.104     3980.000
23.110     3981.000
23.115     3982.000
23.121     3983.000
23.127     3984.000
23.133     3985.000
23.139     3986.000
23.144     3987.000
23.150     3988.000
23.156     3989.000
23.162     3990.000
23.168     3991.000
23.174     3992.000
23.179     3993.000
23.185     3994.000
23.191     3995.000
23.197     3996.000
23.203     3997.000
23.208     3998.000
23.214     3999.000
