0.000     0.000
0.006     0.000
0.012     0.000
0.017     0.000
0.023     0.000
0.029     0.000
0.035     0.000
0.041     0.000
0.046     0.000
0.052     0.000
0.058     0.000
0.064     0.000
0.070     0.000
0.075     0.000
0.081     0.000
0.087     0.000
0.093     0.000
0.099     0.000
0.104     0.000
0.110     0.000
0.116     0.000
0.122     0.000
0.128     0.000
0.134     0.000
0.139     0.000
0.145     0.000
0.151     0.000
0.157     0.000
0.163     0.000
0.168     0.000
0.174     0.000
0.180     0.000
0.186     0.000
0.192     0.000
0.197     0.000
0.203     0.000
0.209     0.000
0.215     0.000
0.221     0.000
0.226     0.000
0.232     0.000
0.238     0.000
0.244     0.000
0.250     0.000
0.255     0.000
0.261     0.000
0.267     0.000
0.273     0.000
0.279     0.000
0.284     0.000
0.290     0.000
0.296     0.000
0.302     0.000
0.308     0.000
0.313     0.000
0.319     0.000
0.325     0.000
0.331     0.000
0.337     0.000
0.342     0.000
0.348     0.000
0.354     0.000
0.360     0.000
0.366     0.000
0.372     0.000
0.377     0.000
0.383     0.000
0.389     0.000
0.395     0.000
0.401     0.000
0.406     0.000
0.412     0.000
0.418     0.000
0.424     0.000
0.430     0.000
0.435     0.000
0.441     0.000
0.447     0.000
0.453     0.000
0.459     0.000
0.464     0.000
0.470     0.000
0.476     0.000
0.482     0.000
0.488     0.000
0.493     0.000
0.499     0.000
0.505     0.000
0.511     0.000
0.517     0.000
0.522     0.000
0.528     0.000
0.534     0.000
0.540     0.000
0.546     0.000
0.551     0.000
0.557     0.000
0.563     0.000
0.569     0.000
0.575     0.000
0.580     0.000
0.586     0.000
0.592     0.000
0.598     0.000
0.604     0.000
0.610     0.000
0.615     0.000
0.621     0.000
0.627     0.000
0.633     0.000
0.639     0.000
0.644     0.000
0.650     0.000
0.656     0.000
0.662     0.000
0.668     0.000
0.673     0.000
0.679     0.000
0.685     0.000
0.691     0.000
0.697     0.000
0.702     0.000
0.708     0.000
0.714     0.000
0.720     0.000
0.726     0.000
0.731     0.000
0.737     0.000
0.743     0.000
0.749     0.000
0.755     0.000
0.760     0.000
0.766     0.000
0.772     0.000
0.778     0.000
0.784     0.000
0.789     0.000
0.795     0.000
0.801     0.000
0.807     0.000
0.813     0.000
0.819     0.000
0.824     0.000
0.830     0.000
0.836     0.000
0.842     0.000
0.848     0.000
0.853     0.000
0.859     0.000
0.865     0.000
0.871     0.000
0.877     0.000
0.882     0.000
0.888     0.000
0.894     0.000
0.900     0.000
0.906     0.000
0.911     0.000
0.917     0.000
0.923     0.000
0.929     0.000
0.935     0.000
0.940     0.000
0.946     0.000
0.952     0.000
0.958     0.000
0.964     0.000
0.969     0.000
0.975     0.000
0.981     0.000
0.987     0.000
0.993     0.000
0.998     0.000
1.004     0.000
1.010     0.000
1.016     0.000
1.022     176.400
1.027     176.400
1.033     176.400
1.039     176.400
1.045     175.697
1.051     175.697
1.057     175.000
1.062     174.308
1.068     174.308
1.074     174.308
1.080     174.308
1.086     174.308
1.091     174.308
1.097     174.308
1.103     174.308
1.109     0.000
1.115     0.000
1.120     0.000
1.126     0.000
1.132     0.000
1.138     0.000
1.144     0.000
1.149     0.000
1.155     0.000
1.161     0.000
1.167     0.000
1.173     0.000
1.178     0.000
1.184     0.000
1.190     0.000
1.196     0.000
1.202     0.000
1.207     0.000
1.213     0.000
1.219     0.000
1.225     0.000
1.231     0.000
1.236     0.000
1.242     0.000
1.248     0.000
1.254     0.000
1.260     0.000
1.265     0.000
1.271     0.000
1.277     0.000
1.283     0.000
1.289     0.000
1.295     0.000
1.300     0.000
1.306     0.000
1.312     0.000
1.318     0.000
1.324     0.000
1.329     0.000
1.335     0.000
1.341     0.000
1.347     0.000
1.353     0.000
1.358     0.000
1.364     0.000
1.370     0.000
1.376     0.000
1.382     0.000
1.387     0.000
1.393     0.000
1.399     0.000
1.405     0.000
1.411     0.000
1.416     0.000
1.422     0.000
1.428     0.000
1.434     0.000
1.440     0.000
1.445     0.000
1.451     0.000
1.457     0.000
1.463     0.000
1.469     0.000
1.474     0.000
1.480     0.000
1.486     0.000
1.492     0.000
1.498     0.000
1.503     0.000
1.509     0.000
1.515     0.000
1.521     0.000
1.527     0.000
1.533     173.622
1.538     174.308
1.544     174.308
1.550     174.308
1.556     175.000
1.562     175.000
1.567     175.000
1.573     175.697
1.579     175.697
1.585     175.697
1.591     175.697
1.596     175.697
1.602     175.697
1.608     175.697
1.614     175.697
1.620     175.697
1.625     175.697
1.631     175.697
1.637     175.697
1.643     176.400
1.649     176.400
1.654     177.823
1.660     178.543
1.666     180.000
1.672     181.481
1.678     183.750
1.683     186.076
1.689     188.462
1.695     190.086
1.701     190.909
1.707     191.739
1.712     193.421
1.718     194.273
1.724     195.133
1.730     195.133
1.736     196.000
1.741     196.000
1.747     195.133
1.753     195.133
1.759     195.133
1.765     194.273
1.771     193.421
1.776     192.576
1.782     192.576
1.788     192.576
1.794     0.000
1.800     0.000
1.805     0.000
1.811     0.000
1.817     0.000
1.823     0.000
1.829     0.000
1.834     0.000
1.840     0.000
1.846     0.000
1.852     0.000
1.858     0.000
1.863     0.000
1.869     0.000
1.875     0.000
1.881     195.133
1.887     195.133
1.892     195.133
1.898     195.133
1.904     195.133
1.910     195.133
1.916     195.133
1.921     195.133
1.927     195.133
1.933     195.133
1.939     195.133
1.945     195.133
1.950     194.273
1.956     194.273
1.962     194.273
1.968     194.273
1.974     194.273
1.980     195.133
1.985     195.133
1.991     195.133
1.997     195.133
2.003     195.133
2.009     195.133
2.014     195.133
2.020     195.133
2.026     195.133
2.032     195.133
2.038     195.133
2.043     195.133
2.049     194.273
2.055     194.273
2.061     194.273
2.067     194.273
2.072     194.273
2.078     194.273
2.084     195.133
2.090     195.133
2.096     195.133
2.101     194.273
2.107     195.133
2.113     195.133
2.119     194.273
2.125     194.273
2.130     194.273
2.136     194.273
2.142     194.273
2.148     193.421
2.154     193.421
2.159     193.421
2.165     193.421
2.171     193.421
2.177     193.421
2.183     193.421
2.188     194.273
2.194     194.273
2.200     194.273
2.206     195.133
2.212     196.000
2.218     196.000
2.223     196.000
2.229     196.000
2.235     196.875
2.241     196.000
2.247     196.000
2.252     196.875
2.258     196.875
2.264     196.875
2.270     196.875
2.276     196.875
2.281     196.000
2.287     196.000
2.293     196.000
2.299     196.000
2.305     196.000
2.310     196.000
2.316     196.000
2.322     196.000
2.328     196.000
2.334     196.000
2.339     196.000
2.345     196.000
2.351     196.000
2.357     196.000
2.363     196.000
2.368     196.000
2.374     196.000
2.380     196.875
2.386     197.758
2.392     197.758
2.397     197.758
2.403     197.758
2.409     197.758
2.415     196.875
2.421     196.000
2.426     174.308
2.432     191.739
2.438     198.649
2.444     194.273
2.450     197.758
2.456     197.758
2.461     196.000
2.467     0.000
2.473     0.000
2.479     0.000
2.485     0.000
2.490     0.000
2.496     0.000
2.502     0.000
2.508     0.000
2.514     0.000
2.519     0.000
2.525     0.000
2.531     0.000
2.537     0.000
2.543     0.000
2.548     0.000
2.554     0.000
2.560     0.000
2.566     0.000
2.572     0.000
2.577     0.000
2.583     0.000
2.589     0.000
2.595     0.000
2.601     0.000
2.606     0.000
2.612     0.000
2.618     0.000
2.624     0.000
2.630     0.000
2.635     0.000
2.641     0.000
2.647     0.000
2.653     0.000
2.659     0.000
2.664     0.000
2.670     0.000
2.676     0.000
2.682     0.000
2.688     0.000
2.694     0.000
2.699     0.000
2.705     0.000
2.711     0.000
2.717     0.000
2.723     0.000
2.728     0.000
2.734     0.000
2.740     0.000
2.746     0.000
2.752     0.000
2.757     0.000
2.763     0.000
2.769     0.000
2.775     0.000
2.781     0.000
2.786     0.000
2.792     0.000
2.798     0.000
2.804     0.000
2.810     0.000
2.815     0.000
2.821     0.000
2.827     0.000
2.833     0.000
2.839     0.000
2.844     0.000
2.850     0.000
2.856     0.000
2.862     195.133
2.868     196.000
2.873     196.000
2.879     196.000
2.885     196.875
2.891     196.875
2.897     196.875
2.902     196.875
2.908     196.875
2.914     196.875
2.920     197.758
2.926     196.875
2.932     197.758
2.937     196.875
2.943     196.875
2.949     196.000
2.955     196.000
2.961     194.273
2.966     192.576
2.972     205.116
2.978     195.133
2.984     191.739
2.990     195.133
2.995     190.909
3.001     190.909
3.007     0.000
3.013     0.000
3.019     0.000
3.024     0.000
3.030     0.000
3.036     0.000
3.042     0.000
3.048     0.000
3.053     0.000
3.059     0.000
3.065     0.000
3.071     0.000
3.077     0.000
3.082     0.000
3.088     0.000
3.094     0.000
3.100     0.000
3.106     0.000
3.111     0.000
3.117     0.000
3.123     0.000
3.129     0.000
3.135     0.000
3.140     0.000
3.146     0.000
3.152     0.000
3.158     0.000
3.164     0.000
3.170     0.000
3.175     0.000
3.181     0.000
3.187     0.000
3.193     0.000
3.199     0.000
3.204     0.000
3.210     0.000
3.216     0.000
3.222     0.000
3.228     0.000
3.233     0.000
3.239     0.000
3.245     0.000
3.251     0.000
3.257     0.000
3.262     0.000
3.268     0.000
3.274     390.265
3.280     390.265
3.286     390.265
3.291     390.265
3.297     390.265
3.303     390.265
3.309     390.265
3.315     390.265
3.320     390.265
3.326     390.265
3.332     390.265
3.338     390.265
3.344     392.000
3.349     392.000
3.355     392.000
3.361     392.000
3.367     392.000
3.373     392.000
3.379     392.000
3.384     392.000
3.390     392.000
3.396     392.000
3.402     392.000
3.408     392.000
3.413     393.750
3.419     393.750
3.425     395.516
3.431     397.297
3.437     399.095
3.442     400.909
3.448     402.740
3.454     404.587
3.460     406.452
3.466     408.333
3.471     412.150
3.477     414.085
3.483     416.038
3.489     418.009
3.495     418.009
3.500     420.000
3.506     420.000
3.512     420.000
3.518     418.009
3.524     418.009
3.529     418.009
3.535     416.038
3.541     416.038
3.547     416.038
3.553     416.038
3.558     416.038
3.564     418.009
3.570     418.009
3.576     418.009
3.582     418.009
3.587     420.000
3.593     418.009
3.599     420.000
3.605     418.009
3.611     418.009
3.617     418.009
3.622     418.009
3.628     0.000
3.634     0.000
3.640     0.000
3.646     0.000
3.651     0.000
3.657     0.000
3.663     0.000
3.669     0.000
3.675     0.000
3.680     0.000
3.686     0.000
3.692     0.000
3.698     0.000
3.704     0.000
3.709     0.000
3.715     0.000
3.721     0.000
3.727     0.000
3.733     0.000
3.738     0.000
3.744     0.000
3.750     0.000
3.756     0.000
3.762     0.000
3.767     0.000
3.773     0.000
3.779     0.000
3.785     0.000
3.791     0.000
3.796     0.000
3.802     0.000
3.808     0.000
3.814     0.000
3.820     0.000
3.825     0.000
3.831     0.000
3.837     0.000
3.843     0.000
3.849     0.000
3.855     0.000
3.860     0.000
3.866     0.000
3.872     210.000
3.878     209.005
3.884     209.005
3.889     209.005
3.895     209.005
3.901     209.005
3.907     208.019
3.913     207.042
3.918     175.697
3.924     155.282
3.930     154.737
3.936     154.196
3.942     154.737
3.947     154.196
3.953     155.282
3.959     157.500
3.965     155.282
3.971     155.830
3.976     155.282
3.982     155.282
3.988     155.282
3.994     155.282
4.000     0.000
4.005     0.000
4.011     0.000
4.017     0.000
4.023     0.000
4.029     0.000
4.034     0.000
4.040     0.000
4.046     0.000
4.052     0.000
4.058     0.000
4.063     0.000
4.069     0.000
4.075     0.000
4.081     0.000
4.087     0.000
4.093     0.000
4.098     0.000
4.104     0.000
4.110     0.000
4.116     0.000
4.122     0.000
4.127     0.000
4.133     0.000
4.139     0.000
4.145     0.000
4.151     0.000
4.156     0.000
4.162     0.000
4.168     0.000
4.174     0.000
4.180     0.000
4.185     0.000
4.191     0.000
4.197     0.000
4.203     0.000
4.209     0.000
4.214     0.000
4.220     0.000
4.226     0.000
4.232     0.000
4.238     0.000
4.243     0.000
4.249     0.000
4.255     0.000
4.261     0.000
4.267     0.000
4.272     0.000
4.278     0.000
4.284     0.000
4.290     0.000
4.296     0.000
4.301     0.000
4.307     0.000
4.313     0.000
4.319     0.000
4.325     0.000
4.331     0.000
4.336     0.000
4.342     0.000
4.348     0.000
4.354     0.000
4.360     0.000
4.365     0.000
4.371     0.000
4.377     0.000
4.383     0.000
4.389     0.000
4.394     0.000
4.400     0.000
4.406     0.000
4.412     0.000
4.418     0.000
4.423     0.000
4.429     0.000
4.435     0.000
4.441     0.000
4.447     0.000
4.452     0.000
4.458     0.000
4.464     0.000
4.470     0.000
4.476     0.000
4.481     0.000
4.487     0.000
4.493     0.000
4.499     0.000
4.505     0.000
4.510     0.000
4.516     0.000
4.522     0.000
4.528     0.000
4.534     0.000
4.540     0.000
4.545     0.000
4.551     0.000
4.557     0.000
4.563     0.000
4.569     0.000
4.574     0.000
4.580     0.000
4.586     0.000
4.592     0.000
4.598     0.000
4.603     0.000
4.609     0.000
4.615     0.000
4.621     0.000
4.627     0.000
4.632     0.000
4.638     0.000
4.644     0.000
4.650     0.000
4.656     0.000
4.661     0.000
4.667     0.000
4.673     0.000
4.679     0.000
4.685     0.000
4.690     0.000
4.696     0.000
4.702     0.000
4.708     0.000
4.714     0.000
4.719     0.000
4.725     0.000
4.731     0.000
4.737     0.000
4.743     0.000
4.748     0.000
4.754     0.000
4.760     0.000
4.766     0.000
4.772     0.000
4.778     0.000
4.783     0.000
4.789     0.000
4.795     0.000
4.801     0.000
4.807     0.000
4.812     0.000
4.818     0.000
4.824     0.000
4.830     0.000
4.836     0.000
4.841     0.000
4.847     190.086
4.853     190.909
4.859     190.909
4.865     191.739
4.870     192.576
4.876     193.421
4.882     193.421
4.888     194.273
4.894     195.133
4.899     196.875
4.905     197.758
4.911     0.000
4.917     0.000
4.923     0.000
4.928     0.000
4.934     0.000
4.940     0.000
4.946     0.000
4.952     0.000
4.957     0.000
4.963     0.000
4.969     0.000
4.975     0.000
4.981     0.000
4.986     0.000
4.992     0.000
4.998     0.000
5.004     0.000
5.010     0.000
5.016     0.000
5.021     0.000
5.027     0.000
5.033     0.000
5.039     0.000
5.045     0.000
5.050     0.000
5.056     0.000
5.062     0.000
5.068     0.000
5.074     0.000
5.079     0.000
5.085     0.000
5.091     0.000
5.097     0.000
5.103     0.000
5.108     0.000
5.114     0.000
5.120     0.000
5.126     0.000
5.132     0.000
5.137     0.000
5.143     0.000
5.149     0.000
5.155     0.000
5.161     0.000
5.166     0.000
5.172     0.000
5.178     0.000
5.184     0.000
5.190     0.000
5.195     0.000
5.201     0.000
5.207     0.000
5.213     0.000
5.219     0.000
5.224     0.000
5.230     0.000
5.236     0.000
5.242     0.000
5.248     0.000
5.254     0.000
5.259     0.000
5.265     0.000
5.271     0.000
5.277     198.649
5.283     197.758
5.288     197.758
5.294     197.758
5.300     197.758
5.306     197.758
5.312     196.875
5.317     196.875
5.323     196.875
5.329     196.875
5.335     196.875
5.341     196.875
5.346     196.875
5.352     196.875
5.358     196.875
5.364     196.875
5.370     196.875
5.375     196.875
5.381     196.875
5.387     196.875
5.393     196.875
5.399     196.875
5.404     196.875
5.410     196.875
5.416     196.875
5.422     196.875
5.428     0.000
5.433     0.000
5.439     0.000
5.445     0.000
5.451     0.000
5.457     0.000
5.462     0.000
5.468     0.000
5.474     0.000
5.480     0.000
5.486     0.000
5.492     0.000
5.497     0.000
5.503     0.000
5.509     0.000
5.515     0.000
5.521     0.000
5.526     0.000
5.532     0.000
5.538     0.000
5.544     0.000
5.550     0.000
5.555     0.000
5.561     0.000
5.567     0.000
5.573     0.000
5.579     0.000
5.584     0.000
5.590     0.000
5.596     0.000
5.602     0.000
5.608     0.000
5.613     196.875
5.619     196.875
5.625     196.000
5.631     196.000
5.637     196.000
5.642     196.000
5.648     196.000
5.654     196.000
5.660     196.000
5.666     196.000
5.671     196.000
5.677     196.000
5.683     196.000
5.689     196.875
5.695     196.875
5.700     196.875
5.706     196.875
5.712     197.758
5.718     197.758
5.724     197.758
5.730     197.758
5.735     196.875
5.741     196.875
5.747     196.875
5.753     196.000
5.759     196.875
5.764     196.000
5.770     196.875
5.776     196.875
5.782     196.875
5.788     196.875
5.793     196.875
5.799     196.875
5.805     196.000
5.811     196.875
5.817     196.875
5.822     196.875
5.828     196.875
5.834     197.758
5.840     197.758
5.846     197.758
5.851     197.758
5.857     198.649
5.863     197.758
5.869     197.758
5.875     197.758
5.880     197.758
5.886     197.758
5.892     197.758
5.898     198.649
5.904     197.758
5.909     198.649
5.915     198.649
5.921     198.649
5.927     197.758
5.933     197.758
5.939     196.875
5.944     196.875
5.950     197.758
5.956     197.758
5.962     196.875
5.968     196.875
5.973     196.875
5.979     196.875
5.985     196.875
5.991     196.875
5.997     196.875
6.002     196.875
6.008     196.875
6.014     196.000
6.020     196.000
6.026     196.000
6.031     196.000
6.037     196.000
6.043     196.000
6.049     196.000
6.055     196.000
6.060     196.000
6.066     196.000
6.072     196.000
6.078     196.875
6.084     196.000
6.089     196.875
6.095     196.000
6.101     196.000
6.107     196.000
6.113     196.000
6.118     196.000
6.124     196.000
6.130     196.000
6.136     196.000
6.142     196.000
6.147     196.000
6.153     196.000
6.159     196.875
6.165     196.875
6.171     196.875
6.177     196.875
6.182     196.875
6.188     196.875
6.194     196.875
6.200     196.875
6.206     196.875
6.211     196.875
6.217     196.000
6.223     196.875
6.229     196.875
6.235     196.875
6.240     197.758
6.246     197.758
6.252     197.758
6.258     196.875
6.264     196.875
6.269     196.000
6.275     196.000
6.281     196.000
6.287     196.000
6.293     196.000
6.298     196.000
6.304     196.000
6.310     196.000
6.316     196.000
6.322     196.000
6.327     196.000
6.333     196.000
6.339     196.000
6.345     196.000
6.351     196.000
6.356     195.133
6.362     196.000
6.368     195.133
6.374     196.000
6.380     196.000
6.385     196.000
6.391     196.000
6.397     196.000
6.403     196.875
6.409     196.875
6.415     196.000
6.420     196.875
6.426     196.875
6.432     196.875
6.438     196.875
6.444     197.758
6.449     197.758
6.455     197.758
6.461     197.758
6.467     196.875
6.473     196.875
6.478     196.875
6.484     196.875
6.490     196.875
6.496     196.875
6.502     197.758
6.507     197.758
6.513     198.649
6.519     198.649
6.525     199.548
6.531     199.548
6.536     199.548
6.542     199.548
6.548     199.548
6.554     198.649
6.560     198.649
6.565     197.758
6.571     197.758
6.577     196.875
6.583     196.000
6.589     195.133
6.594     195.133
6.600     193.421
6.606     192.576
6.612     190.909
6.618     189.270
6.623     188.462
6.629     186.864
6.635     177.823
6.641     181.481
6.647     179.268
6.653     172.941
6.658     172.266
6.664     170.930
6.670     170.270
6.676     169.615
6.682     169.615
6.687     168.966
6.693     169.615
6.699     169.615
6.705     169.615
6.711     170.270
6.716     170.270
6.722     170.270
6.728     170.270
6.734     170.930
6.740     171.595
6.745     171.595
6.751     172.266
6.757     172.266
6.763     172.266
6.769     172.266
6.774     172.266
6.780     172.266
6.786     171.595
6.792     171.595
6.798     171.595
6.803     170.930
6.809     171.595
6.815     171.595
6.821     171.595
6.827     171.595
6.832     171.595
6.838     171.595
6.844     171.595
6.850     171.595
6.856     171.595
6.861     171.595
6.867     171.595
6.873     171.595
6.879     170.930
6.885     170.930
6.891     170.270
6.896     170.270
6.902     169.615
6.908     169.615
6.914     170.270
6.920     170.270
6.925     170.930
6.931     170.930
6.937     170.930
6.943     170.930
6.949     171.595
6.954     171.595
6.960     171.595
6.966     171.595
6.972     171.595
6.978     172.266
6.983     172.266
6.989     172.266
6.995     172.266
7.001     172.266
7.007     172.266
7.012     172.266
7.018     172.266
7.024     172.266
7.030     171.595
7.036     171.595
7.041     171.595
7.047     171.595
7.053     171.595
7.059     172.266
7.065     172.266
7.070     172.266
7.076     172.266
7.082     172.266
7.088     172.266
7.094     172.266
7.100     172.266
7.105     172.266
7.111     172.266
7.117     171.595
7.123     171.595
7.129     171.595
7.134     170.930
7.140     171.595
7.146     171.595
7.152     171.595
7.158     172.266
7.163     172.266
7.169     172.941
7.175     172.941
7.181     172.941
7.187     173.622
7.192     173.622
7.198     174.308
7.204     174.308
7.210     0.000
7.216     0.000
7.221     0.000
7.227     0.000
7.233     0.000
7.239     0.000
7.245     0.000
7.250     0.000
7.256     0.000
7.262     0.000
7.268     0.000
7.274     0.000
7.279     0.000
7.285     0.000
7.291     0.000
7.297     0.000
7.303     0.000
7.308     0.000
7.314     0.000
7.320     0.000
7.326     0.000
7.332     0.000
7.338     0.000
7.343     0.000
7.349     0.000
7.355     0.000
7.361     0.000
7.367     0.000
7.372     0.000
7.378     0.000
7.384     0.000
7.390     0.000
7.396     0.000
7.401     0.000
7.407     0.000
7.413     0.000
7.419     0.000
7.425     0.000
7.430     0.000
7.436     0.000
7.442     0.000
7.448     0.000
7.454     0.000
7.459     0.000
7.465     0.000
7.471     0.000
7.477     0.000
7.483     0.000
7.488     0.000
7.494     0.000
7.500     0.000
7.506     0.000
7.512     0.000
7.517     0.000
7.523     0.000
7.529     0.000
7.535     0.000
7.541     0.000
7.546     0.000
7.552     0.000
7.558     0.000
7.564     0.000
7.570     0.000
7.576     0.000
7.581     0.000
7.587     0.000
7.593     0.000
7.599     0.000
7.605     0.000
7.610     0.000
7.616     0.000
7.622     0.000
7.628     0.000
7.634     0.000
7.639     0.000
7.645     0.000
7.651     0.000
7.657     0.000
7.663     0.000
7.668     0.000
7.674     0.000
7.680     0.000
7.686     0.000
7.692     0.000
7.697     0.000
7.703     0.000
7.709     0.000
7.715     0.000
7.721     0.000
7.726     0.000
7.732     0.000
7.738     0.000
7.744     0.000
7.750     0.000
7.755     0.000
7.761     0.000
7.767     0.000
7.773     0.000
7.779     0.000
7.784     0.000
7.790     0.000
7.796     0.000
7.802     0.000
7.808     0.000
7.814     0.000
7.819     0.000
7.825     0.000
7.831     0.000
7.837     0.000
7.843     0.000
7.848     0.000
7.854     0.000
7.860     0.000
7.866     137.383
7.872     137.383
7.877     136.957
7.883     137.383
7.889     137.383
7.895     137.812
7.901     137.812
7.906     137.383
7.912     137.812
7.918     137.812
7.924     136.533
7.930     137.383
7.935     0.000
7.941     0.000
7.947     0.000
7.953     0.000
7.959     0.000
7.964     0.000
7.970     0.000
7.976     0.000
7.982     0.000
7.988     0.000
7.993     0.000
7.999     0.000
8.005     0.000
8.011     0.000
8.017     0.000
8.022     0.000
8.028     137.812
8.034     137.812
8.040     138.679
8.046     138.245
8.052     138.679
8.057     138.679
8.063     138.245
8.069     139.117
8.075     135.276
8.081     139.557
8.086     135.276
8.092     139.117
8.098     135.276
8.104     138.679
8.110     137.812
8.115     138.245
8.121     138.245
8.127     138.245
8.133     138.245
8.139     138.245
8.144     136.111
8.150     137.812
8.156     137.812
8.162     136.957
8.168     138.245
8.173     138.679
8.179     142.258
8.185     194.273
8.191     195.133
8.197     196.875
8.202     196.875
8.208     198.649
8.214     199.548
8.220     199.548
8.226     200.455
8.231     201.370
8.237     201.370
8.243     202.294
8.249     203.226
8.255     204.167
8.260     206.075
8.266     207.042
8.272     208.019
8.278     209.005
8.284     0.000
8.290     0.000
8.295     0.000
8.301     0.000
8.307     0.000
8.313     0.000
8.319     0.000
8.324     0.000
8.330     0.000
8.336     0.000
8.342     0.000
8.348     0.000
8.353     0.000
8.359     0.000
8.365     0.000
8.371     0.000
8.377     0.000
8.382     0.000
8.388     0.000
8.394     0.000
8.400     0.000
8.406     0.000
8.411     0.000
8.417     0.000
8.423     0.000
8.429     0.000
8.435     0.000
8.440     0.000
8.446     0.000
8.452     0.000
8.458     0.000
8.464     0.000
8.469     0.000
8.475     0.000
8.481     0.000
8.487     0.000
8.493     0.000
8.499     0.000
8.504     0.000
8.510     0.000
8.516     0.000
8.522     0.000
8.528     0.000
8.533     0.000
8.539     0.000
8.545     0.000
8.551     0.000
8.557     0.000
8.562     0.000
8.568     0.000
8.574     0.000
8.580     0.000
8.586     0.000
8.591     0.000
8.597     0.000
8.603     0.000
8.609     0.000
8.615     0.000
8.620     0.000
8.626     0.000
8.632     0.000
8.638     0.000
8.644     0.000
8.649     0.000
8.655     0.000
8.661     0.000
8.667     0.000
8.673     0.000
8.678     0.000
8.684     0.000
8.690     0.000
8.696     0.000
8.702     0.000
8.707     0.000
8.713     0.000
8.719     0.000
8.725     0.000
8.731     0.000
8.737     0.000
8.742     0.000
8.748     0.000
8.754     0.000
8.760     0.000
8.766     0.000
8.771     0.000
8.777     0.000
8.783     0.000
8.789     0.000
8.795     0.000
8.800     0.000
8.806     0.000
8.812     0.000
8.818     0.000
8.824     0.000
8.829     0.000
8.835     209.005
8.841     208.019
8.847     207.042
8.853     206.075
8.858     205.116
8.864     205.116
8.870     205.116
8.876     203.226
8.882     202.294
8.887     199.548
8.893     198.649
8.899     197.758
8.905     196.875
8.911     196.875
8.916     196.875
8.922     196.000
8.928     196.000
8.934     196.000
8.940     196.000
8.945     196.875
8.951     196.875
8.957     196.875
8.963     197.758
8.969     197.758
8.975     197.758
8.980     197.758
8.986     197.758
8.992     196.875
8.998     196.875
9.004     196.875
9.009     196.000
9.015     196.000
9.021     196.000
9.027     196.000
9.033     196.000
9.038     196.000
9.044     196.000
9.050     195.133
9.056     195.133
9.062     195.133
9.067     194.273
9.073     194.273
9.079     195.133
9.085     195.133
9.091     195.133
9.096     196.000
9.102     196.000
9.108     196.000
9.114     196.000
9.120     196.000
9.125     196.000
9.131     195.133
9.137     195.133
9.143     195.133
9.149     195.133
9.154     195.133
9.160     195.133
9.166     195.133
9.172     195.133
9.178     195.133
9.183     195.133
9.189     195.133
9.195     195.133
9.201     195.133
9.207     194.273
9.213     195.133
9.218     194.273
9.224     195.133
9.230     194.273
9.236     194.273
9.242     193.421
9.247     194.273
9.253     193.421
9.259     193.421
9.265     193.421
9.271     193.421
9.276     193.421
9.282     194.273
9.288     194.273
9.294     194.273
9.300     195.133
9.305     195.133
9.311     195.133
9.317     195.133
9.323     195.133
9.329     195.133
9.334     195.133
9.340     195.133
9.346     195.133
9.352     195.133
9.358     195.133
9.363     195.133
9.369     195.133
9.375     195.133
9.381     195.133
9.387     195.133
9.392     195.133
9.398     195.133
9.404     196.000
9.410     195.133
9.416     196.000
9.421     196.000
9.427     195.133
9.433     196.875
9.439     196.875
9.445     196.000
9.451     196.000
9.456     196.875
9.462     196.875
9.468     196.875
9.474     196.875
9.480     196.875
9.485     196.875
9.491     196.875
9.497     196.000
9.503     196.875
9.509     196.000
9.514     196.875
9.520     196.875
9.526     196.875
9.532     0.000
9.538     0.000
9.543     0.000
9.549     0.000
9.555     0.000
9.561     0.000
9.567     0.000
9.572     0.000
9.578     0.000
9.584     0.000
9.590     0.000
9.596     0.000
9.601     0.000
9.607     0.000
9.613     0.000
9.619     0.000
9.625     0.000
9.630     0.000
9.636     0.000
9.642     0.000
9.648     0.000
9.654     0.000
9.660     0.000
9.665     0.000
9.671     0.000
9.677     0.000
9.683     0.000
9.689     0.000
9.694     0.000
9.700     0.000
9.706     0.000
9.712     0.000
9.718     0.000
9.723     0.000
9.729     0.000
9.735     0.000
9.741     0.000
9.747     0.000
9.752     0.000
9.758     0.000
9.764     0.000
9.770     0.000
9.776     0.000
9.781     0.000
9.787     0.000
9.793     0.000
9.799     0.000
9.805     0.000
9.810     0.000
9.816     0.000
9.822     0.000
9.828     0.000
9.834     0.000
9.839     0.000
9.845     0.000
9.851     0.000
9.857     0.000
9.863     0.000
9.868     0.000
9.874     0.000
9.880     0.000
9.886     0.000
9.892     0.000
9.898     0.000
9.903     0.000
9.909     0.000
9.915     0.000
9.921     0.000
9.927     0.000
9.932     0.000
9.938     0.000
9.944     0.000
9.950     0.000
9.956     0.000
9.961     0.000
9.967     0.000
9.973     0.000
9.979     0.000
9.985     0.000
9.990     0.000
9.996     0.000
10.002     0.000
10.008     0.000
10.014     0.000
10.019     0.000
10.025     0.000
10.031     0.000
10.037     0.000
10.043     0.000
10.048     0.000
10.054     0.000
10.060     0.000
10.066     0.000
10.072     0.000
10.077     0.000
10.083     0.000
10.089     0.000
10.095     0.000
10.101     0.000
10.106     0.000
10.112     0.000
10.118     0.000
10.124     0.000
10.130     0.000
10.136     0.000
10.141     0.000
10.147     0.000
10.153     0.000
10.159     0.000
10.165     0.000
10.170     0.000
10.176     0.000
10.182     0.000
10.188     0.000
10.194     0.000
10.199     0.000
10.205     0.000
10.211     0.000
10.217     0.000
10.223     0.000
10.228     0.000
10.234     0.000
10.240     0.000
10.246     0.000
10.252     0.000
10.257     0.000
10.263     0.000
10.269     0.000
10.275     0.000
10.281     0.000
10.286     0.000
10.292     0.000
10.298     0.000
10.304     0.000
10.310     0.000
10.315     0.000
10.321     0.000
10.327     0.000
10.333     0.000
10.339     0.000
10.344     0.000
10.350     0.000
10.356     0.000
10.362     0.000
10.368     0.000
10.374     0.000
10.379     0.000
10.385     0.000
10.391     0.000
10.397     0.000
10.403     0.000
10.408     0.000
10.414     0.000
10.420     0.000
10.426     0.000
10.432     0.000
10.437     0.000
10.443     0.000
10.449     0.000
10.455     0.000
10.461     0.000
10.466     0.000
10.472     0.000
10.478     0.000
10.484     0.000
10.490     0.000
10.495     0.000
10.501     0.000
10.507     0.000
10.513     0.000
10.519     0.000
10.524     0.000
10.530     0.000
10.536     0.000
10.542     0.000
10.548     0.000
10.553     0.000
10.559     0.000
10.565     0.000
10.571     0.000
10.577     0.000
10.582     0.000
10.588     0.000
10.594     0.000
10.600     0.000
10.606     0.000
10.612     0.000
10.617     0.000
10.623     0.000
10.629     0.000
10.635     0.000
10.641     0.000
10.646     0.000
10.652     0.000
10.658     0.000
10.664     0.000
10.670     0.000
10.675     0.000
10.681     0.000
10.687     0.000
10.693     0.000
10.699     0.000
10.704     0.000
10.710     0.000
10.716     0.000
10.722     0.000
10.728     0.000
10.733     0.000
10.739     0.000
10.745     0.000
10.751     0.000
10.757     0.000
10.762     0.000
10.768     0.000
10.774     0.000
10.780     0.000
10.786     0.000
10.791     0.000
10.797     0.000
10.803     0.000
10.809     0.000
10.815     0.000
10.820     0.000
10.826     0.000
10.832     0.000
10.838     0.000
10.844     0.000
10.850     0.000
10.855     0.000
10.861     0.000
10.867     0.000
10.873     0.000
10.879     0.000
10.884     0.000
10.890     0.000
10.896     0.000
10.902     0.000
10.908     0.000
10.913     0.000
10.919     0.000
10.925     0.000
10.931     0.000
10.937     0.000
10.942     0.000
10.948     0.000
10.954     0.000
10.960     0.000
10.966     0.000
10.971     0.000
10.977     0.000
10.983     0.000
10.989     0.000
10.995     0.000
11.000     0.000
11.006     0.000
11.012     0.000
11.018     0.000
11.024     0.000
11.029     0.000
11.035     0.000
11.041     0.000
11.047     0.000
11.053     0.000
11.059     0.000
11.064     0.000
11.070     0.000
11.076     0.000
11.082     0.000
11.088     0.000
11.093     0.000
11.099     0.000
11.105     0.000
11.111     0.000
11.117     0.000
11.122     0.000
11.128     0.000
11.134     0.000
11.140     0.000
11.146     0.000
11.151     0.000
11.157     0.000
11.163     0.000
11.169     0.000
11.175     0.000
11.180     0.000
11.186     0.000
11.192     0.000
11.198     0.000
11.204     0.000
11.209     0.000
11.215     0.000
11.221     0.000
11.227     0.000
11.233     0.000
11.238     0.000
11.244     0.000
11.250     0.000
11.256     0.000
11.262     0.000
11.267     0.000
11.273     0.000
11.279     0.000
11.285     0.000
11.291     0.000
11.297     0.000
11.302     0.000
11.308     0.000
11.314     0.000
11.320     0.000
11.326     0.000
11.331     348.617
11.337     350.000
11.343     348.617
11.349     348.617
11.355     347.244
11.360     176.400
11.366     170.270
11.372     171.595
11.378     170.930
11.384     171.595
11.389     170.930
11.395     170.930
11.401     170.270
11.407     169.615
11.413     168.966
11.418     168.321
11.424     168.321
11.430     168.966
11.436     170.270
11.442     170.930
11.447     171.595
11.453     171.595
11.459     172.266
11.465     172.941
11.471     172.941
11.476     173.622
11.482     174.308
11.488     175.000
11.494     175.697
11.500     175.697
11.505     175.697
11.511     176.400
11.517     176.400
11.523     176.400
11.529     176.400
11.535     177.108
11.540     177.108
11.546     177.823
11.552     177.823
11.558     178.543
11.564     0.000
11.569     0.000
11.575     0.000
11.581     0.000
11.587     0.000
11.593     0.000
11.598     0.000
11.604     0.000
11.610     0.000
11.616     0.000
11.622     0.000
11.627     0.000
11.633     0.000
11.639     0.000
11.645     0.000
11.651     0.000
11.656     0.000
11.662     0.000
11.668     0.000
11.674     0.000
11.680     0.000
11.685     0.000
11.691     0.000
11.697     0.000
11.703     0.000
11.709     0.000
11.714     0.000
11.720     0.000
11.726     0.000
11.732     0.000
11.738     0.000
11.743     0.000
11.749     0.000
11.755     0.000
11.761     0.000
11.767     0.000
11.773     0.000
11.778     0.000
11.784     0.000
11.790     0.000
11.796     0.000
11.802     0.000
11.807     0.000
11.813     0.000
11.819     0.000
11.825     0.000
11.831     0.000
11.836     0.000
11.842     0.000
11.848     0.000
11.854     0.000
11.860     0.000
11.865     0.000
11.871     0.000
11.877     0.000
11.883     0.000
11.889     0.000
11.894     0.000
11.900     0.000
11.906     0.000
11.912     0.000
11.918     0.000
11.923     0.000
11.929     0.000
11.935     0.000
11.941     0.000
11.947     0.000
11.952     0.000
11.958     0.000
11.964     0.000
11.970     0.000
11.976     0.000
11.981     0.000
11.987     0.000
11.993     0.000
11.999     0.000
12.005     0.000
12.011     0.000
12.016     0.000
12.022     0.000
12.028     0.000
12.034     0.000
12.040     0.000
12.045     0.000
12.051     0.000
12.057     0.000
12.063     0.000
12.069     0.000
12.074     0.000
12.080     0.000
12.086     0.000
12.092     0.000
12.098     0.000
12.103     0.000
12.109     0.000
12.115     0.000
12.121     0.000
12.127     0.000
12.132     0.000
12.138     0.000
12.144     0.000
12.150     0.000
12.156     0.000
12.161     0.000
12.167     0.000
12.173     0.000
12.179     0.000
12.185     0.000
12.190     0.000
12.196     0.000
12.202     0.000
12.208     0.000
12.214     0.000
12.220     0.000
12.225     0.000
12.231     0.000
12.237     0.000
12.243     0.000
12.249     0.000
12.254     0.000
12.260     0.000
12.266     0.000
12.272     0.000
12.278     0.000
12.283     0.000
12.289     0.000
12.295     0.000
12.301     0.000
12.307     0.000
12.312     0.000
12.318     0.000
12.324     0.000
12.330     0.000
12.336     0.000
12.341     0.000
12.347     0.000
12.353     0.000
12.359     0.000
12.365     0.000
12.370     0.000
12.376     0.000
12.382     0.000
12.388     0.000
12.394     0.000
12.399     0.000
12.405     0.000
12.411     0.000
12.417     0.000
12.423     0.000
12.428     0.000
12.434     0.000
12.440     0.000
12.446     0.000
12.452     0.000
12.458     0.000
12.463     0.000
12.469     0.000
12.475     0.000
12.481     0.000
12.487     0.000
12.492     0.000
12.498     0.000
12.504     0.000
12.510     0.000
12.516     0.000
12.521     0.000
12.527     0.000
12.533     0.000
12.539     0.000
12.545     0.000
12.550     0.000
12.556     0.000
12.562     0.000
12.568     0.000
12.574     0.000
12.579     0.000
12.585     0.000
12.591     0.000
12.597     0.000
12.603     0.000
12.608     0.000
12.614     0.000
12.620     0.000
12.626     0.000
12.632     0.000
12.637     0.000
12.643     0.000
12.649     0.000
12.655     0.000
12.661     0.000
12.666     0.000
12.672     0.000
12.678     0.000
12.684     0.000
12.690     0.000
12.696     0.000
12.701     195.133
12.707     195.133
12.713     195.133
12.719     194.273
12.725     194.273
12.730     195.133
12.736     196.000
12.742     195.133
12.748     196.000
12.754     196.000
12.759     196.875
12.765     196.875
12.771     196.000
12.777     196.875
12.783     196.000
12.788     196.000
12.794     196.000
12.800     196.000
12.806     196.000
12.812     196.000
12.817     195.133
12.823     195.133
12.829     195.133
12.835     195.133
12.841     195.133
12.846     195.133
12.852     195.133
12.858     195.133
12.864     195.133
12.870     195.133
12.875     195.133
12.881     195.133
12.887     195.133
12.893     195.133
12.899     195.133
12.904     195.133
12.910     195.133
12.916     196.875
12.922     199.548
12.928     324.265
12.934     331.579
12.939     0.000
12.945     0.000
12.951     0.000
12.957     0.000
12.963     0.000
12.968     0.000
12.974     0.000
12.980     0.000
12.986     0.000
12.992     0.000
12.997     0.000
13.003     0.000
13.009     0.000
13.015     0.000
13.021     0.000
13.026     0.000
13.032     0.000
13.038     0.000
13.044     0.000
13.050     0.000
13.055     0.000
13.061     0.000
13.067     0.000
13.073     0.000
13.079     0.000
13.084     0.000
13.090     0.000
13.096     0.000
13.102     0.000
13.108     0.000
13.113     0.000
13.119     0.000
13.125     0.000
13.131     0.000
13.137     0.000
13.142     0.000
13.148     0.000
13.154     0.000
13.160     0.000
13.166     0.000
13.172     0.000
13.177     0.000
13.183     0.000
13.189     0.000
13.195     0.000
13.201     0.000
13.206     0.000
13.212     0.000
13.218     0.000
13.224     0.000
13.230     0.000
13.235     0.000
13.241     0.000
13.247     0.000
13.253     0.000
13.259     0.000
13.264     0.000
13.270     0.000
13.276     0.000
13.282     0.000
13.288     0.000
13.293     0.000
13.299     0.000
13.305     195.133
13.311     195.133
13.317     195.133
13.322     194.273
13.328     194.273
13.334     194.273
13.340     194.273
13.346     193.421
13.351     194.273
13.357     193.421
13.363     194.273
13.369     194.273
13.375     194.273
13.380     194.273
13.386     195.133
13.392     195.133
13.398     196.000
13.404     196.000
13.410     196.000
13.415     196.000
13.421     195.133
13.427     195.133
13.433     195.133
13.439     196.000
13.444     196.000
13.450     196.875
13.456     197.758
13.462     197.758
13.468     198.649
13.473     199.548
13.479     200.455
13.485     201.370
13.491     202.294
13.497     204.167
13.502     205.116
13.508     207.042
13.514     208.019
13.520     208.019
13.526     209.005
13.531     209.005
13.537     209.005
13.543     209.005
13.549     209.005
13.555     209.005
13.560     208.019
13.566     208.019
13.572     208.019
13.578     208.019
13.584     0.000
13.589     0.000
13.595     0.000
13.601     0.000
13.607     0.000
13.613     0.000
13.619     0.000
13.624     0.000
13.630     0.000
13.636     0.000
13.642     0.000
13.648     0.000
13.653     0.000
13.659     0.000
13.665     0.000
13.671     0.000
13.677     0.000
13.682     0.000
13.688     0.000
13.694     0.000
13.700     0.000
13.706     0.000
13.711     0.000
13.717     0.000
13.723     0.000
13.729     0.000
13.735     0.000
13.740     0.000
13.746     0.000
13.752     0.000
13.758     0.000
13.764     0.000
13.769     0.000
13.775     0.000
13.781     0.000
13.787     0.000
13.793     0.000
13.798     0.000
13.804     0.000
13.810     0.000
13.816     0.000
13.822     0.000
13.827     0.000
13.833     0.000
13.839     0.000
13.845     0.000
13.851     0.000
13.857     0.000
13.862     0.000
13.868     0.000
13.874     0.000
13.880     0.000
13.886     0.000
13.891     0.000
13.897     0.000
13.903     0.000
13.909     0.000
13.915     0.000
13.920     0.000
13.926     0.000
13.932     0.000
13.938     0.000
13.944     0.000
13.949     0.000
13.955     0.000
13.961     0.000
13.967     0.000
13.973     0.000
13.978     0.000
13.984     0.000
13.990     0.000
13.996     0.000
14.002     0.000
14.007     0.000
14.013     0.000
14.019     0.000
14.025     0.000
14.031     0.000
14.036     0.000
14.042     0.000
14.048     0.000
14.054     0.000
14.060     0.000
14.065     0.000
14.071     0.000
14.077     0.000
14.083     0.000
14.089     0.000
14.095     0.000
14.100     0.000
14.106     0.000
14.112     0.000
14.118     0.000
14.124     0.000
14.129     0.000
14.135     0.000
14.141     0.000
14.147     0.000
14.153     0.000
14.158     0.000
14.164     0.000
14.170     0.000
14.176     0.000
14.182     0.000
14.187     0.000
14.193     0.000
14.199     0.000
14.205     0.000
14.211     0.000
14.216     0.000
14.222     0.000
14.228     0.000
14.234     0.000
14.240     0.000
14.245     0.000
14.251     0.000
14.257     0.000
14.263     0.000
14.269     0.000
14.274     0.000
14.280     0.000
14.286     0.000
14.292     0.000
14.298     0.000
14.303     0.000
14.309     0.000
14.315     0.000
14.321     0.000
14.327     0.000
14.333     0.000
14.338     0.000
14.344     0.000
14.350     0.000
14.356     0.000
14.362     0.000
14.367     0.000
14.373     0.000
14.379     0.000
14.385     0.000
14.391     0.000
14.396     0.000
14.402     0.000
14.408     0.000
14.414     0.000
14.420     0.000
14.425     0.000
14.431     0.000
14.437     0.000
14.443     0.000
14.449     0.000
14.454     0.000
14.460     0.000
14.466     0.000
14.472     0.000
14.478     0.000
14.483     0.000
14.489     0.000
14.495     0.000
14.501     0.000
14.507     0.000
14.512     0.000
14.518     0.000
14.524     0.000
14.530     0.000
14.536     0.000
14.541     0.000
14.547     0.000
14.553     0.000
14.559     0.000
14.565     0.000
14.571     0.000
14.576     0.000
14.582     0.000
14.588     0.000
14.594     0.000
14.600     0.000
14.605     0.000
14.611     0.000
14.617     0.000
14.623     0.000
14.629     0.000
14.634     0.000
14.640     0.000
14.646     0.000
14.652     0.000
14.658     0.000
14.663     0.000
14.669     0.000
14.675     0.000
14.681     0.000
14.687     206.075
14.692     218.317
14.698     207.042
14.704     194.273
14.710     204.167
14.716     204.167
14.721     202.294
14.727     211.005
14.733     203.226
14.739     208.019
14.745     194.273
14.750     193.421
14.756     191.739
14.762     191.739
14.768     191.739
14.774     191.739
14.780     191.739
14.785     191.739
14.791     191.739
14.797     191.739
14.803     191.739
14.809     191.739
14.814     191.739
14.820     191.739
14.826     191.739
14.832     192.576
14.838     0.000
14.843     0.000
14.849     0.000
14.855     0.000
14.861     0.000
14.867     0.000
14.872     0.000
14.878     0.000
14.884     0.000
14.890     0.000
14.896     0.000
14.901     0.000
14.907     0.000
14.913     0.000
14.919     0.000
14.925     0.000
14.930     0.000
14.936     0.000
14.942     0.000
14.948     0.000
14.954     0.000
14.959     0.000
14.965     0.000
14.971     0.000
14.977     0.000
14.983     0.000
14.988     0.000
14.994     0.000
15.000     0.000
15.006     0.000
15.012     0.000
15.018     0.000
15.023     0.000
15.029     0.000
15.035     0.000
15.041     0.000
15.047     0.000
15.052     0.000
15.058     0.000
15.064     0.000
15.070     0.000
15.076     0.000
15.081     0.000
15.087     0.000
15.093     0.000
15.099     0.000
15.105     0.000
15.110     0.000
15.116     0.000
15.122     0.000
15.128     0.000
15.134     0.000
15.139     0.000
15.145     0.000
15.151     0.000
15.157     0.000
15.163     0.000
15.168     0.000
15.174     0.000
15.180     0.000
15.186     0.000
15.192     0.000
15.197     0.000
15.203     0.000
15.209     0.000
15.215     0.000
15.221     0.000
15.226     0.000
15.232     0.000
15.238     0.000
15.244     0.000
15.250     0.000
15.256     0.000
15.261     0.000
15.267     0.000
15.273     0.000
15.279     0.000
15.285     0.000
15.290     0.000
15.296     198.649
15.302     198.649
15.308     197.758
15.314     197.758
15.319     197.758
15.325     197.758
15.331     197.758
15.337     197.758
15.343     197.758
15.348     196.875
15.354     196.875
15.360     196.875
15.366     196.875
15.372     196.000
15.377     196.875
15.383     196.000
15.389     196.000
15.395     196.000
15.401     196.000
15.406     195.133
15.412     195.133
15.418     195.133
15.424     195.133
15.430     195.133
15.435     0.000
15.441     0.000
15.447     0.000
15.453     0.000
15.459     0.000
15.464     0.000
15.470     0.000
15.476     0.000
15.482     0.000
15.488     0.000
15.494     0.000
15.499     0.000
15.505     0.000
15.511     0.000
15.517     0.000
15.523     0.000
15.528     195.133
15.534     195.133
15.540     195.133
15.546     195.133
15.552     194.273
15.557     194.273
15.563     194.273
15.569     194.273
15.575     193.421
15.581     193.421
15.586     193.421
15.592     193.421
15.598     193.421
15.604     193.421
15.610     193.421
15.615     193.421
15.621     193.421
15.627     193.421
15.633     193.421
15.639     194.273
15.644     193.421
15.650     194.273
15.656     194.273
15.662     194.273
15.668     194.273
15.673     194.273
15.679     194.273
15.685     194.273
15.691     195.133
15.697     195.133
15.702     195.133
15.708     194.273
15.714     194.273
15.720     194.273
15.726     193.421
15.732     193.421
15.737     193.421
15.743     194.273
15.749     194.273
15.755     194.273
15.761     194.273
15.766     194.273
15.772     194.273
15.778     193.421
15.784     193.421
15.790     194.273
15.795     0.000
15.801     0.000
15.807     0.000
15.813     0.000
15.819     0.000
15.824     0.000
15.830     0.000
15.836     0.000
15.842     0.000
15.848     0.000
15.853     0.000
15.859     0.000
15.865     0.000
15.871     0.000
15.877     0.000
15.882     0.000
15.888     0.000
15.894     0.000
15.900     0.000
15.906     0.000
15.911     0.000
15.917     0.000
15.923     0.000
15.929     0.000
15.935     0.000
15.940     0.000
15.946     0.000
15.952     0.000
15.958     0.000
15.964     0.000
15.970     0.000
15.975     0.000
15.981     0.000
15.987     0.000
15.993     0.000
15.999     0.000
16.004     0.000
16.010     0.000
16.016     0.000
16.022     0.000
16.028     0.000
16.033     0.000
16.039     0.000
16.045     0.000
16.051     0.000
16.057     0.000
16.062     0.000
16.068     0.000
16.074     0.000
16.080     0.000
16.086     0.000
16.091     194.273
16.097     194.273
16.103     195.133
16.109     195.133
16.115     196.000
16.120     196.000
16.126     196.875
16.132     196.875
16.138     197.758
16.144     197.758
16.149     198.649
16.155     198.649
16.161     198.649
16.167     198.649
16.173     198.649
16.179     198.649
16.184     198.649
16.190     197.758
16.196     197.758
16.202     197.758
16.208     197.758
16.213     197.758
16.219     196.875
16.225     196.000
16.231     196.000
16.237     196.000
16.242     195.133
16.248     195.133
16.254     195.133
16.260     194.273
16.266     194.273
16.271     194.273
16.277     193.421
16.283     194.273
16.289     194.273
16.295     194.273
16.300     194.273
16.306     195.133
16.312     195.133
16.318     196.000
16.324     196.000
16.329     196.875
16.335     196.875
16.341     197.758
16.347     197.758
16.353     197.758
16.358     198.649
16.364     198.649
16.370     198.649
16.376     198.649
16.382     198.649
16.387     198.649
16.393     198.649
16.399     197.758
16.405     196.875
16.411     196.875
16.417     196.000
16.422     196.000
16.428     196.000
16.434     195.133
16.440     195.133
16.446     196.000
16.451     196.000
16.457     196.000
16.463     196.875
16.469     196.875
16.475     197.758
16.480     197.758
16.486     198.649
16.492     198.649
16.498     198.649
16.504     198.649
16.509     198.649
16.515     198.649
16.521     198.649
16.527     0.000
16.533     0.000
16.538     0.000
16.544     0.000
16.550     0.000
16.556     0.000
16.562     0.000
16.567     0.000
16.573     0.000
16.579     0.000
16.585     0.000
16.591     0.000
16.596     0.000
16.602     0.000
16.608     0.000
16.614     0.000
16.620     0.000
16.625     0.000
16.631     0.000
16.637     0.000
16.643     0.000
16.649     0.000
16.655     0.000
16.660     0.000
16.666     0.000
16.672     0.000
16.678     0.000
16.684     0.000
16.689     0.000
16.695     0.000
16.701     0.000
16.707     0.000
16.713     0.000
16.718     0.000
16.724     0.000
16.730     0.000
16.736     0.000
16.742     0.000
16.747     0.000
16.753     0.000
16.759     0.000
16.765     0.000
16.771     0.000
16.776     0.000
16.782     0.000
16.788     0.000
16.794     0.000
16.800     0.000
16.805     0.000
16.811     0.000
16.817     0.000
16.823     0.000
16.829     0.000
16.834     0.000
16.840     0.000
16.846     0.000
16.852     0.000
16.858     0.000
16.863     0.000
16.869     0.000
16.875     0.000
16.881     0.000
16.887     172.941
16.893     173.622
16.898     173.622
16.904     173.622
16.910     174.308
16.916     174.308
16.922     174.308
16.927     174.308
16.933     174.308
16.939     174.308
16.945     174.308
16.951     174.308
16.956     174.308
16.962     174.308
16.968     173.622
16.974     173.622
16.980     173.622
16.985     173.622
16.991     173.622
16.997     174.308
17.003     174.308
17.009     174.308
17.014     174.308
17.020     174.308
17.026     173.622
17.032     174.308
17.038     173.622
17.043     173.622
17.049     172.941
17.055     172.941
17.061     172.941
17.067     173.622
17.072     173.622
17.078     174.308
17.084     175.000
17.090     175.000
17.096     175.000
17.101     175.697
17.107     175.697
17.113     175.697
17.119     175.697
17.125     175.697
17.131     175.000
17.136     175.000
17.142     175.000
17.148     174.308
17.154     174.308
17.160     174.308
17.165     174.308
17.171     174.308
17.177     174.308
17.183     175.000
17.189     175.000
17.194     175.000
17.200     175.000
17.206     175.000
17.212     175.000
17.218     175.000
17.223     0.000
17.229     0.000
17.235     0.000
17.241     0.000
17.247     0.000
17.252     0.000
17.258     0.000
17.264     0.000
17.270     0.000
17.276     0.000
17.281     0.000
17.287     0.000
17.293     0.000
17.299     0.000
17.305     0.000
17.310     0.000
17.316     172.941
17.322     172.941
17.328     172.941
17.334     172.941
17.340     172.941
17.345     172.266
17.351     172.941
17.357     172.941
17.363     172.941
17.369     172.941
17.374     172.941
17.380     172.941
17.386     173.622
17.392     172.941
17.398     173.622
17.403     173.622
17.409     173.622
17.415     173.622
17.421     173.622
17.427     173.622
17.432     173.622
17.438     173.622
17.444     173.622
17.450     172.941
17.456     172.941
17.461     172.941
17.467     0.000
17.473     0.000
17.479     0.000
17.485     0.000
17.490     0.000
17.496     0.000
17.502     0.000
17.508     0.000
17.514     0.000
17.519     0.000
17.525     0.000
17.531     0.000
17.537     0.000
17.543     0.000
17.548     0.000
17.554     0.000
17.560     0.000
17.566     0.000
17.572     0.000
17.578     0.000
17.583     0.000
17.589     0.000
17.595     0.000
17.601     0.000
17.607     0.000
17.612     0.000
17.618     0.000
17.624     0.000
17.630     0.000
17.636     0.000
17.641     0.000
17.647     0.000
17.653     0.000
17.659     0.000
17.665     0.000
17.670     0.000
17.676     0.000
17.682     0.000
17.688     0.000
17.694     0.000
17.699     0.000
17.705     0.000
17.711     0.000
17.717     0.000
17.723     0.000
17.728     0.000
17.734     0.000
17.740     0.000
17.746     0.000
17.752     0.000
17.757     0.000
17.763     0.000
17.769     0.000
17.775     0.000
17.781     0.000
17.786     0.000
17.792     0.000
17.798     0.000
17.804     0.000
17.810     0.000
17.816     0.000
17.821     0.000
17.827     0.000
17.833     0.000
17.839     0.000
17.845     0.000
17.850     0.000
17.856     0.000
17.862     0.000
17.868     0.000
17.874     0.000
17.879     0.000
17.885     0.000
17.891     0.000
17.897     0.000
17.903     0.000
17.908     0.000
17.914     0.000
17.920     0.000
17.926     0.000
17.932     0.000
17.937     0.000
17.943     0.000
17.949     0.000
17.955     0.000
17.961     0.000
17.966     0.000
17.972     0.000
17.978     0.000
17.984     0.000
17.990     0.000
17.995     0.000
18.001     0.000
18.007     0.000
18.013     0.000
18.019     0.000
18.024     0.000
18.030     0.000
18.036     0.000
18.042     0.000
18.048     0.000
18.054     0.000
18.059     0.000
18.065     0.000
18.071     0.000
18.077     0.000
18.083     0.000
18.088     0.000
18.094     0.000
18.100     0.000
18.106     0.000
18.112     0.000
18.117     0.000
18.123     0.000
18.129     0.000
18.135     0.000
18.141     0.000
18.146     0.000
18.152     0.000
18.158     0.000
18.164     0.000
18.170     0.000
18.175     0.000
18.181     0.000
18.187     0.000
18.193     0.000
18.199     0.000
18.204     0.000
18.210     0.000
18.216     0.000
18.222     0.000
18.228     0.000
18.233     0.000
18.239     0.000
18.245     0.000
18.251     0.000
18.257     0.000
18.262     0.000
18.268     0.000
18.274     0.000
18.280     0.000
18.286     0.000
18.292     205.116
18.297     206.075
18.303     207.042
18.309     207.042
18.315     208.019
18.321     208.019
18.326     209.005
18.332     209.005
18.338     209.005
18.344     209.005
18.350     208.019
18.355     208.019
18.361     207.042
18.367     206.075
18.373     206.075
18.379     204.167
18.384     203.226
18.390     202.294
18.396     201.370
18.402     177.823
18.408     190.086
18.413     190.909
18.419     196.000
18.425     195.133
18.431     195.133
18.437     195.133
18.442     194.273
18.448     192.576
18.454     191.739
18.460     190.909
18.466     190.086
18.471     189.270
18.477     189.270
18.483     189.270
18.489     189.270
18.495     0.000
18.500     0.000
18.506     0.000
18.512     0.000
18.518     0.000
18.524     0.000
18.530     0.000
18.535     0.000
18.541     0.000
18.547     0.000
18.553     0.000
18.559     0.000
18.564     0.000
18.570     0.000
18.576     0.000
18.582     0.000
18.588     0.000
18.593     0.000
18.599     0.000
18.605     0.000
18.611     0.000
18.617     0.000
18.622     0.000
18.628     0.000
18.634     0.000
18.640     0.000
18.646     0.000
18.651     0.000
18.657     0.000
18.663     0.000
18.669     0.000
18.675     0.000
18.680     0.000
18.686     0.000
18.692     0.000
18.698     0.000
18.704     0.000
18.709     0.000
18.715     0.000
18.721     0.000
18.727     0.000
18.733     0.000
18.739     0.000
18.744     0.000
18.750     0.000
18.756     0.000
18.762     0.000
18.768     0.000
18.773     0.000
18.779     0.000
18.785     0.000
18.791     0.000
18.797     0.000
18.802     0.000
18.808     0.000
18.814     0.000
18.820     0.000
18.826     0.000
18.831     0.000
18.837     0.000
18.843     0.000
18.849     0.000
18.855     0.000
18.860     0.000
18.866     0.000
18.872     0.000
18.878     0.000
18.884     0.000
18.889     0.000
18.895     0.000
18.901     0.000
18.907     0.000
18.913     198.649
18.918     197.758
18.924     197.758
18.930     196.875
18.936     196.875
18.942     196.000
18.947     196.000
18.953     196.000
18.959     196.000
18.965     195.133
18.971     195.133
18.977     195.133
18.982     195.133
18.988     195.133
18.994     195.133
19.000     194.273
19.006     194.273
19.011     194.273
19.017     194.273
19.023     194.273
19.029     194.273
19.035     194.273
19.040     194.273
19.046     193.421
19.052     193.421
19.058     193.421
19.064     193.421
19.069     193.421
19.075     194.273
19.081     194.273
19.087     194.273
19.093     195.133
19.098     194.273
19.104     194.273
19.110     194.273
19.116     194.273
19.122     194.273
19.127     194.273
19.133     194.273
19.139     194.273
19.145     194.273
19.151     194.273
19.156     194.273
19.162     194.273
19.168     194.273
19.174     193.421
19.180     193.421
19.185     193.421
19.191     193.421
19.197     194.273
19.203     194.273
19.209     194.273
19.215     194.273
19.220     194.273
19.226     194.273
19.232     194.273
19.238     194.273
19.244     194.273
19.249     194.273
19.255     193.421
19.261     193.421
19.267     193.421
19.273     193.421
19.278     193.421
19.284     194.273
19.290     194.273
19.296     194.273
19.302     195.133
19.307     195.133
19.313     195.133
19.319     195.133
19.325     195.133
19.331     195.133
19.336     195.133
19.342     195.133
19.348     195.133
19.354     195.133
19.360     195.133
19.365     195.133
19.371     194.273
19.377     194.273
19.383     195.133
19.389     195.133
19.394     195.133
19.400     196.000
19.406     196.000
19.412     196.000
19.418     196.000
19.423     196.000
19.429     196.000
19.435     196.000
19.441     195.133
19.447     195.133
19.453     195.133
19.458     195.133
19.464     195.133
19.470     195.133
19.476     195.133
19.482     195.133
19.487     195.133
19.493     195.133
19.499     195.133
19.505     195.133
19.511     195.133
19.516     195.133
19.522     195.133
19.528     195.133
19.534     195.133
19.540     196.000
19.545     196.000
19.551     196.000
19.557     196.000
19.563     196.000
19.569     196.000
19.574     196.000
19.580     196.000
19.586     196.875
19.592     196.000
19.598     196.000
19.603     196.000
19.609     196.000
19.615     196.000
19.621     196.000
19.627     196.000
19.632     196.000
19.638     196.000
19.644     196.000
19.650     196.000
19.656     196.000
19.661     196.000
19.667     195.133
19.673     195.133
19.679     195.133
19.685     195.133
19.691     195.133
19.696     195.133
19.702     195.133
19.708     194.273
19.714     194.273
19.720     194.273
19.725     194.273
19.731     194.273
19.737     194.273
19.743     194.273
19.749     194.273
19.754     194.273
19.760     194.273
19.766     194.273
19.772     194.273
19.778     194.273
19.783     194.273
19.789     194.273
19.795     194.273
19.801     194.273
19.807     194.273
19.812     194.273
19.818     194.273
19.824     194.273
19.830     195.133
19.836     195.133
19.841     195.133
19.847     195.133
19.853     195.133
19.859     195.133
19.865     195.133
19.870     195.133
19.876     194.273
19.882     194.273
19.888     194.273
19.894     195.133
19.900     195.133
19.905     195.133
19.911     195.133
19.917     195.133
19.923     195.133
19.929     194.273
19.934     195.133
19.940     194.273
19.946     194.273
19.952     194.273
19.958     194.273
19.963     194.273
19.969     195.133
19.975     194.273
19.981     195.133
19.987     195.133
19.992     195.133
19.998     195.133
20.004     195.133
20.010     195.133
20.016     195.133
20.021     195.133
20.027     195.133
20.033     195.133
20.039     195.133
20.045     195.133
20.050     195.133
20.056     195.133
20.062     195.133
20.068     195.133
20.074     195.133
20.079     195.133
20.085     195.133
20.091     195.133
20.097     194.273
20.103     194.273
20.108     194.273
20.114     194.273
20.120     194.273
20.126     194.273
20.132     194.273
20.138     194.273
20.143     194.273
20.149     194.273
20.155     194.273
20.161     194.273
20.167     194.273
20.172     194.273
20.178     195.133
20.184     195.133
20.190     195.133
20.196     195.133
20.201     195.133
20.207     195.133
20.213     195.133
20.219     195.133
20.225     195.133
20.230     195.133
20.236     194.273
20.242     194.273
20.248     195.133
20.254     195.133
20.259     195.133
20.265     194.273
20.271     194.273
20.277     194.273
20.283     194.273
20.288     194.273
20.294     194.273
20.300     194.273
20.306     194.273
20.312     194.273
20.317     194.273
20.323     194.273
20.329     194.273
20.335     194.273
20.341     194.273
20.346     194.273
20.352     194.273
20.358     194.273
20.364     194.273
20.370     194.273
20.376     194.273
20.381     194.273
20.387     194.273
20.393     193.421
20.399     193.421
20.405     193.421
20.410     193.421
20.416     193.421
20.422     193.421
20.428     193.421
20.434     194.273
20.439     194.273
20.445     194.273
20.451     194.273
20.457     194.273
20.463     194.273
20.468     195.133
20.474     195.133
20.480     195.133
20.486     195.133
20.492     195.133
20.497     195.133
20.503     195.133
20.509     196.000
20.515     196.000
20.521     196.875
20.526     196.875
20.532     196.875
20.538     196.875
20.544     196.875
20.550     196.000
20.555     196.000
20.561     196.000
20.567     196.875
20.573     196.875
20.579     196.875
20.584     196.875
20.590     196.875
20.596     196.875
20.602     196.000
20.608     196.000
20.614     196.000
20.619     196.000
20.625     196.000
20.631     196.000
20.637     196.000
20.643     196.000
20.648     196.000
20.654     195.133
20.660     195.133
20.666     0.000
20.672     0.000
20.677     0.000
20.683     0.000
20.689     0.000
20.695     0.000
20.701     0.000
20.706     0.000
20.712     0.000
20.718     0.000
20.724     0.000
20.730     0.000
20.735     0.000
20.741     0.000
20.747     0.000
20.753     0.000
20.759     0.000
20.764     0.000
20.770     0.000
20.776     0.000
20.782     0.000
20.788     0.000
20.793     0.000
20.799     0.000
20.805     0.000
20.811     0.000
20.817     0.000
20.822     0.000
20.828     0.000
20.834     0.000
20.840     0.000
20.846     0.000
20.852     0.000
20.857     0.000
20.863     0.000
20.869     0.000
20.875     0.000
20.881     0.000
20.886     0.000
20.892     0.000
20.898     0.000
20.904     0.000
20.910     0.000
20.915     0.000
20.921     0.000
20.927     0.000
20.933     0.000
20.939     0.000
20.944     0.000
20.950     0.000
20.956     0.000
20.962     0.000
20.968     0.000
20.973     0.000
20.979     0.000
20.985     0.000
20.991     0.000
20.997     0.000
21.002     0.000
21.008     0.000
21.014     0.000
21.020     0.000
21.026     0.000
21.031     0.000
21.037     0.000
21.043     0.000
21.049     0.000
21.055     0.000
21.060     0.000
21.066     0.000
21.072     0.000
21.078     0.000
21.084     0.000
21.090     0.000
21.095     0.000
21.101     0.000
21.107     0.000
21.113     0.000
21.119     0.000
21.124     0.000
21.130     0.000
21.136     0.000
21.142     0.000
21.148     0.000
21.153     0.000
21.159     0.000
21.165     0.000
21.171     0.000
21.177     0.000
21.182     0.000
21.188     0.000
21.194     0.000
21.200     0.000
21.206     0.000
21.211     0.000
21.217     0.000
21.223     0.000
21.229     0.000
21.235     0.000
21.240     0.000
21.246     0.000
21.252     0.000
21.258     0.000
21.264     0.000
21.269     0.000
21.275     0.000
21.281     0.000
21.287     0.000
21.293     0.000
21.299     0.000
21.304     0.000
21.310     0.000
21.316     0.000
21.322     0.000
21.328     0.000
21.333     0.000
21.339     0.000
21.345     0.000
21.351     0.000
21.357     0.000
21.362     0.000
21.368     0.000
21.374     0.000
21.380     0.000
21.386     0.000
21.391     0.000
21.397     0.000
21.403     0.000
21.409     0.000
21.415     0.000
21.420     0.000
21.426     0.000
21.432     0.000
21.438     0.000
21.444     0.000
21.449     0.000
21.455     0.000
21.461     0.000
21.467     0.000
21.473     0.000
21.478     0.000
21.484     0.000
21.490     0.000
21.496     0.000
21.502     0.000
21.507     0.000
21.513     0.000
21.519     0.000
21.525     0.000
21.531     0.000
21.537     0.000
21.542     0.000
21.548     0.000
21.554     0.000
21.560     0.000
21.566     0.000
21.571     0.000
21.577     0.000
21.583     0.000
21.589     0.000
21.595     0.000
21.600     0.000
21.606     0.000
21.612     0.000
21.618     0.000
21.624     0.000
21.629     0.000
21.635     0.000
21.641     0.000
21.647     0.000
21.653     0.000
21.658     0.000
