0.0	0.0
0.006	305.7850646972656
0.012	331.5405578613281
0.017	311.1301574707031
0.023	307.5564880371094
0.028999999999999998	311.1301574707031
0.035	311.1301574707031
0.040999999999999995	323.9681091308594
0.046	337.3358154296875
0.052000000000000005	309.3381652832031
0.057999999999999996	316.5686340332031
0.064	316.5686340332031
0.07	329.6310119628906
0.075	318.4024963378906
0.081	318.4024963378906
0.087	314.74530029296875
0.09300000000000001	320.24700927734375
0.099	339.2900085449219
0.10400000000000001	337.3358154296875
0.11	333.4611511230469
0.11599999999999999	333.4611511230469
0.122	331.5405578613281
0.128	320.24700927734375
0.134	337.3358154296875
0.139	335.3929138183594
0.145	329.6310119628906
0.151	331.5405578613281
0.157	337.3358154296875
0.163	327.73248291015625
0.168	329.6310119628906
0.174	337.3358154296875
0.18	335.3929138183594
0.18600000000000003	322.1021728515625
0.192	329.6310119628906
0.19699999999999998	329.6310119628906
0.203	323.9681091308594
0.209	323.9681091308594
0.215	341.2555236816406
0.221	327.73248291015625
0.226	323.9681091308594
0.23199999999999998	325.8448486328125
0.23800000000000002	331.5405578613281
0.244	323.9681091308594
0.25	333.4611511230469
0.255	329.6310119628906
0.261	325.8448486328125
0.267	325.8448486328125
0.273	339.2900085449219
0.27899999999999997	325.8448486328125
0.284	323.9681091308594
0.29	323.9681091308594
0.29600000000000004	335.3929138183594
0.302	322.1021728515625
0.308	335.3929138183594
0.313	329.6310119628906
0.319	337.3358154296875
0.325	325.8448486328125
0.331	339.2900085449219
0.337	323.9681091308594
0.342	329.6310119628906
0.348	329.6310119628906
0.354	337.3358154296875
0.36	325.8448486328125
0.366	329.6310119628906
0.37200000000000005	329.6310119628906
0.377	329.6310119628906
0.38299999999999995	322.1021728515625
0.389	333.4611511230469
0.395	327.73248291015625
0.401	333.4611511230469
0.406	322.1021728515625
0.41200000000000003	337.3358154296875
0.418	322.1021728515625
0.424	329.6310119628906
0.43	325.8448486328125
0.435	331.5405578613281
0.441	323.9681091308594
0.447	331.5405578613281
0.45299999999999996	333.4611511230469
0.45899999999999996	327.73248291015625
0.46399999999999997	333.4611511230469
0.47	331.5405578613281
0.47600000000000003	337.3358154296875
0.48200000000000004	322.1021728515625
0.488	335.3929138183594
0.493	327.73248291015625
0.499	337.3358154296875
0.505	327.73248291015625
0.511	337.3358154296875
0.517	318.4024963378906
0.522	327.73248291015625
0.528	323.9681091308594
0.534	335.3929138183594
0.54	322.1021728515625
0.546	327.73248291015625
0.551	325.8448486328125
0.557	323.9681091308594
0.563	322.1021728515625
0.569	325.8448486328125
0.575	335.3929138183594
0.58	323.9681091308594
0.586	339.2900085449219
0.5920000000000001	329.6310119628906
0.598	333.4611511230469
0.604	325.8448486328125
0.61	333.4611511230469
0.615	327.73248291015625
0.621	331.5405578613281
0.627	331.5405578613281
0.633	327.73248291015625
0.639	323.9681091308594
0.644	327.73248291015625
0.65	329.6310119628906
0.6559999999999999	323.9681091308594
0.662	318.4024963378906
0.6679999999999999	322.1021728515625
0.6729999999999999	325.8448486328125
0.679	323.9681091308594
0.685	333.4611511230469
0.691	323.9681091308594
0.6970000000000001	329.6310119628906
0.7020000000000001	322.1021728515625
0.708	335.3929138183594
0.7140000000000001	325.8448486328125
0.72	337.3358154296875
0.726	329.6310119628906
0.731	337.3358154296875
0.737	327.73248291015625
0.743	337.3358154296875
0.7490000000000001	333.4611511230469
0.755	333.4611511230469
0.76	327.73248291015625
0.7659999999999999	333.4611511230469
0.772	325.8448486328125
0.778	329.6310119628906
0.784	323.9681091308594
0.789	329.6310119628906
0.795	320.24700927734375
0.8009999999999999	329.6310119628906
0.807	316.5686340332031
0.813	325.8448486328125
0.8190000000000001	314.74530029296875
0.8240000000000001	333.4611511230469
0.83	323.9681091308594
0.836	331.5405578613281
0.8420000000000001	318.4024963378906
0.848	331.5405578613281
0.853	325.8448486328125
0.8590000000000001	337.3358154296875
0.865	331.5405578613281
0.871	333.4611511230469
0.877	329.6310119628906
0.882	333.4611511230469
0.888	333.4611511230469
0.894	331.5405578613281
0.9	333.4611511230469
0.9059999999999999	325.8448486328125
0.9109999999999999	331.5405578613281
0.917	316.5686340332031
0.9229999999999999	331.5405578613281
0.929	322.1021728515625
0.935	329.6310119628906
0.94	314.74530029296875
0.946	333.4611511230469
0.9520000000000001	320.24700927734375
0.958	331.5405578613281
0.9640000000000001	325.8448486328125
0.9690000000000001	335.3929138183594
0.975	333.4611511230469
0.981	331.5405578613281
0.987	331.5405578613281
0.993	323.9681091308594
0.998	333.4611511230469
1.004	331.5405578613281
1.01	333.4611511230469
1.016	327.73248291015625
1.022	327.73248291015625
1.0270000000000001	327.73248291015625
1.033	327.73248291015625
1.0390000000000001	329.6310119628906
1.045	322.1021728515625
1.051	322.1021728515625
1.057	312.9324951171875
1.062	325.8448486328125
1.068	320.24700927734375
1.074	323.9681091308594
1.08	333.4611511230469
1.0859999999999999	325.8448486328125
1.091	345.220703125
1.097	343.2323913574219
1.103	353.2899475097656
1.109	361.5477294921875
1.115	385.2655944824219
1.12	363.64215087890625
1.126	398.8520202636719
1.1320000000000001	401.1625671386719
1.138	417.7154846191406
1.1440000000000001	420.13531494140625
1.149	429.95556640625
1.155	450.2900390625
1.161	466.16961669921875
1.167	479.8294982910156
1.173	488.216796875
1.178	496.750732421875
1.1840000000000002	499.62841796875
1.19	493.8896484375
1.196	508.36181640625
1.202	471.5862731933594
1.207	502.5227355957031
1.213	496.750732421875
1.219	485.4048767089844
1.225	496.750732421875
1.2309999999999999	496.750732421875
1.236	511.3067321777344
1.242	488.216796875
1.248	496.750732421875
1.254	499.62841796875
1.26	491.0450744628906
1.265	493.8896484375
1.271	496.750732421875
1.2770000000000001	508.36181640625
1.2830000000000001	499.62841796875
1.2890000000000001	493.8896484375
1.295	499.62841796875
1.3	499.62841796875
1.306	496.750732421875
1.3119999999999998	466.16961669921875
1.318	479.8294982910156
1.324	496.750732421875
1.329	508.36181640625
1.335	488.216796875
1.341	485.4048767089844
1.347	499.62841796875
1.3530000000000002	508.36181640625
1.358	491.0450744628906
1.364	488.216796875
1.37	505.4338684082031
1.376	496.750732421875
1.382	493.8896484375
1.3869999999999998	488.216796875
1.393	511.3067321777344
1.399	496.750732421875
1.405	493.8896484375
1.411	488.216796875
1.416	502.5227355957031
1.422	499.62841796875
1.4280000000000002	493.8896484375
1.4340000000000002	493.8896484375
1.44	505.4338684082031
1.445	499.62841796875
1.4509999999999998	496.750732421875
1.4569999999999999	491.0450744628906
1.463	496.750732421875
1.469	493.8896484375
1.474	491.0450744628906
1.48	485.4048767089844
1.486	496.750732421875
1.492	477.06585693359375
1.4980000000000002	491.0450744628906
1.5030000000000001	485.4048767089844
1.5090000000000001	496.750732421875
1.515	488.216796875
1.521	496.750732421875
1.527	493.8896484375
1.5330000000000001	505.4338684082031
1.538	491.0450744628906
1.544	496.750732421875
1.55	508.36181640625
1.556	499.62841796875
1.5619999999999998	496.750732421875
1.567	499.62841796875
1.5730000000000002	505.4338684082031
1.579	499.62841796875
1.585	488.216796875
1.591	491.0450744628906
1.5959999999999999	499.62841796875
1.6019999999999999	496.750732421875
1.608	482.609130859375
1.614	496.750732421875
1.62	502.5227355957031
1.625	493.8896484375
1.631	474.3181457519531
1.6369999999999998	493.8896484375
1.643	502.5227355957031
1.649	493.8896484375
1.6540000000000001	477.06585693359375
1.66	499.62841796875
1.666	499.62841796875
1.672	502.5227355957031
1.6780000000000002	477.06585693359375
1.683	499.62841796875
1.689	502.5227355957031
1.695	502.5227355957031
1.7009999999999998	482.609130859375
1.7069999999999999	496.750732421875
1.712	511.3067321777344
1.7180000000000002	491.0450744628906
1.724	482.609130859375
1.73	491.0450744628906
1.736	514.2687377929688
1.7409999999999999	493.8896484375
1.7469999999999999	488.216796875
1.7530000000000001	491.0450744628906
1.7590000000000001	505.4338684082031
1.765	493.8896484375
1.771	491.0450744628906
1.776	491.0450744628906
1.7819999999999998	508.36181640625
1.788	493.8896484375
1.794	491.0450744628906
1.8	496.750732421875
1.805	502.5227355957031
1.811	488.216796875
1.817	493.8896484375
1.8230000000000002	502.5227355957031
1.829	502.5227355957031
1.834	493.8896484375
1.84	499.62841796875
1.8459999999999999	499.62841796875
1.8519999999999999	496.750732421875
1.858	491.0450744628906
1.8630000000000002	499.62841796875
1.869	493.8896484375
1.875	493.8896484375
1.881	488.216796875
1.8869999999999998	491.0450744628906
1.892	496.750732421875
1.8980000000000001	496.750732421875
1.9040000000000001	488.216796875
1.91	496.750732421875
1.916	499.62841796875
1.921	499.62841796875
1.9269999999999998	488.216796875
1.933	493.8896484375
1.939	505.4338684082031
1.945	493.8896484375
1.95	493.8896484375
1.956	496.750732421875
1.962	505.4338684082031
1.9680000000000002	496.750732421875
1.974	491.0450744628906
1.98	491.0450744628906
1.985	502.5227355957031
1.9909999999999999	496.750732421875
1.9969999999999999	485.4048767089844
2.003	493.8896484375
2.009	502.5227355957031
2.0140000000000002	499.62841796875
2.02	485.4048767089844
2.026	493.8896484375
2.032	496.750732421875
2.0380000000000003	499.62841796875
2.043	488.216796875
2.049	496.750732421875
2.055	499.62841796875
2.061	496.750732421875
2.0669999999999997	488.216796875
2.072	491.0450744628906
2.0780000000000003	496.750732421875
2.084	496.750732421875
2.09	491.0450744628906
2.096	491.0450744628906
2.101	496.750732421875
2.1069999999999998	499.62841796875
2.113	499.62841796875
2.119	496.750732421875
2.125	505.4338684082031
2.13	499.62841796875
2.136	491.0450744628906
2.142	508.36181640625
2.148	491.0450744628906
2.154	502.5227355957031
2.1590000000000003	482.609130859375
2.165	493.8896484375
2.171	482.609130859375
2.177	485.4048767089844
2.1830000000000003	485.4048767089844
2.188	468.8700866699219
2.194	474.3181457519531
2.2	485.4048767089844
2.206	466.16961669921875
2.2119999999999997	477.06585693359375
2.218	466.16961669921875
2.2230000000000003	463.4846496582031
2.229	477.06585693359375
2.235	466.16961669921875
2.241	452.8985900878906
2.247	452.8985900878906
2.252	466.16961669921875
2.258	452.8985900878906
2.2640000000000002	429.95556640625
2.27	447.6965637207031
2.276	466.16961669921875
2.281	468.8700866699219
2.287	466.16961669921875
2.293	466.16961669921875
2.299	471.5862731933594
2.305	471.5862731933594
2.31	471.5862731933594
2.316	463.4846496582031
2.322	460.81512451171875
2.3280000000000003	471.5862731933594
2.334	466.16961669921875
2.339	474.3181457519531
2.345	463.4846496582031
2.351	468.8700866699219
2.3569999999999998	460.81512451171875
2.363	468.8700866699219
2.3680000000000003	471.5862731933594
2.374	458.1610107421875
2.38	468.8700866699219
2.386	455.5221862792969
2.392	477.06585693359375
2.397	466.16961669921875
2.403	474.3181457519531
2.4090000000000003	458.1610107421875
2.415	471.5862731933594
2.421	458.1610107421875
2.426	474.3181457519531
2.432	466.16961669921875
2.438	477.06585693359375
2.444	458.1610107421875
2.45	468.8700866699219
2.456	460.81512451171875
2.461	471.5862731933594
2.467	471.5862731933594
2.4730000000000003	477.06585693359375
2.479	458.1610107421875
2.485	458.1610107421875
2.49	463.4846496582031
2.496	471.5862731933594
2.502	477.06585693359375
2.508	471.5862731933594
2.5140000000000002	463.4846496582031
2.519	445.1180114746094
2.525	477.06585693359375
2.531	466.16961669921875
2.537	471.5862731933594
2.543	463.4846496582031
2.548	485.4048767089844
2.5540000000000003	468.8700866699219
2.56	468.8700866699219
2.5660000000000003	477.06585693359375
2.572	468.8700866699219
2.577	463.4846496582031
2.583	455.5221862792969
2.589	468.8700866699219
2.595	468.8700866699219
2.6010000000000004	471.5862731933594
2.6060000000000003	466.16961669921875
2.612	463.4846496582031
2.6180000000000003	463.4846496582031
2.6239999999999997	466.16961669921875
2.63	474.3181457519531
2.635	466.16961669921875
2.641	471.5862731933594
2.647	460.81512451171875
2.653	466.16961669921875
2.659	460.81512451171875
2.6639999999999997	463.4846496582031
2.67	466.16961669921875
2.676	463.4846496582031
2.682	458.1610107421875
2.688	468.8700866699219
2.694	458.1610107421875
2.699	477.06585693359375
2.705	458.1610107421875
2.7110000000000003	474.3181457519531
2.717	450.2900390625
2.7230000000000003	474.3181457519531
2.728	458.1610107421875
2.734	471.5862731933594
2.74	460.81512451171875
2.7460000000000004	466.16961669921875
2.752	466.16961669921875
2.7569999999999997	471.5862731933594
2.763	463.4846496582031
2.7689999999999997	471.5862731933594
2.775	458.1610107421875
2.781	466.16961669921875
2.786	460.81512451171875
2.792	468.8700866699219
2.798	468.8700866699219
2.804	463.4846496582031
2.81	466.16961669921875
2.815	468.8700866699219
2.821	468.8700866699219
2.827	471.5862731933594
2.833	466.16961669921875
2.839	455.5221862792969
2.844	463.4846496582031
2.85	463.4846496582031
2.8560000000000003	468.8700866699219
2.862	466.16961669921875
2.8680000000000003	466.16961669921875
2.873	460.81512451171875
2.8789999999999996	460.81512451171875
2.885	471.5862731933594
2.891	460.81512451171875
2.897	471.5862731933594
2.9019999999999997	450.2900390625
2.908	468.8700866699219
2.9139999999999997	466.16961669921875
2.92	468.8700866699219
2.926	474.3181457519531
2.932	452.8985900878906
2.937	466.16961669921875
2.943	450.2900390625
2.949	477.06585693359375
2.955	463.4846496582031
2.9610000000000003	471.5862731933594
2.966	458.1610107421875
2.972	468.8700866699219
2.978	463.4846496582031
2.984	466.16961669921875
2.99	468.8700866699219
2.995	447.6965637207031
3.0010000000000003	460.81512451171875
3.0069999999999997	463.4846496582031
3.013	471.5862731933594
3.0189999999999997	468.8700866699219
3.0239999999999996	466.16961669921875
3.03	474.3181457519531
3.036	450.2900390625
3.042	479.8294982910156
3.048	452.8985900878906
3.053	468.8700866699219
3.0589999999999997	458.1610107421875
3.065	468.8700866699219
3.071	468.8700866699219
3.077	463.4846496582031
3.082	466.16961669921875
3.088	460.81512451171875
3.094	460.81512451171875
3.1	471.5862731933594
3.1060000000000003	455.5221862792969
3.111	477.06585693359375
3.117	452.8985900878906
3.123	466.16961669921875
3.1289999999999996	458.1610107421875
3.135	466.16961669921875
3.14	466.16961669921875
3.1460000000000004	458.1610107421875
3.1519999999999997	471.5862731933594
3.158	455.5221862792969
3.1639999999999997	477.06585693359375
3.17	466.16961669921875
3.175	471.5862731933594
3.181	468.8700866699219
3.187	468.8700866699219
3.193	468.8700866699219
3.199	460.81512451171875
3.2039999999999997	471.5862731933594
3.21	450.2900390625
3.216	452.8985900878906
3.222	442.5543212890625
3.228	434.9514465332031
3.233	425.01708984375
3.239	425.01708984375
3.245	425.01708984375
3.2510000000000003	412.9176025390625
3.2569999999999997	401.1625671386719
3.262	394.27081298828125
3.2680000000000002	398.8520202636719
3.2739999999999996	380.84039306640625
3.28	387.4974365234375
3.286	374.2977600097656
3.2910000000000004	361.5477294921875
3.2969999999999997	357.39495849609375
3.303	363.64215087890625
3.3089999999999997	335.3929138183594
3.315	361.5477294921875
3.32	349.2320251464844
3.326	0.0
3.332	0.0
3.338	376.4660339355469
3.344	378.64691162109375
3.3489999999999998	376.4660339355469
3.355	361.5477294921875
3.361	369.99853515625
3.367	378.64691162109375
3.373	365.74871826171875
3.3789999999999996	378.64691162109375
3.384	365.74871826171875
3.39	365.74871826171875
3.3960000000000004	361.5477294921875
3.4019999999999997	363.64215087890625
3.408	374.2977600097656
3.4130000000000003	372.1419372558594
3.4189999999999996	369.99853515625
3.425	365.74871826171875
3.431	372.1419372558594
3.437	372.1419372558594
3.4419999999999997	363.64215087890625
3.448	376.4660339355469
3.4539999999999997	363.64215087890625
3.46	374.2977600097656
3.466	369.99853515625
3.471	369.99853515625
3.477	363.64215087890625
3.483	365.74871826171875
3.489	376.4660339355469
3.495	372.1419372558594
3.5	365.74871826171875
3.5060000000000002	363.64215087890625
3.512	367.8675231933594
3.5180000000000002	376.4660339355469
3.5239999999999996	369.99853515625
3.529	365.74871826171875
3.535	363.64215087890625
3.5410000000000004	378.64691162109375
3.5469999999999997	372.1419372558594
3.553	372.1419372558594
3.5580000000000003	357.39495849609375
3.5639999999999996	376.4660339355469
3.57	359.4653625488281
3.576	361.5477294921875
3.582	353.2899475097656
3.5869999999999997	374.2977600097656
3.593	361.5477294921875
3.5989999999999998	369.99853515625
3.605	365.74871826171875
3.611	367.8675231933594
3.617	372.1419372558594
3.622	367.8675231933594
3.628	376.4660339355469
3.634	361.5477294921875
3.64	378.64691162109375
3.6460000000000004	361.5477294921875
3.6510000000000002	372.1419372558594
3.657	372.1419372558594
3.6630000000000003	374.2977600097656
3.6689999999999996	359.4653625488281
3.675	365.74871826171875
3.68	372.1419372558594
3.6860000000000004	365.74871826171875
3.6919999999999997	372.1419372558594
3.698	365.74871826171875
3.7039999999999997	367.8675231933594
3.7089999999999996	367.8675231933594
3.715	369.99853515625
3.721	374.2977600097656
3.727	365.74871826171875
3.733	369.99853515625
3.738	367.8675231933594
3.7439999999999998	367.8675231933594
3.75	378.64691162109375
3.7560000000000002	363.64215087890625
3.762	361.5477294921875
3.767	365.74871826171875
3.773	374.2977600097656
3.779	374.2977600097656
3.785	359.4653625488281
3.7910000000000004	372.1419372558594
3.7960000000000003	365.74871826171875
3.802	376.4660339355469
3.8080000000000003	361.5477294921875
3.8139999999999996	376.4660339355469
3.82	355.3365173339844
3.825	374.2977600097656
3.8310000000000004	369.99853515625
3.8369999999999997	376.4660339355469
3.843	367.8675231933594
3.8489999999999998	367.8675231933594
3.855	372.1419372558594
3.86	361.5477294921875
3.866	380.84039306640625
3.872	361.5477294921875
3.878	372.1419372558594
3.884	361.5477294921875
3.889	380.84039306640625
3.895	365.74871826171875
3.9010000000000002	369.99853515625
3.907	372.1419372558594
3.9130000000000003	369.99853515625
3.918	369.99853515625
3.924	369.99853515625
3.93	376.4660339355469
3.9360000000000004	367.8675231933594
3.9419999999999997	369.99853515625
3.947	369.99853515625
3.9530000000000003	367.8675231933594
3.9589999999999996	376.4660339355469
3.965	367.8675231933594
3.971	369.99853515625
3.9760000000000004	363.64215087890625
3.9819999999999998	372.1419372558594
3.988	376.4660339355469
3.9939999999999998	372.1419372558594
4.0	365.74871826171875
4.005	363.64215087890625
4.011	376.4660339355469
4.0169999999999995	372.1419372558594
4.023	383.0466003417969
4.029	359.4653625488281
4.034	363.64215087890625
4.04	369.99853515625
4.046	374.2977600097656
4.052	378.64691162109375
4.058	357.39495849609375
4.063	369.99853515625
4.069	367.8675231933594
4.075	374.2977600097656
4.081	369.99853515625
4.087	369.99853515625
4.093	372.1419372558594
4.098	372.1419372558594
4.104	378.64691162109375
4.11	365.74871826171875
4.1160000000000005	383.0466003417969
4.122	363.64215087890625
4.127	359.4653625488281
4.133	374.2977600097656
4.138999999999999	0.0
4.145	0.0
4.151	0.0
4.156000000000001	0.0
4.162	0.0
4.168	0.0
4.1739999999999995	0.0
4.18	0.0
4.185	0.0
4.191	0.0
4.197	0.0
4.203	0.0
4.209	0.0
4.2139999999999995	0.0
4.22	0.0
4.226	0.0
4.232	0.0
4.238	0.0
4.243	359.4653625488281
4.249	365.74871826171875
4.255	365.74871826171875
4.261	374.2977600097656
4.2669999999999995	359.4653625488281
4.272	378.64691162109375
4.2780000000000005	367.8675231933594
4.284	380.84039306640625
4.29	383.0466003417969
4.296	383.0466003417969
4.301	403.4864807128906
4.3069999999999995	391.99993896484375
4.313	385.2655944824219
4.319	385.2655944824219
4.325	389.7421875
4.331	410.5393371582031
4.336	408.1748046875
4.342	425.01708984375
4.348	398.8520202636719
4.354	427.47918701171875
4.36	427.47918701171875
4.365	415.30963134765625
4.371	408.1748046875
4.377	434.9514465332031
4.383	412.9176025390625
4.388999999999999	410.5393371582031
4.394	412.9176025390625
4.4	420.13531494140625
4.406000000000001	410.5393371582031
4.412	408.1748046875
4.418	437.4710998535156
4.423	412.9176025390625
4.428999999999999	405.8238830566406
4.435	417.7154846191406
4.441	415.30963134765625
4.447	420.13531494140625
4.452	403.4864807128906
4.458	420.13531494140625
4.4639999999999995	427.47918701171875
4.47	408.1748046875
4.476	408.1748046875
4.481	410.5393371582031
4.487	415.30963134765625
4.493	405.8238830566406
4.499	405.8238830566406
4.505	427.47918701171875
4.51	415.30963134765625
4.516	403.4864807128906
4.522	408.1748046875
4.5280000000000005	427.47918701171875
4.534	412.9176025390625
4.54	403.4864807128906
4.545	420.13531494140625
4.551	425.01708984375
4.5569999999999995	401.1625671386719
4.563	420.13531494140625
4.569	417.7154846191406
4.574	420.13531494140625
4.58	410.5393371582031
4.586	415.30963134765625
4.592	422.56915283203125
4.598	420.13531494140625
4.603	410.5393371582031
4.609	420.13531494140625
4.615	420.13531494140625
4.621	410.5393371582031
4.627	410.5393371582031
4.632	432.4462890625
4.638	415.30963134765625
4.644	403.4864807128906
4.65	417.7154846191406
4.656000000000001	415.30963134765625
4.6610000000000005	410.5393371582031
4.667	410.5393371582031
4.673	415.30963134765625
4.678999999999999	415.30963134765625
4.685	417.7154846191406
4.69	405.8238830566406
4.696000000000001	422.56915283203125
4.702	420.13531494140625
4.708	408.1748046875
4.7139999999999995	410.5393371582031
4.718999999999999	422.56915283203125
4.725	417.7154846191406
4.731	410.5393371582031
4.737	432.4462890625
4.743	405.8238830566406
4.748	420.13531494140625
4.754	410.5393371582031
4.76	434.9514465332031
4.766	412.9176025390625
4.772	412.9176025390625
4.7780000000000005	417.7154846191406
4.783	417.7154846191406
4.789	412.9176025390625
4.795	415.30963134765625
4.801	415.30963134765625
4.8069999999999995	429.95556640625
4.812	405.8238830566406
4.8180000000000005	427.47918701171875
4.824	412.9176025390625
4.83	422.56915283203125
4.836	405.8238830566406
4.841	425.01708984375
4.8469999999999995	422.56915283203125
4.853	415.30963134765625
4.859	412.9176025390625
4.865	427.47918701171875
4.87	410.5393371582031
4.876	412.9176025390625
4.882	412.9176025390625
4.888	412.9176025390625
4.894	420.13531494140625
4.899	408.1748046875
4.905	415.30963134765625
4.9110000000000005	425.01708984375
4.917	401.1625671386719
4.923	415.30963134765625
4.928	415.30963134765625
4.934	422.56915283203125
4.94	415.30963134765625
4.946000000000001	410.5393371582031
4.952	422.56915283203125
4.957	412.9176025390625
4.963	403.4864807128906
4.968999999999999	427.47918701171875
4.975	403.4864807128906
4.981	422.56915283203125
4.986000000000001	408.1748046875
4.992	422.56915283203125
4.998	412.9176025390625
5.004	412.9176025390625
5.01	415.30963134765625
5.016	420.13531494140625
5.021	412.9176025390625
5.027	415.30963134765625
5.033	420.13531494140625
5.039	410.5393371582031
5.045	420.13531494140625
5.05	405.8238830566406
5.056	427.47918701171875
5.062	408.1748046875
5.0680000000000005	415.30963134765625
5.074	412.9176025390625
5.079	422.56915283203125
5.085	412.9176025390625
5.091	412.9176025390625
5.0969999999999995	417.7154846191406
5.103	415.30963134765625
5.1080000000000005	415.30963134765625
5.114	417.7154846191406
5.12	420.13531494140625
5.126	410.5393371582031
5.132000000000001	415.30963134765625
5.1370000000000005	417.7154846191406
5.143	417.7154846191406
5.149	415.30963134765625
5.155	415.30963134765625
5.1610000000000005	420.13531494140625
5.166	417.7154846191406
5.172000000000001	412.9176025390625
5.178	415.30963134765625
5.184	420.13531494140625
5.19	412.9176025390625
5.195	415.30963134765625
5.2010000000000005	420.13531494140625
5.207000000000001	420.13531494140625
5.212999999999999	425.01708984375
5.218999999999999	408.1748046875
5.224	427.47918701171875
5.23	405.8238830566406
5.236000000000001	422.56915283203125
5.242000000000001	401.1625671386719
5.247999999999999	429.95556640625
5.254	405.8238830566406
5.2589999999999995	415.30963134765625
5.265	415.30963134765625
5.271	429.95556640625
5.277	420.13531494140625
5.2829999999999995	434.9514465332031
5.287999999999999	420.13531494140625
5.294	405.8238830566406
5.3	408.1748046875
5.306	408.1748046875
5.312	405.8238830566406
5.317	403.4864807128906
5.3229999999999995	422.56915283203125
5.329	429.95556640625
5.335	432.4462890625
5.341	450.2900390625
5.346	491.0450744628906
5.352	466.16961669921875
5.358	499.62841796875
5.364	499.62841796875
5.37	529.3380126953125
5.375	535.4887084960938
5.381	538.5906982421875
5.3870000000000005	577.2474975585938
5.393	583.954833984375
5.399	601.066162109375
5.404	629.4931640625
5.41	615.115478515625
5.416	629.4931640625
5.422000000000001	629.4931640625
5.428	622.2628173828125
5.433	633.1398315429688
5.439	622.2628173828125
5.445	629.4931640625
5.4510000000000005	622.2628173828125
5.457000000000001	622.2628173828125
5.462000000000001	618.6788330078125
5.468	622.2628173828125
5.474	622.2628173828125
5.48	622.2628173828125
5.486000000000001	615.115478515625
5.492000000000001	622.2628173828125
5.497000000000001	622.2628173828125
5.502999999999999	622.2628173828125
5.5089999999999995	622.2628173828125
5.515	622.2628173828125
5.521	615.115478515625
5.526	625.8675537109375
5.532	622.2628173828125
5.537999999999999	622.2628173828125
5.544	625.8675537109375
5.55	622.2628173828125
5.555	615.115478515625
5.561	622.2628173828125
5.567	625.8675537109375
5.5729999999999995	618.6788330078125
5.579	618.6788330078125
5.584	625.8675537109375
5.59	618.6788330078125
5.596	618.6788330078125
5.602	625.8675537109375
5.608	625.8675537109375
5.6129999999999995	615.115478515625
5.619	618.6788330078125
5.625	625.8675537109375
5.631	618.6788330078125
5.6370000000000005	618.6788330078125
5.642	625.8675537109375
5.648	622.2628173828125
5.654	615.115478515625
5.66	622.2628173828125
5.666	618.6788330078125
5.671	625.8675537109375
5.6770000000000005	618.6788330078125
5.683	622.2628173828125
5.689	622.2628173828125
5.695	618.6788330078125
5.7	615.115478515625
5.706	622.2628173828125
5.712000000000001	625.8675537109375
5.718	615.115478515625
5.724	622.2628173828125
5.73	625.8675537109375
5.735	622.2628173828125
5.7410000000000005	618.6788330078125
5.747000000000001	625.8675537109375
5.752999999999999	622.2628173828125
5.7589999999999995	618.6788330078125
5.763999999999999	618.6788330078125
5.77	622.2628173828125
5.776	622.2628173828125
5.782	618.6788330078125
5.787999999999999	625.8675537109375
5.792999999999999	615.115478515625
5.7989999999999995	622.2628173828125
5.805	625.8675537109375
5.811	622.2628173828125
5.817	622.2628173828125
5.822	622.2628173828125
5.827999999999999	622.2628173828125
5.834	618.6788330078125
5.84	622.2628173828125
5.846	618.6788330078125
5.851	618.6788330078125
5.857	622.2628173828125
5.8629999999999995	618.6788330078125
5.869	622.2628173828125
5.875	615.115478515625
5.88	622.2628173828125
5.886	622.2628173828125
5.892	622.2628173828125
5.898	622.2628173828125
5.904	618.6788330078125
5.909	618.6788330078125
5.915	622.2628173828125
5.921	622.2628173828125
5.9270000000000005	618.6788330078125
5.933	622.2628173828125
5.939	622.2628173828125
5.944	622.2628173828125
5.95	618.6788330078125
5.956	622.2628173828125
5.962000000000001	625.8675537109375
5.968	618.6788330078125
5.973	618.6788330078125
5.979	622.2628173828125
5.985	622.2628173828125
5.9910000000000005	618.6788330078125
5.997000000000001	618.6788330078125
6.002000000000001	622.2628173828125
6.007999999999999	618.6788330078125
6.013999999999999	618.6788330078125
6.02	622.2628173828125
6.026	622.2628173828125
6.031000000000001	618.6788330078125
6.037000000000001	622.2628173828125
6.042999999999999	622.2628173828125
6.0489999999999995	618.6788330078125
6.055	618.6788330078125
6.06	625.8675537109375
6.066	618.6788330078125
6.072	618.6788330078125
6.077999999999999	618.6788330078125
6.084	622.2628173828125
6.0889999999999995	618.6788330078125
6.095	622.2628173828125
6.101	622.2628173828125
6.107	618.6788330078125
6.1129999999999995	622.2628173828125
6.117999999999999	618.6788330078125
6.124	622.2628173828125
6.13	618.6788330078125
6.136	622.2628173828125
6.142	618.6788330078125
6.147	622.2628173828125
6.153	622.2628173828125
6.159	618.6788330078125
6.165	622.2628173828125
6.171	622.2628173828125
6.1770000000000005	622.2628173828125
6.182	618.6788330078125
6.188	625.8675537109375
6.194	622.2628173828125
6.2	618.6788330078125
6.206	622.2628173828125
6.211	618.6788330078125
6.2170000000000005	618.6788330078125
6.223	622.2628173828125
6.229	618.6788330078125
6.235	622.2628173828125
6.24	618.6788330078125
6.246	618.6788330078125
6.252000000000001	622.2628173828125
6.257999999999999	622.2628173828125
6.263999999999999	615.115478515625
6.269	618.6788330078125
6.275	622.2628173828125
6.281000000000001	622.2628173828125
6.287000000000001	615.115478515625
6.292999999999999	622.2628173828125
6.297999999999999	622.2628173828125
6.303999999999999	615.115478515625
6.31	618.6788330078125
6.316	622.2628173828125
6.322	618.6788330078125
6.327000000000001	618.6788330078125
6.332999999999999	618.6788330078125
6.3389999999999995	622.2628173828125
6.345	618.6788330078125
6.351	618.6788330078125
6.356	622.2628173828125
6.362	618.6788330078125
6.367999999999999	618.6788330078125
6.374	618.6788330078125
6.38	622.2628173828125
6.385	618.6788330078125
6.391	615.115478515625
6.397	618.6788330078125
6.403	625.8675537109375
6.409	615.115478515625
6.415	615.115478515625
6.42	622.2628173828125
6.426	618.6788330078125
6.432	618.6788330078125
6.438	622.2628173828125
6.444	615.115478515625
6.449	615.115478515625
6.455	625.8675537109375
6.461	615.115478515625
6.4670000000000005	615.115478515625
6.473	622.2628173828125
6.478	622.2628173828125
6.484	615.115478515625
6.49	618.6788330078125
6.496	625.8675537109375
6.502000000000001	618.6788330078125
6.507000000000001	615.115478515625
6.513	622.2628173828125
6.519	622.2628173828125
6.525	615.115478515625
6.531000000000001	622.2628173828125
6.5360000000000005	618.6788330078125
6.542000000000001	618.6788330078125
6.547999999999999	618.6788330078125
6.553999999999999	618.6788330078125
6.56	618.6788330078125
6.565	618.6788330078125
6.571000000000001	622.2628173828125
6.577000000000001	622.2628173828125
6.582999999999999	618.6788330078125
6.5889999999999995	618.6788330078125
6.593999999999999	622.2628173828125
6.6	618.6788330078125
6.606	622.2628173828125
6.612	618.6788330078125
6.617999999999999	618.6788330078125
6.622999999999999	618.6788330078125
6.629	618.6788330078125
6.635	618.6788330078125
6.641	625.8675537109375
6.647	618.6788330078125
6.653	615.115478515625
6.6579999999999995	625.8675537109375
6.664	622.2628173828125
6.67	618.6788330078125
6.676	622.2628173828125
6.682	622.2628173828125
6.687	622.2628173828125
6.693	618.6788330078125
6.699	622.2628173828125
6.705	622.2628173828125
6.711	622.2628173828125
6.716	618.6788330078125
6.722	622.2628173828125
6.728	622.2628173828125
6.734	622.2628173828125
6.74	618.6788330078125
6.745	622.2628173828125
6.751	622.2628173828125
6.757000000000001	615.115478515625
6.763	622.2628173828125
6.769	625.8675537109375
6.774	622.2628173828125
6.78	618.6788330078125
6.7860000000000005	622.2628173828125
6.792000000000001	622.2628173828125
6.797999999999999	618.6788330078125
6.803	622.2628173828125
6.809	625.8675537109375
6.815	618.6788330078125
6.821000000000001	622.2628173828125
6.827000000000001	622.2628173828125
6.832000000000001	622.2628173828125
6.837999999999999	618.6788330078125
6.843999999999999	622.2628173828125
6.85	622.2628173828125
6.856	622.2628173828125
6.861000000000001	618.6788330078125
6.867000000000001	618.6788330078125
6.872999999999999	622.2628173828125
6.879	622.2628173828125
6.885	618.6788330078125
6.891	622.2628173828125
6.896	622.2628173828125
6.902	618.6788330078125
6.9079999999999995	618.6788330078125
6.914	622.2628173828125
6.92	622.2628173828125
6.925	618.6788330078125
6.931	618.6788330078125
6.937	622.2628173828125
6.943	622.2628173828125
6.949	618.6788330078125
6.954	625.8675537109375
6.96	625.8675537109375
6.966	618.6788330078125
6.972	622.2628173828125
6.978	622.2628173828125
6.983	622.2628173828125
6.989	618.6788330078125
6.995	622.2628173828125
7.001	622.2628173828125
7.007000000000001	622.2628173828125
7.0120000000000005	618.6788330078125
7.018	622.2628173828125
7.024	622.2628173828125
7.03	618.6788330078125
7.0360000000000005	618.6788330078125
7.041	622.2628173828125
7.047000000000001	622.2628173828125
7.053	618.6788330078125
7.059	622.2628173828125
7.065	618.6788330078125
7.07	618.6788330078125
7.0760000000000005	622.2628173828125
7.082000000000001	622.2628173828125
7.087999999999999	618.6788330078125
7.093999999999999	618.6788330078125
7.1	622.2628173828125
7.105	622.2628173828125
7.111000000000001	618.6788330078125
7.117000000000001	622.2628173828125
7.122999999999999	622.2628173828125
7.129	622.2628173828125
7.1339999999999995	622.2628173828125
7.14	618.6788330078125
7.146	618.6788330078125
7.152	622.2628173828125
7.1579999999999995	622.2628173828125
7.162999999999999	618.6788330078125
7.169	622.2628173828125
7.175	622.2628173828125
7.181	618.6788330078125
7.187	622.2628173828125
7.192	618.6788330078125
7.1979999999999995	622.2628173828125
7.204	622.2628173828125
7.21	622.2628173828125
7.216	618.6788330078125
7.221	622.2628173828125
7.227	622.2628173828125
7.233	622.2628173828125
7.239	618.6788330078125
7.245	622.2628173828125
7.25	622.2628173828125
7.256	618.6788330078125
7.2620000000000005	622.2628173828125
7.268	622.2628173828125
7.274	618.6788330078125
7.279	622.2628173828125
7.285	618.6788330078125
7.291	618.6788330078125
7.297000000000001	625.8675537109375
7.303	622.2628173828125
7.308	618.6788330078125
7.314	622.2628173828125
7.32	622.2628173828125
7.3260000000000005	618.6788330078125
7.332000000000001	618.6788330078125
7.337999999999999	622.2628173828125
7.343	618.6788330078125
7.349	618.6788330078125
7.355	622.2628173828125
7.361000000000001	622.2628173828125
7.367000000000001	618.6788330078125
7.372000000000001	618.6788330078125
7.377999999999999	622.2628173828125
7.3839999999999995	622.2628173828125
7.39	618.6788330078125
7.396	618.6788330078125
7.401	622.2628173828125
7.407	622.2628173828125
7.412999999999999	618.6788330078125
7.419	622.2628173828125
7.425	622.2628173828125
7.43	618.6788330078125
7.436	622.2628173828125
7.442	622.2628173828125
7.4479999999999995	622.2628173828125
7.454	618.6788330078125
7.459	625.8675537109375
7.465	622.2628173828125
7.471	622.2628173828125
7.477	622.2628173828125
7.483	622.2628173828125
7.4879999999999995	622.2628173828125
7.494	622.2628173828125
7.5	622.2628173828125
7.506	618.6788330078125
7.5120000000000005	622.2628173828125
7.517	622.2628173828125
7.523	622.2628173828125
7.529	618.6788330078125
7.535	622.2628173828125
7.541	622.2628173828125
7.546	618.6788330078125
7.5520000000000005	622.2628173828125
7.558	622.2628173828125
7.564	622.2628173828125
7.57	622.2628173828125
7.5760000000000005	622.2628173828125
7.581	622.2628173828125
7.587000000000001	622.2628173828125
7.593	622.2628173828125
7.599	622.2628173828125
7.605	622.2628173828125
7.61	622.2628173828125
7.6160000000000005	622.2628173828125
7.622000000000001	622.2628173828125
7.627999999999999	622.2628173828125
7.6339999999999995	618.6788330078125
7.638999999999999	622.2628173828125
7.645	622.2628173828125
7.651	618.6788330078125
7.657	622.2628173828125
7.662999999999999	625.8675537109375
7.667999999999999	622.2628173828125
7.6739999999999995	618.6788330078125
7.68	622.2628173828125
7.686	622.2628173828125
7.692	618.6788330078125
7.697	618.6788330078125
7.702999999999999	622.2628173828125
7.709	622.2628173828125
7.715	618.6788330078125
7.721	622.2628173828125
7.726	622.2628173828125
7.732	622.2628173828125
7.7379999999999995	622.2628173828125
7.744	622.2628173828125
7.75	622.2628173828125
7.755	622.2628173828125
7.761	622.2628173828125
7.767	622.2628173828125
7.773	622.2628173828125
7.779	622.2628173828125
7.784	618.6788330078125
7.79	622.2628173828125
7.796	618.6788330078125
7.8020000000000005	622.2628173828125
7.808	618.6788330078125
7.814	622.2628173828125
7.819	618.6788330078125
7.825	615.115478515625
7.831	618.6788330078125
7.837000000000001	622.2628173828125
7.843	625.8675537109375
7.848	622.2628173828125
7.854	625.8675537109375
7.86	625.8675537109375
7.8660000000000005	622.2628173828125
7.872000000000001	622.2628173828125
7.877000000000001	625.8675537109375
7.882999999999999	622.2628173828125
7.888999999999999	622.2628173828125
7.895	622.2628173828125
7.901	625.8675537109375
7.906000000000001	622.2628173828125
7.912000000000001	622.2628173828125
7.917999999999999	625.8675537109375
7.9239999999999995	622.2628173828125
7.93	622.2628173828125
7.935	622.2628173828125
7.941	622.2628173828125
7.947	622.2628173828125
7.952999999999999	622.2628173828125
7.959	625.8675537109375
7.9639999999999995	622.2628173828125
7.97	622.2628173828125
7.976	625.8675537109375
7.982	622.2628173828125
7.9879999999999995	622.2628173828125
7.992999999999999	618.6788330078125
7.999	625.8675537109375
8.005	622.2628173828125
8.011000000000001	618.6788330078125
8.017000000000001	625.8675537109375
8.022	622.2628173828125
8.027999999999999	622.2628173828125
8.033999999999999	622.2628173828125
8.04	622.2628173828125
8.046	622.2628173828125
8.052	622.2628173828125
8.057	622.2628173828125
8.062999999999999	622.2628173828125
8.068999999999999	622.2628173828125
8.075	622.2628173828125
8.081	622.2628173828125
8.086	622.2628173828125
8.092	622.2628173828125
8.097999999999999	622.2628173828125
8.104	622.2628173828125
8.11	622.2628173828125
8.115	622.2628173828125
8.121	622.2628173828125
8.127	622.2628173828125
8.133	622.2628173828125
8.139	622.2628173828125
8.144	618.6788330078125
8.15	622.2628173828125
8.156	625.8675537109375
8.162	622.2628173828125
8.168	622.2628173828125
8.173	625.8675537109375
8.179	622.2628173828125
8.185	622.2628173828125
8.191	622.2628173828125
8.197000000000001	625.8675537109375
8.202	618.6788330078125
8.208	622.2628173828125
8.214	625.8675537109375
8.22	618.6788330078125
8.226	618.6788330078125
8.231	622.2628173828125
8.237	622.2628173828125
8.243	618.6788330078125
8.249	622.2628173828125
8.255	622.2628173828125
8.26	622.2628173828125
8.266	622.2628173828125
8.272	622.2628173828125
8.277999999999999	622.2628173828125
8.283999999999999	618.6788330078125
8.29	622.2628173828125
8.295	622.2628173828125
8.301	618.6788330078125
8.307	622.2628173828125
8.312999999999999	622.2628173828125
8.318999999999999	618.6788330078125
8.324	622.2628173828125
8.33	618.6788330078125
8.336	622.2628173828125
8.342	622.2628173828125
8.347999999999999	618.6788330078125
8.353	622.2628173828125
8.359	622.2628173828125
8.365	618.6788330078125
8.371	618.6788330078125
8.377	622.2628173828125
8.382	618.6788330078125
8.388	618.6788330078125
8.394	622.2628173828125
8.4	622.2628173828125
8.406	618.6788330078125
8.411	622.2628173828125
8.417	622.2628173828125
8.423	618.6788330078125
8.429	622.2628173828125
8.435	622.2628173828125
8.44	618.6788330078125
8.446	618.6788330078125
8.452	622.2628173828125
8.458	622.2628173828125
8.464	622.2628173828125
8.469	625.8675537109375
8.475	625.8675537109375
8.481	625.8675537109375
8.487	625.8675537109375
8.493	625.8675537109375
8.499	615.115478515625
8.504	597.6041870117188
8.51	570.6172485351562
8.516	541.7108154296875
8.522	0.0
8.527999999999999	0.0
8.533	0.0
8.539	0.0
8.545	0.0
8.551	0.0
8.557	0.0
8.562000000000001	0.0
8.568	365.74871826171875
8.574	365.74871826171875
8.58	357.39495849609375
8.586	327.73248291015625
8.591000000000001	333.4611511230469
8.597000000000001	325.8448486328125
8.603	320.24700927734375
8.609	323.9681091308594
8.615	309.3381652832031
8.62	329.6310119628906
8.626	318.4024963378906
8.632	335.3929138183594
8.638	312.9324951171875
8.644	333.4611511230469
8.649	325.8448486328125
8.655	329.6310119628906
8.661	318.4024963378906
8.667	331.5405578613281
8.673	327.73248291015625
8.677999999999999	329.6310119628906
8.684	331.5405578613281
8.69	337.3358154296875
8.696	323.9681091308594
8.702	333.4611511230469
8.707	339.2900085449219
8.713	322.1021728515625
8.719	337.3358154296875
8.725	323.9681091308594
8.731	333.4611511230469
8.737	323.9681091308594
8.742	333.4611511230469
8.748	327.73248291015625
8.754	329.6310119628906
8.76	314.74530029296875
8.766	327.73248291015625
8.771	333.4611511230469
8.777000000000001	323.9681091308594
8.783	325.8448486328125
8.789	325.8448486328125
8.795	333.4611511230469
8.8	325.8448486328125
8.806000000000001	339.2900085449219
8.812000000000001	325.8448486328125
8.818	337.3358154296875
8.824	333.4611511230469
8.829	333.4611511230469
8.835	331.5405578613281
8.841000000000001	323.9681091308594
8.847000000000001	337.3358154296875
8.853	325.8448486328125
8.857999999999999	337.3358154296875
8.863999999999999	331.5405578613281
8.87	327.73248291015625
8.876	316.5686340332031
8.882	318.4024963378906
8.887	333.4611511230469
8.892999999999999	333.4611511230469
8.899	320.24700927734375
8.905	316.5686340332031
8.911	320.24700927734375
8.916	325.8448486328125
8.922	329.6310119628906
8.927999999999999	337.3358154296875
8.934	323.9681091308594
8.94	333.4611511230469
8.945	325.8448486328125
8.951	331.5405578613281
8.957	327.73248291015625
8.963	335.3929138183594
8.969	333.4611511230469
8.975	329.6310119628906
8.98	331.5405578613281
8.986	331.5405578613281
8.992	333.4611511230469
8.998	327.73248291015625
9.004	335.3929138183594
9.009	329.6310119628906
9.015	327.73248291015625
9.021	323.9681091308594
9.027000000000001	331.5405578613281
9.033	323.9681091308594
9.038	323.9681091308594
9.044	323.9681091308594
9.05	318.4024963378906
9.056000000000001	323.9681091308594
9.062000000000001	322.1021728515625
9.067	339.2900085449219
9.073	323.9681091308594
9.079	335.3929138183594
9.085	323.9681091308594
9.091000000000001	339.2900085449219
9.096	323.9681091308594
9.102	343.2323913574219
9.107999999999999	329.6310119628906
9.113999999999999	335.3929138183594
9.12	323.9681091308594
9.125	335.3929138183594
9.131	331.5405578613281
9.137	329.6310119628906
9.142999999999999	327.73248291015625
9.149	325.8448486328125
9.154	318.4024963378906
9.16	325.8448486328125
9.166	323.9681091308594
9.172	325.8448486328125
9.177999999999999	323.9681091308594
9.183	329.6310119628906
9.189	327.73248291015625
9.195	327.73248291015625
9.201	325.8448486328125
9.207	337.3358154296875
9.213	329.6310119628906
9.218	333.4611511230469
9.224	327.73248291015625
9.23	335.3929138183594
9.236	325.8448486328125
9.242	331.5405578613281
9.247	329.6310119628906
9.253	335.3929138183594
9.259	322.1021728515625
9.265	331.5405578613281
9.271	323.9681091308594
9.276	331.5405578613281
9.282	327.73248291015625
9.288	333.4611511230469
9.294	322.1021728515625
9.3	322.1021728515625
9.305	325.8448486328125
9.311	327.73248291015625
9.317	322.1021728515625
9.323	329.6310119628906
9.329	327.73248291015625
9.334	329.6310119628906
9.34	325.8448486328125
9.346	331.5405578613281
9.352	329.6310119628906
9.357999999999999	327.73248291015625
9.363	333.4611511230469
9.369	329.6310119628906
9.375	327.73248291015625
9.381	331.5405578613281
9.387	333.4611511230469
9.392000000000001	333.4611511230469
9.398	329.6310119628906
9.404	331.5405578613281
9.41	325.8448486328125
9.416	325.8448486328125
9.421	325.8448486328125
9.427	331.5405578613281
9.433	327.73248291015625
9.439	327.73248291015625
9.445	323.9681091308594
9.451	325.8448486328125
9.456	323.9681091308594
9.462	331.5405578613281
9.468	327.73248291015625
9.474	327.73248291015625
9.48	323.9681091308594
9.485	335.3929138183594
9.491	325.8448486328125
9.497	331.5405578613281
9.503	325.8448486328125
9.509	331.5405578613281
9.514	325.8448486328125
9.52	322.1021728515625
9.526	327.73248291015625
9.532	325.8448486328125
9.538	320.24700927734375
9.543	329.6310119628906
9.549	309.3381652832031
9.555	0.0
9.561	0.0
9.567	353.2899475097656
9.572000000000001	341.2555236816406
9.578	363.64215087890625
9.584	372.1419372558594
9.59	372.1419372558594
9.596	385.2655944824219
9.601	405.8238830566406
9.607000000000001	408.1748046875
9.613	440.0053405761719
9.619	427.47918701171875
9.625	447.6965637207031
9.63	471.5862731933594
9.636000000000001	485.4048767089844
9.642000000000001	491.0450744628906
9.648	496.750732421875
9.654	502.5227355957031
9.66	485.4048767089844
9.665	502.5227355957031
9.671	482.609130859375
9.677	499.62841796875
9.683	496.750732421875
9.689	493.8896484375
9.693999999999999	496.750732421875
9.7	496.750732421875
9.706	482.609130859375
9.712	482.609130859375
9.718	499.62841796875
9.722999999999999	482.609130859375
9.729	493.8896484375
9.735	499.62841796875
9.741	505.4338684082031
9.747	508.36181640625
9.752	491.0450744628906
9.758	523.258056640625
9.764	541.7108154296875
9.77	538.5906982421875
9.776	538.5906982421875
9.781	541.7108154296875
9.787	538.5906982421875
9.793	538.5906982421875
9.799	544.8489379882812
9.805	538.5906982421875
9.81	541.7108154296875
9.816	541.7108154296875
9.822000000000001	541.7108154296875
9.828	499.62841796875
9.834	491.0450744628906
9.839	491.0450744628906
9.845	479.8294982910156
9.851	499.62841796875
9.857000000000001	496.750732421875
9.863	499.62841796875
9.868	488.216796875
9.874	502.5227355957031
9.88	499.62841796875
9.886000000000001	496.750732421875
9.892000000000001	493.8896484375
9.898	508.36181640625
9.902999999999999	496.750732421875
9.908999999999999	493.8896484375
9.915	496.750732421875
9.921	499.62841796875
9.927	493.8896484375
9.932	482.609130859375
9.937999999999999	491.0450744628906
9.943999999999999	502.5227355957031
9.95	493.8896484375
9.956	479.8294982910156
9.961	491.0450744628906
9.967	496.750732421875
9.972999999999999	491.0450744628906
9.979	479.8294982910156
9.985	496.750732421875
9.99	499.62841796875
9.996	488.216796875
10.002	488.216796875
10.008	496.750732421875
10.014	499.62841796875
10.019	496.750732421875
10.025	488.216796875
10.031	508.36181640625
10.037	499.62841796875
10.043	493.8896484375
10.048	488.216796875
10.054	505.4338684082031
10.06	493.8896484375
10.066	482.609130859375
10.072000000000001	488.216796875
10.077	505.4338684082031
10.083	493.8896484375
10.089	488.216796875
10.095	479.8294982910156
10.101	496.750732421875
10.106	496.750732421875
10.112	491.0450744628906
10.118	488.216796875
10.124	499.62841796875
10.13	502.5227355957031
10.136000000000001	493.8896484375
10.141	496.750732421875
10.147	496.750732421875
10.152999999999999	502.5227355957031
10.158999999999999	485.4048767089844
10.165	499.62841796875
10.17	499.62841796875
10.176	493.8896484375
10.182	491.0450744628906
10.187999999999999	493.8896484375
10.193999999999999	496.750732421875
10.199	493.8896484375
10.205	488.216796875
10.211	496.750732421875
10.217	499.62841796875
10.222999999999999	493.8896484375
10.228	485.4048767089844
10.234	491.0450744628906
10.24	502.5227355957031
10.245999999999999	491.0450744628906
10.252	485.4048767089844
10.257	493.8896484375
10.263	502.5227355957031
10.269	488.216796875
10.275	493.8896484375
10.280999999999999	493.8896484375
10.286	499.62841796875
10.292	496.750732421875
10.298	493.8896484375
10.304	499.62841796875
10.31	499.62841796875
10.315	499.62841796875
10.321	491.0450744628906
10.327	496.750732421875
10.333	496.750732421875
10.339	496.750732421875
10.344000000000001	488.216796875
10.35	496.750732421875
10.356	493.8896484375
10.362	493.8896484375
10.368	488.216796875
10.374	499.62841796875
10.379000000000001	493.8896484375
10.385	491.0450744628906
10.390999999999998	493.8896484375
10.397	496.750732421875
10.402999999999999	491.0450744628906
10.408	496.750732421875
10.414000000000001	491.0450744628906
10.42	496.750732421875
10.425999999999998	496.750732421875
10.432	493.8896484375
10.437000000000001	491.0450744628906
10.443	499.62841796875
10.449000000000002	496.750732421875
10.455	499.62841796875
10.460999999999999	491.0450744628906
10.466	499.62841796875
10.472000000000001	499.62841796875
10.478	493.8896484375
10.484000000000002	493.8896484375
10.49	502.5227355957031
10.495	496.750732421875
10.501	493.8896484375
10.507	491.0450744628906
10.513	496.750732421875
10.519	496.750732421875
10.524000000000001	482.609130859375
10.53	491.0450744628906
10.536	493.8896484375
10.542	496.750732421875
10.548	485.4048767089844
10.552999999999999	493.8896484375
10.559000000000001	493.8896484375
10.565	499.62841796875
10.571	496.750732421875
10.577	493.8896484375
10.582	499.62841796875
10.588	502.5227355957031
10.594000000000001	502.5227355957031
10.6	502.5227355957031
10.606	502.5227355957031
10.612	491.0450744628906
10.617	502.5227355957031
10.623	493.8896484375
10.629000000000001	493.8896484375
10.635	488.216796875
10.640999999999998	488.216796875
10.645999999999999	479.8294982910156
10.652000000000001	479.8294982910156
10.658	474.3181457519531
10.664000000000001	482.609130859375
10.67	477.06585693359375
10.675	471.5862731933594
10.681	466.16961669921875
10.687000000000001	474.3181457519531
10.693	460.81512451171875
10.699000000000002	466.16961669921875
10.704	466.16961669921875
10.71	447.6965637207031
10.716	432.4462890625
10.722000000000001	450.2900390625
10.728	463.4846496582031
10.732999999999999	450.2900390625
10.739	445.1180114746094
10.745	452.8985900878906
10.751	474.3181457519531
10.757	466.16961669921875
10.762	471.5862731933594
10.767999999999999	458.1610107421875
10.774000000000001	477.06585693359375
10.78	466.16961669921875
10.786	477.06585693359375
10.790999999999999	450.2900390625
10.797	468.8700866699219
10.802999999999999	460.81512451171875
10.809000000000001	474.3181457519531
10.815	471.5862731933594
10.82	458.1610107421875
10.825999999999999	460.81512451171875
10.832	477.06585693359375
10.838	466.16961669921875
10.844000000000001	477.06585693359375
10.85	447.6965637207031
10.855	468.8700866699219
10.860999999999999	455.5221862792969
10.867	477.06585693359375
10.873	466.16961669921875
10.879000000000001	471.5862731933594
10.884	460.81512451171875
10.89	466.16961669921875
10.895999999999999	468.8700866699219
10.902000000000001	474.3181457519531
10.908	468.8700866699219
10.913	471.5862731933594
10.919	458.1610107421875
10.925	450.2900390625
10.931	471.5862731933594
10.937000000000001	474.3181457519531
10.942	474.3181457519531
10.948	477.06585693359375
10.954	450.2900390625
10.96	458.1610107421875
10.966	466.16961669921875
10.970999999999998	468.8700866699219
10.977	474.3181457519531
10.982999999999999	458.1610107421875
10.989	460.81512451171875
10.995	452.8985900878906
11.0	479.8294982910156
11.005999999999998	466.16961669921875
11.012	474.3181457519531
11.017999999999999	460.81512451171875
11.024000000000001	445.1180114746094
11.029000000000002	466.16961669921875
11.035	474.3181457519531
11.040999999999999	471.5862731933594
11.047	468.8700866699219
11.052999999999999	452.8985900878906
11.059000000000001	471.5862731933594
11.064	466.16961669921875
11.07	474.3181457519531
11.075999999999999	463.4846496582031
11.082	463.4846496582031
11.088	458.1610107421875
11.093	468.8700866699219
11.099	463.4846496582031
11.105	471.5862731933594
11.110999999999999	466.16961669921875
11.117	468.8700866699219
11.122	463.4846496582031
11.128	471.5862731933594
11.134	452.8985900878906
11.14	471.5862731933594
11.145999999999999	455.5221862792969
11.151	468.8700866699219
11.157	450.2900390625
11.163	468.8700866699219
11.169	463.4846496582031
11.175	471.5862731933594
11.18	466.16961669921875
11.186	452.8985900878906
11.192	463.4846496582031
11.198	463.4846496582031
11.204	471.5862731933594
11.209000000000001	463.4846496582031
11.215	463.4846496582031
11.220999999999998	466.16961669921875
11.227	463.4846496582031
11.232999999999999	471.5862731933594
11.238	460.81512451171875
11.244000000000002	463.4846496582031
11.25	460.81512451171875
11.255999999999998	468.8700866699219
11.262	468.8700866699219
11.267000000000001	471.5862731933594
11.273	463.4846496582031
11.279000000000002	463.4846496582031
11.285	463.4846496582031
11.290999999999999	463.4846496582031
11.297	468.8700866699219
11.302	463.4846496582031
11.308	466.16961669921875
11.314	458.1610107421875
11.32	471.5862731933594
11.325999999999999	460.81512451171875
11.331	471.5862731933594
11.337	463.4846496582031
11.343	447.6965637207031
11.349	466.16961669921875
11.355	458.1610107421875
11.36	477.06585693359375
11.366	463.4846496582031
11.372	471.5862731933594
11.378	455.5221862792969
11.384	460.81512451171875
11.389000000000001	468.8700866699219
11.395	463.4846496582031
11.401	471.5862731933594
11.407	450.2900390625
11.413	466.16961669921875
11.418	463.4846496582031
11.424000000000001	474.3181457519531
11.43	468.8700866699219
11.436	468.8700866699219
11.442	455.5221862792969
11.447000000000001	468.8700866699219
11.453	460.81512451171875
11.459000000000001	474.3181457519531
11.465	455.5221862792969
11.470999999999998	474.3181457519531
11.475999999999999	460.81512451171875
11.482000000000001	468.8700866699219
11.488	463.4846496582031
11.494000000000002	471.5862731933594
11.5	458.1610107421875
11.505	468.8700866699219
11.511	463.4846496582031
11.517000000000001	468.8700866699219
11.523	468.8700866699219
11.529000000000002	471.5862731933594
11.535	466.16961669921875
11.54	452.8985900878906
11.546	463.4846496582031
11.552	460.81512451171875
11.558	463.4846496582031
11.564	468.8700866699219
11.569	460.81512451171875
11.575	471.5862731933594
11.581	463.4846496582031
11.587	468.8700866699219
11.593	458.1610107421875
11.597999999999999	463.4846496582031
11.604000000000001	458.1610107421875
11.61	466.16961669921875
11.616	466.16961669921875
11.622	463.4846496582031
11.627	466.16961669921875
11.633	468.8700866699219
11.639000000000001	463.4846496582031
11.645	471.5862731933594
11.651	468.8700866699219
11.655999999999999	466.16961669921875
11.662	468.8700866699219
11.668	474.3181457519531
11.674000000000001	455.5221862792969
11.68	466.16961669921875
11.685	452.8985900878906
11.690999999999999	432.4462890625
11.697000000000001	445.1180114746094
11.703	420.13531494140625
11.709000000000001	417.7154846191406
11.714	417.7154846191406
11.72	408.1748046875
11.725999999999999	410.5393371582031
11.732000000000001	394.27081298828125
11.738	383.0466003417969
11.743	376.4660339355469
11.749	372.1419372558594
11.755	383.0466003417969
11.761	374.2977600097656
11.767000000000001	367.8675231933594
11.773	349.2320251464844
11.777999999999999	365.74871826171875
11.784	363.64215087890625
11.79	0.0
11.796	347.2205810546875
11.802	361.5477294921875
11.807	374.2977600097656
11.812999999999999	378.64691162109375
11.819	369.99853515625
11.825	351.2550964355469
11.831	359.4653625488281
11.835999999999999	383.0466003417969
11.842	369.99853515625
11.847999999999999	363.64215087890625
11.854000000000001	359.4653625488281
11.86	369.99853515625
11.865	374.2977600097656
11.870999999999999	367.8675231933594
11.877	369.99853515625
11.883	374.2977600097656
11.889000000000001	378.64691162109375
11.894	374.2977600097656
11.9	363.64215087890625
11.905999999999999	374.2977600097656
11.912	365.74871826171875
11.918	374.2977600097656
11.923	363.64215087890625
11.929	369.99853515625
11.935	359.4653625488281
11.940999999999999	367.8675231933594
11.947000000000001	376.4660339355469
11.952	363.64215087890625
11.958	367.8675231933594
11.964	367.8675231933594
11.97	374.2977600097656
11.975999999999999	369.99853515625
11.981	376.4660339355469
11.987	359.4653625488281
11.993	378.64691162109375
11.999	363.64215087890625
12.005	372.1419372558594
12.011	361.5477294921875
12.015999999999998	376.4660339355469
12.022	363.64215087890625
12.027999999999999	365.74871826171875
12.034	376.4660339355469
12.04	359.4653625488281
12.045	376.4660339355469
12.050999999999998	365.74871826171875
12.057	376.4660339355469
12.062999999999999	359.4653625488281
12.069	372.1419372558594
12.074000000000002	367.8675231933594
12.08	376.4660339355469
12.085999999999999	365.74871826171875
12.092	374.2977600097656
12.097999999999999	369.99853515625
12.103	363.64215087890625
12.109000000000002	376.4660339355469
12.115	359.4653625488281
12.120999999999999	376.4660339355469
12.127	363.64215087890625
12.132	369.99853515625
12.138	365.74871826171875
12.144	376.4660339355469
12.15	367.8675231933594
12.155999999999999	361.5477294921875
12.161	378.64691162109375
12.167	363.64215087890625
12.173	374.2977600097656
12.179	367.8675231933594
12.185	367.8675231933594
12.19	372.1419372558594
12.196	367.8675231933594
12.202	365.74871826171875
12.208	369.99853515625
12.214	367.8675231933594
12.22	365.74871826171875
12.225	383.0466003417969
12.231	369.99853515625
12.237	367.8675231933594
12.243	353.2899475097656
12.249	380.84039306640625
12.254000000000001	365.74871826171875
12.26	365.74871826171875
12.265999999999998	359.4653625488281
12.272	372.1419372558594
12.277999999999999	369.99853515625
12.283	376.4660339355469
12.289000000000001	361.5477294921875
12.295	372.1419372558594
12.300999999999998	367.8675231933594
12.307	376.4660339355469
12.312000000000001	365.74871826171875
12.318	365.74871826171875
12.324000000000002	361.5477294921875
12.33	367.8675231933594
12.335999999999999	372.1419372558594
12.341	365.74871826171875
12.347000000000001	372.1419372558594
12.353	361.5477294921875
12.359000000000002	376.4660339355469
12.365	369.99853515625
12.37	374.2977600097656
12.376	361.5477294921875
12.382	378.64691162109375
12.388	367.8675231933594
12.394	372.1419372558594
12.399000000000001	361.5477294921875
12.405	374.2977600097656
12.411	374.2977600097656
12.417	357.39495849609375
12.423	378.64691162109375
12.427999999999999	367.8675231933594
12.434000000000001	369.99853515625
12.44	359.4653625488281
12.446	369.99853515625
12.452	374.2977600097656
12.458	378.64691162109375
12.463	357.39495849609375
12.469000000000001	374.2977600097656
12.475	369.99853515625
12.481	378.64691162109375
12.487	369.99853515625
12.492	367.8675231933594
12.498	361.5477294921875
12.504000000000001	376.4660339355469
12.51	376.4660339355469
12.515999999999998	376.4660339355469
12.520999999999999	365.74871826171875
12.527000000000001	367.8675231933594
12.533	372.1419372558594
12.539000000000001	378.64691162109375
12.545	376.4660339355469
12.55	365.74871826171875
12.556	369.99853515625
12.562000000000001	380.84039306640625
12.568	367.8675231933594
12.574000000000002	367.8675231933594
12.579	361.5477294921875
12.585	389.7421875
12.591	367.8675231933594
12.597000000000001	0.0
12.603	0.0
12.607999999999999	0.0
12.614	0.0
12.62	0.0
12.626	0.0
12.632	0.0
12.637	0.0
12.642999999999999	0.0
12.649000000000001	0.0
12.655	0.0
12.661	0.0
12.665999999999999	0.0
12.672	0.0
12.677999999999999	0.0
12.684000000000001	0.0
12.69	0.0
12.696	0.0
12.700999999999999	197.1345977783203
12.707	183.93299865722656
12.713	187.1481170654297
12.719000000000001	191.52252197265625
12.725	190.41943359375
12.73	186.07022094726562
12.735999999999999	179.73194885253906
12.742	181.82034301757812
12.748	179.73194885253906
12.754000000000001	193.7479248046875
12.759	199.42520141601562
12.765	197.1345977783203
12.770999999999999	187.1481170654297
12.777000000000001	193.7479248046875
12.783	187.1481170654297
12.788	190.41943359375
12.794	188.23226928710938
12.8	186.07022094726562
12.806	188.23226928710938
12.812000000000001	191.52252197265625
12.817	179.73194885253906
12.823	189.32269287109375
12.829	180.77313232421875
12.835	179.73194885253906
12.841	195.99917602539062
12.845999999999998	193.7479248046875
12.852	186.07022094726562
12.857999999999999	186.07022094726562
12.864	192.6320037841797
12.87	0.0
12.875	0.0
12.880999999999998	0.0
12.887	0.0
12.892999999999999	0.0
12.899000000000001	0.0
12.904000000000002	361.5477294921875
12.91	385.2655944824219
12.915999999999999	363.64215087890625
12.922	361.5477294921875
12.927999999999999	378.64691162109375
12.934000000000001	361.5477294921875
12.939	376.4660339355469
12.945	357.39495849609375
12.950999999999999	374.2977600097656
12.957	372.1419372558594
12.963	378.64691162109375
12.968	367.8675231933594
12.974	376.4660339355469
12.98	383.0466003417969
12.985999999999999	359.4653625488281
12.992	365.74871826171875
12.997	372.1419372558594
13.003	374.2977600097656
13.009	383.0466003417969
13.015	367.8675231933594
13.020999999999999	363.64215087890625
13.026	359.4653625488281
13.032	361.5477294921875
13.038	372.1419372558594
13.044	372.1419372558594
13.05	367.8675231933594
13.055	380.84039306640625
13.061	374.2977600097656
13.067	376.4660339355469
13.073	374.2977600097656
13.079	376.4660339355469
13.084000000000001	369.99853515625
13.09	361.5477294921875
13.095999999999998	367.8675231933594
13.102	365.74871826171875
13.107999999999999	378.64691162109375
13.113	357.39495849609375
13.119000000000002	353.2899475097656
13.125	374.2977600097656
13.130999999999998	363.64215087890625
13.137	369.99853515625
13.142000000000001	374.2977600097656
13.148	376.4660339355469
13.154000000000002	355.3365173339844
13.16	383.0466003417969
13.165999999999999	374.2977600097656
13.172	385.2655944824219
13.177	387.4974365234375
13.183	365.74871826171875
13.189	374.2977600097656
13.195	389.7421875
13.200999999999999	365.74871826171875
13.206	359.4653625488281
13.212	385.2655944824219
13.218	372.1419372558594
13.224	376.4660339355469
13.23	372.1419372558594
13.235	365.74871826171875
13.241	0.0
13.247	0.0
13.253	0.0
13.259	0.0
13.264000000000001	0.0
13.27	0.0
13.276	0.0
13.282	0.0
13.288	0.0
13.293	0.0
13.299000000000001	0.0
13.305	0.0
13.311	0.0
13.317	0.0
13.322000000000001	0.0
13.328	0.0
13.334000000000001	0.0
13.34	0.0
13.345999999999998	0.0
13.350999999999999	0.0
13.357000000000001	0.0
13.363	0.0
13.369000000000002	0.0
13.375	0.0
13.38	0.0
13.386	0.0
13.392000000000001	0.0
13.398	0.0
13.404000000000002	0.0
13.41	0.0
13.415	0.0
13.421	0.0
13.427	0.0
13.433	0.0
13.439	0.0
13.444	0.0
13.45	0.0
13.456	0.0
13.462	0.0
13.468	0.0
13.472999999999999	0.0
13.479000000000001	0.0
13.485	0.0
13.491	0.0
13.497	0.0
13.502	0.0
13.508	0.0
13.514000000000001	0.0
13.52	361.5477294921875
13.526	380.84039306640625
13.530999999999999	369.99853515625
13.537	394.27081298828125
13.543	389.7421875
13.549000000000001	369.99853515625
13.555	374.2977600097656
13.56	378.64691162109375
13.565999999999999	367.8675231933594
13.572000000000001	365.74871826171875
13.578	374.2977600097656
13.584000000000001	369.99853515625
13.589	376.4660339355469
13.595	376.4660339355469
13.600999999999999	372.1419372558594
13.607000000000001	369.99853515625
13.613	383.0466003417969
13.619000000000002	355.3365173339844
13.624	372.1419372558594
13.63	378.64691162109375
13.636	359.4653625488281
13.642000000000001	374.2977600097656
13.648	380.84039306640625
13.652999999999999	385.2655944824219
13.659	372.1419372558594
13.665	0.0
13.671	0.0
13.677	0.0
13.682	0.0
13.687999999999999	0.0
13.694	0.0
13.7	0.0
13.706	0.0
13.710999999999999	0.0
13.717	0.0
13.722999999999999	0.0
13.729000000000001	0.0
13.735	0.0
13.74	0.0
13.745999999999999	0.0
13.752	0.0
13.758	0.0
13.764000000000001	0.0
13.769	0.0
13.775	365.74871826171875
13.780999999999999	365.74871826171875
13.787	380.84039306640625
13.793	369.99853515625
13.798	389.7421875
13.804	380.84039306640625
13.81	367.8675231933594
13.815999999999999	361.5477294921875
13.822000000000001	349.2320251464844
13.827	345.220703125
13.833	372.1419372558594
13.839	383.0466003417969
13.845	391.99993896484375
13.850999999999999	378.64691162109375
13.857000000000001	361.5477294921875
13.862	380.84039306640625
13.868	361.5477294921875
13.874	374.2977600097656
13.88	372.1419372558594
13.886	0.0
13.890999999999998	0.0
13.897	0.0
13.902999999999999	0.0
13.909	0.0
13.915	0.0
13.92	0.0
13.925999999999998	0.0
13.932	0.0
13.937999999999999	0.0
13.944	0.0
13.949000000000002	0.0
13.955	0.0
13.960999999999999	0.0
13.967	0.0
13.972999999999999	0.0
13.978	0.0
13.984000000000002	0.0
13.99	376.4660339355469
13.995999999999999	374.2977600097656
14.002	365.74871826171875
14.007	369.99853515625
14.013	383.0466003417969
14.019	367.8675231933594
14.025	369.99853515625
14.030999999999999	378.64691162109375
14.036	374.2977600097656
14.042	361.5477294921875
14.048	374.2977600097656
14.054	355.3365173339844
14.06	376.4660339355469
14.065	351.2550964355469
14.071	363.64215087890625
14.077	374.2977600097656
14.083	367.8675231933594
14.089	357.39495849609375
14.095	376.4660339355469
14.1	378.64691162109375
14.106	369.99853515625
14.112	380.84039306640625
14.118	374.2977600097656
14.124	374.2977600097656
14.129000000000001	374.2977600097656
14.135	365.74871826171875
14.140999999999998	367.8675231933594
14.147	367.8675231933594
14.152999999999999	369.99853515625
14.158	355.3365173339844
14.164000000000001	361.5477294921875
14.17	372.1419372558594
14.175999999999998	353.2899475097656
14.182	374.2977600097656
14.187000000000001	372.1419372558594
14.193	372.1419372558594
14.199000000000002	367.8675231933594
14.205	372.1419372558594
14.210999999999999	374.2977600097656
14.216	374.2977600097656
14.222000000000001	369.99853515625
14.228	380.84039306640625
14.234000000000002	369.99853515625
14.24	367.8675231933594
14.245	372.1419372558594
14.251	365.74871826171875
14.257	359.4653625488281
14.263	359.4653625488281
14.269	372.1419372558594
14.274000000000001	365.74871826171875
14.28	369.99853515625
14.286	359.4653625488281
14.292	361.5477294921875
14.298	372.1419372558594
14.302999999999999	365.74871826171875
14.309000000000001	372.1419372558594
14.315	380.84039306640625
14.321	372.1419372558594
14.327	351.2550964355469
14.333	355.3365173339844
14.338	369.99853515625
14.344000000000001	351.2550964355469
14.35	374.2977600097656
14.356	355.3365173339844
14.362	374.2977600097656
14.367	372.1419372558594
14.373	369.99853515625
14.379000000000001	378.64691162109375
14.385	372.1419372558594
14.390999999999998	369.99853515625
14.395999999999999	353.2899475097656
14.402000000000001	329.6310119628906
14.408	343.2323913574219
14.414000000000001	367.8675231933594
14.42	380.84039306640625
14.425	380.84039306640625
14.431	378.64691162109375
14.437000000000001	367.8675231933594
14.443	351.2550964355469
14.449000000000002	345.220703125
14.454	0.0
14.46	0.0
14.466	0.0
14.472000000000001	0.0
14.478	0.0
14.482999999999999	0.0
14.489	0.0
14.495	0.0
14.501	0.0
14.507	0.0
14.512	0.0
14.517999999999999	0.0
14.524000000000001	0.0
14.53	0.0
14.536	0.0
14.540999999999999	0.0
14.547	0.0
14.552999999999999	0.0
14.559000000000001	0.0
14.565	0.0
14.571	0.0
14.575999999999999	0.0
14.582	0.0
14.588	0.0
14.594000000000001	0.0
14.6	0.0
14.605	0.0
14.610999999999999	0.0
14.617	0.0
14.623	0.0
14.629000000000001	0.0
14.634	0.0
14.64	0.0
14.645999999999999	0.0
14.652000000000001	0.0
14.658	0.0
14.663	0.0
14.669	0.0
14.675	0.0
14.681	0.0
14.687000000000001	0.0
14.692	0.0
14.698	369.99853515625
14.704	372.1419372558594
14.71	365.74871826171875
14.716	367.8675231933594
14.720999999999998	369.99853515625
14.727	378.64691162109375
14.732999999999999	367.8675231933594
14.739	351.2550964355469
14.745	329.6310119628906
14.75	339.2900085449219
14.755999999999998	359.4653625488281
14.762	369.99853515625
14.767999999999999	363.64215087890625
14.774000000000001	361.5477294921875
14.78	376.4660339355469
14.785	369.99853515625
14.790999999999999	365.74871826171875
14.797	365.74871826171875
14.802999999999999	369.99853515625
14.809000000000001	376.4660339355469
14.814	374.2977600097656
14.82	380.84039306640625
14.825999999999999	363.64215087890625
14.832	389.7421875
14.838	372.1419372558594
14.843	367.8675231933594
14.849	0.0
14.855	0.0
14.860999999999999	374.2977600097656
14.867	359.4653625488281
14.872	345.220703125
14.878	341.2555236816406
14.884	363.64215087890625
14.89	351.2550964355469
14.895999999999999	335.3929138183594
14.901	269.2942810058594
14.907	275.5887756347656
14.913	263.1435852050781
14.919	274.0014953613281
14.925	266.201171875
14.93	258.6228942871094
14.936	254.17987060546875
14.942	254.17987060546875
14.948	260.1210632324219
14.954	257.1333312988281
14.959000000000001	252.71588134765625
14.965	260.1210632324219
14.970999999999998	275.5887756347656
14.977	293.6676330566406
14.982999999999999	297.0799255371094
14.988	293.6676330566406
14.994000000000002	298.8009033203125
15.0	305.7850646972656
15.005999999999998	312.9324951171875
15.012	307.5564880371094
15.017999999999999	312.9324951171875
15.023	314.74530029296875
15.029000000000002	314.74530029296875
15.035	323.9681091308594
15.040999999999999	312.9324951171875
15.047	312.9324951171875
15.052	318.4024963378906
15.058	311.1301574707031
15.064	329.6310119628906
15.07	322.1021728515625
15.075999999999999	323.9681091308594
15.081	322.1021728515625
15.087	309.3381652832031
15.093	318.4024963378906
15.099	323.9681091308594
15.105	312.9324951171875
15.11	302.2728271484375
15.116	277.1852722167969
15.122	275.5887756347656
15.128	295.36883544921875
15.134	314.74530029296875
15.139000000000001	311.1301574707031
15.145	318.4024963378906
15.151	320.24700927734375
15.157	305.7850646972656
15.163	320.24700927734375
15.168	318.4024963378906
15.174000000000001	307.5564880371094
15.18	323.9681091308594
15.186	305.7850646972656
15.192	300.5318298339844
15.197000000000001	304.0238952636719
15.203	318.4024963378906
15.209000000000001	293.6676330566406
15.215	0.0
15.220999999999998	0.0
15.225999999999999	0.0
15.232000000000001	0.0
15.238	0.0
15.244000000000002	0.0
15.25	0.0
15.255999999999998	0.0
15.261	291.9762268066406
15.267000000000001	318.4024963378906
15.273	316.5686340332031
15.279000000000002	312.9324951171875
15.285	307.5564880371094
15.29	318.4024963378906
15.296	311.1301574707031
15.302	309.3381652832031
15.308	312.9324951171875
15.314	304.0238952636719
15.319	322.1021728515625
15.325	318.4024963378906
15.331	309.3381652832031
15.337	322.1021728515625
15.343	312.9324951171875
15.347999999999999	311.1301574707031
15.354000000000001	309.3381652832031
15.36	329.6310119628906
15.366	314.74530029296875
15.372	312.9324951171875
15.377	318.4024963378906
15.383	291.9762268066406
15.389000000000001	263.1435852050781
15.395	264.6679382324219
15.401	254.17987060546875
15.405999999999999	252.71588134765625
15.412	258.6228942871094
15.418	261.6279602050781
15.424000000000001	257.1333312988281
15.43	278.7909851074219
15.435	280.4060363769531
15.440999999999999	280.4060363769531
15.447000000000001	0.0
15.453	0.0
15.459000000000001	0.0
15.464	0.0
15.47	0.0
15.475999999999999	0.0
15.482000000000001	305.7850646972656
15.488	304.0238952636719
15.494000000000002	302.2728271484375
15.499	323.9681091308594
15.505	309.3381652832031
15.511	309.3381652832031
15.517000000000001	298.8009033203125
15.523	309.3381652832031
15.527999999999999	312.9324951171875
15.534	314.74530029296875
15.54	298.8009033203125
15.546	304.0238952636719
15.552	286.9602355957031
15.557	297.0799255371094
15.562999999999999	314.74530029296875
15.569	320.24700927734375
15.575	314.74530029296875
15.581	304.0238952636719
15.585999999999999	312.9324951171875
15.592	305.7850646972656
15.597999999999999	307.5564880371094
15.604000000000001	311.1301574707031
15.61	302.2728271484375
15.615	312.9324951171875
15.620999999999999	312.9324951171875
15.627	316.5686340332031
15.633	316.5686340332031
15.639000000000001	314.74530029296875
15.644	307.5564880371094
15.65	311.1301574707031
15.655999999999999	318.4024963378906
15.662	295.36883544921875
15.668	314.74530029296875
15.673	314.74530029296875
15.679	307.5564880371094
15.685	307.5564880371094
15.690999999999999	316.5686340332031
15.697000000000001	320.24700927734375
15.702	307.5564880371094
15.708	316.5686340332031
15.714	314.74530029296875
15.72	302.2728271484375
15.725999999999999	309.3381652832031
15.732000000000001	316.5686340332031
15.737	297.0799255371094
15.743	318.4024963378906
15.749	312.9324951171875
15.755	312.9324951171875
15.761	309.3381652832031
15.765999999999998	314.74530029296875
15.772	318.4024963378906
15.777999999999999	304.0238952636719
15.784	304.0238952636719
15.79	304.0238952636719
15.795	309.3381652832031
15.800999999999998	316.5686340332031
15.807	304.0238952636719
15.812999999999999	304.0238952636719
15.819	314.74530029296875
15.824000000000002	312.9324951171875
15.83	304.0238952636719
15.835999999999999	291.9762268066406
15.842	309.3381652832031
15.847999999999999	309.3381652832031
15.853	291.9762268066406
15.859000000000002	309.3381652832031
15.865	314.74530029296875
15.870999999999999	320.24700927734375
15.877	302.2728271484375
15.882	311.1301574707031
15.888	325.8448486328125
15.894	304.0238952636719
15.9	305.7850646972656
15.905999999999999	311.1301574707031
15.911	309.3381652832031
15.917	307.5564880371094
15.923	314.74530029296875
15.929	305.7850646972656
15.935	325.8448486328125
15.94	280.4060363769531
15.946	302.2728271484375
15.952	309.3381652832031
15.958	314.74530029296875
15.964	327.73248291015625
15.97	304.0238952636719
15.975	309.3381652832031
15.981	316.5686340332031
15.987	309.3381652832031
15.993	309.3381652832031
15.999	318.4024963378906
16.004	323.9681091308594
16.01	314.74530029296875
16.016	302.2728271484375
16.022000000000002	322.1021728515625
16.028	309.3381652832031
16.033	322.1021728515625
16.039	298.8009033203125
16.045	322.1021728515625
16.051	305.7850646972656
16.057000000000002	300.5318298339844
16.062	320.24700927734375
16.067999999999998	304.0238952636719
16.074	309.3381652832031
16.08	316.5686340332031
16.086	312.9324951171875
16.090999999999998	316.5686340332031
16.097	307.5564880371094
16.102999999999998	320.24700927734375
16.109	309.3381652832031
16.115	304.0238952636719
16.12	316.5686340332031
16.125999999999998	305.7850646972656
16.132	314.74530029296875
16.137999999999998	307.5564880371094
16.144000000000002	318.4024963378906
16.149	307.5564880371094
16.155	314.74530029296875
16.160999999999998	325.8448486328125
16.167	302.2728271484375
16.173	311.1301574707031
16.179000000000002	312.9324951171875
16.184	300.5318298339844
16.19	311.1301574707031
16.195999999999998	298.8009033203125
16.202	323.9681091308594
16.208	311.1301574707031
16.213	312.9324951171875
16.219	320.24700927734375
16.225	312.9324951171875
16.230999999999998	316.5686340332031
16.237000000000002	311.1301574707031
16.242	298.8009033203125
16.248	316.5686340332031
16.254	300.5318298339844
16.26	320.24700927734375
16.266	302.2728271484375
16.271	307.5564880371094
16.277	327.73248291015625
16.283	304.0238952636719
16.289	316.5686340332031
16.295	311.1301574707031
16.3	318.4024963378906
16.305999999999997	307.5564880371094
16.312	300.5318298339844
16.317999999999998	320.24700927734375
16.324	307.5564880371094
16.329	307.5564880371094
16.335	322.1021728515625
16.340999999999998	305.7850646972656
16.347	312.9324951171875
16.352999999999998	318.4024963378906
16.358	311.1301574707031
16.364	312.9324951171875
16.37	304.0238952636719
16.375999999999998	318.4024963378906
16.382	309.3381652832031
16.387	302.2728271484375
16.393	320.24700927734375
16.399	311.1301574707031
16.405	311.1301574707031
16.410999999999998	312.9324951171875
16.417	312.9324951171875
16.422	314.74530029296875
16.428	305.7850646972656
16.434	312.9324951171875
16.44	309.3381652832031
16.445999999999998	305.7850646972656
16.451	320.24700927734375
16.457	305.7850646972656
16.463	309.3381652832031
16.469	320.24700927734375
16.475	314.74530029296875
16.48	311.1301574707031
16.486	316.5686340332031
16.492	314.74530029296875
16.498	300.5318298339844
16.504	314.74530029296875
16.509	318.4024963378906
16.515	316.5686340332031
16.521	298.8009033203125
16.527	305.7850646972656
16.533	312.9324951171875
16.538	312.9324951171875
16.544	312.9324951171875
16.55	300.5318298339844
16.555999999999997	314.74530029296875
16.562	323.9681091308594
16.567	314.74530029296875
16.573	302.2728271484375
16.579	309.3381652832031
16.585	318.4024963378906
16.590999999999998	314.74530029296875
16.596	293.6676330566406
16.602	312.9324951171875
16.608	320.24700927734375
16.614	307.5564880371094
16.62	312.9324951171875
16.625	309.3381652832031
16.631	323.9681091308594
16.637	298.8009033203125
16.643	314.74530029296875
16.649	316.5686340332031
16.655	305.7850646972656
16.66	307.5564880371094
16.666	311.1301574707031
16.672	312.9324951171875
16.678	304.0238952636719
16.684	311.1301574707031
16.689	318.4024963378906
16.695	312.9324951171875
16.701	298.8009033203125
16.707	323.9681091308594
16.713	309.3381652832031
16.718	314.74530029296875
16.724	298.8009033203125
16.73	322.1021728515625
16.736	312.9324951171875
16.742	291.9762268066406
16.747	322.1021728515625
16.753	309.3381652832031
16.759	304.0238952636719
16.765	304.0238952636719
16.771	320.24700927734375
16.776	316.5686340332031
16.782	298.8009033203125
16.788	309.3381652832031
16.794	318.4024963378906
16.8	295.36883544921875
16.805	307.5564880371094
16.811	307.5564880371094
16.817	282.0304260253906
16.823	295.36883544921875
16.829	309.3381652832031
16.834	285.3074645996094
16.84	283.6641845703125
16.846	300.5318298339844
16.852	277.1852722167969
16.858	275.5887756347656
16.863	285.3074645996094
16.869	305.7850646972656
16.875	327.73248291015625
16.881	318.4024963378906
16.887	291.9762268066406
16.893	311.1301574707031
16.898	320.24700927734375
16.904	305.7850646972656
16.91	297.0799255371094
16.916	312.9324951171875
16.922	316.5686340332031
16.927	305.7850646972656
16.933	311.1301574707031
16.939	316.5686340332031
16.945	311.1301574707031
16.951	309.3381652832031
16.956	311.1301574707031
16.962	312.9324951171875
16.968	314.74530029296875
16.974	290.2945861816406
16.98	309.3381652832031
16.985	300.5318298339844
16.991	311.1301574707031
16.997	291.9762268066406
17.003	304.0238952636719
17.009	320.24700927734375
17.014	305.7850646972656
17.02	0.0
17.026	0.0
