0.0	0.0
0.006	0.0
0.012	0.0
0.017	0.0
0.023	0.0
0.028999999999999998	0.0
0.035	0.0
0.040999999999999995	0.0
0.046	0.0
0.052000000000000005	0.0
0.057999999999999996	0.0
0.064	0.0
0.07	0.0
0.075	0.0
0.081	0.0
0.087	0.0
0.09300000000000001	0.0
0.099	0.0
0.10400000000000001	0.0
0.11	0.0
0.11599999999999999	0.0
0.122	0.0
0.128	0.0
0.134	0.0
0.139	0.0
0.145	0.0
0.151	0.0
0.157	0.0
0.163	0.0
0.168	0.0
0.174	0.0
0.18	0.0
0.18600000000000003	0.0
0.192	0.0
0.19699999999999998	0.0
0.203	0.0
0.209	0.0
0.215	0.0
0.221	0.0
0.226	0.0
0.23199999999999998	0.0
0.23800000000000002	0.0
0.244	0.0
0.25	0.0
0.255	0.0
0.261	0.0
0.267	0.0
0.273	0.0
0.27899999999999997	0.0
0.284	0.0
0.29	0.0
0.29600000000000004	0.0
0.302	0.0
0.308	0.0
0.313	0.0
0.319	0.0
0.325	0.0
0.331	0.0
0.337	0.0
0.342	0.0
0.348	0.0
0.354	0.0
0.36	0.0
0.366	0.0
0.37200000000000005	0.0
0.377	0.0
0.38299999999999995	0.0
0.389	0.0
0.395	0.0
0.401	0.0
0.406	0.0
0.41200000000000003	0.0
0.418	0.0
0.424	0.0
0.43	0.0
0.435	0.0
0.441	0.0
0.447	0.0
0.45299999999999996	0.0
0.45899999999999996	0.0
0.46399999999999997	0.0
0.47	0.0
0.47600000000000003	0.0
0.48200000000000004	0.0
0.488	0.0
0.493	0.0
0.499	0.0
0.505	0.0
0.511	0.0
0.517	0.0
0.522	0.0
0.528	0.0
0.534	0.0
0.54	0.0
0.546	0.0
0.551	0.0
0.557	0.0
0.563	0.0
0.569	0.0
0.575	0.0
0.58	0.0
0.586	0.0
0.5920000000000001	298.8009033203125
0.598	291.9762268066406
0.604	302.2728271484375
0.61	286.9602355957031
0.615	285.3074645996094
0.621	295.36883544921875
0.627	302.2728271484375
0.633	286.9602355957031
0.639	291.9762268066406
0.644	295.36883544921875
0.65	295.36883544921875
0.6559999999999999	293.6676330566406
0.662	291.9762268066406
0.6679999999999999	286.9602355957031
0.6729999999999999	291.9762268066406
0.679	293.6676330566406
0.685	291.9762268066406
0.691	297.0799255371094
0.6970000000000001	290.2945861816406
0.7020000000000001	293.6676330566406
0.708	297.0799255371094
0.7140000000000001	291.9762268066406
0.72	288.6225891113281
0.726	293.6676330566406
0.731	291.9762268066406
0.737	295.36883544921875
0.743	291.9762268066406
0.7490000000000001	293.6676330566406
0.755	293.6676330566406
0.76	297.0799255371094
0.7659999999999999	297.0799255371094
0.772	295.36883544921875
0.778	297.0799255371094
0.784	291.9762268066406
0.789	297.0799255371094
0.795	297.0799255371094
0.8009999999999999	295.36883544921875
0.807	297.0799255371094
0.813	293.6676330566406
0.8190000000000001	295.36883544921875
0.8240000000000001	297.0799255371094
0.83	295.36883544921875
0.836	297.0799255371094
0.8420000000000001	291.9762268066406
0.848	295.36883544921875
0.853	297.0799255371094
0.8590000000000001	295.36883544921875
0.865	293.6676330566406
0.871	293.6676330566406
0.877	291.9762268066406
0.882	295.36883544921875
0.888	295.36883544921875
0.894	297.0799255371094
0.9	295.36883544921875
0.9059999999999999	295.36883544921875
0.9109999999999999	298.8009033203125
0.917	295.36883544921875
0.9229999999999999	295.36883544921875
0.929	290.2945861816406
0.935	293.6676330566406
0.94	293.6676330566406
0.946	297.0799255371094
0.9520000000000001	295.36883544921875
0.958	295.36883544921875
0.9640000000000001	298.8009033203125
0.9690000000000001	293.6676330566406
0.975	298.8009033203125
0.981	297.0799255371094
0.987	290.2945861816406
0.993	295.36883544921875
0.998	295.36883544921875
1.004	295.36883544921875
1.01	298.8009033203125
1.016	298.8009033203125
1.022	295.36883544921875
1.0270000000000001	297.0799255371094
1.033	297.0799255371094
1.0390000000000001	295.36883544921875
1.045	297.0799255371094
1.051	295.36883544921875
1.057	295.36883544921875
1.062	298.8009033203125
1.068	298.8009033203125
1.074	302.2728271484375
1.08	300.5318298339844
1.0859999999999999	302.2728271484375
1.091	304.0238952636719
1.097	302.2728271484375
1.103	302.2728271484375
1.109	305.7850646972656
1.115	302.2728271484375
1.12	300.5318298339844
1.126	300.5318298339844
1.1320000000000001	298.8009033203125
1.138	297.0799255371094
1.1440000000000001	297.0799255371094
1.149	297.0799255371094
1.155	285.3074645996094
1.161	295.36883544921875
1.167	288.6225891113281
1.173	286.9602355957031
1.178	297.0799255371094
1.1840000000000002	298.8009033203125
1.19	293.6676330566406
1.196	278.7909851074219
1.202	283.6641845703125
1.207	290.2945861816406
1.213	272.42333984375
1.219	282.0304260253906
1.225	277.1852722167969
1.2309999999999999	261.6279602050781
1.236	269.2942810058594
1.242	264.6679382324219
1.248	258.6228942871094
1.254	260.1210632324219
1.26	239.9137725830078
1.265	258.6228942871094
1.271	267.7432556152344
1.2770000000000001	254.17987060546875
1.2830000000000001	266.201171875
1.2890000000000001	254.17987060546875
1.295	260.1210632324219
1.3	258.6228942871094
1.306	255.65234375
1.3119999999999998	263.1435852050781
1.318	266.201171875
1.324	258.6228942871094
1.329	264.6679382324219
1.335	258.6228942871094
1.341	264.6679382324219
1.347	264.6679382324219
1.3530000000000002	286.9602355957031
1.358	266.201171875
1.364	258.6228942871094
1.37	266.201171875
1.376	263.1435852050781
1.382	260.1210632324219
1.3869999999999998	258.6228942871094
1.393	264.6679382324219
1.399	264.6679382324219
1.405	267.7432556152344
1.411	261.6279602050781
1.416	280.4060363769531
1.422	257.1333312988281
1.4280000000000002	263.1435852050781
1.4340000000000002	269.2942810058594
1.44	260.1210632324219
1.445	266.201171875
1.4509999999999998	275.5887756347656
1.4569999999999999	267.7432556152344
1.463	264.6679382324219
1.469	255.65234375
1.474	269.2942810058594
1.48	258.6228942871094
1.486	263.1435852050781
1.492	267.7432556152344
1.4980000000000002	257.1333312988281
1.5030000000000001	266.201171875
1.5090000000000001	261.6279602050781
1.515	261.6279602050781
1.521	267.7432556152344
1.527	258.6228942871094
1.5330000000000001	261.6279602050781
1.538	266.201171875
1.544	260.1210632324219
1.55	263.1435852050781
1.556	267.7432556152344
1.5619999999999998	264.6679382324219
1.567	261.6279602050781
1.5730000000000002	261.6279602050781
1.579	266.201171875
1.585	261.6279602050781
1.591	260.1210632324219
1.5959999999999999	269.2942810058594
1.6019999999999999	261.6279602050781
1.608	264.6679382324219
1.614	278.7909851074219
1.62	264.6679382324219
1.625	261.6279602050781
1.631	264.6679382324219
1.6369999999999998	266.201171875
1.643	261.6279602050781
1.649	263.1435852050781
1.6540000000000001	283.6641845703125
1.66	280.4060363769531
1.666	261.6279602050781
1.672	263.1435852050781
1.6780000000000002	269.2942810058594
1.683	263.1435852050781
1.689	261.6279602050781
1.695	285.3074645996094
1.7009999999999998	261.6279602050781
1.7069999999999999	261.6279602050781
1.712	269.2942810058594
1.7180000000000002	264.6679382324219
1.724	261.6279602050781
1.73	261.6279602050781
1.736	263.1435852050781
1.7409999999999999	254.17987060546875
1.7469999999999999	261.6279602050781
1.7530000000000001	275.5887756347656
1.7590000000000001	260.1210632324219
1.765	258.6228942871094
1.771	258.6228942871094
1.776	258.6228942871094
1.7819999999999998	263.1435852050781
1.788	272.42333984375
1.794	261.6279602050781
1.8	261.6279602050781
1.805	280.4060363769531
1.811	269.2942810058594
1.817	260.1210632324219
1.8230000000000002	269.2942810058594
1.829	260.1210632324219
1.834	249.8131866455078
1.84	266.201171875
1.8459999999999999	274.0014953613281
1.8519999999999999	264.6679382324219
1.858	244.107421875
1.8630000000000002	264.6679382324219
1.869	258.6228942871094
1.875	255.65234375
1.881	270.8542785644531
1.8869999999999998	283.6641845703125
1.892	267.7432556152344
1.8980000000000001	249.8131866455078
1.9040000000000001	266.201171875
1.91	261.6279602050781
1.916	260.1210632324219
1.921	263.1435852050781
1.9269999999999998	260.1210632324219
1.933	258.6228942871094
1.939	263.1435852050781
1.945	260.1210632324219
1.95	257.1333312988281
1.956	260.1210632324219
1.962	255.65234375
1.9680000000000002	261.6279602050781
1.974	257.1333312988281
1.98	258.6228942871094
1.985	261.6279602050781
1.9909999999999999	261.6279602050781
1.9969999999999999	261.6279602050781
2.003	260.1210632324219
2.009	263.1435852050781
2.0140000000000002	260.1210632324219
2.02	260.1210632324219
2.026	263.1435852050781
2.032	266.201171875
2.0380000000000003	260.1210632324219
2.043	264.6679382324219
2.049	263.1435852050781
2.055	261.6279602050781
2.061	261.6279602050781
2.0669999999999997	261.6279602050781
2.072	261.6279602050781
2.0780000000000003	263.1435852050781
2.084	264.6679382324219
2.09	264.6679382324219
2.096	263.1435852050781
2.101	260.1210632324219
2.1069999999999998	263.1435852050781
2.113	260.1210632324219
2.119	255.65234375
2.125	264.6679382324219
2.13	261.6279602050781
2.136	261.6279602050781
2.142	263.1435852050781
2.148	258.6228942871094
2.154	261.6279602050781
2.1590000000000003	261.6279602050781
2.165	260.1210632324219
2.171	263.1435852050781
2.177	257.1333312988281
2.1830000000000003	261.6279602050781
2.188	267.7432556152344
2.194	261.6279602050781
2.2	257.1333312988281
2.206	261.6279602050781
2.2119999999999997	260.1210632324219
2.218	261.6279602050781
2.2230000000000003	260.1210632324219
2.229	263.1435852050781
2.235	263.1435852050781
2.241	263.1435852050781
2.247	260.1210632324219
2.252	263.1435852050781
2.258	263.1435852050781
2.2640000000000002	263.1435852050781
2.27	264.6679382324219
2.276	263.1435852050781
2.281	264.6679382324219
2.287	261.6279602050781
2.293	264.6679382324219
2.299	263.1435852050781
2.305	263.1435852050781
2.31	263.1435852050781
2.316	264.6679382324219
2.322	260.1210632324219
2.3280000000000003	258.6228942871094
2.334	263.1435852050781
2.339	263.1435852050781
2.345	260.1210632324219
2.351	261.6279602050781
2.3569999999999998	260.1210632324219
2.363	261.6279602050781
2.3680000000000003	260.1210632324219
2.374	260.1210632324219
2.38	264.6679382324219
2.386	261.6279602050781
2.392	257.1333312988281
2.397	261.6279602050781
2.403	264.6679382324219
2.4090000000000003	263.1435852050781
2.415	263.1435852050781
2.421	261.6279602050781
2.426	261.6279602050781
2.432	263.1435852050781
2.438	263.1435852050781
2.444	264.6679382324219
2.45	263.1435852050781
2.456	261.6279602050781
2.461	261.6279602050781
2.467	263.1435852050781
2.4730000000000003	261.6279602050781
2.479	261.6279602050781
2.485	263.1435852050781
2.49	264.6679382324219
2.496	263.1435852050781
2.502	261.6279602050781
2.508	263.1435852050781
2.5140000000000002	263.1435852050781
2.519	264.6679382324219
2.525	263.1435852050781
2.531	261.6279602050781
2.537	264.6679382324219
2.543	264.6679382324219
2.548	272.42333984375
2.5540000000000003	263.1435852050781
2.56	264.6679382324219
2.5660000000000003	267.7432556152344
2.572	267.7432556152344
2.577	267.7432556152344
2.583	266.201171875
2.589	264.6679382324219
2.595	264.6679382324219
2.6010000000000004	269.2942810058594
2.6060000000000003	257.1333312988281
2.612	261.6279602050781
2.6180000000000003	257.1333312988281
2.6239999999999997	258.6228942871094
2.63	255.65234375
2.635	255.65234375
2.641	248.37437438964844
2.647	241.30357360839844
2.653	242.70144653320312
2.659	241.30357360839844
2.6639999999999997	231.7413787841797
2.67	234.43411254882812
2.676	225.14410400390625
2.682	235.79217529296875
2.688	234.43411254882812
2.694	239.9137725830078
2.699	239.9137725830078
2.705	233.0838623046875
2.7110000000000003	246.94381713867188
2.717	231.7413787841797
2.7230000000000003	0.0
2.728	0.0
2.734	0.0
2.74	0.0
2.7460000000000004	0.0
2.752	0.0
2.7569999999999997	0.0
2.763	0.0
2.7689999999999997	0.0
2.775	0.0
2.781	0.0
2.786	0.0
2.792	0.0
2.798	0.0
2.804	0.0
2.81	0.0
2.815	0.0
2.821	0.0
2.827	0.0
2.833	0.0
2.839	0.0
2.844	0.0
2.85	0.0
2.8560000000000003	0.0
2.862	0.0
2.8680000000000003	0.0
2.873	0.0
2.8789999999999996	0.0
2.885	0.0
2.891	0.0
2.897	0.0
2.9019999999999997	0.0
2.908	0.0
2.9139999999999997	0.0
2.92	0.0
2.926	0.0
2.932	0.0
2.937	0.0
2.943	0.0
2.949	0.0
2.955	229.07958984375
2.9610000000000003	212.50767517089844
2.966	211.28370666503906
2.972	211.28370666503906
2.978	218.7346649169922
2.984	210.06680297851562
2.99	222.55809020996094
2.995	214.97691345214844
3.0010000000000003	225.14410400390625
3.0069999999999997	216.22227478027344
3.013	216.22227478027344
3.0189999999999997	218.7346649169922
3.0239999999999996	217.47483825683594
3.03	220.0017852783203
3.036	213.7387237548828
3.042	218.7346649169922
3.048	214.97691345214844
3.053	212.50767517089844
3.0589999999999997	212.50767517089844
3.065	217.47483825683594
3.071	226.44837951660156
3.077	216.22227478027344
3.082	212.50767517089844
3.088	214.97691345214844
3.094	221.27626037597656
3.1	216.22227478027344
3.1060000000000003	211.28370666503906
3.111	210.06680297851562
3.117	217.47483825683594
3.123	212.50767517089844
3.1289999999999996	231.7413787841797
3.135	0.0
3.14	0.0
3.1460000000000004	0.0
3.1519999999999997	0.0
3.158	0.0
3.1639999999999997	0.0
3.17	0.0
3.175	0.0
3.181	0.0
3.187	229.07958984375
3.193	231.7413787841797
3.199	237.15809631347656
3.2039999999999997	238.53195190429688
3.21	239.9137725830078
3.216	261.6279602050781
3.222	260.1210632324219
3.228	260.1210632324219
3.233	246.94381713867188
3.239	234.43411254882812
3.245	239.9137725830078
3.2510000000000003	233.0838623046875
3.2569999999999997	226.44837951660156
3.262	234.43411254882812
3.2680000000000002	244.107421875
3.2739999999999996	235.79217529296875
3.28	239.9137725830078
3.286	237.15809631347656
3.2910000000000004	233.0838623046875
3.2969999999999997	234.43411254882812
3.303	235.79217529296875
3.3089999999999997	226.44837951660156
3.315	235.79217529296875
3.32	235.79217529296875
3.326	227.7601776123047
3.332	238.53195190429688
3.338	231.7413787841797
3.344	233.0838623046875
3.3489999999999998	233.0838623046875
3.355	245.5215301513672
3.361	229.07958984375
3.367	231.7413787841797
3.373	226.44837951660156
3.3789999999999996	238.53195190429688
3.384	231.7413787841797
3.39	237.15809631347656
3.3960000000000004	230.40664672851562
3.4019999999999997	234.43411254882812
3.408	225.14410400390625
3.4130000000000003	238.53195190429688
3.4189999999999996	227.7601776123047
3.425	230.40664672851562
3.431	246.94381713867188
3.437	234.43411254882812
3.4419999999999997	220.0017852783203
3.448	231.7413787841797
3.4539999999999997	225.14410400390625
3.46	220.0017852783203
3.466	204.08657836914062
3.471	221.27626037597656
3.477	216.22227478027344
3.483	235.79217529296875
3.489	225.14410400390625
3.495	227.7601776123047
3.5	241.30357360839844
3.5060000000000002	230.40664672851562
3.512	231.7413787841797
3.5180000000000002	233.0838623046875
3.5239999999999996	226.44837951660156
3.529	241.30357360839844
3.535	227.7601776123047
3.5410000000000004	229.07958984375
3.5469999999999997	234.43411254882812
3.553	227.7601776123047
3.5580000000000003	229.07958984375
3.5639999999999996	233.0838623046875
3.57	220.0017852783203
3.576	221.27626037597656
3.582	220.0017852783203
3.5869999999999997	220.0017852783203
3.593	217.47483825683594
3.5989999999999998	0.0
3.605	0.0
3.611	0.0
3.617	0.0
3.622	0.0
3.628	0.0
3.634	0.0
3.64	0.0
3.6460000000000004	0.0
3.6510000000000002	0.0
3.657	0.0
3.6630000000000003	0.0
3.6689999999999996	0.0
3.675	0.0
3.68	0.0
3.6860000000000004	0.0
3.6919999999999997	0.0
3.698	0.0
3.7039999999999997	0.0
3.7089999999999996	0.0
3.715	0.0
3.721	0.0
3.727	0.0
3.733	0.0
3.738	0.0
3.7439999999999998	0.0
3.75	0.0
3.7560000000000002	0.0
3.762	0.0
3.767	0.0
3.773	0.0
3.779	0.0
3.785	0.0
3.7910000000000004	0.0
3.7960000000000003	0.0
3.802	0.0
3.8080000000000003	0.0
3.8139999999999996	0.0
3.82	0.0
3.825	0.0
3.8310000000000004	0.0
3.8369999999999997	0.0
3.843	0.0
3.8489999999999998	0.0
3.855	0.0
3.86	0.0
3.866	0.0
3.872	0.0
3.878	0.0
3.884	0.0
3.889	0.0
3.895	0.0
3.9010000000000002	0.0
3.907	0.0
3.9130000000000003	0.0
3.918	0.0
3.924	0.0
3.93	0.0
3.9360000000000004	0.0
3.9419999999999997	0.0
3.947	0.0
3.9530000000000003	0.0
3.9589999999999996	0.0
3.965	0.0
3.971	0.0
3.9760000000000004	0.0
3.9819999999999998	0.0
3.988	0.0
3.9939999999999998	0.0
4.0	0.0
4.005	0.0
4.011	0.0
4.0169999999999995	0.0
4.023	0.0
4.029	0.0
4.034	0.0
4.04	0.0
4.046	0.0
4.052	0.0
4.058	0.0
4.063	0.0
4.069	0.0
4.075	0.0
4.081	0.0
4.087	0.0
4.093	0.0
4.098	0.0
4.104	0.0
4.11	0.0
4.1160000000000005	0.0
4.122	0.0
4.127	0.0
4.133	0.0
4.138999999999999	0.0
4.145	0.0
4.151	0.0
4.156000000000001	0.0
4.162	0.0
4.168	0.0
4.1739999999999995	0.0
4.18	0.0
4.185	0.0
4.191	0.0
4.197	0.0
4.203	0.0
4.209	0.0
4.2139999999999995	0.0
4.22	0.0
4.226	0.0
4.232	0.0
4.238	0.0
4.243	0.0
4.249	0.0
4.255	264.6679382324219
4.261	263.1435852050781
4.2669999999999995	269.2942810058594
4.272	246.94381713867188
4.2780000000000005	266.201171875
4.284	260.1210632324219
4.29	258.6228942871094
4.296	260.1210632324219
4.301	258.6228942871094
4.3069999999999995	254.17987060546875
4.313	264.6679382324219
4.319	261.6279602050781
4.325	258.6228942871094
4.331	260.1210632324219
4.336	260.1210632324219
4.342	258.6228942871094
4.348	264.6679382324219
4.354	260.1210632324219
4.36	258.6228942871094
4.365	261.6279602050781
4.371	261.6279602050781
4.377	261.6279602050781
4.383	270.8542785644531
4.388999999999999	263.1435852050781
4.394	258.6228942871094
4.4	270.8542785644531
4.406000000000001	255.65234375
4.412	267.7432556152344
4.418	270.8542785644531
4.423	261.6279602050781
4.428999999999999	254.17987060546875
4.435	274.0014953613281
4.441	263.1435852050781
4.447	264.6679382324219
4.452	261.6279602050781
4.458	267.7432556152344
4.4639999999999995	260.1210632324219
4.47	267.7432556152344
4.476	260.1210632324219
4.481	267.7432556152344
4.487	264.6679382324219
4.493	274.0014953613281
4.499	263.1435852050781
4.505	264.6679382324219
4.51	260.1210632324219
4.516	255.65234375
4.522	269.2942810058594
4.5280000000000005	258.6228942871094
4.534	235.79217529296875
4.54	239.9137725830078
4.545	242.70144653320312
4.551	263.1435852050781
4.5569999999999995	245.5215301513672
4.563	241.30357360839844
4.569	230.40664672851562
4.574	234.43411254882812
4.58	230.40664672851562
4.586	229.07958984375
4.592	230.40664672851562
4.598	235.79217529296875
4.603	222.55809020996094
4.609	234.43411254882812
4.615	229.07958984375
4.621	242.70144653320312
4.627	223.8473663330078
4.632	220.0017852783203
4.638	234.43411254882812
4.644	230.40664672851562
4.65	227.7601776123047
4.656000000000001	226.44837951660156
4.6610000000000005	245.5215301513672
4.667	230.40664672851562
4.673	230.40664672851562
4.678999999999999	230.40664672851562
4.685	225.14410400390625
4.69	241.30357360839844
4.696000000000001	244.107421875
4.702	261.6279602050781
4.708	241.30357360839844
4.7139999999999995	237.15809631347656
4.718999999999999	255.65234375
4.725	272.42333984375
4.731	255.65234375
4.737	244.107421875
4.743	234.43411254882812
4.748	230.40664672851562
4.754	222.55809020996094
4.76	226.44837951660156
4.766	233.0838623046875
4.772	227.7601776123047
4.7780000000000005	221.27626037597656
4.783	239.9137725830078
4.789	245.5215301513672
4.795	230.40664672851562
4.801	234.43411254882812
4.8069999999999995	233.0838623046875
4.812	234.43411254882812
4.8180000000000005	230.40664672851562
4.824	241.30357360839844
4.83	234.43411254882812
4.836	233.0838623046875
4.841	241.30357360839844
4.8469999999999995	231.7413787841797
4.853	238.53195190429688
4.859	245.5215301513672
4.865	241.30357360839844
4.87	239.9137725830078
4.876	241.30357360839844
4.882	226.44837951660156
4.888	234.43411254882812
4.894	229.07958984375
4.899	238.53195190429688
4.905	238.53195190429688
4.9110000000000005	238.53195190429688
4.917	225.14410400390625
4.923	225.14410400390625
4.928	238.53195190429688
4.934	242.70144653320312
4.94	227.7601776123047
4.946000000000001	229.07958984375
4.952	237.15809631347656
4.957	241.30357360839844
4.963	242.70144653320312
4.968999999999999	238.53195190429688
4.975	221.27626037597656
4.981	235.79217529296875
4.986000000000001	235.79217529296875
4.992	230.40664672851562
4.998	238.53195190429688
5.004	237.15809631347656
5.01	222.55809020996094
5.016	241.30357360839844
5.021	238.53195190429688
5.027	220.0017852783203
5.033	225.14410400390625
5.039	226.44837951660156
5.045	234.43411254882812
5.05	234.43411254882812
5.056	229.07958984375
5.062	231.7413787841797
5.0680000000000005	229.07958984375
5.074	229.07958984375
5.079	221.27626037597656
5.085	230.40664672851562
5.091	233.0838623046875
5.0969999999999995	239.9137725830078
5.103	237.15809631347656
5.1080000000000005	246.94381713867188
5.114	248.37437438964844
5.12	266.201171875
5.126	249.8131866455078
5.132000000000001	257.1333312988281
5.1370000000000005	260.1210632324219
5.143	267.7432556152344
5.149	257.1333312988281
5.155	258.6228942871094
5.1610000000000005	264.6679382324219
5.166	257.1333312988281
5.172000000000001	261.6279602050781
5.178	260.1210632324219
5.184	260.1210632324219
5.19	249.8131866455078
5.195	258.6228942871094
5.2010000000000005	258.6228942871094
5.207000000000001	267.7432556152344
5.212999999999999	248.37437438964844
5.218999999999999	269.2942810058594
5.224	270.8542785644531
5.23	264.6679382324219
5.236000000000001	267.7432556152344
5.242000000000001	267.7432556152344
5.247999999999999	266.201171875
5.254	254.17987060546875
5.2589999999999995	264.6679382324219
5.265	267.7432556152344
5.271	260.1210632324219
5.277	267.7432556152344
5.2829999999999995	261.6279602050781
5.287999999999999	261.6279602050781
5.294	263.1435852050781
5.3	258.6228942871094
5.306	260.1210632324219
5.312	263.1435852050781
5.317	260.1210632324219
5.3229999999999995	263.1435852050781
5.329	260.1210632324219
5.335	257.1333312988281
5.341	263.1435852050781
5.346	263.1435852050781
5.352	263.1435852050781
5.358	264.6679382324219
5.364	263.1435852050781
5.37	269.2942810058594
5.375	261.6279602050781
5.381	261.6279602050781
5.3870000000000005	272.42333984375
5.393	263.1435852050781
5.399	264.6679382324219
5.404	264.6679382324219
5.41	251.26034545898438
5.416	264.6679382324219
5.422000000000001	263.1435852050781
5.428	258.6228942871094
5.433	263.1435852050781
5.439	261.6279602050781
5.445	258.6228942871094
5.4510000000000005	255.65234375
5.457000000000001	254.17987060546875
5.462000000000001	261.6279602050781
5.468	261.6279602050781
5.474	258.6228942871094
5.48	260.1210632324219
5.486000000000001	246.94381713867188
5.492000000000001	255.65234375
5.497000000000001	266.201171875
5.502999999999999	258.6228942871094
5.5089999999999995	263.1435852050781
5.515	263.1435852050781
5.521	254.17987060546875
5.526	263.1435852050781
5.532	254.17987060546875
5.537999999999999	263.1435852050781
5.544	261.6279602050781
5.55	241.30357360839844
5.555	0.0
5.561	0.0
5.567	0.0
5.5729999999999995	0.0
5.579	0.0
5.584	0.0
5.59	0.0
5.596	0.0
5.602	0.0
5.608	0.0
5.6129999999999995	0.0
5.619	0.0
5.625	0.0
5.631	0.0
5.6370000000000005	0.0
5.642	0.0
5.648	0.0
5.654	0.0
5.66	0.0
5.666	0.0
5.671	0.0
5.6770000000000005	0.0
5.683	0.0
5.689	0.0
5.695	0.0
5.7	0.0
5.706	0.0
5.712000000000001	0.0
5.718	0.0
5.724	0.0
5.73	0.0
5.735	0.0
5.7410000000000005	0.0
5.747000000000001	267.7432556152344
5.752999999999999	286.9602355957031
5.7589999999999995	282.0304260253906
5.763999999999999	288.6225891113281
5.77	275.5887756347656
5.776	274.0014953613281
5.782	288.6225891113281
5.787999999999999	283.6641845703125
5.792999999999999	288.6225891113281
5.7989999999999995	298.8009033203125
5.805	285.3074645996094
5.811	297.0799255371094
5.817	295.36883544921875
5.822	295.36883544921875
5.827999999999999	298.8009033203125
5.834	295.36883544921875
5.84	297.0799255371094
5.846	293.6676330566406
5.851	297.0799255371094
5.857	295.36883544921875
5.8629999999999995	298.8009033203125
5.869	293.6676330566406
5.875	297.0799255371094
5.88	295.36883544921875
5.886	293.6676330566406
5.892	295.36883544921875
5.898	291.9762268066406
5.904	293.6676330566406
5.909	291.9762268066406
5.915	295.36883544921875
5.921	291.9762268066406
5.9270000000000005	293.6676330566406
5.933	293.6676330566406
5.939	293.6676330566406
5.944	295.36883544921875
5.95	290.2945861816406
5.956	295.36883544921875
5.962000000000001	293.6676330566406
5.968	290.2945861816406
5.973	295.36883544921875
5.979	293.6676330566406
5.985	295.36883544921875
5.9910000000000005	297.0799255371094
5.997000000000001	291.9762268066406
6.002000000000001	291.9762268066406
6.007999999999999	297.0799255371094
6.013999999999999	291.9762268066406
6.02	293.6676330566406
6.026	297.0799255371094
6.031000000000001	293.6676330566406
6.037000000000001	293.6676330566406
6.042999999999999	295.36883544921875
6.0489999999999995	293.6676330566406
6.055	293.6676330566406
6.06	295.36883544921875
6.066	297.0799255371094
6.072	295.36883544921875
6.077999999999999	295.36883544921875
6.084	291.9762268066406
6.0889999999999995	295.36883544921875
6.095	291.9762268066406
6.101	293.6676330566406
6.107	298.8009033203125
6.1129999999999995	290.2945861816406
6.117999999999999	291.9762268066406
6.124	300.5318298339844
6.13	288.6225891113281
6.136	290.2945861816406
6.142	298.8009033203125
6.147	285.3074645996094
6.153	291.9762268066406
6.159	297.0799255371094
6.165	285.3074645996094
6.171	298.8009033203125
6.1770000000000005	290.2945861816406
6.182	286.9602355957031
6.188	297.0799255371094
6.194	290.2945861816406
6.2	290.2945861816406
6.206	297.0799255371094
6.211	293.6676330566406
6.2170000000000005	291.9762268066406
6.223	297.0799255371094
6.229	295.36883544921875
6.235	293.6676330566406
6.24	293.6676330566406
6.246	290.2945861816406
6.252000000000001	291.9762268066406
6.257999999999999	297.0799255371094
6.263999999999999	288.6225891113281
6.269	293.6676330566406
6.275	298.8009033203125
6.281000000000001	283.6641845703125
6.287000000000001	297.0799255371094
6.292999999999999	295.36883544921875
6.297999999999999	288.6225891113281
6.303999999999999	291.9762268066406
6.31	291.9762268066406
6.316	290.2945861816406
6.322	293.6676330566406
6.327000000000001	286.9602355957031
6.332999999999999	286.9602355957031
6.3389999999999995	283.6641845703125
6.345	291.9762268066406
6.351	286.9602355957031
6.356	288.6225891113281
6.362	291.9762268066406
6.367999999999999	291.9762268066406
6.374	295.36883544921875
6.38	304.0238952636719
6.385	297.0799255371094
6.391	322.1021728515625
6.397	318.4024963378906
6.403	327.73248291015625
6.409	343.2323913574219
6.415	349.2320251464844
6.42	322.1021728515625
6.426	322.1021728515625
6.432	333.4611511230469
6.438	331.5405578613281
6.444	327.73248291015625
6.449	327.73248291015625
6.455	343.2323913574219
6.461	314.74530029296875
6.4670000000000005	425.01708984375
6.473	394.27081298828125
6.478	398.8520202636719
6.484	408.1748046875
6.49	391.99993896484375
6.496	415.30963134765625
6.502000000000001	398.8520202636719
6.507000000000001	396.5548095703125
6.513	408.1748046875
6.519	387.4974365234375
6.525	403.4864807128906
6.531000000000001	391.99993896484375
6.5360000000000005	401.1625671386719
6.542000000000001	405.8238830566406
6.547999999999999	385.2655944824219
6.553999999999999	408.1748046875
6.56	383.0466003417969
6.565	398.8520202636719
6.571000000000001	391.99993896484375
6.577000000000001	391.99993896484375
6.582999999999999	394.27081298828125
6.5889999999999995	387.4974365234375
6.593999999999999	394.27081298828125
6.6	391.99993896484375
6.606	394.27081298828125
6.612	391.99993896484375
6.617999999999999	391.99993896484375
6.622999999999999	391.99993896484375
6.629	391.99993896484375
6.635	389.7421875
6.641	391.99993896484375
6.647	391.99993896484375
6.653	396.5548095703125
6.6579999999999995	389.7421875
6.664	396.5548095703125
6.67	389.7421875
6.676	396.5548095703125
6.682	391.99993896484375
6.687	396.5548095703125
6.693	394.27081298828125
6.699	394.27081298828125
6.705	396.5548095703125
6.711	389.7421875
6.716	398.8520202636719
6.722	389.7421875
6.728	394.27081298828125
6.734	389.7421875
6.74	396.5548095703125
6.745	391.99993896484375
6.751	391.99993896484375
6.757000000000001	391.99993896484375
6.763	391.99993896484375
6.769	389.7421875
6.774	391.99993896484375
6.78	389.7421875
6.7860000000000005	394.27081298828125
6.792000000000001	385.2655944824219
6.797999999999999	396.5548095703125
6.803	391.99993896484375
6.809	394.27081298828125
6.815	389.7421875
6.821000000000001	396.5548095703125
6.827000000000001	396.5548095703125
6.832000000000001	385.2655944824219
6.837999999999999	401.1625671386719
6.843999999999999	401.1625671386719
6.85	403.4864807128906
6.856	401.1625671386719
6.861000000000001	408.1748046875
6.867000000000001	408.1748046875
6.872999999999999	408.1748046875
6.879	389.7421875
6.885	401.1625671386719
6.891	394.27081298828125
6.896	398.8520202636719
6.902	394.27081298828125
6.9079999999999995	387.4974365234375
6.914	394.27081298828125
6.92	391.99993896484375
6.925	391.99993896484375
6.931	396.5548095703125
6.937	387.4974365234375
6.943	401.1625671386719
6.949	391.99993896484375
6.954	401.1625671386719
6.96	403.4864807128906
6.966	398.8520202636719
6.972	401.1625671386719
6.978	401.1625671386719
6.983	405.8238830566406
6.989	401.1625671386719
6.995	403.4864807128906
7.001	401.1625671386719
7.007000000000001	401.1625671386719
7.0120000000000005	398.8520202636719
7.018	398.8520202636719
7.024	396.5548095703125
7.03	396.5548095703125
7.0360000000000005	369.99853515625
7.041	343.2323913574219
7.047000000000001	345.220703125
7.053	357.39495849609375
7.059	343.2323913574219
7.065	349.2320251464844
7.07	349.2320251464844
7.0760000000000005	351.2550964355469
7.082000000000001	345.220703125
7.087999999999999	351.2550964355469
7.093999999999999	345.220703125
7.1	351.2550964355469
7.105	345.220703125
7.111000000000001	351.2550964355469
7.117000000000001	345.220703125
7.122999999999999	355.3365173339844
7.129	347.2205810546875
7.1339999999999995	351.2550964355469
7.14	345.220703125
7.146	347.2205810546875
7.152	347.2205810546875
7.1579999999999995	349.2320251464844
7.162999999999999	349.2320251464844
7.169	349.2320251464844
7.175	349.2320251464844
7.181	353.2899475097656
7.187	345.220703125
7.192	347.2205810546875
7.1979999999999995	347.2205810546875
7.204	347.2205810546875
7.21	347.2205810546875
7.216	349.2320251464844
7.221	349.2320251464844
7.227	351.2550964355469
7.233	349.2320251464844
7.239	349.2320251464844
7.245	347.2205810546875
7.25	347.2205810546875
7.256	349.2320251464844
7.2620000000000005	347.2205810546875
7.268	349.2320251464844
7.274	351.2550964355469
7.279	345.220703125
7.285	353.2899475097656
7.291	347.2205810546875
7.297000000000001	347.2205810546875
7.303	343.2323913574219
7.308	351.2550964355469
7.314	349.2320251464844
7.32	351.2550964355469
7.3260000000000005	349.2320251464844
7.332000000000001	349.2320251464844
7.337999999999999	349.2320251464844
7.343	347.2205810546875
7.349	345.220703125
7.355	349.2320251464844
7.361000000000001	351.2550964355469
7.367000000000001	349.2320251464844
7.372000000000001	353.2899475097656
7.377999999999999	345.220703125
7.3839999999999995	347.2205810546875
7.39	347.2205810546875
7.396	341.2555236816406
7.401	347.2205810546875
7.407	347.2205810546875
7.412999999999999	347.2205810546875
7.419	351.2550964355469
7.425	343.2323913574219
7.43	345.220703125
7.436	341.2555236816406
7.442	349.2320251464844
7.4479999999999995	341.2555236816406
7.454	347.2205810546875
7.459	349.2320251464844
7.465	349.2320251464844
7.471	347.2205810546875
7.477	349.2320251464844
7.483	337.3358154296875
7.4879999999999995	349.2320251464844
7.494	347.2205810546875
7.5	345.220703125
7.506	351.2550964355469
7.5120000000000005	347.2205810546875
7.517	343.2323913574219
7.523	345.220703125
7.529	349.2320251464844
7.535	341.2555236816406
7.541	345.220703125
7.546	353.2899475097656
7.5520000000000005	349.2320251464844
7.558	351.2550964355469
7.564	343.2323913574219
7.57	349.2320251464844
7.5760000000000005	345.220703125
7.581	349.2320251464844
7.587000000000001	341.2555236816406
7.593	349.2320251464844
7.599	347.2205810546875
7.605	349.2320251464844
7.61	349.2320251464844
7.6160000000000005	349.2320251464844
7.622000000000001	345.220703125
7.627999999999999	349.2320251464844
7.6339999999999995	353.2899475097656
7.638999999999999	347.2205810546875
7.645	353.2899475097656
7.651	347.2205810546875
7.657	353.2899475097656
7.662999999999999	351.2550964355469
7.667999999999999	351.2550964355469
7.6739999999999995	341.2555236816406
7.68	347.2205810546875
7.686	347.2205810546875
7.692	349.2320251464844
7.697	347.2205810546875
7.702999999999999	347.2205810546875
7.709	353.2899475097656
7.715	349.2320251464844
7.721	347.2205810546875
7.726	347.2205810546875
7.732	351.2550964355469
7.7379999999999995	349.2320251464844
7.744	353.2899475097656
7.75	351.2550964355469
7.755	359.4653625488281
7.761	349.2320251464844
7.767	347.2205810546875
7.773	345.220703125
7.779	351.2550964355469
7.784	343.2323913574219
7.79	353.2899475097656
7.796	351.2550964355469
7.8020000000000005	351.2550964355469
7.808	349.2320251464844
7.814	357.39495849609375
7.819	343.2323913574219
7.825	351.2550964355469
7.831	349.2320251464844
7.837000000000001	349.2320251464844
7.843	351.2550964355469
7.848	349.2320251464844
7.854	351.2550964355469
7.86	349.2320251464844
7.8660000000000005	351.2550964355469
7.872000000000001	347.2205810546875
7.877000000000001	349.2320251464844
7.882999999999999	345.220703125
7.888999999999999	351.2550964355469
7.895	347.2205810546875
7.901	355.3365173339844
7.906000000000001	349.2320251464844
7.912000000000001	349.2320251464844
7.917999999999999	349.2320251464844
7.9239999999999995	345.220703125
7.93	343.2323913574219
7.935	353.2899475097656
7.941	345.220703125
7.947	345.220703125
7.952999999999999	351.2550964355469
7.959	351.2550964355469
7.9639999999999995	347.2205810546875
7.97	351.2550964355469
7.976	349.2320251464844
7.982	343.2323913574219
7.9879999999999995	351.2550964355469
7.992999999999999	349.2320251464844
7.999	343.2323913574219
8.005	351.2550964355469
8.011000000000001	351.2550964355469
8.017000000000001	343.2323913574219
8.022	347.2205810546875
8.027999999999999	349.2320251464844
8.033999999999999	345.220703125
8.04	351.2550964355469
8.046	347.2205810546875
8.052	343.2323913574219
8.057	351.2550964355469
8.062999999999999	355.3365173339844
8.068999999999999	343.2323913574219
8.075	337.3358154296875
8.081	345.220703125
8.086	353.2899475097656
8.092	349.2320251464844
8.097999999999999	345.220703125
8.104	343.2323913574219
8.11	341.2555236816406
8.115	351.2550964355469
8.121	347.2205810546875
8.127	337.3358154296875
8.133	333.4611511230469
8.139	355.3365173339844
8.144	345.220703125
8.15	331.5405578613281
8.156	337.3358154296875
8.162	327.73248291015625
8.168	0.0
8.173	0.0
8.179	0.0
8.185	0.0
8.191	0.0
8.197000000000001	0.0
8.202	0.0
8.208	0.0
8.214	0.0
8.22	0.0
8.226	0.0
8.231	0.0
8.237	0.0
8.243	0.0
8.249	0.0
8.255	0.0
8.26	0.0
8.266	0.0
8.272	0.0
8.277999999999999	0.0
8.283999999999999	0.0
8.29	0.0
8.295	0.0
8.301	0.0
8.307	0.0
8.312999999999999	0.0
8.318999999999999	0.0
8.324	0.0
8.33	0.0
8.336	0.0
8.342	0.0
8.347999999999999	0.0
8.353	0.0
8.359	0.0
8.365	0.0
8.371	0.0
8.377	0.0
8.382	0.0
8.388	0.0
8.394	0.0
8.4	0.0
8.406	0.0
8.411	0.0
8.417	0.0
8.423	0.0
8.429	0.0
8.435	0.0
8.44	0.0
8.446	0.0
8.452	0.0
8.458	0.0
8.464	0.0
8.469	0.0
8.475	0.0
8.481	0.0
8.487	0.0
8.493	0.0
8.499	0.0
8.504	0.0
8.51	0.0
8.516	0.0
8.522	0.0
8.527999999999999	0.0
8.533	0.0
8.539	0.0
8.545	0.0
8.551	0.0
8.557	0.0
8.562000000000001	0.0
8.568	0.0
8.574	0.0
8.58	0.0
8.586	0.0
8.591000000000001	0.0
8.597000000000001	0.0
8.603	0.0
8.609	0.0
8.615	0.0
8.62	0.0
8.626	0.0
8.632	0.0
8.638	0.0
8.644	0.0
8.649	0.0
8.655	0.0
8.661	0.0
8.667	0.0
8.673	0.0
8.677999999999999	0.0
8.684	0.0
8.69	0.0
8.696	0.0
8.702	0.0
8.707	0.0
8.713	0.0
8.719	0.0
8.725	0.0
8.731	0.0
8.737	0.0
8.742	0.0
8.748	0.0
8.754	0.0
8.76	0.0
8.766	0.0
8.771	0.0
8.777000000000001	0.0
8.783	0.0
8.789	0.0
8.795	0.0
8.8	0.0
8.806000000000001	0.0
8.812000000000001	0.0
8.818	0.0
8.824	0.0
8.829	0.0
8.835	0.0
8.841000000000001	0.0
8.847000000000001	0.0
8.853	0.0
8.857999999999999	0.0
8.863999999999999	0.0
8.87	0.0
8.876	0.0
8.882	0.0
8.887	0.0
8.892999999999999	0.0
8.899	0.0
8.905	0.0
8.911	0.0
8.916	0.0
8.922	0.0
8.927999999999999	0.0
8.934	0.0
8.94	0.0
8.945	0.0
8.951	0.0
8.957	0.0
8.963	0.0
8.969	0.0
8.975	0.0
8.98	0.0
8.986	0.0
8.992	0.0
8.998	0.0
9.004	314.74530029296875
9.009	314.74530029296875
9.015	311.1301574707031
9.021	307.5564880371094
9.027000000000001	307.5564880371094
9.033	309.3381652832031
9.038	309.3381652832031
9.044	312.9324951171875
9.05	309.3381652832031
9.056000000000001	311.1301574707031
9.062000000000001	312.9324951171875
9.067	309.3381652832031
9.073	312.9324951171875
9.079	307.5564880371094
9.085	307.5564880371094
9.091000000000001	312.9324951171875
9.096	309.3381652832031
9.102	316.5686340332031
9.107999999999999	302.2728271484375
9.113999999999999	316.5686340332031
9.12	300.5318298339844
9.125	316.5686340332031
9.131	311.1301574707031
9.137	309.3381652832031
9.142999999999999	311.1301574707031
9.149	311.1301574707031
9.154	316.5686340332031
9.16	305.7850646972656
9.166	316.5686340332031
9.172	298.8009033203125
9.177999999999999	318.4024963378906
9.183	309.3381652832031
9.189	304.0238952636719
9.195	316.5686340332031
9.201	293.6676330566406
9.207	316.5686340332031
9.213	290.2945861816406
9.218	309.3381652832031
9.224	311.1301574707031
9.23	309.3381652832031
9.236	305.7850646972656
9.242	314.74530029296875
9.247	311.1301574707031
9.253	305.7850646972656
9.259	314.74530029296875
9.265	305.7850646972656
9.271	314.74530029296875
9.276	311.1301574707031
9.282	312.9324951171875
9.288	311.1301574707031
9.294	314.74530029296875
9.3	309.3381652832031
9.305	312.9324951171875
9.311	311.1301574707031
9.317	312.9324951171875
9.323	314.74530029296875
9.329	309.3381652832031
9.334	314.74530029296875
9.34	312.9324951171875
9.346	312.9324951171875
9.352	311.1301574707031
9.357999999999999	307.5564880371094
9.363	320.24700927734375
9.369	305.7850646972656
9.375	309.3381652832031
9.381	309.3381652832031
9.387	312.9324951171875
9.392000000000001	312.9324951171875
9.398	311.1301574707031
9.404	309.3381652832031
9.41	307.5564880371094
9.416	314.74530029296875
9.421	311.1301574707031
9.427	314.74530029296875
9.433	311.1301574707031
9.439	314.74530029296875
9.445	307.5564880371094
9.451	311.1301574707031
9.456	302.2728271484375
9.462	304.0238952636719
9.468	312.9324951171875
9.474	309.3381652832031
9.48	309.3381652832031
9.485	307.5564880371094
9.491	307.5564880371094
9.497	307.5564880371094
9.503	309.3381652832031
9.509	307.5564880371094
9.514	307.5564880371094
9.52	305.7850646972656
9.526	309.3381652832031
9.532	309.3381652832031
9.538	312.9324951171875
9.543	309.3381652832031
9.549	312.9324951171875
9.555	311.1301574707031
9.561	314.74530029296875
9.567	0.0
9.572000000000001	0.0
9.578	0.0
9.584	0.0
9.59	0.0
9.596	0.0
9.601	0.0
9.607000000000001	0.0
9.613	0.0
9.619	0.0
9.625	0.0
9.63	0.0
9.636000000000001	0.0
9.642000000000001	0.0
9.648	0.0
9.654	349.2320251464844
9.66	349.2320251464844
9.665	355.3365173339844
9.671	353.2899475097656
9.677	349.2320251464844
9.683	353.2899475097656
9.689	353.2899475097656
9.693999999999999	353.2899475097656
9.7	349.2320251464844
9.706	351.2550964355469
9.712	351.2550964355469
9.718	353.2899475097656
9.722999999999999	351.2550964355469
9.729	353.2899475097656
9.735	349.2320251464844
9.741	349.2320251464844
9.747	347.2205810546875
9.752	349.2320251464844
9.758	345.220703125
9.764	353.2899475097656
9.77	349.2320251464844
9.776	347.2205810546875
9.781	347.2205810546875
9.787	345.220703125
9.793	353.2899475097656
9.799	345.220703125
9.805	345.220703125
9.81	347.2205810546875
9.816	353.2899475097656
9.822000000000001	349.2320251464844
9.828	349.2320251464844
9.834	345.220703125
9.839	351.2550964355469
9.845	347.2205810546875
9.851	349.2320251464844
9.857000000000001	351.2550964355469
9.863	345.220703125
9.868	349.2320251464844
9.874	351.2550964355469
9.88	349.2320251464844
9.886000000000001	349.2320251464844
9.892000000000001	347.2205810546875
9.898	345.220703125
9.902999999999999	351.2550964355469
9.908999999999999	353.2899475097656
9.915	347.2205810546875
9.921	345.220703125
9.927	353.2899475097656
9.932	349.2320251464844
9.937999999999999	349.2320251464844
9.943999999999999	347.2205810546875
9.95	349.2320251464844
9.956	353.2899475097656
9.961	349.2320251464844
9.967	345.220703125
9.972999999999999	351.2550964355469
9.979	349.2320251464844
9.985	349.2320251464844
9.99	347.2205810546875
9.996	347.2205810546875
10.002	351.2550964355469
10.008	349.2320251464844
10.014	351.2550964355469
10.019	349.2320251464844
10.025	349.2320251464844
10.031	347.2205810546875
10.037	347.2205810546875
10.043	351.2550964355469
10.048	343.2323913574219
10.054	343.2323913574219
10.06	347.2205810546875
10.066	349.2320251464844
10.072000000000001	349.2320251464844
10.077	347.2205810546875
10.083	345.220703125
10.089	349.2320251464844
10.095	351.2550964355469
10.101	349.2320251464844
10.106	347.2205810546875
10.112	351.2550964355469
10.118	353.2899475097656
10.124	351.2550964355469
10.13	345.220703125
10.136000000000001	353.2899475097656
10.141	353.2899475097656
10.147	351.2550964355469
10.152999999999999	355.3365173339844
10.158999999999999	353.2899475097656
10.165	355.3365173339844
10.17	355.3365173339844
10.176	351.2550964355469
10.182	355.3365173339844
10.187999999999999	357.39495849609375
10.193999999999999	355.3365173339844
10.199	349.2320251464844
10.205	347.2205810546875
10.211	337.3358154296875
10.217	351.2550964355469
10.222999999999999	347.2205810546875
10.228	335.3929138183594
10.234	337.3358154296875
10.24	331.5405578613281
10.245999999999999	320.24700927734375
10.252	341.2555236816406
10.257	314.74530029296875
10.263	329.6310119628906
10.269	314.74530029296875
10.275	314.74530029296875
10.280999999999999	300.5318298339844
10.286	314.74530029296875
10.292	327.73248291015625
10.298	311.1301574707031
10.304	311.1301574707031
10.31	298.8009033203125
10.315	309.3381652832031
10.321	305.7850646972656
10.327	309.3381652832031
10.333	298.8009033203125
10.339	298.8009033203125
10.344000000000001	304.0238952636719
10.35	283.6641845703125
10.356	295.36883544921875
10.362	318.4024963378906
10.368	297.0799255371094
10.374	311.1301574707031
10.379000000000001	307.5564880371094
10.385	312.9324951171875
10.390999999999998	304.0238952636719
10.397	309.3381652832031
10.402999999999999	307.5564880371094
10.408	309.3381652832031
10.414000000000001	312.9324951171875
10.42	307.5564880371094
10.425999999999998	312.9324951171875
10.432	309.3381652832031
10.437000000000001	314.74530029296875
10.443	305.7850646972656
10.449000000000002	307.5564880371094
10.455	311.1301574707031
10.460999999999999	309.3381652832031
10.466	309.3381652832031
10.472000000000001	305.7850646972656
10.478	309.3381652832031
10.484000000000002	309.3381652832031
10.49	312.9324951171875
10.495	304.0238952636719
10.501	307.5564880371094
10.507	312.9324951171875
10.513	305.7850646972656
10.519	309.3381652832031
10.524000000000001	307.5564880371094
10.53	312.9324951171875
10.536	312.9324951171875
10.542	314.74530029296875
10.548	312.9324951171875
10.552999999999999	311.1301574707031
10.559000000000001	309.3381652832031
10.565	307.5564880371094
10.571	312.9324951171875
10.577	309.3381652832031
10.582	312.9324951171875
10.588	307.5564880371094
10.594000000000001	312.9324951171875
10.6	311.1301574707031
10.606	312.9324951171875
10.612	309.3381652832031
10.617	305.7850646972656
10.623	312.9324951171875
10.629000000000001	304.0238952636719
10.635	314.74530029296875
10.640999999999998	307.5564880371094
10.645999999999999	314.74530029296875
10.652000000000001	302.2728271484375
10.658	312.9324951171875
10.664000000000001	307.5564880371094
10.67	305.7850646972656
10.675	318.4024963378906
10.681	305.7850646972656
10.687000000000001	322.1021728515625
10.693	312.9324951171875
10.699000000000002	311.1301574707031
10.704	316.5686340332031
10.71	316.5686340332031
10.716	311.1301574707031
10.722000000000001	316.5686340332031
10.728	311.1301574707031
10.732999999999999	314.74530029296875
10.739	314.74530029296875
10.745	311.1301574707031
10.751	312.9324951171875
10.757	311.1301574707031
10.762	314.74530029296875
10.767999999999999	311.1301574707031
10.774000000000001	323.9681091308594
10.78	309.3381652832031
10.786	312.9324951171875
10.790999999999999	314.74530029296875
10.797	307.5564880371094
10.802999999999999	314.74530029296875
10.809000000000001	316.5686340332031
10.815	333.4611511230469
10.82	309.3381652832031
10.825999999999999	327.73248291015625
10.832	305.7850646972656
10.838	323.9681091308594
10.844000000000001	298.8009033203125
10.85	322.1021728515625
10.855	307.5564880371094
10.860999999999999	318.4024963378906
10.867	311.1301574707031
10.873	302.2728271484375
10.879000000000001	312.9324951171875
10.884	300.5318298339844
10.89	311.1301574707031
10.895999999999999	291.9762268066406
10.902000000000001	309.3381652832031
10.908	302.2728271484375
10.913	295.36883544921875
10.919	305.7850646972656
10.925	295.36883544921875
10.931	295.36883544921875
10.937000000000001	290.2945861816406
10.942	283.6641845703125
10.948	297.0799255371094
10.954	293.6676330566406
10.96	290.2945861816406
10.966	300.5318298339844
10.970999999999998	288.6225891113281
10.977	293.6676330566406
10.982999999999999	290.2945861816406
10.989	291.9762268066406
10.995	290.2945861816406
11.0	288.6225891113281
11.005999999999998	288.6225891113281
11.012	285.3074645996094
11.017999999999999	293.6676330566406
11.024000000000001	293.6676330566406
11.029000000000002	277.1852722167969
11.035	288.6225891113281
11.040999999999999	290.2945861816406
11.047	290.2945861816406
11.052999999999999	290.2945861816406
11.059000000000001	293.6676330566406
11.064	293.6676330566406
11.07	293.6676330566406
11.075999999999999	293.6676330566406
11.082	295.36883544921875
11.088	295.36883544921875
11.093	293.6676330566406
11.099	290.2945861816406
11.105	291.9762268066406
11.110999999999999	297.0799255371094
11.117	291.9762268066406
11.122	291.9762268066406
11.128	288.6225891113281
11.134	291.9762268066406
11.14	291.9762268066406
11.145999999999999	295.36883544921875
11.151	291.9762268066406
11.157	295.36883544921875
11.163	297.0799255371094
11.169	291.9762268066406
11.175	293.6676330566406
11.18	293.6676330566406
11.186	293.6676330566406
11.192	295.36883544921875
11.198	291.9762268066406
11.204	295.36883544921875
11.209000000000001	298.8009033203125
11.215	291.9762268066406
11.220999999999998	293.6676330566406
11.227	295.36883544921875
11.232999999999999	291.9762268066406
11.238	291.9762268066406
11.244000000000002	293.6676330566406
11.25	290.2945861816406
11.255999999999998	297.0799255371094
11.262	297.0799255371094
11.267000000000001	291.9762268066406
11.273	295.36883544921875
11.279000000000002	295.36883544921875
11.285	293.6676330566406
11.290999999999999	295.36883544921875
11.297	295.36883544921875
11.302	297.0799255371094
11.308	298.8009033203125
11.314	293.6676330566406
11.32	291.9762268066406
11.325999999999999	293.6676330566406
11.331	295.36883544921875
11.337	295.36883544921875
11.343	297.0799255371094
11.349	288.6225891113281
11.355	298.8009033203125
11.36	300.5318298339844
11.366	293.6676330566406
11.372	295.36883544921875
11.378	295.36883544921875
11.384	293.6676330566406
11.389000000000001	297.0799255371094
11.395	295.36883544921875
11.401	291.9762268066406
11.407	298.8009033203125
11.413	300.5318298339844
11.418	293.6676330566406
11.424000000000001	298.8009033203125
11.43	291.9762268066406
11.436	293.6676330566406
11.442	295.36883544921875
11.447000000000001	297.0799255371094
11.453	293.6676330566406
11.459000000000001	298.8009033203125
11.465	300.5318298339844
11.470999999999998	293.6676330566406
11.475999999999999	297.0799255371094
11.482000000000001	297.0799255371094
11.488	295.36883544921875
11.494000000000002	297.0799255371094
11.5	297.0799255371094
11.505	298.8009033203125
11.511	297.0799255371094
11.517000000000001	300.5318298339844
11.523	298.8009033203125
11.529000000000002	298.8009033203125
11.535	290.2945861816406
11.54	297.0799255371094
11.546	290.2945861816406
11.552	290.2945861816406
11.558	300.5318298339844
11.564	297.0799255371094
11.569	290.2945861816406
11.575	307.5564880371094
11.581	297.0799255371094
11.587	297.0799255371094
11.593	304.0238952636719
11.597999999999999	305.7850646972656
11.604000000000001	307.5564880371094
11.61	288.6225891113281
11.616	291.9762268066406
11.622	0.0
11.627	0.0
11.633	0.0
11.639000000000001	0.0
11.645	267.7432556152344
11.651	263.1435852050781
11.655999999999999	261.6279602050781
11.662	263.1435852050781
11.668	264.6679382324219
11.674000000000001	275.5887756347656
11.68	263.1435852050781
11.685	263.1435852050781
11.690999999999999	261.6279602050781
11.697000000000001	274.0014953613281
11.703	267.7432556152344
11.709000000000001	255.65234375
11.714	266.201171875
11.72	263.1435852050781
11.725999999999999	258.6228942871094
11.732000000000001	263.1435852050781
11.738	263.1435852050781
11.743	260.1210632324219
11.749	272.42333984375
11.755	261.6279602050781
11.761	261.6279602050781
11.767000000000001	252.71588134765625
11.773	260.1210632324219
11.777999999999999	260.1210632324219
11.784	255.65234375
11.79	261.6279602050781
11.796	251.26034545898438
11.802	260.1210632324219
11.807	255.65234375
11.812999999999999	258.6228942871094
11.819	257.1333312988281
11.825	261.6279602050781
11.831	254.17987060546875
11.835999999999999	260.1210632324219
11.842	258.6228942871094
11.847999999999999	261.6279602050781
11.854000000000001	258.6228942871094
11.86	263.1435852050781
11.865	260.1210632324219
11.870999999999999	258.6228942871094
11.877	263.1435852050781
11.883	261.6279602050781
11.889000000000001	258.6228942871094
11.894	261.6279602050781
11.9	260.1210632324219
11.905999999999999	260.1210632324219
11.912	261.6279602050781
11.918	258.6228942871094
11.923	264.6679382324219
11.929	260.1210632324219
11.935	257.1333312988281
11.940999999999999	258.6228942871094
11.947000000000001	266.201171875
11.952	263.1435852050781
11.958	263.1435852050781
11.964	263.1435852050781
11.97	260.1210632324219
11.975999999999999	258.6228942871094
11.981	266.201171875
11.987	258.6228942871094
11.993	264.6679382324219
11.999	264.6679382324219
12.005	260.1210632324219
12.011	258.6228942871094
12.015999999999998	261.6279602050781
12.022	264.6679382324219
12.027999999999999	263.1435852050781
12.034	257.1333312988281
12.04	261.6279602050781
12.045	263.1435852050781
12.050999999999998	258.6228942871094
12.057	261.6279602050781
12.062999999999999	266.201171875
12.069	263.1435852050781
12.074000000000002	258.6228942871094
12.08	258.6228942871094
12.085999999999999	257.1333312988281
12.092	264.6679382324219
12.097999999999999	264.6679382324219
12.103	261.6279602050781
12.109000000000002	258.6228942871094
12.115	255.65234375
12.120999999999999	261.6279602050781
12.127	258.6228942871094
12.132	251.26034545898438
12.138	263.1435852050781
12.144	257.1333312988281
12.15	237.15809631347656
12.155999999999999	257.1333312988281
12.161	251.26034545898438
12.167	252.71588134765625
12.173	261.6279602050781
12.179	264.6679382324219
12.185	263.1435852050781
12.19	270.8542785644531
12.196	264.6679382324219
12.202	272.42333984375
12.208	274.0014953613281
12.214	283.6641845703125
12.22	275.5887756347656
12.225	277.1852722167969
12.231	309.3381652832031
12.237	293.6676330566406
12.243	291.9762268066406
12.249	288.6225891113281
12.254000000000001	285.3074645996094
12.26	302.2728271484375
12.265999999999998	297.0799255371094
12.272	298.8009033203125
12.277999999999999	290.2945861816406
12.283	298.8009033203125
12.289000000000001	293.6676330566406
12.295	293.6676330566406
12.300999999999998	300.5318298339844
12.307	288.6225891113281
12.312000000000001	298.8009033203125
12.318	295.36883544921875
12.324000000000002	298.8009033203125
12.33	297.0799255371094
12.335999999999999	291.9762268066406
12.341	293.6676330566406
12.347000000000001	293.6676330566406
12.353	291.9762268066406
12.359000000000002	295.36883544921875
12.365	290.2945861816406
12.37	295.36883544921875
12.376	298.8009033203125
12.382	288.6225891113281
12.388	291.9762268066406
12.394	295.36883544921875
12.399000000000001	290.2945861816406
12.405	297.0799255371094
12.411	291.9762268066406
12.417	293.6676330566406
12.423	297.0799255371094
12.427999999999999	290.2945861816406
12.434000000000001	293.6676330566406
12.44	291.9762268066406
12.446	293.6676330566406
12.452	291.9762268066406
12.458	293.6676330566406
12.463	293.6676330566406
12.469000000000001	290.2945861816406
12.475	297.0799255371094
12.481	290.2945861816406
12.487	297.0799255371094
12.492	290.2945861816406
12.498	293.6676330566406
12.504000000000001	293.6676330566406
12.51	293.6676330566406
12.515999999999998	295.36883544921875
12.520999999999999	290.2945861816406
12.527000000000001	293.6676330566406
12.533	291.9762268066406
12.539000000000001	295.36883544921875
12.545	291.9762268066406
12.55	295.36883544921875
12.556	293.6676330566406
12.562000000000001	295.36883544921875
12.568	293.6676330566406
12.574000000000002	291.9762268066406
12.579	297.0799255371094
12.585	290.2945861816406
12.591	293.6676330566406
12.597000000000001	295.36883544921875
12.603	293.6676330566406
12.607999999999999	293.6676330566406
12.614	291.9762268066406
12.62	295.36883544921875
12.626	291.9762268066406
12.632	293.6676330566406
12.637	291.9762268066406
12.642999999999999	293.6676330566406
12.649000000000001	293.6676330566406
12.655	291.9762268066406
12.661	290.2945861816406
12.665999999999999	291.9762268066406
12.672	291.9762268066406
12.677999999999999	290.2945861816406
12.684000000000001	290.2945861816406
12.69	291.9762268066406
12.696	293.6676330566406
12.700999999999999	293.6676330566406
12.707	293.6676330566406
12.713	290.2945861816406
12.719000000000001	293.6676330566406
12.725	290.2945861816406
12.73	295.36883544921875
12.735999999999999	291.9762268066406
12.742	295.36883544921875
12.748	291.9762268066406
12.754000000000001	291.9762268066406
12.759	295.36883544921875
12.765	288.6225891113281
12.770999999999999	297.0799255371094
12.777000000000001	291.9762268066406
12.783	291.9762268066406
12.788	291.9762268066406
12.794	290.2945861816406
12.8	293.6676330566406
12.806	290.2945861816406
12.812000000000001	291.9762268066406
12.817	295.36883544921875
12.823	286.9602355957031
12.829	297.0799255371094
12.835	290.2945861816406
12.841	297.0799255371094
12.845999999999998	293.6676330566406
12.852	290.2945861816406
12.857999999999999	297.0799255371094
12.864	293.6676330566406
12.87	298.8009033203125
12.875	290.2945861816406
12.880999999999998	293.6676330566406
12.887	293.6676330566406
12.892999999999999	300.5318298339844
12.899000000000001	288.6225891113281
12.904000000000002	290.2945861816406
12.91	297.0799255371094
12.915999999999999	290.2945861816406
12.922	297.0799255371094
12.927999999999999	293.6676330566406
12.934000000000001	293.6676330566406
12.939	297.0799255371094
12.945	293.6676330566406
12.950999999999999	295.36883544921875
12.957	291.9762268066406
12.963	295.36883544921875
12.968	295.36883544921875
12.974	290.2945861816406
12.98	297.0799255371094
12.985999999999999	288.6225891113281
12.992	293.6676330566406
12.997	290.2945861816406
13.003	295.36883544921875
13.009	291.9762268066406
13.015	293.6676330566406
13.020999999999999	295.36883544921875
13.026	290.2945861816406
13.032	298.8009033203125
13.038	290.2945861816406
13.044	293.6676330566406
13.05	297.0799255371094
13.055	293.6676330566406
13.061	297.0799255371094
13.067	291.9762268066406
13.073	297.0799255371094
13.079	293.6676330566406
13.084000000000001	293.6676330566406
13.09	297.0799255371094
13.095999999999998	290.2945861816406
13.102	297.0799255371094
13.107999999999999	288.6225891113281
13.113	298.8009033203125
13.119000000000002	293.6676330566406
13.125	293.6676330566406
13.130999999999998	297.0799255371094
13.137	278.7909851074219
13.142000000000001	305.7850646972656
13.148	285.3074645996094
13.154000000000002	307.5564880371094
13.16	288.6225891113281
13.165999999999999	285.3074645996094
13.172	297.0799255371094
13.177	285.3074645996094
13.183	304.0238952636719
13.189	290.2945861816406
13.195	293.6676330566406
13.200999999999999	295.36883544921875
13.206	291.9762268066406
13.212	298.8009033203125
13.218	286.9602355957031
13.224	291.9762268066406
13.23	290.2945861816406
13.235	291.9762268066406
13.241	298.8009033203125
13.247	295.36883544921875
13.253	300.5318298339844
13.259	293.6676330566406
13.264000000000001	300.5318298339844
13.27	291.9762268066406
13.276	295.36883544921875
13.282	291.9762268066406
13.288	290.2945861816406
13.293	295.36883544921875
13.299000000000001	293.6676330566406
13.305	298.8009033203125
13.311	291.9762268066406
13.317	297.0799255371094
13.322000000000001	290.2945861816406
13.328	293.6676330566406
13.334000000000001	290.2945861816406
13.34	291.9762268066406
13.345999999999998	295.36883544921875
13.350999999999999	295.36883544921875
13.357000000000001	297.0799255371094
13.363	295.36883544921875
13.369000000000002	298.8009033203125
13.375	295.36883544921875
13.38	293.6676330566406
13.386	293.6676330566406
13.392000000000001	288.6225891113281
13.398	291.9762268066406
13.404000000000002	297.0799255371094
13.41	297.0799255371094
13.415	293.6676330566406
13.421	300.5318298339844
13.427	288.6225891113281
13.433	297.0799255371094
13.439	291.9762268066406
13.444	293.6676330566406
13.45	293.6676330566406
13.456	293.6676330566406
13.462	295.36883544921875
13.468	291.9762268066406
13.472999999999999	295.36883544921875
13.479000000000001	298.8009033203125
13.485	286.9602355957031
13.491	295.36883544921875
13.497	286.9602355957031
13.502	290.2945861816406
13.508	295.36883544921875
13.514000000000001	291.9762268066406
13.52	300.5318298339844
13.526	291.9762268066406
13.530999999999999	300.5318298339844
13.537	283.6641845703125
13.543	286.9602355957031
13.549000000000001	290.2945861816406
13.555	278.7909851074219
13.56	286.9602355957031
13.565999999999999	286.9602355957031
13.572000000000001	300.5318298339844
13.578	293.6676330566406
13.584000000000001	290.2945861816406
13.589	298.8009033203125
13.595	295.36883544921875
13.600999999999999	295.36883544921875
13.607000000000001	297.0799255371094
13.613	295.36883544921875
13.619000000000002	300.5318298339844
13.624	290.2945861816406
13.63	298.8009033203125
13.636	291.9762268066406
13.642000000000001	291.9762268066406
13.648	291.9762268066406
13.652999999999999	291.9762268066406
13.659	297.0799255371094
13.665	288.6225891113281
13.671	293.6676330566406
13.677	288.6225891113281
13.682	295.36883544921875
13.687999999999999	293.6676330566406
13.694	295.36883544921875
13.7	297.0799255371094
13.706	295.36883544921875
13.710999999999999	298.8009033203125
13.717	298.8009033203125
13.722999999999999	297.0799255371094
13.729000000000001	300.5318298339844
13.735	295.36883544921875
13.74	300.5318298339844
13.745999999999999	0.0
13.752	0.0
13.758	0.0
13.764000000000001	0.0
13.769	0.0
13.775	0.0
13.780999999999999	0.0
13.787	0.0
13.793	0.0
13.798	0.0
13.804	0.0
13.81	0.0
13.815999999999999	0.0
13.822000000000001	0.0
13.827	0.0
13.833	0.0
13.839	0.0
13.845	0.0
13.850999999999999	0.0
13.857000000000001	0.0
13.862	0.0
13.868	0.0
13.874	0.0
13.88	0.0
13.886	0.0
13.890999999999998	0.0
13.897	0.0
13.902999999999999	0.0
13.909	0.0
13.915	0.0
13.92	0.0
13.925999999999998	0.0
13.932	0.0
13.937999999999999	0.0
13.944	0.0
13.949000000000002	0.0
13.955	0.0
13.960999999999999	0.0
13.967	0.0
13.972999999999999	0.0
13.978	0.0
13.984000000000002	0.0
13.99	0.0
13.995999999999999	0.0
14.002	0.0
14.007	0.0
14.013	0.0
14.019	0.0
14.025	0.0
14.030999999999999	0.0
14.036	0.0
14.042	0.0
14.048	0.0
14.054	0.0
14.06	0.0
14.065	0.0
14.071	0.0
14.077	0.0
14.083	0.0
14.089	0.0
14.095	0.0
14.1	0.0
14.106	0.0
14.112	0.0
14.118	0.0
14.124	0.0
14.129000000000001	0.0
14.135	0.0
14.140999999999998	0.0
14.147	0.0
14.152999999999999	0.0
14.158	0.0
14.164000000000001	0.0
14.17	0.0
14.175999999999998	0.0
14.182	0.0
14.187000000000001	0.0
14.193	0.0
14.199000000000002	0.0
14.205	221.27626037597656
14.210999999999999	216.22227478027344
14.216	229.07958984375
14.222000000000001	211.28370666503906
14.228	221.27626037597656
14.234000000000002	217.47483825683594
14.24	221.27626037597656
14.245	218.7346649169922
14.251	218.7346649169922
14.257	221.27626037597656
14.263	220.0017852783203
14.269	212.50767517089844
14.274000000000001	221.27626037597656
14.28	214.97691345214844
14.286	205.2688446044922
14.292	212.50767517089844
14.298	220.0017852783203
14.302999999999999	221.27626037597656
14.309000000000001	214.97691345214844
14.315	221.27626037597656
14.321	213.7387237548828
14.327	220.0017852783203
14.333	222.55809020996094
14.338	213.7387237548828
14.344000000000001	220.0017852783203
14.35	214.97691345214844
14.356	220.0017852783203
14.362	216.22227478027344
14.367	218.7346649169922
14.373	220.0017852783203
14.379000000000001	214.97691345214844
14.385	218.7346649169922
14.390999999999998	217.47483825683594
14.395999999999999	216.22227478027344
14.402000000000001	222.55809020996094
14.408	222.55809020996094
14.414000000000001	221.27626037597656
14.42	220.0017852783203
14.425	217.47483825683594
14.431	217.47483825683594
14.437000000000001	214.97691345214844
14.443	218.7346649169922
14.449000000000002	222.55809020996094
14.454	218.7346649169922
14.46	218.7346649169922
14.466	220.0017852783203
14.472000000000001	218.7346649169922
14.478	218.7346649169922
14.482999999999999	218.7346649169922
14.489	220.0017852783203
14.495	218.7346649169922
14.501	213.7387237548828
14.507	218.7346649169922
14.512	220.0017852783203
14.517999999999999	227.7601776123047
14.524000000000001	220.0017852783203
14.53	221.27626037597656
14.536	222.55809020996094
14.540999999999999	216.22227478027344
14.547	220.0017852783203
14.552999999999999	220.0017852783203
14.559000000000001	217.47483825683594
14.565	223.8473663330078
14.571	220.0017852783203
14.575999999999999	217.47483825683594
14.582	220.0017852783203
14.588	221.27626037597656
14.594000000000001	217.47483825683594
14.6	216.22227478027344
14.605	214.97691345214844
14.610999999999999	225.14410400390625
14.617	220.0017852783203
14.623	217.47483825683594
14.629000000000001	214.97691345214844
14.634	220.0017852783203
14.64	205.2688446044922
14.645999999999999	210.06680297851562
14.652000000000001	217.47483825683594
14.658	222.55809020996094
14.663	217.47483825683594
14.669	220.0017852783203
14.675	229.07958984375
14.681	220.0017852783203
14.687000000000001	223.8473663330078
14.692	218.7346649169922
14.698	220.0017852783203
14.704	225.14410400390625
14.71	217.47483825683594
14.716	227.7601776123047
14.720999999999998	221.27626037597656
14.727	222.55809020996094
14.732999999999999	221.27626037597656
14.739	222.55809020996094
14.745	227.7601776123047
14.75	234.43411254882812
14.755999999999998	255.65234375
14.762	263.1435852050781
14.767999999999999	263.1435852050781
14.774000000000001	264.6679382324219
14.78	264.6679382324219
14.785	267.7432556152344
14.790999999999999	257.1333312988281
14.797	266.201171875
14.802999999999999	261.6279602050781
14.809000000000001	261.6279602050781
14.814	248.37437438964844
14.82	245.5215301513672
14.825999999999999	248.37437438964844
14.832	258.6228942871094
14.838	263.1435852050781
14.843	258.6228942871094
14.849	260.1210632324219
14.855	261.6279602050781
14.860999999999999	261.6279602050781
14.867	261.6279602050781
14.872	266.201171875
14.878	264.6679382324219
14.884	266.201171875
14.89	258.6228942871094
14.895999999999999	264.6679382324219
14.901	263.1435852050781
14.907	258.6228942871094
14.913	263.1435852050781
14.919	257.1333312988281
14.925	264.6679382324219
14.93	263.1435852050781
14.936	261.6279602050781
14.942	267.7432556152344
14.948	258.6228942871094
14.954	264.6679382324219
14.959000000000001	260.1210632324219
14.965	266.201171875
14.970999999999998	264.6679382324219
14.977	260.1210632324219
14.982999999999999	261.6279602050781
14.988	264.6679382324219
14.994000000000002	255.65234375
15.0	261.6279602050781
15.005999999999998	263.1435852050781
15.012	258.6228942871094
15.017999999999999	263.1435852050781
15.023	260.1210632324219
15.029000000000002	258.6228942871094
15.035	263.1435852050781
15.040999999999999	258.6228942871094
15.047	264.6679382324219
15.052	263.1435852050781
15.058	263.1435852050781
15.064	264.6679382324219
15.07	261.6279602050781
15.075999999999999	260.1210632324219
15.081	261.6279602050781
15.087	263.1435852050781
15.093	261.6279602050781
15.099	261.6279602050781
15.105	263.1435852050781
15.11	261.6279602050781
15.116	263.1435852050781
15.122	261.6279602050781
15.128	260.1210632324219
15.134	260.1210632324219
15.139000000000001	261.6279602050781
15.145	257.1333312988281
15.151	264.6679382324219
15.157	257.1333312988281
15.163	261.6279602050781
15.168	257.1333312988281
15.174000000000001	257.1333312988281
15.18	258.6228942871094
15.186	261.6279602050781
15.192	255.65234375
15.197000000000001	264.6679382324219
15.203	260.1210632324219
15.209000000000001	263.1435852050781
15.215	260.1210632324219
15.220999999999998	264.6679382324219
15.225999999999999	258.6228942871094
15.232000000000001	266.201171875
15.238	258.6228942871094
15.244000000000002	261.6279602050781
15.25	263.1435852050781
15.255999999999998	263.1435852050781
15.261	261.6279602050781
15.267000000000001	263.1435852050781
15.273	261.6279602050781
15.279000000000002	263.1435852050781
15.285	260.1210632324219
15.29	261.6279602050781
15.296	260.1210632324219
15.302	263.1435852050781
15.308	258.6228942871094
15.314	263.1435852050781
15.319	258.6228942871094
15.325	263.1435852050781
15.331	257.1333312988281
15.337	261.6279602050781
15.343	257.1333312988281
15.347999999999999	261.6279602050781
15.354000000000001	257.1333312988281
15.36	263.1435852050781
15.366	258.6228942871094
15.372	261.6279602050781
15.377	263.1435852050781
15.383	263.1435852050781
15.389000000000001	260.1210632324219
15.395	263.1435852050781
15.401	255.65234375
15.405999999999999	263.1435852050781
15.412	261.6279602050781
15.418	261.6279602050781
15.424000000000001	258.6228942871094
15.43	264.6679382324219
15.435	263.1435852050781
15.440999999999999	264.6679382324219
15.447000000000001	258.6228942871094
15.453	263.1435852050781
15.459000000000001	263.1435852050781
15.464	261.6279602050781
15.47	264.6679382324219
15.475999999999999	264.6679382324219
15.482000000000001	266.201171875
15.488	264.6679382324219
15.494000000000002	258.6228942871094
15.499	270.8542785644531
15.505	260.1210632324219
15.511	263.1435852050781
15.517000000000001	267.7432556152344
15.523	260.1210632324219
15.527999999999999	263.1435852050781
15.534	245.5215301513672
15.54	258.6228942871094
15.546	266.201171875
15.552	264.6679382324219
15.557	254.17987060546875
15.562999999999999	251.26034545898438
15.569	249.8131866455078
15.575	269.2942810058594
15.581	0.0
15.585999999999999	0.0
15.592	0.0
15.597999999999999	0.0
15.604000000000001	0.0
15.61	0.0
15.615	0.0
15.620999999999999	0.0
15.627	0.0
15.633	0.0
15.639000000000001	0.0
15.644	0.0
15.65	0.0
15.655999999999999	0.0
15.662	0.0
15.668	0.0
15.673	0.0
15.679	0.0
15.685	468.8700866699219
15.690999999999999	479.8294982910156
15.697000000000001	466.16961669921875
15.702	468.8700866699219
15.708	468.8700866699219
15.714	468.8700866699219
15.72	460.81512451171875
15.725999999999999	468.8700866699219
15.732000000000001	466.16961669921875
15.737	455.5221862792969
15.743	479.8294982910156
15.749	460.81512451171875
15.755	455.5221862792969
15.761	474.3181457519531
15.765999999999998	468.8700866699219
15.772	460.81512451171875
15.777999999999999	474.3181457519531
15.784	458.1610107421875
15.79	460.81512451171875
15.795	468.8700866699219
15.800999999999998	460.81512451171875
15.807	458.1610107421875
15.812999999999999	479.8294982910156
15.819	505.4338684082031
15.824000000000002	505.4338684082031
15.83	471.5862731933594
15.835999999999999	463.4846496582031
15.842	463.4846496582031
15.847999999999999	474.3181457519531
15.853	468.8700866699219
15.859000000000002	463.4846496582031
15.865	471.5862731933594
15.870999999999999	466.16961669921875
15.877	468.8700866699219
15.882	468.8700866699219
15.888	468.8700866699219
15.894	468.8700866699219
15.9	471.5862731933594
15.905999999999999	466.16961669921875
15.911	468.8700866699219
15.917	471.5862731933594
15.923	0.0
15.929	220.0017852783203
15.935	223.8473663330078
15.94	233.0838623046875
15.946	235.79217529296875
15.952	234.43411254882812
15.958	226.44837951660156
15.964	238.53195190429688
15.97	233.0838623046875
15.975	222.55809020996094
15.981	242.70144653320312
15.987	229.07958984375
15.993	227.7601776123047
15.999	245.5215301513672
16.004	229.07958984375
16.01	227.7601776123047
16.016	241.30357360839844
16.022000000000002	226.44837951660156
16.028	234.43411254882812
16.033	238.53195190429688
16.039	230.40664672851562
16.045	231.7413787841797
16.051	244.107421875
16.057000000000002	229.07958984375
16.062	235.79217529296875
16.067999999999998	245.5215301513672
16.074	225.14410400390625
16.08	235.79217529296875
16.086	241.30357360839844
16.090999999999998	216.22227478027344
16.097	225.14410400390625
16.102999999999998	226.44837951660156
16.109	221.27626037597656
16.115	221.27626037597656
16.12	218.7346649169922
16.125999999999998	218.7346649169922
16.132	223.8473663330078
16.137999999999998	226.44837951660156
16.144000000000002	222.55809020996094
16.149	220.0017852783203
16.155	227.7601776123047
16.160999999999998	226.44837951660156
16.167	217.47483825683594
16.173	218.7346649169922
16.179000000000002	217.47483825683594
16.184	208.8568878173828
16.19	212.50767517089844
16.195999999999998	216.22227478027344
16.202	216.22227478027344
16.208	211.28370666503906
16.213	217.47483825683594
16.219	216.22227478027344
16.225	214.97691345214844
16.230999999999998	211.28370666503906
16.237000000000002	217.47483825683594
16.242	220.0017852783203
16.248	217.47483825683594
16.254	217.47483825683594
16.26	218.7346649169922
16.266	218.7346649169922
16.271	218.7346649169922
16.277	220.0017852783203
16.283	221.27626037597656
16.289	216.22227478027344
16.295	221.27626037597656
16.3	221.27626037597656
16.305999999999997	221.27626037597656
16.312	218.7346649169922
16.317999999999998	222.55809020996094
16.324	220.0017852783203
16.329	223.8473663330078
16.335	220.0017852783203
16.340999999999998	221.27626037597656
16.347	216.22227478027344
16.352999999999998	221.27626037597656
16.358	218.7346649169922
16.364	220.0017852783203
16.37	221.27626037597656
16.375999999999998	221.27626037597656
16.382	220.0017852783203
16.387	217.47483825683594
16.393	218.7346649169922
16.399	217.47483825683594
16.405	220.0017852783203
16.410999999999998	216.22227478027344
16.417	220.0017852783203
16.422	221.27626037597656
16.428	220.0017852783203
16.434	220.0017852783203
16.44	220.0017852783203
16.445999999999998	217.47483825683594
16.451	221.27626037597656
16.457	220.0017852783203
16.463	217.47483825683594
16.469	217.47483825683594
16.475	221.27626037597656
16.48	225.14410400390625
16.486	221.27626037597656
16.492	223.8473663330078
16.498	217.47483825683594
16.504	221.27626037597656
16.509	222.55809020996094
16.515	223.8473663330078
16.521	213.7387237548828
16.527	220.0017852783203
16.533	220.0017852783203
16.538	222.55809020996094
16.544	220.0017852783203
16.55	220.0017852783203
16.555999999999997	218.7346649169922
16.562	220.0017852783203
16.567	221.27626037597656
16.573	216.22227478027344
16.579	218.7346649169922
16.585	217.47483825683594
16.590999999999998	223.8473663330078
16.596	213.7387237548828
16.602	233.0838623046875
16.608	214.97691345214844
16.614	223.8473663330078
16.62	220.0017852783203
16.625	217.47483825683594
16.631	218.7346649169922
16.637	233.0838623046875
16.643	218.7346649169922
16.649	222.55809020996094
16.655	220.0017852783203
16.66	218.7346649169922
16.666	218.7346649169922
16.672	221.27626037597656
16.678	220.0017852783203
16.684	221.27626037597656
16.689	220.0017852783203
16.695	220.0017852783203
16.701	216.22227478027344
16.707	214.97691345214844
16.713	226.44837951660156
16.718	220.0017852783203
16.724	234.43411254882812
16.73	217.47483825683594
16.736	223.8473663330078
16.742	220.0017852783203
16.747	221.27626037597656
16.753	218.7346649169922
16.759	217.47483825683594
16.765	222.55809020996094
16.771	221.27626037597656
16.776	226.44837951660156
16.782	218.7346649169922
16.788	234.43411254882812
16.794	246.94381713867188
16.8	241.30357360839844
16.805	244.107421875
16.811	223.8473663330078
16.817	217.47483825683594
16.823	222.55809020996094
16.829	225.14410400390625
16.834	223.8473663330078
16.84	216.22227478027344
16.846	235.79217529296875
16.852	221.27626037597656
16.858	227.7601776123047
16.863	221.27626037597656
16.869	217.47483825683594
16.875	221.27626037597656
16.881	208.8568878173828
16.887	227.7601776123047
16.893	223.8473663330078
16.898	230.40664672851562
16.904	222.55809020996094
16.91	222.55809020996094
16.916	221.27626037597656
16.922	0.0
16.927	0.0
16.933	0.0
16.939	0.0
16.945	0.0
16.951	0.0
16.956	0.0
16.962	0.0
16.968	0.0
16.974	0.0
16.98	0.0
16.985	0.0
16.991	0.0
16.997	0.0
17.003	0.0
17.009	0.0
17.014	0.0
17.02	0.0
17.026	0.0
17.032	0.0
17.038	0.0
17.043	0.0
17.049	0.0
17.055	233.0838623046875
17.061	238.53195190429688
17.067	241.30357360839844
17.072	260.1210632324219
17.078	269.2942810058594
17.084	260.1210632324219
17.09	245.5215301513672
17.096	234.43411254882812
17.101	242.70144653320312
17.107	241.30357360839844
17.113	242.70144653320312
17.119	246.94381713867188
17.125	260.1210632324219
17.131	252.71588134765625
17.136	238.53195190429688
17.142	231.7413787841797
17.148	251.26034545898438
17.154	230.40664672851562
17.16	230.40664672851562
17.165	242.70144653320312
17.171	235.79217529296875
17.177	226.44837951660156
17.183	218.7346649169922
17.189	216.22227478027344
17.194000000000003	221.27626037597656
17.2	230.40664672851562
17.206	235.79217529296875
17.212	233.0838623046875
17.218	242.70144653320312
17.223	234.43411254882812
17.229	227.7601776123047
17.235	211.28370666503906
17.241	220.0017852783203
17.247	238.53195190429688
17.252	258.6228942871094
17.258	258.6228942871094
17.264	254.17987060546875
17.27	235.79217529296875
17.276	238.53195190429688
17.281	230.40664672851562
17.287	237.15809631347656
17.293	231.7413787841797
17.299	233.0838623046875
17.305	234.43411254882812
17.31	226.44837951660156
17.316	234.43411254882812
17.322	237.15809631347656
17.328	226.44837951660156
17.334	231.7413787841797
17.34	227.7601776123047
17.345	234.43411254882812
17.351	231.7413787841797
17.357	242.70144653320312
17.363	235.79217529296875
17.369	234.43411254882812
17.374000000000002	244.107421875
17.38	266.201171875
17.386	263.1435852050781
17.392	266.201171875
17.398	264.6679382324219
17.403	261.6279602050781
17.409000000000002	260.1210632324219
17.415	258.6228942871094
17.421	264.6679382324219
17.427	263.1435852050781
17.432000000000002	260.1210632324219
17.438	261.6279602050781
17.444000000000003	266.201171875
17.45	255.65234375
17.456	249.8131866455078
17.461	263.1435852050781
17.467	263.1435852050781
17.473	260.1210632324219
17.479	260.1210632324219
17.485	275.5887756347656
17.49	264.6679382324219
17.496	264.6679382324219
17.502	267.7432556152344
17.508	264.6679382324219
17.514	267.7432556152344
17.519000000000002	261.6279602050781
17.525	264.6679382324219
17.531	263.1435852050781
17.537	264.6679382324219
17.543	266.201171875
17.548	261.6279602050781
17.554000000000002	261.6279602050781
17.56	264.6679382324219
17.566	258.6228942871094
17.572	264.6679382324219
17.578	263.1435852050781
17.583	260.1210632324219
17.589000000000002	260.1210632324219
17.595	263.1435852050781
17.601	258.6228942871094
17.607	260.1210632324219
17.612000000000002	263.1435852050781
17.618	263.1435852050781
17.624000000000002	257.1333312988281
17.63	261.6279602050781
17.636	261.6279602050781
17.641	263.1435852050781
17.647000000000002	257.1333312988281
17.653	261.6279602050781
17.659000000000002	260.1210632324219
17.665	261.6279602050781
17.67	258.6228942871094
17.676	264.6679382324219
17.682000000000002	261.6279602050781
17.688	258.6228942871094
17.694000000000003	261.6279602050781
17.699	260.1210632324219
17.705	258.6228942871094
17.711	264.6679382324219
17.717	263.1435852050781
17.723	260.1210632324219
17.727999999999998	258.6228942871094
17.734	261.6279602050781
17.74	261.6279602050781
17.746	260.1210632324219
17.752	263.1435852050781
17.757	261.6279602050781
17.762999999999998	255.65234375
17.769000000000002	263.1435852050781
17.775	264.6679382324219
17.781	261.6279602050781
17.785999999999998	258.6228942871094
17.792	263.1435852050781
17.798	264.6679382324219
17.804000000000002	260.1210632324219
17.81	261.6279602050781
17.816	261.6279602050781
17.820999999999998	261.6279602050781
17.827	263.1435852050781
17.833	260.1210632324219
17.839000000000002	258.6228942871094
17.845	261.6279602050781
17.85	263.1435852050781
17.855999999999998	260.1210632324219
17.862000000000002	258.6228942871094
17.868	263.1435852050781
17.874000000000002	261.6279602050781
17.879	257.1333312988281
17.885	260.1210632324219
17.891	261.6279602050781
17.897000000000002	260.1210632324219
17.903	258.6228942871094
17.908	260.1210632324219
17.914	261.6279602050781
17.92	260.1210632324219
17.926	260.1210632324219
17.932000000000002	264.6679382324219
17.937	260.1210632324219
17.942999999999998	261.6279602050781
17.949	263.1435852050781
17.955	258.6228942871094
17.961	260.1210632324219
17.965999999999998	264.6679382324219
17.972	258.6228942871094
17.977999999999998	260.1210632324219
17.984	263.1435852050781
17.99	260.1210632324219
17.995	258.6228942871094
18.000999999999998	263.1435852050781
18.007	261.6279602050781
18.012999999999998	255.65234375
18.019000000000002	258.6228942871094
18.024	263.1435852050781
18.03	260.1210632324219
18.035999999999998	255.65234375
18.042	260.1210632324219
18.048	260.1210632324219
18.054000000000002	258.6228942871094
18.059	263.1435852050781
18.065	261.6279602050781
18.070999999999998	261.6279602050781
18.077	261.6279602050781
18.083	258.6228942871094
18.088	260.1210632324219
18.094	261.6279602050781
18.1	261.6279602050781
18.105999999999998	264.6679382324219
18.112000000000002	260.1210632324219
18.117	260.1210632324219
18.123	263.1435852050781
18.129	263.1435852050781
18.135	261.6279602050781
18.141	257.1333312988281
18.146	261.6279602050781
18.152	257.1333312988281
18.158	254.17987060546875
18.164	264.6679382324219
18.17	266.201171875
18.175	260.1210632324219
18.180999999999997	263.1435852050781
18.187	258.6228942871094
18.192999999999998	260.1210632324219
18.199	263.1435852050781
18.204	263.1435852050781
18.21	261.6279602050781
18.215999999999998	260.1210632324219
18.222	260.1210632324219
18.227999999999998	258.6228942871094
18.233	260.1210632324219
18.239	263.1435852050781
18.245	260.1210632324219
18.250999999999998	261.6279602050781
18.257	255.65234375
18.262	260.1210632324219
18.268	261.6279602050781
18.274	263.1435852050781
18.28	264.6679382324219
18.285999999999998	263.1435852050781
18.292	255.65234375
18.297	258.6228942871094
18.303	261.6279602050781
18.309	258.6228942871094
18.315	264.6679382324219
18.320999999999998	266.201171875
18.326	258.6228942871094
18.332	255.65234375
18.338	274.0014953613281
18.344	266.201171875
18.35	258.6228942871094
18.355	261.6279602050781
18.361	269.2942810058594
18.367	264.6679382324219
18.373	258.6228942871094
18.379	260.1210632324219
18.384	263.1435852050781
18.39	260.1210632324219
18.396	264.6679382324219
18.402	264.6679382324219
18.408	264.6679382324219
18.413	258.6228942871094
18.419	263.1435852050781
18.425	263.1435852050781
18.430999999999997	260.1210632324219
18.437	269.2942810058594
18.442	264.6679382324219
18.448	260.1210632324219
18.454	264.6679382324219
18.46	258.6228942871094
18.465999999999998	258.6228942871094
18.471	257.1333312988281
18.477	266.201171875
18.483	258.6228942871094
18.489	263.1435852050781
18.495	261.6279602050781
18.5	264.6679382324219
18.506	263.1435852050781
18.512	263.1435852050781
18.518	263.1435852050781
18.524	258.6228942871094
18.53	248.37437438964844
18.535	272.42333984375
18.541	264.6679382324219
18.547	264.6679382324219
18.553	261.6279602050781
18.559	261.6279602050781
18.564	263.1435852050781
18.57	261.6279602050781
18.576	266.201171875
18.582	272.42333984375
18.588	260.1210632324219
18.593	275.5887756347656
18.599	267.7432556152344
18.605	263.1435852050781
18.611	255.65234375
18.617	266.201171875
18.622	266.201171875
18.628	258.6228942871094
18.634	280.4060363769531
18.64	269.2942810058594
18.646	244.107421875
18.651	260.1210632324219
18.657	270.8542785644531
18.663	263.1435852050781
18.669	261.6279602050781
18.675	260.1210632324219
18.68	266.201171875
18.686	261.6279602050781
18.692	267.7432556152344
18.698	275.5887756347656
18.704	260.1210632324219
18.709	257.1333312988281
18.715	266.201171875
18.721	264.6679382324219
18.727	264.6679382324219
18.733	263.1435852050781
18.739	257.1333312988281
18.744	260.1210632324219
18.75	264.6679382324219
18.756	261.6279602050781
18.762	258.6228942871094
18.768	261.6279602050781
18.773	261.6279602050781
18.779	263.1435852050781
18.785	261.6279602050781
18.791	260.1210632324219
18.797	272.42333984375
18.802	260.1210632324219
18.808	257.1333312988281
18.814	260.1210632324219
18.82	267.7432556152344
18.826	261.6279602050781
18.831	261.6279602050781
18.837	264.6679382324219
18.843	260.1210632324219
18.849	261.6279602050781
18.855	267.7432556152344
18.86	263.1435852050781
18.866	261.6279602050781
18.872	266.201171875
18.878	272.42333984375
18.884	263.1435852050781
18.889	264.6679382324219
18.895	269.2942810058594
18.901	257.1333312988281
18.907	260.1210632324219
18.913	266.201171875
18.918	264.6679382324219
18.924	255.65234375
18.93	258.6228942871094
18.936	264.6679382324219
18.942	261.6279602050781
18.947	255.65234375
18.953	264.6679382324219
18.959	263.1435852050781
18.965	260.1210632324219
18.971	255.65234375
18.977	260.1210632324219
18.982	266.201171875
18.988	260.1210632324219
18.994	257.1333312988281
19.0	267.7432556152344
19.006	254.17987060546875
19.011	261.6279602050781
19.017	264.6679382324219
19.023	261.6279602050781
19.029	258.6228942871094
19.035	267.7432556152344
19.04	263.1435852050781
19.046	258.6228942871094
19.052	261.6279602050781
19.058	278.7909851074219
19.064	261.6279602050781
19.069000000000003	260.1210632324219
19.075	264.6679382324219
19.081	266.201171875
19.087	263.1435852050781
19.093	266.201171875
19.098	267.7432556152344
19.104	264.6679382324219
19.11	257.1333312988281
19.116	266.201171875
19.122	264.6679382324219
19.127	257.1333312988281
19.133	272.42333984375
19.139	264.6679382324219
19.145	249.8131866455078
19.151	261.6279602050781
19.156	275.5887756347656
19.162	258.6228942871094
19.168	249.8131866455078
19.174	267.7432556152344
19.18	266.201171875
19.185	261.6279602050781
19.191	260.1210632324219
19.197	270.8542785644531
19.203	261.6279602050781
19.209	257.1333312988281
19.215	267.7432556152344
19.22	261.6279602050781
19.226	251.26034545898438
19.232	266.201171875
19.238	264.6679382324219
19.244	260.1210632324219
19.249000000000002	266.201171875
19.255	264.6679382324219
19.261	260.1210632324219
19.267	260.1210632324219
19.273	267.7432556152344
19.278	261.6279602050781
19.284000000000002	258.6228942871094
19.29	263.1435852050781
19.296	264.6679382324219
19.302	258.6228942871094
19.307000000000002	260.1210632324219
19.313	264.6679382324219
19.319000000000003	264.6679382324219
19.325	258.6228942871094
19.331	261.6279602050781
19.336	266.201171875
19.342	261.6279602050781
19.348	261.6279602050781
19.354	263.1435852050781
19.36	263.1435852050781
19.365	258.6228942871094
19.371	263.1435852050781
19.377	260.1210632324219
19.383	258.6228942871094
19.389	260.1210632324219
19.394000000000002	264.6679382324219
19.4	260.1210632324219
19.406	260.1210632324219
19.412	263.1435852050781
19.418	261.6279602050781
19.423	254.17987060546875
19.429000000000002	261.6279602050781
19.435	261.6279602050781
19.441	258.6228942871094
19.447	261.6279602050781
19.453	264.6679382324219
19.458	261.6279602050781
19.464000000000002	260.1210632324219
19.47	261.6279602050781
19.476	261.6279602050781
19.482	260.1210632324219
19.487000000000002	260.1210632324219
19.493	261.6279602050781
19.499000000000002	261.6279602050781
19.505	261.6279602050781
19.511	260.1210632324219
19.516	266.201171875
19.522000000000002	258.6228942871094
19.528	261.6279602050781
19.534000000000002	263.1435852050781
19.54	263.1435852050781
19.545	258.6228942871094
19.551	264.6679382324219
19.557000000000002	263.1435852050781
19.563	263.1435852050781
19.569000000000003	261.6279602050781
19.574	263.1435852050781
19.58	263.1435852050781
19.586	263.1435852050781
19.592	266.201171875
19.598	261.6279602050781
19.602999999999998	263.1435852050781
19.609	263.1435852050781
19.615	260.1210632324219
19.621	257.1333312988281
19.627	252.71588134765625
19.632	255.65234375
19.637999999999998	260.1210632324219
19.644000000000002	263.1435852050781
19.65	261.6279602050781
19.656	266.201171875
19.660999999999998	261.6279602050781
19.667	261.6279602050781
19.673	261.6279602050781
19.679000000000002	264.6679382324219
19.685	255.65234375
19.691	260.1210632324219
19.695999999999998	264.6679382324219
19.702	258.6228942871094
19.708	258.6228942871094
19.714000000000002	263.1435852050781
19.72	254.17987060546875
19.725	261.6279602050781
19.730999999999998	264.6679382324219
19.737000000000002	258.6228942871094
19.743	260.1210632324219
19.749000000000002	263.1435852050781
19.754	261.6279602050781
19.76	258.6228942871094
19.766	261.6279602050781
19.772000000000002	266.201171875
19.778	263.1435852050781
19.783	266.201171875
19.789	267.7432556152344
19.795	263.1435852050781
19.801	258.6228942871094
19.807000000000002	261.6279602050781
19.812	260.1210632324219
19.817999999999998	267.7432556152344
19.824	257.1333312988281
19.83	257.1333312988281
19.836	266.201171875
19.840999999999998	260.1210632324219
19.847	261.6279602050781
19.852999999999998	263.1435852050781
19.859	245.5215301513672
19.865	261.6279602050781
19.87	260.1210632324219
19.875999999999998	260.1210632324219
19.882	260.1210632324219
19.887999999999998	260.1210632324219
19.894000000000002	258.6228942871094
19.9	260.1210632324219
19.905	260.1210632324219
19.910999999999998	258.6228942871094
19.917	261.6279602050781
19.923	261.6279602050781
19.929000000000002	261.6279602050781
19.934	263.1435852050781
19.94	260.1210632324219
19.945999999999998	261.6279602050781
19.952	263.1435852050781
19.958	263.1435852050781
19.963	263.1435852050781
19.969	261.6279602050781
19.975	257.1333312988281
19.980999999999998	264.6679382324219
19.987000000000002	261.6279602050781
19.992	266.201171875
19.998	260.1210632324219
20.004	269.2942810058594
20.01	263.1435852050781
20.016	264.6679382324219
20.021	257.1333312988281
20.027	264.6679382324219
20.033	264.6679382324219
20.039	263.1435852050781
20.045	257.1333312988281
20.05	257.1333312988281
20.055999999999997	263.1435852050781
20.062	261.6279602050781
20.067999999999998	254.17987060546875
20.074	255.65234375
20.079	263.1435852050781
20.085	258.6228942871094
20.090999999999998	249.8131866455078
20.097	260.1210632324219
20.102999999999998	257.1333312988281
20.108	261.6279602050781
20.114	255.65234375
20.12	260.1210632324219
20.125999999999998	255.65234375
20.132	264.6679382324219
20.137999999999998	257.1333312988281
20.143	261.6279602050781
20.149	260.1210632324219
20.155	264.6679382324219
20.160999999999998	258.6228942871094
20.167	264.6679382324219
20.172	257.1333312988281
20.178	264.6679382324219
20.184	260.1210632324219
20.19	266.201171875
20.195999999999998	257.1333312988281
20.201	266.201171875
20.207	263.1435852050781
20.213	264.6679382324219
20.219	258.6228942871094
20.225	263.1435852050781
20.23	264.6679382324219
20.236	261.6279602050781
20.242	261.6279602050781
20.248	263.1435852050781
20.254	260.1210632324219
20.259	261.6279602050781
20.265	261.6279602050781
20.271	257.1333312988281
20.277	260.1210632324219
20.283	258.6228942871094
20.288	260.1210632324219
20.294	258.6228942871094
20.3	261.6279602050781
20.305999999999997	261.6279602050781
20.312	258.6228942871094
20.317	257.1333312988281
20.323	252.71588134765625
20.329	257.1333312988281
20.335	241.30357360839844
20.340999999999998	0.0
20.346	0.0
20.352	0.0
20.358	0.0
20.364	0.0
20.37	0.0
20.375999999999998	0.0
20.381	0.0
20.387	0.0
20.393	0.0
20.399	0.0
20.405	0.0
20.41	0.0
20.416	0.0
20.422	0.0
20.428	0.0
20.434	0.0
20.439	0.0
20.445	0.0
20.451	0.0
20.457	0.0
20.463	0.0
20.468	0.0
20.474	0.0
20.48	0.0
20.486	0.0
20.491999999999997	0.0
20.497	0.0
20.503	0.0
20.509	0.0
20.515	0.0
20.521	0.0
20.526	0.0
20.531999999999996	0.0
20.538	0.0
20.544	0.0
20.55	0.0
20.555	0.0
20.561	0.0
20.566999999999997	0.0
20.573	0.0
20.579	0.0
20.584	0.0
20.59	0.0
20.596	0.0
20.601999999999997	0.0
20.608	0.0
20.614	0.0
20.619	0.0
20.625	0.0
20.631	0.0
20.636999999999997	0.0
20.643	0.0
20.648000000000003	0.0
20.654	0.0
20.66	0.0
20.666	0.0
20.671999999999997	0.0
20.677	0.0
20.683000000000003	0.0
20.689	0.0
20.695	0.0
20.701	0.0
20.706	0.0
20.712	0.0
20.718000000000004	0.0
20.724	0.0
20.73	0.0
20.735	0.0
20.741	0.0
20.747	0.0
20.753	0.0
20.759	0.0
20.764	0.0
20.77	0.0
20.776	0.0
20.781999999999996	0.0
20.788	0.0
20.793000000000003	0.0
20.799	0.0
20.805	0.0
20.811	0.0
20.816999999999997	0.0
20.822	0.0
20.828000000000003	0.0
20.834	0.0
20.84	0.0
20.846	0.0
20.851999999999997	0.0
20.857	0.0
20.863000000000003	0.0
20.869	0.0
20.875	0.0
20.881	0.0
20.886	0.0
20.892	0.0
20.898000000000003	0.0
20.904	0.0
20.91	0.0
20.915	0.0
20.921	0.0
20.927	0.0
20.933000000000003	0.0
20.939	0.0
20.944000000000003	0.0
20.95	0.0
20.956	0.0
20.962	0.0
20.968000000000004	0.0
20.973000000000003	0.0
20.979	0.0
20.985	0.0
20.991	0.0
20.997	0.0
21.002	0.0
21.008000000000003	0.0
21.014	0.0
21.02	0.0
21.026	0.0
21.031	0.0
21.037	0.0
21.043000000000003	0.0
21.049	0.0
21.055	0.0
21.06	0.0
21.066	0.0
21.072	0.0
21.078000000000003	0.0
21.084	0.0
21.09	0.0
21.095	0.0
21.101	0.0
21.107	0.0
21.113000000000003	0.0
21.119	0.0
21.124000000000002	0.0
21.13	0.0
21.136	0.0
21.142	0.0
21.148000000000003	0.0
21.153000000000002	0.0
21.159000000000002	0.0
21.165	0.0
21.171	0.0
21.177	0.0
21.182	0.0
21.188000000000002	0.0
21.194000000000003	0.0
21.2	0.0
21.206	0.0
21.211	0.0
21.217	0.0
21.223000000000003	0.0
21.229	0.0
21.235	0.0
21.24	0.0
21.246	0.0
21.252	0.0
21.258000000000003	0.0
21.264	0.0
21.269000000000002	0.0
21.275	0.0
21.281	0.0
21.287	0.0
21.293000000000003	0.0
21.299	0.0
21.304000000000002	0.0
21.31	0.0
21.316	0.0
21.322	0.0
21.328000000000003	0.0
21.333000000000002	0.0
21.339000000000002	0.0
21.345	0.0
21.351	0.0
21.357	0.0
21.362	0.0
21.368000000000002	0.0
21.374000000000002	0.0
21.38	0.0
21.386	0.0
21.391	0.0
21.397	0.0
21.403000000000002	0.0
21.409000000000002	0.0
21.415	0.0
21.42	0.0
21.426	0.0
21.432	0.0
21.438000000000002	0.0
21.444000000000003	0.0
21.449	0.0
21.455	0.0
21.461	0.0
21.467	0.0
21.473000000000003	0.0
21.478	0.0
21.484	0.0
21.49	0.0
21.496	0.0
21.502	0.0
21.506999999999998	0.0
21.513	0.0
21.519000000000002	0.0
21.525	0.0
21.531	0.0
21.537	0.0
21.541999999999998	0.0
21.548000000000002	0.0
21.554000000000002	0.0
21.56	0.0
21.566	0.0
21.570999999999998	0.0
21.576999999999998	0.0
21.583000000000002	0.0
21.589000000000002	0.0
21.595	0.0
21.6	0.0
21.605999999999998	0.0
21.612	0.0
21.618000000000002	0.0
21.624000000000002	0.0
21.629	0.0
21.635	0.0
21.641	0.0
21.647	0.0
21.653000000000002	0.0
21.658	0.0
21.664	0.0
21.67	0.0
21.676	0.0
21.682	0.0
21.686999999999998	0.0
21.693	0.0
21.699	0.0
21.705	0.0
21.711	0.0
21.715999999999998	0.0
21.721999999999998	0.0
21.728	0.0
21.734	0.0
21.74	0.0
21.745	0.0
21.750999999999998	0.0
21.756999999999998	0.0
21.763	0.0
21.769000000000002	0.0
21.775	0.0
21.78	0.0
21.785999999999998	0.0
21.791999999999998	0.0
21.798000000000002	0.0
21.804000000000002	0.0
21.809	0.0
21.815	0.0
21.820999999999998	0.0
21.826999999999998	0.0
21.833000000000002	0.0
21.838	0.0
21.844	0.0
21.85	0.0
21.855999999999998	0.0
21.862	0.0
21.866999999999997	0.0
21.873	0.0
21.879	0.0
21.885	0.0
21.891	0.0
21.896	0.0
21.901999999999997	0.0
21.908	0.0
21.914	0.0
21.92	0.0
21.925	0.0
21.930999999999997	0.0
21.936999999999998	0.0
21.943	0.0
21.949	0.0
21.954	0.0
21.96	0.0
21.965999999999998	0.0
21.971999999999998	0.0
21.978	0.0
21.983	0.0
21.989	0.0
21.995	0.0
