0.0	0.0
0.006	0.0
0.012	0.0
0.017	0.0
0.023	0.0
0.028999999999999998	0.0
0.035	0.0
0.040999999999999995	0.0
0.046	0.0
0.052000000000000005	0.0
0.057999999999999996	0.0
0.064	0.0
0.07	0.0
0.075	0.0
0.081	0.0
0.087	0.0
0.09300000000000001	0.0
0.099	0.0
0.10400000000000001	0.0
0.11	0.0
0.11599999999999999	0.0
0.122	0.0
0.128	0.0
0.134	0.0
0.139	0.0
0.145	307.5564880371094
0.151	300.5318298339844
0.157	312.9324951171875
0.163	312.9324951171875
0.168	298.8009033203125
0.174	311.1301574707031
0.18	322.1021728515625
0.18600000000000003	305.7850646972656
0.192	316.5686340332031
0.19699999999999998	322.1021728515625
0.203	300.5318298339844
0.209	288.6225891113281
0.215	286.9602355957031
0.221	295.36883544921875
0.226	316.5686340332031
0.23199999999999998	323.9681091308594
0.23800000000000002	343.2323913574219
0.244	320.24700927734375
0.25	314.74530029296875
0.255	304.0238952636719
0.261	311.1301574707031
0.267	312.9324951171875
0.273	302.2728271484375
0.27899999999999997	316.5686340332031
0.284	309.3381652832031
0.29	298.8009033203125
0.29600000000000004	309.3381652832031
0.302	307.5564880371094
0.308	302.2728271484375
0.313	309.3381652832031
0.319	311.1301574707031
0.325	305.7850646972656
0.331	311.1301574707031
0.337	302.2728271484375
0.342	309.3381652832031
0.348	314.74530029296875
0.354	305.7850646972656
0.36	305.7850646972656
0.366	282.0304260253906
0.37200000000000005	282.0304260253906
0.377	304.0238952636719
0.38299999999999995	318.4024963378906
0.389	309.3381652832031
0.395	309.3381652832031
0.401	311.1301574707031
0.406	320.24700927734375
0.41200000000000003	305.7850646972656
0.418	316.5686340332031
0.424	322.1021728515625
0.43	302.2728271484375
0.435	316.5686340332031
0.441	316.5686340332031
0.447	309.3381652832031
0.45299999999999996	316.5686340332031
0.45899999999999996	311.1301574707031
0.46399999999999997	307.5564880371094
0.47	316.5686340332031
0.47600000000000003	311.1301574707031
0.48200000000000004	312.9324951171875
0.488	312.9324951171875
0.493	307.5564880371094
0.499	307.5564880371094
0.505	311.1301574707031
0.511	309.3381652832031
0.517	316.5686340332031
0.522	309.3381652832031
0.528	309.3381652832031
0.534	312.9324951171875
0.54	307.5564880371094
0.546	316.5686340332031
0.551	312.9324951171875
0.557	309.3381652832031
0.563	318.4024963378906
0.569	309.3381652832031
0.575	312.9324951171875
0.58	316.5686340332031
0.586	307.5564880371094
0.5920000000000001	314.74530029296875
0.598	320.24700927734375
0.604	309.3381652832031
0.61	318.4024963378906
0.615	322.1021728515625
0.621	309.3381652832031
0.627	312.9324951171875
0.633	318.4024963378906
0.639	309.3381652832031
0.644	307.5564880371094
0.65	300.5318298339844
0.6559999999999999	322.1021728515625
0.662	316.5686340332031
0.6679999999999999	300.5318298339844
0.6729999999999999	312.9324951171875
0.679	312.9324951171875
0.685	305.7850646972656
0.691	312.9324951171875
0.6970000000000001	307.5564880371094
0.7020000000000001	314.74530029296875
0.708	312.9324951171875
0.7140000000000001	312.9324951171875
0.72	312.9324951171875
0.726	312.9324951171875
0.731	309.3381652832031
0.737	316.5686340332031
0.743	309.3381652832031
0.7490000000000001	312.9324951171875
0.755	314.74530029296875
0.76	305.7850646972656
0.7659999999999999	316.5686340332031
0.772	305.7850646972656
0.778	302.2728271484375
0.784	304.0238952636719
0.789	302.2728271484375
0.795	307.5564880371094
0.8009999999999999	305.7850646972656
0.807	312.9324951171875
0.813	311.1301574707031
0.8190000000000001	312.9324951171875
0.8240000000000001	314.74530029296875
0.83	312.9324951171875
0.836	307.5564880371094
0.8420000000000001	307.5564880371094
0.848	314.74530029296875
0.853	305.7850646972656
0.8590000000000001	309.3381652832031
0.865	312.9324951171875
0.871	312.9324951171875
0.877	305.7850646972656
0.882	312.9324951171875
0.888	311.1301574707031
0.894	309.3381652832031
0.9	311.1301574707031
0.9059999999999999	311.1301574707031
0.9109999999999999	309.3381652832031
0.917	311.1301574707031
0.9229999999999999	309.3381652832031
0.929	314.74530029296875
0.935	307.5564880371094
0.94	311.1301574707031
0.946	312.9324951171875
0.9520000000000001	309.3381652832031
0.958	314.74530029296875
0.9640000000000001	316.5686340332031
0.9690000000000001	311.1301574707031
0.975	312.9324951171875
0.981	312.9324951171875
0.987	311.1301574707031
0.993	311.1301574707031
0.998	316.5686340332031
1.004	311.1301574707031
1.01	305.7850646972656
1.016	309.3381652832031
1.022	316.5686340332031
1.0270000000000001	312.9324951171875
1.033	307.5564880371094
1.0390000000000001	311.1301574707031
1.045	316.5686340332031
1.051	305.7850646972656
1.057	307.5564880371094
1.062	314.74530029296875
1.068	307.5564880371094
1.074	309.3381652832031
1.08	311.1301574707031
1.0859999999999999	312.9324951171875
1.091	316.5686340332031
1.097	316.5686340332031
1.103	325.8448486328125
1.109	307.5564880371094
1.115	335.3929138183594
1.12	327.73248291015625
1.126	341.2555236816406
1.1320000000000001	323.9681091308594
1.138	337.3358154296875
1.1440000000000001	351.2550964355469
1.149	365.74871826171875
1.155	357.39495849609375
1.161	347.2205810546875
1.167	369.99853515625
1.173	374.2977600097656
1.178	365.74871826171875
1.1840000000000002	376.4660339355469
1.19	376.4660339355469
1.196	369.99853515625
1.202	369.99853515625
1.207	378.64691162109375
1.213	363.64215087890625
1.219	353.2899475097656
1.225	380.84039306640625
1.2309999999999999	376.4660339355469
1.236	345.220703125
1.242	378.64691162109375
1.248	374.2977600097656
1.254	351.2550964355469
1.26	367.8675231933594
1.265	374.2977600097656
1.271	349.2320251464844
1.2770000000000001	363.64215087890625
1.2830000000000001	357.39495849609375
1.2890000000000001	365.74871826171875
1.295	367.8675231933594
1.3	372.1419372558594
1.306	367.8675231933594
1.3119999999999998	363.64215087890625
1.318	376.4660339355469
1.324	372.1419372558594
1.329	365.74871826171875
1.335	369.99853515625
1.341	378.64691162109375
1.347	363.64215087890625
1.3530000000000002	363.64215087890625
1.358	369.99853515625
1.364	365.74871826171875
1.37	363.64215087890625
1.376	369.99853515625
1.382	361.5477294921875
1.3869999999999998	361.5477294921875
1.393	367.8675231933594
1.399	359.4653625488281
1.405	365.74871826171875
1.411	365.74871826171875
1.416	365.74871826171875
1.422	363.64215087890625
1.4280000000000002	363.64215087890625
1.4340000000000002	369.99853515625
1.44	372.1419372558594
1.445	372.1419372558594
1.4509999999999998	369.99853515625
1.4569999999999999	372.1419372558594
1.463	369.99853515625
1.469	376.4660339355469
1.474	361.5477294921875
1.48	365.74871826171875
1.486	374.2977600097656
1.492	359.4653625488281
1.4980000000000002	357.39495849609375
1.5030000000000001	367.8675231933594
1.5090000000000001	365.74871826171875
1.515	369.99853515625
1.521	372.1419372558594
1.527	374.2977600097656
1.5330000000000001	365.74871826171875
1.538	367.8675231933594
1.544	372.1419372558594
1.55	365.74871826171875
1.556	372.1419372558594
1.5619999999999998	372.1419372558594
1.567	367.8675231933594
1.5730000000000002	369.99853515625
1.579	369.99853515625
1.585	369.99853515625
1.591	369.99853515625
1.5959999999999999	372.1419372558594
1.6019999999999999	367.8675231933594
1.608	365.74871826171875
1.614	369.99853515625
1.62	369.99853515625
1.625	367.8675231933594
1.631	367.8675231933594
1.6369999999999998	374.2977600097656
1.643	363.64215087890625
1.649	369.99853515625
1.6540000000000001	374.2977600097656
1.66	361.5477294921875
1.666	365.74871826171875
1.672	367.8675231933594
1.6780000000000002	369.99853515625
1.683	363.64215087890625
1.689	367.8675231933594
1.695	369.99853515625
1.7009999999999998	369.99853515625
1.7069999999999999	369.99853515625
1.712	369.99853515625
1.7180000000000002	369.99853515625
1.724	369.99853515625
1.73	372.1419372558594
1.736	369.99853515625
1.7409999999999999	367.8675231933594
1.7469999999999999	372.1419372558594
1.7530000000000001	367.8675231933594
1.7590000000000001	365.74871826171875
1.765	369.99853515625
1.771	369.99853515625
1.776	367.8675231933594
1.7819999999999998	369.99853515625
1.788	372.1419372558594
1.794	369.99853515625
1.8	363.64215087890625
1.805	369.99853515625
1.811	374.2977600097656
1.817	365.74871826171875
1.8230000000000002	369.99853515625
1.829	365.74871826171875
1.834	365.74871826171875
1.84	365.74871826171875
1.8459999999999999	361.5477294921875
1.8519999999999999	361.5477294921875
1.858	363.64215087890625
1.8630000000000002	376.4660339355469
1.869	367.8675231933594
1.875	363.64215087890625
1.881	372.1419372558594
1.8869999999999998	367.8675231933594
1.892	372.1419372558594
1.8980000000000001	372.1419372558594
1.9040000000000001	367.8675231933594
1.91	369.99853515625
1.916	372.1419372558594
1.921	367.8675231933594
1.9269999999999998	369.99853515625
1.933	372.1419372558594
1.939	365.74871826171875
1.945	367.8675231933594
1.95	372.1419372558594
1.956	369.99853515625
1.962	367.8675231933594
1.9680000000000002	369.99853515625
1.974	369.99853515625
1.98	369.99853515625
1.985	369.99853515625
1.9909999999999999	365.74871826171875
1.9969999999999999	369.99853515625
2.003	369.99853515625
2.009	369.99853515625
2.0140000000000002	367.8675231933594
2.02	369.99853515625
2.026	367.8675231933594
2.032	369.99853515625
2.0380000000000003	365.74871826171875
2.043	369.99853515625
2.049	367.8675231933594
2.055	365.74871826171875
2.061	369.99853515625
2.0669999999999997	369.99853515625
2.072	367.8675231933594
2.0780000000000003	369.99853515625
2.084	369.99853515625
2.09	367.8675231933594
2.096	369.99853515625
2.101	367.8675231933594
2.1069999999999998	372.1419372558594
2.113	367.8675231933594
2.119	367.8675231933594
2.125	367.8675231933594
2.13	372.1419372558594
2.136	367.8675231933594
2.142	369.99853515625
2.148	367.8675231933594
2.154	372.1419372558594
2.1590000000000003	369.99853515625
2.165	369.99853515625
2.171	367.8675231933594
2.177	363.64215087890625
2.1830000000000003	365.74871826171875
2.188	363.64215087890625
2.194	357.39495849609375
2.2	359.4653625488281
2.206	361.5477294921875
2.2119999999999997	367.8675231933594
2.218	363.64215087890625
2.2230000000000003	372.1419372558594
2.229	372.1419372558594
2.235	367.8675231933594
2.241	372.1419372558594
2.247	367.8675231933594
2.252	369.99853515625
2.258	374.2977600097656
2.2640000000000002	363.64215087890625
2.27	372.1419372558594
2.276	372.1419372558594
2.281	363.64215087890625
2.287	374.2977600097656
2.293	361.5477294921875
2.299	374.2977600097656
2.305	365.74871826171875
2.31	374.2977600097656
2.316	363.64215087890625
2.322	376.4660339355469
2.3280000000000003	367.8675231933594
2.334	367.8675231933594
2.339	374.2977600097656
2.345	367.8675231933594
2.351	372.1419372558594
2.3569999999999998	369.99853515625
2.363	369.99853515625
2.3680000000000003	378.64691162109375
2.374	367.8675231933594
2.38	372.1419372558594
2.386	369.99853515625
2.392	367.8675231933594
2.397	374.2977600097656
2.403	367.8675231933594
2.4090000000000003	372.1419372558594
2.415	367.8675231933594
2.421	369.99853515625
2.426	372.1419372558594
2.432	367.8675231933594
2.438	372.1419372558594
2.444	367.8675231933594
2.45	367.8675231933594
2.456	372.1419372558594
2.461	367.8675231933594
2.467	367.8675231933594
2.4730000000000003	369.99853515625
2.479	372.1419372558594
2.485	365.74871826171875
2.49	369.99853515625
2.496	374.2977600097656
2.502	367.8675231933594
2.508	372.1419372558594
2.5140000000000002	369.99853515625
2.519	369.99853515625
2.525	369.99853515625
2.531	369.99853515625
2.537	369.99853515625
2.543	369.99853515625
2.548	372.1419372558594
2.5540000000000003	367.8675231933594
2.56	372.1419372558594
2.5660000000000003	372.1419372558594
2.572	367.8675231933594
2.577	372.1419372558594
2.583	372.1419372558594
2.589	369.99853515625
2.595	367.8675231933594
2.6010000000000004	369.99853515625
2.6060000000000003	369.99853515625
2.612	367.8675231933594
2.6180000000000003	372.1419372558594
2.6239999999999997	367.8675231933594
2.63	369.99853515625
2.635	369.99853515625
2.641	369.99853515625
2.647	369.99853515625
2.653	367.8675231933594
2.659	372.1419372558594
2.6639999999999997	369.99853515625
2.67	365.74871826171875
2.676	369.99853515625
2.682	367.8675231933594
2.688	372.1419372558594
2.694	365.74871826171875
2.699	372.1419372558594
2.705	365.74871826171875
2.7110000000000003	369.99853515625
2.717	367.8675231933594
2.7230000000000003	367.8675231933594
2.728	372.1419372558594
2.734	369.99853515625
2.74	369.99853515625
2.7460000000000004	369.99853515625
2.752	367.8675231933594
2.7569999999999997	372.1419372558594
2.763	372.1419372558594
2.7689999999999997	369.99853515625
2.775	367.8675231933594
2.781	369.99853515625
2.786	374.2977600097656
2.792	372.1419372558594
2.798	367.8675231933594
2.804	376.4660339355469
2.81	365.74871826171875
2.815	369.99853515625
2.821	374.2977600097656
2.827	367.8675231933594
2.833	372.1419372558594
2.839	369.99853515625
2.844	372.1419372558594
2.85	367.8675231933594
2.8560000000000003	369.99853515625
2.862	369.99853515625
2.8680000000000003	367.8675231933594
2.873	372.1419372558594
2.8789999999999996	369.99853515625
2.885	369.99853515625
2.891	367.8675231933594
2.897	369.99853515625
2.9019999999999997	367.8675231933594
2.908	367.8675231933594
2.9139999999999997	374.2977600097656
2.92	365.74871826171875
2.926	372.1419372558594
2.932	367.8675231933594
2.937	365.74871826171875
2.943	369.99853515625
2.949	365.74871826171875
2.955	372.1419372558594
2.9610000000000003	365.74871826171875
2.966	369.99853515625
2.972	365.74871826171875
2.978	369.99853515625
2.984	367.8675231933594
2.99	369.99853515625
2.995	372.1419372558594
3.0010000000000003	363.64215087890625
3.0069999999999997	372.1419372558594
3.013	363.64215087890625
3.0189999999999997	367.8675231933594
3.0239999999999996	369.99853515625
3.03	367.8675231933594
3.036	367.8675231933594
3.042	367.8675231933594
3.048	365.74871826171875
3.053	369.99853515625
3.0589999999999997	367.8675231933594
3.065	367.8675231933594
3.071	376.4660339355469
3.077	367.8675231933594
3.082	372.1419372558594
3.088	369.99853515625
3.094	367.8675231933594
3.1	376.4660339355469
3.1060000000000003	365.74871826171875
3.111	372.1419372558594
3.117	365.74871826171875
3.123	372.1419372558594
3.1289999999999996	367.8675231933594
3.135	365.74871826171875
3.14	372.1419372558594
3.1460000000000004	369.99853515625
3.1519999999999997	369.99853515625
3.158	374.2977600097656
3.1639999999999997	372.1419372558594
3.17	374.2977600097656
3.175	374.2977600097656
3.181	369.99853515625
3.187	374.2977600097656
3.193	369.99853515625
3.199	367.8675231933594
3.2039999999999997	365.74871826171875
3.21	359.4653625488281
3.216	353.2899475097656
3.222	357.39495849609375
3.228	345.220703125
3.233	329.6310119628906
3.239	331.5405578613281
3.245	320.24700927734375
3.2510000000000003	307.5564880371094
3.2569999999999997	295.36883544921875
3.262	316.5686340332031
3.2680000000000002	333.4611511230469
3.2739999999999996	337.3358154296875
3.28	349.2320251464844
3.286	361.5477294921875
3.2910000000000004	367.8675231933594
3.2969999999999997	351.2550964355469
3.303	369.99853515625
3.3089999999999997	0.0
3.315	0.0
3.32	0.0
3.326	0.0
3.332	0.0
3.338	0.0
3.344	0.0
3.3489999999999998	0.0
3.355	323.9681091308594
3.361	298.8009033203125
3.367	293.6676330566406
3.373	272.42333984375
3.3789999999999996	260.1210632324219
3.384	274.0014953613281
3.39	282.0304260253906
3.3960000000000004	275.5887756347656
3.4019999999999997	283.6641845703125
3.408	302.2728271484375
3.4130000000000003	305.7850646972656
3.4189999999999996	283.6641845703125
3.425	275.5887756347656
3.431	282.0304260253906
3.437	278.7909851074219
3.4419999999999997	280.4060363769531
3.448	277.1852722167969
3.4539999999999997	272.42333984375
3.46	278.7909851074219
3.466	277.1852722167969
3.471	261.6279602050781
3.477	270.8542785644531
3.483	277.1852722167969
3.489	275.5887756347656
3.495	277.1852722167969
3.5	278.7909851074219
3.5060000000000002	270.8542785644531
3.512	280.4060363769531
3.5180000000000002	0.0
3.5239999999999996	0.0
3.529	0.0
3.535	0.0
3.5410000000000004	0.0
3.5469999999999997	0.0
3.553	0.0
3.5580000000000003	0.0
3.5639999999999996	0.0
3.57	0.0
3.576	0.0
3.582	0.0
3.5869999999999997	0.0
3.593	0.0
3.5989999999999998	0.0
3.605	0.0
3.611	0.0
3.617	0.0
3.622	0.0
3.628	0.0
3.634	277.1852722167969
3.64	280.4060363769531
3.6460000000000004	277.1852722167969
3.6510000000000002	274.0014953613281
3.657	282.0304260253906
3.6630000000000003	282.0304260253906
3.6689999999999996	280.4060363769531
3.675	282.0304260253906
3.68	275.5887756347656
3.6860000000000004	278.7909851074219
3.6919999999999997	269.2942810058594
3.698	286.9602355957031
3.7039999999999997	275.5887756347656
3.7089999999999996	277.1852722167969
3.715	282.0304260253906
3.721	278.7909851074219
3.727	278.7909851074219
3.733	275.5887756347656
3.738	280.4060363769531
3.7439999999999998	282.0304260253906
3.75	272.42333984375
3.7560000000000002	278.7909851074219
3.762	274.0014953613281
3.767	277.1852722167969
3.773	283.6641845703125
3.779	272.42333984375
3.785	280.4060363769531
3.7910000000000004	277.1852722167969
3.7960000000000003	277.1852722167969
3.802	278.7909851074219
3.8080000000000003	277.1852722167969
3.8139999999999996	274.0014953613281
3.82	280.4060363769531
3.825	280.4060363769531
3.8310000000000004	275.5887756347656
3.8369999999999997	282.0304260253906
3.843	275.5887756347656
3.8489999999999998	277.1852722167969
3.855	282.0304260253906
3.86	277.1852722167969
3.866	280.4060363769531
3.872	280.4060363769531
3.878	275.5887756347656
3.884	277.1852722167969
3.889	275.5887756347656
3.895	282.0304260253906
3.9010000000000002	280.4060363769531
3.907	277.1852722167969
3.9130000000000003	280.4060363769531
3.918	280.4060363769531
3.924	282.0304260253906
3.93	280.4060363769531
3.9360000000000004	277.1852722167969
3.9419999999999997	278.7909851074219
3.947	277.1852722167969
3.9530000000000003	282.0304260253906
3.9589999999999996	280.4060363769531
3.965	275.5887756347656
3.971	278.7909851074219
3.9760000000000004	278.7909851074219
3.9819999999999998	278.7909851074219
3.988	277.1852722167969
3.9939999999999998	278.7909851074219
4.0	285.3074645996094
4.005	277.1852722167969
4.011	278.7909851074219
4.0169999999999995	269.2942810058594
4.023	278.7909851074219
4.029	278.7909851074219
4.034	274.0014953613281
4.04	278.7909851074219
4.046	277.1852722167969
4.052	277.1852722167969
4.058	277.1852722167969
4.063	277.1852722167969
4.069	278.7909851074219
4.075	278.7909851074219
4.081	277.1852722167969
4.087	278.7909851074219
4.093	278.7909851074219
4.098	282.0304260253906
4.104	275.5887756347656
4.11	282.0304260253906
4.1160000000000005	277.1852722167969
4.122	275.5887756347656
4.127	278.7909851074219
4.133	278.7909851074219
4.138999999999999	277.1852722167969
4.145	282.0304260253906
4.151	278.7909851074219
4.156000000000001	277.1852722167969
4.162	278.7909851074219
4.168	278.7909851074219
4.1739999999999995	275.5887756347656
4.18	277.1852722167969
4.185	280.4060363769531
4.191	274.0014953613281
4.197	282.0304260253906
4.203	280.4060363769531
4.209	277.1852722167969
4.2139999999999995	278.7909851074219
4.22	272.42333984375
4.226	278.7909851074219
4.232	274.0014953613281
4.238	275.5887756347656
4.243	282.0304260253906
4.249	272.42333984375
4.255	280.4060363769531
4.261	278.7909851074219
4.2669999999999995	283.6641845703125
4.272	283.6641845703125
4.2780000000000005	280.4060363769531
4.284	288.6225891113281
4.29	285.3074645996094
4.296	291.9762268066406
4.301	282.0304260253906
4.3069999999999995	278.7909851074219
4.313	269.2942810058594
4.319	280.4060363769531
4.325	0.0
4.331	0.0
4.336	0.0
4.342	0.0
4.348	0.0
4.354	0.0
4.36	0.0
4.365	0.0
4.371	0.0
4.377	316.5686340332031
4.383	304.0238952636719
4.388999999999999	311.1301574707031
4.394	307.5564880371094
4.4	307.5564880371094
4.406000000000001	322.1021728515625
4.412	309.3381652832031
4.418	309.3381652832031
4.423	309.3381652832031
4.428999999999999	311.1301574707031
4.435	309.3381652832031
4.441	309.3381652832031
4.447	316.5686340332031
4.452	302.2728271484375
4.458	305.7850646972656
4.4639999999999995	316.5686340332031
4.47	307.5564880371094
4.476	309.3381652832031
4.481	316.5686340332031
4.487	291.9762268066406
4.493	309.3381652832031
4.499	339.2900085449219
4.505	347.2205810546875
4.51	351.2550964355469
4.516	343.2323913574219
4.522	365.74871826171875
4.5280000000000005	345.220703125
4.534	349.2320251464844
4.54	355.3365173339844
4.545	347.2205810546875
4.551	347.2205810546875
4.5569999999999995	351.2550964355469
4.563	325.8448486328125
4.569	327.73248291015625
4.574	309.3381652832031
4.58	316.5686340332031
4.586	304.0238952636719
4.592	309.3381652832031
4.598	311.1301574707031
4.603	300.5318298339844
4.609	312.9324951171875
4.615	314.74530029296875
4.621	297.0799255371094
4.627	318.4024963378906
4.632	316.5686340332031
4.638	305.7850646972656
4.644	309.3381652832031
4.65	309.3381652832031
4.656000000000001	312.9324951171875
4.6610000000000005	312.9324951171875
4.667	307.5564880371094
4.673	307.5564880371094
4.678999999999999	314.74530029296875
4.685	307.5564880371094
4.69	304.0238952636719
4.696000000000001	314.74530029296875
4.702	311.1301574707031
4.708	309.3381652832031
4.7139999999999995	307.5564880371094
4.718999999999999	307.5564880371094
4.725	311.1301574707031
4.731	307.5564880371094
4.737	312.9324951171875
4.743	312.9324951171875
4.748	304.0238952636719
4.754	314.74530029296875
4.76	314.74530029296875
4.766	305.7850646972656
4.772	312.9324951171875
4.7780000000000005	309.3381652832031
4.783	307.5564880371094
4.789	311.1301574707031
4.795	305.7850646972656
4.801	314.74530029296875
4.8069999999999995	309.3381652832031
4.812	311.1301574707031
4.8180000000000005	309.3381652832031
4.824	311.1301574707031
4.83	307.5564880371094
4.836	311.1301574707031
4.841	309.3381652832031
4.8469999999999995	305.7850646972656
4.853	314.74530029296875
4.859	311.1301574707031
4.865	302.2728271484375
4.87	314.74530029296875
4.876	314.74530029296875
4.882	298.8009033203125
4.888	312.9324951171875
4.894	318.4024963378906
4.899	309.3381652832031
4.905	309.3381652832031
4.9110000000000005	311.1301574707031
4.917	311.1301574707031
4.923	309.3381652832031
4.928	309.3381652832031
4.934	309.3381652832031
4.94	314.74530029296875
4.946000000000001	309.3381652832031
4.952	307.5564880371094
4.957	312.9324951171875
4.963	312.9324951171875
4.968999999999999	309.3381652832031
4.975	312.9324951171875
4.981	312.9324951171875
4.986000000000001	309.3381652832031
4.992	312.9324951171875
4.998	312.9324951171875
5.004	309.3381652832031
5.01	305.7850646972656
5.016	305.7850646972656
5.021	302.2728271484375
5.027	302.2728271484375
5.033	304.0238952636719
5.039	309.3381652832031
5.045	309.3381652832031
5.05	309.3381652832031
5.056	312.9324951171875
5.062	312.9324951171875
5.0680000000000005	311.1301574707031
5.074	311.1301574707031
5.079	311.1301574707031
5.085	307.5564880371094
5.091	311.1301574707031
5.0969999999999995	311.1301574707031
5.103	309.3381652832031
5.1080000000000005	311.1301574707031
5.114	311.1301574707031
5.12	309.3381652832031
5.126	311.1301574707031
5.132000000000001	312.9324951171875
5.1370000000000005	312.9324951171875
5.143	311.1301574707031
5.149	307.5564880371094
5.155	309.3381652832031
5.1610000000000005	314.74530029296875
5.166	311.1301574707031
5.172000000000001	311.1301574707031
5.178	309.3381652832031
5.184	311.1301574707031
5.19	311.1301574707031
5.195	312.9324951171875
5.2010000000000005	316.5686340332031
5.207000000000001	309.3381652832031
5.212999999999999	305.7850646972656
5.218999999999999	309.3381652832031
5.224	316.5686340332031
5.23	309.3381652832031
5.236000000000001	293.6676330566406
5.242000000000001	316.5686340332031
5.247999999999999	318.4024963378906
5.254	311.1301574707031
5.2589999999999995	311.1301574707031
5.265	316.5686340332031
5.271	311.1301574707031
5.277	307.5564880371094
5.2829999999999995	312.9324951171875
5.287999999999999	311.1301574707031
5.294	311.1301574707031
5.3	311.1301574707031
5.306	309.3381652832031
5.312	309.3381652832031
5.317	311.1301574707031
5.3229999999999995	314.74530029296875
5.329	318.4024963378906
5.335	320.24700927734375
5.341	323.9681091308594
5.346	329.6310119628906
5.352	335.3929138183594
5.358	343.2323913574219
5.364	349.2320251464844
5.37	341.2555236816406
5.375	341.2555236816406
5.381	361.5477294921875
5.3870000000000005	369.99853515625
5.393	361.5477294921875
5.399	359.4653625488281
5.404	369.99853515625
5.41	369.99853515625
5.416	357.39495849609375
5.422000000000001	369.99853515625
5.428	380.84039306640625
5.433	365.74871826171875
5.439	372.1419372558594
5.445	372.1419372558594
5.4510000000000005	357.39495849609375
5.457000000000001	387.4974365234375
5.462000000000001	372.1419372558594
5.468	367.8675231933594
5.474	372.1419372558594
5.48	374.2977600097656
5.486000000000001	367.8675231933594
5.492000000000001	372.1419372558594
5.497000000000001	369.99853515625
5.502999999999999	369.99853515625
5.5089999999999995	347.2205810546875
5.515	357.39495849609375
5.521	369.99853515625
5.526	369.99853515625
5.532	361.5477294921875
5.537999999999999	374.2977600097656
5.544	376.4660339355469
5.55	363.64215087890625
5.555	380.84039306640625
5.561	385.2655944824219
5.567	365.74871826171875
5.5729999999999995	357.39495849609375
5.579	369.99853515625
5.584	378.64691162109375
5.59	363.64215087890625
5.596	369.99853515625
5.602	374.2977600097656
5.608	363.64215087890625
5.6129999999999995	376.4660339355469
5.619	372.1419372558594
5.625	359.4653625488281
5.631	367.8675231933594
5.6370000000000005	383.0466003417969
5.642	361.5477294921875
5.648	376.4660339355469
5.654	365.74871826171875
5.66	359.4653625488281
5.666	374.2977600097656
5.671	376.4660339355469
5.6770000000000005	345.220703125
5.683	327.73248291015625
5.689	325.8448486328125
5.695	347.2205810546875
5.7	365.74871826171875
5.706	380.84039306640625
5.712000000000001	359.4653625488281
5.718	361.5477294921875
5.724	367.8675231933594
5.73	357.39495849609375
5.735	365.74871826171875
5.7410000000000005	367.8675231933594
5.747000000000001	367.8675231933594
5.752999999999999	367.8675231933594
5.7589999999999995	376.4660339355469
5.763999999999999	369.99853515625
5.77	363.64215087890625
5.776	369.99853515625
5.782	369.99853515625
5.787999999999999	369.99853515625
5.792999999999999	367.8675231933594
5.7989999999999995	369.99853515625
5.805	369.99853515625
5.811	369.99853515625
5.817	369.99853515625
5.822	369.99853515625
5.827999999999999	372.1419372558594
5.834	365.74871826171875
5.84	367.8675231933594
5.846	374.2977600097656
5.851	365.74871826171875
5.857	365.74871826171875
5.8629999999999995	374.2977600097656
5.869	369.99853515625
5.875	361.5477294921875
5.88	376.4660339355469
5.886	372.1419372558594
5.892	361.5477294921875
5.898	374.2977600097656
5.904	372.1419372558594
5.909	369.99853515625
5.915	367.8675231933594
5.921	374.2977600097656
5.9270000000000005	367.8675231933594
5.933	363.64215087890625
5.939	374.2977600097656
5.944	372.1419372558594
5.95	359.4653625488281
5.956	367.8675231933594
5.962000000000001	372.1419372558594
5.968	353.2899475097656
5.973	372.1419372558594
5.979	374.2977600097656
5.985	365.74871826171875
5.9910000000000005	365.74871826171875
5.997000000000001	374.2977600097656
6.002000000000001	365.74871826171875
6.007999999999999	365.74871826171875
6.013999999999999	374.2977600097656
6.02	369.99853515625
6.026	365.74871826171875
6.031000000000001	369.99853515625
6.037000000000001	369.99853515625
6.042999999999999	369.99853515625
6.0489999999999995	369.99853515625
6.055	369.99853515625
6.06	365.74871826171875
6.066	363.64215087890625
6.072	367.8675231933594
6.077999999999999	363.64215087890625
6.084	359.4653625488281
6.0889999999999995	365.74871826171875
6.095	369.99853515625
6.101	367.8675231933594
6.107	365.74871826171875
6.1129999999999995	369.99853515625
6.117999999999999	367.8675231933594
6.124	372.1419372558594
6.13	374.2977600097656
6.136	367.8675231933594
6.142	367.8675231933594
6.147	372.1419372558594
6.153	369.99853515625
6.159	367.8675231933594
6.165	372.1419372558594
6.171	367.8675231933594
6.1770000000000005	367.8675231933594
6.182	369.99853515625
6.188	369.99853515625
6.194	367.8675231933594
6.2	369.99853515625
6.206	369.99853515625
6.211	369.99853515625
6.2170000000000005	369.99853515625
6.223	369.99853515625
6.229	369.99853515625
6.235	369.99853515625
6.24	369.99853515625
6.246	369.99853515625
6.252000000000001	363.64215087890625
6.257999999999999	367.8675231933594
6.263999999999999	369.99853515625
6.269	367.8675231933594
6.275	369.99853515625
6.281000000000001	369.99853515625
6.287000000000001	369.99853515625
6.292999999999999	367.8675231933594
6.297999999999999	369.99853515625
6.303999999999999	369.99853515625
6.31	367.8675231933594
6.316	369.99853515625
6.322	369.99853515625
6.327000000000001	367.8675231933594
6.332999999999999	369.99853515625
6.3389999999999995	369.99853515625
6.345	365.74871826171875
6.351	369.99853515625
6.356	367.8675231933594
6.362	369.99853515625
6.367999999999999	369.99853515625
6.374	372.1419372558594
6.38	367.8675231933594
6.385	372.1419372558594
6.391	372.1419372558594
6.397	365.74871826171875
6.403	374.2977600097656
6.409	367.8675231933594
6.415	361.5477294921875
6.42	369.99853515625
6.426	357.39495849609375
6.432	353.2899475097656
6.438	357.39495849609375
6.444	367.8675231933594
6.449	361.5477294921875
6.455	372.1419372558594
6.461	367.8675231933594
6.4670000000000005	374.2977600097656
6.473	369.99853515625
6.478	369.99853515625
6.484	372.1419372558594
6.49	369.99853515625
6.496	367.8675231933594
6.502000000000001	374.2977600097656
6.507000000000001	359.4653625488281
6.513	376.4660339355469
6.519	363.64215087890625
6.525	374.2977600097656
6.531000000000001	367.8675231933594
6.5360000000000005	369.99853515625
6.542000000000001	372.1419372558594
6.547999999999999	365.74871826171875
6.553999999999999	376.4660339355469
6.56	365.74871826171875
6.565	367.8675231933594
6.571000000000001	374.2977600097656
6.577000000000001	363.64215087890625
6.582999999999999	376.4660339355469
6.5889999999999995	365.74871826171875
6.593999999999999	372.1419372558594
6.6	369.99853515625
6.606	367.8675231933594
6.612	367.8675231933594
6.617999999999999	369.99853515625
6.622999999999999	369.99853515625
6.629	365.74871826171875
6.635	372.1419372558594
6.641	367.8675231933594
6.647	372.1419372558594
6.653	363.64215087890625
6.6579999999999995	376.4660339355469
6.664	363.64215087890625
6.67	369.99853515625
6.676	372.1419372558594
6.682	365.74871826171875
6.687	372.1419372558594
6.693	365.74871826171875
6.699	374.2977600097656
6.705	367.8675231933594
6.711	367.8675231933594
6.716	372.1419372558594
6.722	363.64215087890625
6.728	376.4660339355469
6.734	363.64215087890625
6.74	374.2977600097656
6.745	367.8675231933594
6.751	369.99853515625
6.757000000000001	374.2977600097656
6.763	365.74871826171875
6.769	378.64691162109375
6.774	363.64215087890625
6.78	376.4660339355469
6.7860000000000005	369.99853515625
6.792000000000001	369.99853515625
6.797999999999999	374.2977600097656
6.803	369.99853515625
6.809	376.4660339355469
6.815	367.8675231933594
6.821000000000001	372.1419372558594
6.827000000000001	372.1419372558594
6.832000000000001	369.99853515625
6.837999999999999	374.2977600097656
6.843999999999999	367.8675231933594
6.85	369.99853515625
6.856	372.1419372558594
6.861000000000001	367.8675231933594
6.867000000000001	369.99853515625
6.872999999999999	372.1419372558594
6.879	367.8675231933594
6.885	369.99853515625
6.891	367.8675231933594
6.896	369.99853515625
6.902	369.99853515625
6.9079999999999995	367.8675231933594
6.914	374.2977600097656
6.92	367.8675231933594
6.925	369.99853515625
6.931	372.1419372558594
6.937	369.99853515625
6.943	367.8675231933594
6.949	372.1419372558594
6.954	369.99853515625
6.96	367.8675231933594
6.966	372.1419372558594
6.972	369.99853515625
6.978	367.8675231933594
6.983	369.99853515625
6.989	372.1419372558594
6.995	367.8675231933594
7.001	369.99853515625
7.007000000000001	372.1419372558594
7.0120000000000005	369.99853515625
7.018	369.99853515625
7.024	372.1419372558594
7.03	369.99853515625
7.0360000000000005	367.8675231933594
7.041	372.1419372558594
7.047000000000001	369.99853515625
7.053	367.8675231933594
7.059	374.2977600097656
7.065	372.1419372558594
7.07	369.99853515625
7.0760000000000005	369.99853515625
7.082000000000001	369.99853515625
7.087999999999999	372.1419372558594
7.093999999999999	369.99853515625
7.1	369.99853515625
7.105	372.1419372558594
7.111000000000001	369.99853515625
7.117000000000001	372.1419372558594
7.122999999999999	367.8675231933594
7.129	372.1419372558594
7.1339999999999995	367.8675231933594
7.14	369.99853515625
7.146	372.1419372558594
7.152	372.1419372558594
7.1579999999999995	374.2977600097656
7.162999999999999	367.8675231933594
7.169	374.2977600097656
7.175	372.1419372558594
7.181	367.8675231933594
7.187	372.1419372558594
7.192	369.99853515625
7.1979999999999995	369.99853515625
7.204	372.1419372558594
7.21	367.8675231933594
7.216	372.1419372558594
7.221	372.1419372558594
7.227	367.8675231933594
7.233	374.2977600097656
7.239	365.74871826171875
7.245	369.99853515625
7.25	374.2977600097656
7.256	365.74871826171875
7.2620000000000005	372.1419372558594
7.268	369.99853515625
7.274	372.1419372558594
7.279	372.1419372558594
7.285	365.74871826171875
7.291	372.1419372558594
7.297000000000001	365.74871826171875
7.303	369.99853515625
7.308	365.74871826171875
7.314	372.1419372558594
7.32	369.99853515625
7.3260000000000005	367.8675231933594
7.332000000000001	372.1419372558594
7.337999999999999	365.74871826171875
7.343	372.1419372558594
7.349	369.99853515625
7.355	367.8675231933594
7.361000000000001	374.2977600097656
7.367000000000001	367.8675231933594
7.372000000000001	367.8675231933594
7.377999999999999	372.1419372558594
7.3839999999999995	367.8675231933594
7.39	376.4660339355469
7.396	372.1419372558594
7.401	372.1419372558594
7.407	376.4660339355469
7.412999999999999	372.1419372558594
7.419	374.2977600097656
7.425	372.1419372558594
7.43	372.1419372558594
7.436	367.8675231933594
7.442	363.64215087890625
7.4479999999999995	357.39495849609375
7.454	353.2899475097656
7.459	343.2323913574219
7.465	345.220703125
7.471	333.4611511230469
7.477	322.1021728515625
7.483	0.0
7.4879999999999995	0.0
7.494	0.0
7.5	0.0
7.506	0.0
7.5120000000000005	0.0
7.517	0.0
7.523	0.0
7.529	0.0
7.535	0.0
7.541	0.0
7.546	0.0
7.5520000000000005	0.0
7.558	0.0
7.564	0.0
7.57	0.0
7.5760000000000005	0.0
7.581	0.0
7.587000000000001	0.0
7.593	0.0
7.599	0.0
7.605	0.0
7.61	0.0
7.6160000000000005	0.0
7.622000000000001	0.0
7.627999999999999	0.0
7.6339999999999995	0.0
7.638999999999999	0.0
7.645	0.0
7.651	0.0
7.657	0.0
7.662999999999999	0.0
7.667999999999999	0.0
7.6739999999999995	0.0
7.68	0.0
7.686	0.0
7.692	0.0
7.697	0.0
7.702999999999999	0.0
7.709	0.0
7.715	0.0
7.721	0.0
7.726	0.0
7.732	0.0
7.7379999999999995	0.0
7.744	0.0
7.75	0.0
7.755	0.0
7.761	0.0
7.767	0.0
7.773	0.0
7.779	0.0
7.784	0.0
7.79	0.0
7.796	0.0
7.8020000000000005	0.0
7.808	0.0
7.814	0.0
7.819	0.0
7.825	0.0
7.831	0.0
7.837000000000001	0.0
7.843	0.0
7.848	0.0
7.854	0.0
7.86	0.0
7.8660000000000005	0.0
7.872000000000001	0.0
7.877000000000001	0.0
7.882999999999999	0.0
7.888999999999999	0.0
7.895	0.0
7.901	0.0
7.906000000000001	0.0
7.912000000000001	0.0
7.917999999999999	0.0
7.9239999999999995	0.0
7.93	275.5887756347656
7.935	283.6641845703125
7.941	275.5887756347656
7.947	283.6641845703125
7.952999999999999	274.0014953613281
7.959	280.4060363769531
7.9639999999999995	275.5887756347656
7.97	277.1852722167969
7.976	274.0014953613281
7.982	277.1852722167969
7.9879999999999995	278.7909851074219
7.992999999999999	277.1852722167969
7.999	277.1852722167969
8.005	278.7909851074219
8.011000000000001	275.5887756347656
8.017000000000001	278.7909851074219
8.022	277.1852722167969
8.027999999999999	278.7909851074219
8.033999999999999	277.1852722167969
8.04	280.4060363769531
8.046	274.0014953613281
8.052	282.0304260253906
8.057	277.1852722167969
8.062999999999999	278.7909851074219
8.068999999999999	275.5887756347656
8.075	277.1852722167969
8.081	280.4060363769531
8.086	275.5887756347656
8.092	280.4060363769531
8.097999999999999	278.7909851074219
8.104	275.5887756347656
8.11	280.4060363769531
8.115	277.1852722167969
8.121	282.0304260253906
8.127	275.5887756347656
8.133	280.4060363769531
8.139	277.1852722167969
8.144	274.0014953613281
8.15	280.4060363769531
8.156	277.1852722167969
8.162	278.7909851074219
8.168	277.1852722167969
8.173	274.0014953613281
8.179	280.4060363769531
8.185	274.0014953613281
8.191	277.1852722167969
8.197000000000001	282.0304260253906
8.202	269.2942810058594
8.208	283.6641845703125
8.214	272.42333984375
8.22	275.5887756347656
8.226	280.4060363769531
8.231	272.42333984375
8.237	280.4060363769531
8.243	277.1852722167969
8.249	274.0014953613281
8.255	282.0304260253906
8.26	275.5887756347656
8.266	278.7909851074219
8.272	277.1852722167969
8.277999999999999	277.1852722167969
8.283999999999999	280.4060363769531
8.29	274.0014953613281
8.295	278.7909851074219
8.301	277.1852722167969
8.307	277.1852722167969
8.312999999999999	280.4060363769531
8.318999999999999	278.7909851074219
8.324	278.7909851074219
8.33	277.1852722167969
8.336	280.4060363769531
8.342	277.1852722167969
8.347999999999999	278.7909851074219
8.353	278.7909851074219
8.359	277.1852722167969
8.365	278.7909851074219
8.371	278.7909851074219
8.377	277.1852722167969
8.382	278.7909851074219
8.388	278.7909851074219
8.394	275.5887756347656
8.4	278.7909851074219
8.406	278.7909851074219
8.411	278.7909851074219
8.417	277.1852722167969
8.423	280.4060363769531
8.429	277.1852722167969
8.435	275.5887756347656
8.44	280.4060363769531
8.446	274.0014953613281
8.452	278.7909851074219
8.458	277.1852722167969
8.464	274.0014953613281
8.469	278.7909851074219
8.475	277.1852722167969
8.481	274.0014953613281
8.487	278.7909851074219
8.493	274.0014953613281
8.499	286.9602355957031
8.504	286.9602355957031
8.51	295.36883544921875
8.516	300.5318298339844
8.522	305.7850646972656
8.527999999999999	312.9324951171875
8.533	318.4024963378906
8.539	323.9681091308594
8.545	329.6310119628906
8.551	325.8448486328125
8.557	0.0
8.562000000000001	0.0
8.568	0.0
8.574	0.0
8.58	0.0
8.586	365.74871826171875
8.591000000000001	357.39495849609375
8.597000000000001	365.74871826171875
8.603	374.2977600097656
8.609	369.99853515625
8.615	365.74871826171875
8.62	374.2977600097656
8.626	372.1419372558594
8.632	347.2205810546875
8.638	339.2900085449219
8.644	333.4611511230469
8.649	351.2550964355469
8.655	367.8675231933594
8.661	374.2977600097656
8.667	353.2899475097656
8.673	363.64215087890625
8.677999999999999	376.4660339355469
8.684	357.39495849609375
8.69	367.8675231933594
8.696	374.2977600097656
8.702	365.74871826171875
8.707	365.74871826171875
8.713	376.4660339355469
8.719	369.99853515625
8.725	361.5477294921875
8.731	369.99853515625
8.737	374.2977600097656
8.742	365.74871826171875
8.748	369.99853515625
8.754	372.1419372558594
8.76	365.74871826171875
8.766	365.74871826171875
8.771	374.2977600097656
8.777000000000001	365.74871826171875
8.783	378.64691162109375
8.789	378.64691162109375
8.795	365.74871826171875
8.8	361.5477294921875
8.806000000000001	374.2977600097656
8.812000000000001	365.74871826171875
8.818	359.4653625488281
8.824	372.1419372558594
8.829	372.1419372558594
8.835	357.39495849609375
8.841000000000001	374.2977600097656
8.847000000000001	369.99853515625
8.853	357.39495849609375
8.857999999999999	374.2977600097656
8.863999999999999	374.2977600097656
8.87	353.2899475097656
8.876	374.2977600097656
8.882	372.1419372558594
8.887	351.2550964355469
8.892999999999999	365.74871826171875
8.899	374.2977600097656
8.905	357.39495849609375
8.911	365.74871826171875
8.916	380.84039306640625
8.922	355.3365173339844
8.927999999999999	367.8675231933594
8.934	374.2977600097656
8.94	365.74871826171875
8.945	365.74871826171875
8.951	372.1419372558594
8.957	367.8675231933594
8.963	365.74871826171875
8.969	372.1419372558594
8.975	369.99853515625
8.98	365.74871826171875
8.986	369.99853515625
8.992	367.8675231933594
8.998	365.74871826171875
9.004	367.8675231933594
9.009	372.1419372558594
9.015	367.8675231933594
9.021	369.99853515625
9.027000000000001	372.1419372558594
9.033	369.99853515625
9.038	367.8675231933594
9.044	367.8675231933594
9.05	367.8675231933594
9.056000000000001	367.8675231933594
9.062000000000001	372.1419372558594
9.067	372.1419372558594
9.073	367.8675231933594
9.079	367.8675231933594
9.085	369.99853515625
9.091000000000001	367.8675231933594
9.096	367.8675231933594
9.102	365.74871826171875
9.107999999999999	367.8675231933594
9.113999999999999	374.2977600097656
9.12	363.64215087890625
9.125	367.8675231933594
9.131	372.1419372558594
9.137	361.5477294921875
9.142999999999999	363.64215087890625
9.149	376.4660339355469
9.154	367.8675231933594
9.16	363.64215087890625
9.166	374.2977600097656
9.172	369.99853515625
9.177999999999999	357.39495849609375
9.183	372.1419372558594
9.189	359.4653625488281
9.195	365.74871826171875
9.201	369.99853515625
9.207	365.74871826171875
9.213	367.8675231933594
9.218	365.74871826171875
9.224	365.74871826171875
9.23	367.8675231933594
9.236	367.8675231933594
9.242	365.74871826171875
9.247	367.8675231933594
9.253	372.1419372558594
9.259	365.74871826171875
9.265	369.99853515625
9.271	367.8675231933594
9.276	367.8675231933594
9.282	369.99853515625
9.288	367.8675231933594
9.294	363.64215087890625
9.3	367.8675231933594
9.305	369.99853515625
9.311	365.74871826171875
9.317	365.74871826171875
9.323	372.1419372558594
9.329	367.8675231933594
9.334	365.74871826171875
9.34	369.99853515625
9.346	372.1419372558594
9.352	367.8675231933594
9.357999999999999	365.74871826171875
9.363	369.99853515625
9.369	367.8675231933594
9.375	363.64215087890625
9.381	369.99853515625
9.387	369.99853515625
9.392000000000001	365.74871826171875
9.398	365.74871826171875
9.404	372.1419372558594
9.41	369.99853515625
9.416	363.64215087890625
9.421	369.99853515625
9.427	372.1419372558594
9.433	365.74871826171875
9.439	365.74871826171875
9.445	369.99853515625
9.451	367.8675231933594
9.456	369.99853515625
9.462	367.8675231933594
9.468	365.74871826171875
9.474	369.99853515625
9.48	369.99853515625
9.485	363.64215087890625
9.491	372.1419372558594
9.497	369.99853515625
9.503	361.5477294921875
9.509	372.1419372558594
9.514	369.99853515625
9.52	361.5477294921875
9.526	367.8675231933594
9.532	374.2977600097656
9.538	359.4653625488281
9.543	361.5477294921875
9.549	361.5477294921875
9.555	361.5477294921875
9.561	374.2977600097656
9.567	383.0466003417969
9.572000000000001	383.0466003417969
9.578	398.8520202636719
9.584	398.8520202636719
9.59	432.4462890625
9.596	408.1748046875
9.601	442.5543212890625
9.607000000000001	442.5543212890625
9.613	450.2900390625
9.619	466.16961669921875
9.625	488.216796875
9.63	471.5862731933594
9.636000000000001	496.750732421875
9.642000000000001	499.62841796875
9.648	488.216796875
9.654	502.5227355957031
9.66	496.750732421875
9.665	499.62841796875
9.671	496.750732421875
9.677	485.4048767089844
9.683	496.750732421875
9.689	499.62841796875
9.693999999999999	491.0450744628906
9.7	477.06585693359375
9.706	499.62841796875
9.712	496.750732421875
9.718	485.4048767089844
9.722999999999999	493.8896484375
9.729	493.8896484375
9.735	499.62841796875
9.741	474.3181457519531
9.747	502.5227355957031
9.752	491.0450744628906
9.758	485.4048767089844
9.764	485.4048767089844
9.77	499.62841796875
9.776	491.0450744628906
9.781	482.609130859375
9.787	493.8896484375
9.793	499.62841796875
9.799	485.4048767089844
9.805	491.0450744628906
9.81	496.750732421875
9.816	496.750732421875
9.822000000000001	485.4048767089844
9.828	493.8896484375
9.834	502.5227355957031
9.839	493.8896484375
9.845	488.216796875
9.851	496.750732421875
9.857000000000001	505.4338684082031
9.863	488.216796875
9.868	491.0450744628906
9.874	496.750732421875
9.88	502.5227355957031
9.886000000000001	488.216796875
9.892000000000001	488.216796875
9.898	499.62841796875
9.902999999999999	493.8896484375
9.908999999999999	491.0450744628906
9.915	491.0450744628906
9.921	496.750732421875
9.927	493.8896484375
9.932	491.0450744628906
9.937999999999999	493.8896484375
9.943999999999999	499.62841796875
9.95	491.0450744628906
9.956	485.4048767089844
9.961	493.8896484375
9.967	496.750732421875
9.972999999999999	488.216796875
9.979	491.0450744628906
9.985	493.8896484375
9.99	493.8896484375
9.996	491.0450744628906
10.002	491.0450744628906
10.008	499.62841796875
10.014	491.0450744628906
10.019	493.8896484375
10.025	496.750732421875
10.031	493.8896484375
10.037	496.750732421875
10.043	493.8896484375
10.048	499.62841796875
10.054	488.216796875
10.06	493.8896484375
10.066	493.8896484375
10.072000000000001	496.750732421875
10.077	491.0450744628906
10.083	491.0450744628906
10.089	496.750732421875
10.095	491.0450744628906
10.101	493.8896484375
10.106	493.8896484375
10.112	496.750732421875
10.118	488.216796875
10.124	496.750732421875
10.13	499.62841796875
10.136000000000001	491.0450744628906
10.141	491.0450744628906
10.147	496.750732421875
10.152999999999999	496.750732421875
10.158999999999999	488.216796875
10.165	491.0450744628906
10.17	499.62841796875
10.176	499.62841796875
10.182	485.4048767089844
10.187999999999999	493.8896484375
10.193999999999999	496.750732421875
10.199	499.62841796875
10.205	488.216796875
10.211	499.62841796875
10.217	499.62841796875
10.222999999999999	493.8896484375
10.228	491.0450744628906
10.234	493.8896484375
10.24	499.62841796875
10.245999999999999	491.0450744628906
10.252	493.8896484375
10.257	493.8896484375
10.263	496.750732421875
10.269	488.216796875
10.275	496.750732421875
10.280999999999999	499.62841796875
10.286	496.750732421875
10.292	491.0450744628906
10.298	493.8896484375
10.304	499.62841796875
10.31	491.0450744628906
10.315	491.0450744628906
10.321	496.750732421875
10.327	496.750732421875
10.333	491.0450744628906
10.339	491.0450744628906
10.344000000000001	496.750732421875
10.35	493.8896484375
10.356	488.216796875
10.362	491.0450744628906
10.368	493.8896484375
10.374	491.0450744628906
10.379000000000001	488.216796875
10.385	496.750732421875
10.390999999999998	491.0450744628906
10.397	491.0450744628906
10.402999999999999	493.8896484375
10.408	491.0450744628906
10.414000000000001	493.8896484375
10.42	491.0450744628906
10.425999999999998	493.8896484375
10.432	493.8896484375
10.437000000000001	493.8896484375
10.443	493.8896484375
10.449000000000002	493.8896484375
10.455	493.8896484375
10.460999999999999	493.8896484375
10.466	493.8896484375
10.472000000000001	493.8896484375
10.478	491.0450744628906
10.484000000000002	496.750732421875
10.49	496.750732421875
10.495	493.8896484375
10.501	491.0450744628906
10.507	493.8896484375
10.513	496.750732421875
10.519	493.8896484375
10.524000000000001	493.8896484375
10.53	493.8896484375
10.536	499.62841796875
10.542	488.216796875
10.548	493.8896484375
10.552999999999999	496.750732421875
10.559000000000001	493.8896484375
10.565	491.0450744628906
10.571	493.8896484375
10.577	493.8896484375
10.582	493.8896484375
10.588	488.216796875
10.594000000000001	496.750732421875
10.6	499.62841796875
10.606	493.8896484375
10.612	493.8896484375
10.617	493.8896484375
10.623	485.4048767089844
10.629000000000001	488.216796875
10.635	485.4048767089844
10.640999999999998	474.3181457519531
10.645999999999999	474.3181457519531
10.652000000000001	479.8294982910156
10.658	477.06585693359375
10.664000000000001	479.8294982910156
10.67	474.3181457519531
10.675	477.06585693359375
10.681	463.4846496582031
10.687000000000001	452.8985900878906
10.693	450.2900390625
10.699000000000002	458.1610107421875
10.704	479.8294982910156
10.71	460.81512451171875
10.716	452.8985900878906
10.722000000000001	455.5221862792969
10.728	474.3181457519531
10.732999999999999	471.5862731933594
10.739	450.2900390625
10.745	460.81512451171875
10.751	468.8700866699219
10.757	479.8294982910156
10.762	474.3181457519531
10.767999999999999	474.3181457519531
10.774000000000001	452.8985900878906
10.78	468.8700866699219
10.786	468.8700866699219
10.790999999999999	471.5862731933594
10.797	479.8294982910156
10.802999999999999	468.8700866699219
10.809000000000001	460.81512451171875
10.815	466.16961669921875
10.82	471.5862731933594
10.825999999999999	471.5862731933594
10.832	471.5862731933594
10.838	474.3181457519531
10.844000000000001	458.1610107421875
10.85	460.81512451171875
10.855	466.16961669921875
10.860999999999999	474.3181457519531
10.867	471.5862731933594
10.873	466.16961669921875
10.879000000000001	463.4846496582031
10.884	460.81512451171875
10.89	468.8700866699219
10.895999999999999	471.5862731933594
10.902000000000001	468.8700866699219
10.908	468.8700866699219
10.913	468.8700866699219
10.919	463.4846496582031
10.925	466.16961669921875
10.931	468.8700866699219
10.937000000000001	466.16961669921875
10.942	466.16961669921875
10.948	471.5862731933594
10.954	466.16961669921875
10.96	463.4846496582031
10.966	466.16961669921875
10.970999999999998	463.4846496582031
10.977	463.4846496582031
10.982999999999999	466.16961669921875
10.989	463.4846496582031
10.995	466.16961669921875
11.0	468.8700866699219
11.005999999999998	468.8700866699219
11.012	468.8700866699219
11.017999999999999	471.5862731933594
11.024000000000001	463.4846496582031
11.029000000000002	452.8985900878906
11.035	466.16961669921875
11.040999999999999	468.8700866699219
11.047	471.5862731933594
11.052999999999999	474.3181457519531
11.059000000000001	471.5862731933594
11.064	458.1610107421875
11.07	460.81512451171875
11.075999999999999	466.16961669921875
11.082	466.16961669921875
11.088	471.5862731933594
11.093	471.5862731933594
11.099	463.4846496582031
11.105	466.16961669921875
11.110999999999999	471.5862731933594
11.117	471.5862731933594
11.122	468.8700866699219
11.128	474.3181457519531
11.134	463.4846496582031
11.14	460.81512451171875
11.145999999999999	463.4846496582031
11.151	468.8700866699219
11.157	474.3181457519531
11.163	474.3181457519531
11.169	474.3181457519531
11.175	466.16961669921875
11.18	463.4846496582031
11.186	463.4846496582031
11.192	466.16961669921875
11.198	471.5862731933594
11.204	468.8700866699219
11.209000000000001	471.5862731933594
11.215	466.16961669921875
11.220999999999998	468.8700866699219
11.227	471.5862731933594
11.232999999999999	466.16961669921875
11.238	468.8700866699219
11.244000000000002	468.8700866699219
11.25	466.16961669921875
11.255999999999998	463.4846496582031
11.262	468.8700866699219
11.267000000000001	466.16961669921875
11.273	468.8700866699219
11.279000000000002	471.5862731933594
11.285	466.16961669921875
11.290999999999999	463.4846496582031
11.297	466.16961669921875
11.302	466.16961669921875
11.308	468.8700866699219
11.314	471.5862731933594
11.32	468.8700866699219
11.325999999999999	463.4846496582031
11.331	466.16961669921875
11.337	466.16961669921875
11.343	468.8700866699219
11.349	468.8700866699219
11.355	466.16961669921875
11.36	468.8700866699219
11.366	468.8700866699219
11.372	466.16961669921875
11.378	466.16961669921875
11.384	468.8700866699219
11.389000000000001	468.8700866699219
11.395	471.5862731933594
11.401	471.5862731933594
11.407	466.16961669921875
11.413	466.16961669921875
11.418	468.8700866699219
11.424000000000001	466.16961669921875
11.43	471.5862731933594
11.436	471.5862731933594
11.442	471.5862731933594
11.447000000000001	466.16961669921875
11.453	466.16961669921875
11.459000000000001	466.16961669921875
11.465	468.8700866699219
11.470999999999998	474.3181457519531
11.475999999999999	471.5862731933594
11.482000000000001	466.16961669921875
11.488	466.16961669921875
11.494000000000002	466.16961669921875
11.5	468.8700866699219
11.505	471.5862731933594
11.511	471.5862731933594
11.517000000000001	466.16961669921875
11.523	466.16961669921875
11.529000000000002	466.16961669921875
11.535	468.8700866699219
11.54	466.16961669921875
11.546	468.8700866699219
11.552	471.5862731933594
11.558	471.5862731933594
11.564	466.16961669921875
11.569	466.16961669921875
11.575	468.8700866699219
11.581	466.16961669921875
11.587	471.5862731933594
11.593	468.8700866699219
11.597999999999999	466.16961669921875
11.604000000000001	468.8700866699219
11.61	468.8700866699219
11.616	471.5862731933594
11.622	471.5862731933594
11.627	471.5862731933594
11.633	468.8700866699219
11.639000000000001	466.16961669921875
11.645	466.16961669921875
11.651	466.16961669921875
11.655999999999999	468.8700866699219
11.662	471.5862731933594
11.668	468.8700866699219
11.674000000000001	468.8700866699219
11.68	471.5862731933594
11.685	468.8700866699219
11.690999999999999	468.8700866699219
11.697000000000001	468.8700866699219
11.703	466.16961669921875
11.709000000000001	466.16961669921875
11.714	463.4846496582031
11.72	471.5862731933594
11.725999999999999	468.8700866699219
11.732000000000001	466.16961669921875
11.738	474.3181457519531
11.743	468.8700866699219
11.749	463.4846496582031
11.755	466.16961669921875
11.761	468.8700866699219
11.767000000000001	460.81512451171875
11.773	471.5862731933594
11.777999999999999	468.8700866699219
11.784	466.16961669921875
11.79	474.3181457519531
11.796	468.8700866699219
11.802	466.16961669921875
11.807	471.5862731933594
11.812999999999999	466.16961669921875
11.819	466.16961669921875
11.825	474.3181457519531
11.831	468.8700866699219
11.835999999999999	468.8700866699219
11.842	471.5862731933594
11.847999999999999	468.8700866699219
11.854000000000001	466.16961669921875
11.86	471.5862731933594
11.865	463.4846496582031
11.870999999999999	471.5862731933594
11.877	468.8700866699219
11.883	466.16961669921875
11.889000000000001	463.4846496582031
11.894	471.5862731933594
11.9	460.81512451171875
11.905999999999999	468.8700866699219
11.912	468.8700866699219
11.918	466.16961669921875
11.923	468.8700866699219
11.929	471.5862731933594
11.935	463.4846496582031
11.940999999999999	471.5862731933594
11.947000000000001	466.16961669921875
11.952	460.81512451171875
11.958	466.16961669921875
11.964	468.8700866699219
11.97	460.81512451171875
11.975999999999999	471.5862731933594
11.981	468.8700866699219
11.987	468.8700866699219
11.993	468.8700866699219
11.999	466.16961669921875
12.005	460.81512451171875
12.011	466.16961669921875
12.015999999999998	466.16961669921875
12.022	466.16961669921875
12.027999999999999	471.5862731933594
12.034	466.16961669921875
12.04	468.8700866699219
12.045	471.5862731933594
12.050999999999998	463.4846496582031
12.057	466.16961669921875
12.062999999999999	468.8700866699219
12.069	466.16961669921875
12.074000000000002	466.16961669921875
12.08	471.5862731933594
12.085999999999999	468.8700866699219
12.092	468.8700866699219
12.097999999999999	468.8700866699219
12.103	466.16961669921875
12.109000000000002	466.16961669921875
12.115	471.5862731933594
12.120999999999999	466.16961669921875
12.127	468.8700866699219
12.132	468.8700866699219
12.138	471.5862731933594
12.144	466.16961669921875
12.15	468.8700866699219
12.155999999999999	466.16961669921875
12.161	466.16961669921875
12.167	466.16961669921875
12.173	468.8700866699219
12.179	468.8700866699219
12.185	468.8700866699219
12.19	466.16961669921875
12.196	463.4846496582031
12.202	466.16961669921875
12.208	466.16961669921875
12.214	466.16961669921875
12.22	466.16961669921875
12.225	463.4846496582031
12.231	466.16961669921875
12.237	468.8700866699219
12.243	463.4846496582031
12.249	466.16961669921875
12.254000000000001	458.1610107421875
12.26	466.16961669921875
12.265999999999998	468.8700866699219
12.272	468.8700866699219
12.277999999999999	466.16961669921875
12.283	466.16961669921875
12.289000000000001	466.16961669921875
12.295	466.16961669921875
12.300999999999998	463.4846496582031
12.307	463.4846496582031
12.312000000000001	463.4846496582031
12.318	466.16961669921875
12.324000000000002	468.8700866699219
12.33	468.8700866699219
12.335999999999999	468.8700866699219
12.341	463.4846496582031
12.347000000000001	463.4846496582031
12.353	466.16961669921875
12.359000000000002	468.8700866699219
12.365	466.16961669921875
12.37	468.8700866699219
12.376	466.16961669921875
12.382	463.4846496582031
12.388	468.8700866699219
12.394	466.16961669921875
12.399000000000001	463.4846496582031
12.405	466.16961669921875
12.411	466.16961669921875
12.417	463.4846496582031
12.423	468.8700866699219
12.427999999999999	466.16961669921875
12.434000000000001	463.4846496582031
12.44	468.8700866699219
12.446	468.8700866699219
12.452	466.16961669921875
12.458	466.16961669921875
12.463	466.16961669921875
12.469000000000001	466.16961669921875
12.475	468.8700866699219
12.481	463.4846496582031
12.487	466.16961669921875
12.492	468.8700866699219
12.498	463.4846496582031
12.504000000000001	466.16961669921875
12.51	468.8700866699219
12.515999999999998	466.16961669921875
12.520999999999999	466.16961669921875
12.527000000000001	466.16961669921875
12.533	463.4846496582031
12.539000000000001	463.4846496582031
12.545	466.16961669921875
12.55	466.16961669921875
12.556	468.8700866699219
12.562000000000001	468.8700866699219
12.568	468.8700866699219
12.574000000000002	466.16961669921875
12.579	466.16961669921875
12.585	463.4846496582031
12.591	463.4846496582031
12.597000000000001	466.16961669921875
12.603	468.8700866699219
12.607999999999999	471.5862731933594
12.614	468.8700866699219
12.62	463.4846496582031
12.626	463.4846496582031
12.632	466.16961669921875
12.637	466.16961669921875
12.642999999999999	468.8700866699219
12.649000000000001	466.16961669921875
12.655	468.8700866699219
12.661	468.8700866699219
12.665999999999999	471.5862731933594
12.672	466.16961669921875
12.677999999999999	466.16961669921875
12.684000000000001	466.16961669921875
12.69	468.8700866699219
12.696	471.5862731933594
12.700999999999999	471.5862731933594
12.707	468.8700866699219
12.713	468.8700866699219
12.719000000000001	458.1610107421875
12.725	460.81512451171875
12.73	463.4846496582031
12.735999999999999	463.4846496582031
12.742	468.8700866699219
12.748	471.5862731933594
12.754000000000001	471.5862731933594
12.759	474.3181457519531
12.765	477.06585693359375
12.770999999999999	474.3181457519531
12.777000000000001	479.8294982910156
12.783	463.4846496582031
12.788	496.750732421875
12.794	520.2442626953125
12.8	493.8896484375
12.806	493.8896484375
12.812000000000001	493.8896484375
12.817	496.750732421875
12.823	505.4338684082031
12.829	502.5227355957031
12.835	491.0450744628906
12.841	493.8896484375
12.845999999999998	491.0450744628906
12.852	482.609130859375
12.857999999999999	488.216796875
12.864	491.0450744628906
12.87	488.216796875
12.875	488.216796875
12.880999999999998	493.8896484375
12.887	493.8896484375
12.892999999999999	493.8896484375
12.899000000000001	496.750732421875
12.904000000000002	493.8896484375
12.91	493.8896484375
12.915999999999999	496.750732421875
12.922	508.36181640625
12.927999999999999	499.62841796875
12.934000000000001	496.750732421875
12.939	479.8294982910156
12.945	491.0450744628906
12.950999999999999	491.0450744628906
12.957	493.8896484375
12.963	491.0450744628906
12.968	488.216796875
12.974	493.8896484375
12.98	496.750732421875
12.985999999999999	496.750732421875
12.992	493.8896484375
12.997	491.0450744628906
13.003	493.8896484375
13.009	499.62841796875
13.015	508.36181640625
13.020999999999999	502.5227355957031
13.026	499.62841796875
13.032	502.5227355957031
13.038	502.5227355957031
13.044	499.62841796875
13.05	493.8896484375
13.055	488.216796875
13.061	491.0450744628906
13.067	488.216796875
13.073	482.609130859375
13.079	488.216796875
13.084000000000001	491.0450744628906
13.09	491.0450744628906
13.095999999999998	499.62841796875
13.102	496.750732421875
13.107999999999999	491.0450744628906
13.113	502.5227355957031
13.119000000000002	517.2478637695312
13.125	517.2478637695312
13.130999999999998	496.750732421875
13.137	511.3067321777344
13.142000000000001	499.62841796875
13.148	502.5227355957031
13.154000000000002	496.750732421875
13.16	496.750732421875
13.165999999999999	488.216796875
13.172	485.4048767089844
13.177	493.8896484375
13.183	496.750732421875
13.189	493.8896484375
13.195	491.0450744628906
13.200999999999999	499.62841796875
13.206	493.8896484375
13.212	491.0450744628906
13.218	499.62841796875
13.224	502.5227355957031
13.23	493.8896484375
13.235	499.62841796875
13.241	493.8896484375
13.247	488.216796875
13.253	496.750732421875
13.259	502.5227355957031
13.264000000000001	496.750732421875
13.27	488.216796875
13.276	493.8896484375
13.282	499.62841796875
13.288	499.62841796875
13.293	502.5227355957031
13.299000000000001	499.62841796875
13.305	496.750732421875
13.311	493.8896484375
13.317	493.8896484375
13.322000000000001	499.62841796875
13.328	493.8896484375
13.334000000000001	496.750732421875
13.34	493.8896484375
13.345999999999998	491.0450744628906
13.350999999999999	493.8896484375
13.357000000000001	493.8896484375
13.363	496.750732421875
13.369000000000002	493.8896484375
13.375	488.216796875
13.38	502.5227355957031
13.386	485.4048767089844
13.392000000000001	493.8896484375
13.398	502.5227355957031
13.404000000000002	482.609130859375
13.41	496.750732421875
13.415	488.216796875
13.421	493.8896484375
13.427	493.8896484375
13.433	488.216796875
13.439	502.5227355957031
13.444	482.609130859375
13.45	491.0450744628906
13.456	502.5227355957031
13.462	491.0450744628906
13.468	493.8896484375
13.472999999999999	493.8896484375
13.479000000000001	496.750732421875
13.485	493.8896484375
13.491	488.216796875
13.497	496.750732421875
13.502	493.8896484375
13.508	488.216796875
13.514000000000001	493.8896484375
13.52	488.216796875
13.526	488.216796875
13.530999999999999	491.0450744628906
13.537	496.750732421875
13.543	491.0450744628906
13.549000000000001	488.216796875
13.555	499.62841796875
13.56	493.8896484375
13.565999999999999	502.5227355957031
13.572000000000001	496.750732421875
13.578	491.0450744628906
13.584000000000001	493.8896484375
13.589	493.8896484375
13.595	491.0450744628906
13.600999999999999	493.8896484375
13.607000000000001	493.8896484375
13.613	491.0450744628906
13.619000000000002	493.8896484375
13.624	496.750732421875
13.63	485.4048767089844
13.636	491.0450744628906
13.642000000000001	496.750732421875
13.648	493.8896484375
13.652999999999999	499.62841796875
13.659	493.8896484375
13.665	488.216796875
13.671	493.8896484375
13.677	502.5227355957031
13.682	502.5227355957031
13.687999999999999	493.8896484375
13.694	496.750732421875
13.7	491.0450744628906
13.706	499.62841796875
13.710999999999999	496.750732421875
13.717	493.8896484375
13.722999999999999	488.216796875
13.729000000000001	485.4048767089844
13.735	502.5227355957031
13.74	482.609130859375
13.745999999999999	502.5227355957031
13.752	488.216796875
13.758	496.750732421875
13.764000000000001	488.216796875
13.769	493.8896484375
13.775	505.4338684082031
13.780999999999999	488.216796875
13.787	493.8896484375
13.793	491.0450744628906
13.798	496.750732421875
13.804	493.8896484375
13.81	485.4048767089844
13.815999999999999	491.0450744628906
13.822000000000001	485.4048767089844
13.827	493.8896484375
13.833	499.62841796875
13.839	482.609130859375
13.845	482.609130859375
13.850999999999999	499.62841796875
13.857000000000001	485.4048767089844
13.862	496.750732421875
13.868	488.216796875
13.874	499.62841796875
13.88	496.750732421875
13.886	482.609130859375
13.890999999999998	493.8896484375
13.897	491.0450744628906
13.902999999999999	493.8896484375
13.909	493.8896484375
13.915	491.0450744628906
13.92	493.8896484375
13.925999999999998	491.0450744628906
13.932	493.8896484375
13.937999999999999	488.216796875
13.944	491.0450744628906
13.949000000000002	491.0450744628906
13.955	485.4048767089844
13.960999999999999	499.62841796875
13.967	491.0450744628906
13.972999999999999	493.8896484375
13.978	493.8896484375
13.984000000000002	493.8896484375
13.99	493.8896484375
13.995999999999999	491.0450744628906
14.002	502.5227355957031
14.007	491.0450744628906
14.013	493.8896484375
14.019	493.8896484375
14.025	496.750732421875
14.030999999999999	499.62841796875
14.036	499.62841796875
14.042	491.0450744628906
14.048	488.216796875
14.054	493.8896484375
14.06	517.2478637695312
14.065	482.609130859375
14.071	499.62841796875
14.077	491.0450744628906
14.083	496.750732421875
14.089	499.62841796875
14.095	488.216796875
14.1	502.5227355957031
14.106	491.0450744628906
14.112	493.8896484375
14.118	493.8896484375
14.124	499.62841796875
14.129000000000001	488.216796875
14.135	488.216796875
14.140999999999998	491.0450744628906
14.147	493.8896484375
14.152999999999999	496.750732421875
14.158	493.8896484375
14.164000000000001	491.0450744628906
14.17	493.8896484375
14.175999999999998	493.8896484375
14.182	493.8896484375
14.187000000000001	493.8896484375
14.193	496.750732421875
14.199000000000002	491.0450744628906
14.205	499.62841796875
14.210999999999999	499.62841796875
14.216	493.8896484375
14.222000000000001	496.750732421875
14.228	491.0450744628906
14.234000000000002	485.4048767089844
14.24	499.62841796875
14.245	485.4048767089844
14.251	499.62841796875
14.257	493.8896484375
14.263	493.8896484375
14.269	496.750732421875
14.274000000000001	466.16961669921875
14.28	493.8896484375
14.286	491.0450744628906
14.292	493.8896484375
14.298	496.750732421875
14.302999999999999	485.4048767089844
14.309000000000001	502.5227355957031
14.315	482.609130859375
14.321	496.750732421875
14.327	485.4048767089844
14.333	496.750732421875
14.338	496.750732421875
14.344000000000001	488.216796875
14.35	499.62841796875
14.356	488.216796875
14.362	499.62841796875
14.367	502.5227355957031
14.373	499.62841796875
14.379000000000001	493.8896484375
14.385	491.0450744628906
14.390999999999998	491.0450744628906
14.395999999999999	499.62841796875
14.402000000000001	493.8896484375
14.408	491.0450744628906
14.414000000000001	493.8896484375
14.42	493.8896484375
14.425	499.62841796875
14.431	479.8294982910156
14.437000000000001	499.62841796875
14.443	493.8896484375
14.449000000000002	493.8896484375
14.454	499.62841796875
14.46	493.8896484375
14.466	493.8896484375
14.472000000000001	485.4048767089844
14.478	493.8896484375
14.482999999999999	499.62841796875
14.489	493.8896484375
14.495	505.4338684082031
14.501	496.750732421875
14.507	485.4048767089844
14.512	499.62841796875
14.517999999999999	468.8700866699219
14.524000000000001	499.62841796875
14.53	493.8896484375
14.536	493.8896484375
14.540999999999999	496.750732421875
14.547	488.216796875
14.552999999999999	493.8896484375
14.559000000000001	499.62841796875
14.565	485.4048767089844
14.571	505.4338684082031
14.575999999999999	485.4048767089844
14.582	488.216796875
14.588	502.5227355957031
14.594000000000001	482.609130859375
14.6	508.36181640625
14.605	493.8896484375
14.610999999999999	496.750732421875
14.617	485.4048767089844
14.623	474.3181457519531
14.629000000000001	505.4338684082031
14.634	477.06585693359375
14.64	499.62841796875
14.645999999999999	485.4048767089844
14.652000000000001	502.5227355957031
14.658	496.750732421875
14.663	491.0450744628906
14.669	496.750732421875
14.675	493.8896484375
14.681	499.62841796875
14.687000000000001	493.8896484375
14.692	499.62841796875
14.698	491.0450744628906
14.704	496.750732421875
14.71	493.8896484375
14.716	493.8896484375
14.720999999999998	499.62841796875
14.727	488.216796875
14.732999999999999	502.5227355957031
14.739	493.8896484375
14.745	496.750732421875
14.75	496.750732421875
14.755999999999998	491.0450744628906
14.762	502.5227355957031
14.767999999999999	482.609130859375
14.774000000000001	499.62841796875
14.78	499.62841796875
14.785	482.609130859375
14.790999999999999	502.5227355957031
