0.0	0.0
0.006	0.0
0.012	0.0
0.017	0.0
0.023	0.0
0.028999999999999998	0.0
0.035	0.0
0.040999999999999995	0.0
0.046	0.0
0.052000000000000005	0.0
0.057999999999999996	0.0
0.064	0.0
0.07	0.0
0.075	0.0
0.081	0.0
0.087	0.0
0.09300000000000001	0.0
0.099	0.0
0.10400000000000001	0.0
0.11	0.0
0.11599999999999999	0.0
0.122	0.0
0.128	0.0
0.134	0.0
0.139	0.0
0.145	0.0
0.151	0.0
0.157	0.0
0.163	0.0
0.168	0.0
0.174	0.0
0.18	0.0
0.18600000000000003	0.0
0.192	0.0
0.19699999999999998	0.0
0.203	0.0
0.209	0.0
0.215	0.0
0.221	0.0
0.226	0.0
0.23199999999999998	0.0
0.23800000000000002	0.0
0.244	0.0
0.25	0.0
0.255	0.0
0.261	0.0
0.267	0.0
0.273	0.0
0.27899999999999997	0.0
0.284	0.0
0.29	0.0
0.29600000000000004	0.0
0.302	0.0
0.308	0.0
0.313	0.0
0.319	0.0
0.325	0.0
0.331	0.0
0.337	0.0
0.342	0.0
0.348	0.0
0.354	0.0
0.36	0.0
0.366	0.0
0.37200000000000005	0.0
0.377	0.0
0.38299999999999995	0.0
0.389	0.0
0.395	0.0
0.401	0.0
0.406	0.0
0.41200000000000003	0.0
0.418	0.0
0.424	0.0
0.43	0.0
0.435	0.0
0.441	0.0
0.447	0.0
0.45299999999999996	0.0
0.45899999999999996	0.0
0.46399999999999997	0.0
0.47	0.0
0.47600000000000003	0.0
0.48200000000000004	0.0
0.488	0.0
0.493	0.0
0.499	0.0
0.505	0.0
0.511	0.0
0.517	0.0
0.522	0.0
0.528	0.0
0.534	0.0
0.54	0.0
0.546	0.0
0.551	0.0
0.557	0.0
0.563	0.0
0.569	0.0
0.575	0.0
0.58	0.0
0.586	0.0
0.5920000000000001	0.0
0.598	0.0
0.604	0.0
0.61	0.0
0.615	0.0
0.621	0.0
0.627	0.0
0.633	0.0
0.639	0.0
0.644	0.0
0.65	0.0
0.6559999999999999	0.0
0.662	0.0
0.6679999999999999	0.0
0.6729999999999999	0.0
0.679	0.0
0.685	0.0
0.691	0.0
0.6970000000000001	0.0
0.7020000000000001	0.0
0.708	0.0
0.7140000000000001	0.0
0.72	0.0
0.726	0.0
0.731	0.0
0.737	0.0
0.743	0.0
0.7490000000000001	0.0
0.755	0.0
0.76	0.0
0.7659999999999999	0.0
0.772	0.0
0.778	0.0
0.784	0.0
0.789	0.0
0.795	0.0
0.8009999999999999	0.0
0.807	0.0
0.813	0.0
0.8190000000000001	0.0
0.8240000000000001	0.0
0.83	0.0
0.836	0.0
0.8420000000000001	0.0
0.848	0.0
0.853	0.0
0.8590000000000001	0.0
0.865	0.0
0.871	0.0
0.877	0.0
0.882	0.0
0.888	0.0
0.894	0.0
0.9	0.0
0.9059999999999999	0.0
0.9109999999999999	0.0
0.917	0.0
0.9229999999999999	0.0
0.929	0.0
0.935	0.0
0.94	0.0
0.946	0.0
0.9520000000000001	0.0
0.958	0.0
0.9640000000000001	0.0
0.9690000000000001	0.0
0.975	0.0
0.981	0.0
0.987	0.0
0.993	0.0
0.998	0.0
1.004	0.0
1.01	0.0
1.016	0.0
1.022	0.0
1.0270000000000001	0.0
1.033	0.0
1.0390000000000001	0.0
1.045	0.0
1.051	0.0
1.057	0.0
1.062	0.0
1.068	0.0
1.074	0.0
1.08	0.0
1.0859999999999999	0.0
1.091	0.0
1.097	0.0
1.103	0.0
1.109	0.0
1.115	0.0
1.12	0.0
1.126	0.0
1.1320000000000001	0.0
1.138	0.0
1.1440000000000001	0.0
1.149	0.0
1.155	0.0
1.161	0.0
1.167	0.0
1.173	0.0
1.178	0.0
1.1840000000000002	0.0
1.19	0.0
1.196	0.0
1.202	0.0
1.207	0.0
1.213	0.0
1.219	0.0
1.225	0.0
1.2309999999999999	0.0
1.236	0.0
1.242	0.0
1.248	0.0
1.254	0.0
1.26	0.0
1.265	0.0
1.271	0.0
1.2770000000000001	0.0
1.2830000000000001	0.0
1.2890000000000001	0.0
1.295	0.0
1.3	0.0
1.306	0.0
1.3119999999999998	0.0
1.318	0.0
1.324	0.0
1.329	0.0
1.335	0.0
1.341	0.0
1.347	0.0
1.3530000000000002	0.0
1.358	0.0
1.364	0.0
1.37	293.6676330566406
1.376	297.0799255371094
1.382	302.2728271484375
1.3869999999999998	298.8009033203125
1.393	305.7850646972656
1.399	290.2945861816406
1.405	311.1301574707031
1.411	307.5564880371094
1.416	302.2728271484375
1.422	293.6676330566406
1.4280000000000002	307.5564880371094
1.4340000000000002	304.0238952636719
1.44	309.3381652832031
1.445	305.7850646972656
1.4509999999999998	325.8448486328125
1.4569999999999999	300.5318298339844
1.463	291.9762268066406
1.469	314.74530029296875
1.474	304.0238952636719
1.48	307.5564880371094
1.486	307.5564880371094
1.492	293.6676330566406
1.4980000000000002	304.0238952636719
1.5030000000000001	307.5564880371094
1.5090000000000001	304.0238952636719
1.515	307.5564880371094
1.521	309.3381652832031
1.527	309.3381652832031
1.5330000000000001	302.2728271484375
1.538	305.7850646972656
1.544	307.5564880371094
1.55	307.5564880371094
1.556	311.1301574707031
1.5619999999999998	311.1301574707031
1.567	311.1301574707031
1.5730000000000002	305.7850646972656
1.579	312.9324951171875
1.585	300.5318298339844
1.591	309.3381652832031
1.5959999999999999	307.5564880371094
1.6019999999999999	314.74530029296875
1.608	307.5564880371094
1.614	309.3381652832031
1.62	312.9324951171875
1.625	312.9324951171875
1.631	307.5564880371094
1.6369999999999998	309.3381652832031
1.643	309.3381652832031
1.649	305.7850646972656
1.6540000000000001	312.9324951171875
1.66	314.74530029296875
1.666	311.1301574707031
1.672	309.3381652832031
1.6780000000000002	314.74530029296875
1.683	316.5686340332031
1.689	305.7850646972656
1.695	309.3381652832031
1.7009999999999998	311.1301574707031
1.7069999999999999	311.1301574707031
1.712	323.9681091308594
1.7180000000000002	318.4024963378906
1.724	302.2728271484375
1.73	314.74530029296875
1.736	329.6310119628906
1.7409999999999999	307.5564880371094
1.7469999999999999	312.9324951171875
1.7530000000000001	312.9324951171875
1.7590000000000001	314.74530029296875
1.765	323.9681091308594
1.771	322.1021728515625
1.776	307.5564880371094
1.7819999999999998	314.74530029296875
1.788	335.3929138183594
1.794	314.74530029296875
1.8	318.4024963378906
1.805	311.1301574707031
1.811	314.74530029296875
1.817	320.24700927734375
1.8230000000000002	312.9324951171875
1.829	309.3381652832031
1.834	312.9324951171875
1.84	312.9324951171875
1.8459999999999999	322.1021728515625
1.8519999999999999	318.4024963378906
1.858	309.3381652832031
1.8630000000000002	320.24700927734375
1.869	318.4024963378906
1.875	316.5686340332031
1.881	318.4024963378906
1.8869999999999998	318.4024963378906
1.892	322.1021728515625
1.8980000000000001	320.24700927734375
1.9040000000000001	312.9324951171875
1.91	316.5686340332031
1.916	309.3381652832031
1.921	316.5686340332031
1.9269999999999998	309.3381652832031
1.933	312.9324951171875
1.939	311.1301574707031
1.945	309.3381652832031
1.95	318.4024963378906
1.956	343.2323913574219
1.962	349.2320251464844
1.9680000000000002	335.3929138183594
1.974	314.74530029296875
1.98	309.3381652832031
1.985	311.1301574707031
1.9909999999999999	311.1301574707031
1.9969999999999999	314.74530029296875
2.003	316.5686340332031
2.009	309.3381652832031
2.0140000000000002	293.6676330566406
2.02	300.5318298339844
2.026	305.7850646972656
2.032	290.2945861816406
2.0380000000000003	291.9762268066406
2.043	298.8009033203125
2.049	286.9602355957031
2.055	285.3074645996094
2.061	290.2945861816406
2.0669999999999997	291.9762268066406
2.072	283.6641845703125
2.0780000000000003	293.6676330566406
2.084	291.9762268066406
2.09	285.3074645996094
2.096	290.2945861816406
2.101	291.9762268066406
2.1069999999999998	286.9602355957031
2.113	288.6225891113281
2.119	286.9602355957031
2.125	288.6225891113281
2.13	293.6676330566406
2.136	291.9762268066406
2.142	290.2945861816406
2.148	290.2945861816406
2.154	293.6676330566406
2.1590000000000003	293.6676330566406
2.165	293.6676330566406
2.171	291.9762268066406
2.177	297.0799255371094
2.1830000000000003	290.2945861816406
2.188	293.6676330566406
2.194	297.0799255371094
2.2	293.6676330566406
2.206	293.6676330566406
2.2119999999999997	295.36883544921875
2.218	297.0799255371094
2.2230000000000003	295.36883544921875
2.229	295.36883544921875
2.235	300.5318298339844
2.241	295.36883544921875
2.247	295.36883544921875
2.252	298.8009033203125
2.258	295.36883544921875
2.2640000000000002	295.36883544921875
2.27	293.6676330566406
2.276	297.0799255371094
2.281	295.36883544921875
2.287	291.9762268066406
2.293	297.0799255371094
2.299	293.6676330566406
2.305	291.9762268066406
2.31	298.8009033203125
2.316	295.36883544921875
2.322	293.6676330566406
2.3280000000000003	297.0799255371094
2.334	295.36883544921875
2.339	291.9762268066406
2.345	295.36883544921875
2.351	297.0799255371094
2.3569999999999998	293.6676330566406
2.363	297.0799255371094
2.3680000000000003	291.9762268066406
2.374	291.9762268066406
2.38	297.0799255371094
2.386	297.0799255371094
2.392	290.2945861816406
2.397	295.36883544921875
2.403	298.8009033203125
2.4090000000000003	293.6676330566406
2.415	298.8009033203125
2.421	293.6676330566406
2.426	295.36883544921875
2.432	295.36883544921875
2.438	293.6676330566406
2.444	290.2945861816406
2.45	290.2945861816406
2.456	295.36883544921875
2.461	295.36883544921875
2.467	288.6225891113281
2.4730000000000003	300.5318298339844
2.479	300.5318298339844
2.485	288.6225891113281
2.49	293.6676330566406
2.496	298.8009033203125
2.502	295.36883544921875
2.508	288.6225891113281
2.5140000000000002	298.8009033203125
2.519	295.36883544921875
2.525	285.3074645996094
2.531	297.0799255371094
2.537	298.8009033203125
2.543	291.9762268066406
2.548	293.6676330566406
2.5540000000000003	291.9762268066406
2.56	297.0799255371094
2.5660000000000003	291.9762268066406
2.572	293.6676330566406
2.577	298.8009033203125
2.583	293.6676330566406
2.589	288.6225891113281
2.595	300.5318298339844
2.6010000000000004	297.0799255371094
2.6060000000000003	290.2945861816406
2.612	298.8009033203125
2.6180000000000003	295.36883544921875
2.6239999999999997	291.9762268066406
2.63	298.8009033203125
2.635	295.36883544921875
2.641	293.6676330566406
2.647	295.36883544921875
2.653	293.6676330566406
2.659	297.0799255371094
2.6639999999999997	297.0799255371094
2.67	293.6676330566406
2.676	295.36883544921875
2.682	293.6676330566406
2.688	291.9762268066406
2.694	295.36883544921875
2.699	297.0799255371094
2.705	290.2945861816406
2.7110000000000003	293.6676330566406
2.717	297.0799255371094
2.7230000000000003	290.2945861816406
2.728	291.9762268066406
2.734	302.2728271484375
2.74	291.9762268066406
2.7460000000000004	293.6676330566406
2.752	295.36883544921875
2.7569999999999997	293.6676330566406
2.763	297.0799255371094
2.7689999999999997	295.36883544921875
2.775	291.9762268066406
2.781	297.0799255371094
2.786	293.6676330566406
2.792	293.6676330566406
2.798	297.0799255371094
2.804	293.6676330566406
2.81	295.36883544921875
2.815	298.8009033203125
2.821	291.9762268066406
2.827	298.8009033203125
2.833	293.6676330566406
2.839	291.9762268066406
2.844	297.0799255371094
2.85	295.36883544921875
2.8560000000000003	293.6676330566406
2.862	293.6676330566406
2.8680000000000003	295.36883544921875
2.873	293.6676330566406
2.8789999999999996	293.6676330566406
2.885	290.2945861816406
2.891	295.36883544921875
2.897	297.0799255371094
2.9019999999999997	288.6225891113281
2.908	293.6676330566406
2.9139999999999997	297.0799255371094
2.92	288.6225891113281
2.926	293.6676330566406
2.932	297.0799255371094
2.937	290.2945861816406
2.943	291.9762268066406
2.949	293.6676330566406
2.955	290.2945861816406
2.9610000000000003	291.9762268066406
2.966	293.6676330566406
2.972	291.9762268066406
2.978	295.36883544921875
2.984	291.9762268066406
2.99	295.36883544921875
2.995	297.0799255371094
3.0010000000000003	293.6676330566406
3.0069999999999997	297.0799255371094
3.013	298.8009033203125
3.0189999999999997	295.36883544921875
3.0239999999999996	297.0799255371094
3.03	295.36883544921875
3.036	295.36883544921875
3.042	298.8009033203125
3.048	293.6676330566406
3.053	291.9762268066406
3.0589999999999997	298.8009033203125
3.065	293.6676330566406
3.071	291.9762268066406
3.077	297.0799255371094
3.082	295.36883544921875
3.088	293.6676330566406
3.094	295.36883544921875
3.1	288.6225891113281
3.1060000000000003	297.0799255371094
3.111	291.9762268066406
3.117	290.2945861816406
3.123	297.0799255371094
3.1289999999999996	290.2945861816406
3.135	291.9762268066406
3.14	298.8009033203125
3.1460000000000004	291.9762268066406
3.1519999999999997	293.6676330566406
3.158	298.8009033203125
3.1639999999999997	293.6676330566406
3.17	293.6676330566406
3.175	297.0799255371094
3.181	295.36883544921875
3.187	297.0799255371094
3.193	293.6676330566406
3.199	298.8009033203125
3.2039999999999997	297.0799255371094
3.21	293.6676330566406
3.216	297.0799255371094
3.222	295.36883544921875
3.228	295.36883544921875
3.233	293.6676330566406
3.239	290.2945861816406
3.245	295.36883544921875
3.2510000000000003	297.0799255371094
3.2569999999999997	288.6225891113281
3.262	293.6676330566406
3.2680000000000002	298.8009033203125
3.2739999999999996	290.2945861816406
3.28	291.9762268066406
3.286	293.6676330566406
3.2910000000000004	288.6225891113281
3.2969999999999997	293.6676330566406
3.303	290.2945861816406
3.3089999999999997	290.2945861816406
3.315	293.6676330566406
3.32	291.9762268066406
3.326	295.36883544921875
3.332	295.36883544921875
3.338	293.6676330566406
3.344	297.0799255371094
3.3489999999999998	293.6676330566406
3.355	297.0799255371094
3.361	297.0799255371094
3.367	297.0799255371094
3.373	298.8009033203125
3.3789999999999996	295.36883544921875
3.384	295.36883544921875
3.39	295.36883544921875
3.3960000000000004	293.6676330566406
3.4019999999999997	295.36883544921875
3.408	295.36883544921875
3.4130000000000003	293.6676330566406
3.4189999999999996	293.6676330566406
3.425	295.36883544921875
3.431	295.36883544921875
3.437	293.6676330566406
3.4419999999999997	286.9602355957031
3.448	298.8009033203125
3.4539999999999997	293.6676330566406
3.46	291.9762268066406
3.466	295.36883544921875
3.471	293.6676330566406
3.477	288.6225891113281
3.483	290.2945861816406
3.489	288.6225891113281
3.495	286.9602355957031
3.5	293.6676330566406
3.5060000000000002	291.9762268066406
3.512	288.6225891113281
3.5180000000000002	293.6676330566406
3.5239999999999996	291.9762268066406
3.529	288.6225891113281
3.535	297.0799255371094
3.5410000000000004	291.9762268066406
3.5469999999999997	291.9762268066406
3.553	302.2728271484375
3.5580000000000003	291.9762268066406
3.5639999999999996	290.2945861816406
3.57	295.36883544921875
3.576	297.0799255371094
3.582	297.0799255371094
3.5869999999999997	293.6676330566406
3.593	300.5318298339844
3.5989999999999998	295.36883544921875
3.605	297.0799255371094
3.611	300.5318298339844
3.617	291.9762268066406
3.622	293.6676330566406
3.628	298.8009033203125
3.634	293.6676330566406
3.64	295.36883544921875
3.6460000000000004	304.0238952636719
3.6510000000000002	295.36883544921875
3.657	290.2945861816406
3.6630000000000003	297.0799255371094
3.6689999999999996	298.8009033203125
3.675	274.0014953613281
3.68	295.36883544921875
3.6860000000000004	295.36883544921875
3.6919999999999997	280.4060363769531
3.698	293.6676330566406
3.7039999999999997	297.0799255371094
3.7089999999999996	286.9602355957031
3.715	297.0799255371094
3.721	298.8009033203125
3.727	288.6225891113281
3.733	297.0799255371094
3.738	297.0799255371094
3.7439999999999998	291.9762268066406
3.75	295.36883544921875
3.7560000000000002	297.0799255371094
3.762	295.36883544921875
3.767	297.0799255371094
3.773	295.36883544921875
3.779	295.36883544921875
3.785	297.0799255371094
3.7910000000000004	293.6676330566406
3.7960000000000003	293.6676330566406
3.802	297.0799255371094
3.8080000000000003	290.2945861816406
3.8139999999999996	293.6676330566406
3.82	295.36883544921875
3.825	290.2945861816406
3.8310000000000004	293.6676330566406
3.8369999999999997	295.36883544921875
3.843	290.2945861816406
3.8489999999999998	291.9762268066406
3.855	291.9762268066406
3.86	286.9602355957031
3.866	290.2945861816406
3.872	293.6676330566406
3.878	288.6225891113281
3.884	290.2945861816406
3.889	291.9762268066406
3.895	288.6225891113281
3.9010000000000002	291.9762268066406
3.907	295.36883544921875
3.9130000000000003	286.9602355957031
3.918	280.4060363769531
3.924	304.0238952636719
3.93	291.9762268066406
3.9360000000000004	297.0799255371094
3.9419999999999997	295.36883544921875
3.947	297.0799255371094
3.9530000000000003	293.6676330566406
3.9589999999999996	295.36883544921875
3.965	295.36883544921875
3.971	293.6676330566406
3.9760000000000004	295.36883544921875
3.9819999999999998	293.6676330566406
3.988	295.36883544921875
3.9939999999999998	293.6676330566406
4.0	291.9762268066406
4.005	293.6676330566406
4.011	302.2728271484375
4.0169999999999995	288.6225891113281
4.023	286.9602355957031
4.029	311.1301574707031
4.034	290.2945861816406
4.04	278.7909851074219
4.046	261.6279602050781
4.052	264.6679382324219
4.058	282.0304260253906
4.063	302.2728271484375
4.069	295.36883544921875
4.075	300.5318298339844
4.081	297.0799255371094
4.087	293.6676330566406
4.093	297.0799255371094
4.098	298.8009033203125
4.104	295.36883544921875
4.11	295.36883544921875
4.1160000000000005	297.0799255371094
4.122	298.8009033203125
4.127	295.36883544921875
4.133	291.9762268066406
4.138999999999999	295.36883544921875
4.145	290.2945861816406
4.151	288.6225891113281
4.156000000000001	293.6676330566406
4.162	286.9602355957031
4.168	288.6225891113281
4.1739999999999995	293.6676330566406
4.18	283.6641845703125
4.185	290.2945861816406
4.191	290.2945861816406
4.197	274.0014953613281
4.203	290.2945861816406
4.209	311.1301574707031
4.2139999999999995	327.73248291015625
4.22	325.8448486328125
4.226	305.7850646972656
4.232	297.0799255371094
4.238	295.36883544921875
4.243	302.2728271484375
4.249	295.36883544921875
4.255	300.5318298339844
4.261	307.5564880371094
4.2669999999999995	298.8009033203125
4.272	297.0799255371094
4.2780000000000005	295.36883544921875
4.284	298.8009033203125
4.29	295.36883544921875
4.296	293.6676330566406
4.301	297.0799255371094
4.3069999999999995	297.0799255371094
4.313	293.6676330566406
4.319	291.9762268066406
4.325	298.8009033203125
4.331	290.2945861816406
4.336	280.4060363769531
4.342	295.36883544921875
4.348	298.8009033203125
4.354	280.4060363769531
4.36	290.2945861816406
4.365	298.8009033203125
4.371	307.5564880371094
4.377	322.1021728515625
4.383	304.0238952636719
4.388999999999999	300.5318298339844
4.394	295.36883544921875
4.4	297.0799255371094
4.406000000000001	291.9762268066406
4.412	297.0799255371094
4.418	302.2728271484375
4.423	290.2945861816406
4.428999999999999	293.6676330566406
4.435	298.8009033203125
4.441	304.0238952636719
4.447	293.6676330566406
4.452	295.36883544921875
4.458	298.8009033203125
4.4639999999999995	298.8009033203125
4.47	297.0799255371094
4.476	293.6676330566406
4.481	295.36883544921875
4.487	297.0799255371094
4.493	293.6676330566406
4.499	291.9762268066406
4.505	293.6676330566406
4.51	291.9762268066406
4.516	291.9762268066406
4.522	291.9762268066406
4.5280000000000005	291.9762268066406
4.534	293.6676330566406
4.54	293.6676330566406
4.545	291.9762268066406
4.551	293.6676330566406
4.5569999999999995	295.36883544921875
4.563	293.6676330566406
4.569	291.9762268066406
4.574	293.6676330566406
4.58	0.0
4.586	0.0
4.592	0.0
4.598	0.0
4.603	0.0
4.609	0.0
4.615	0.0
4.621	0.0
4.627	0.0
4.632	0.0
4.638	0.0
4.644	0.0
4.65	0.0
4.656000000000001	0.0
4.6610000000000005	0.0
4.667	0.0
4.673	0.0
4.678999999999999	0.0
4.685	0.0
4.69	0.0
4.696000000000001	0.0
4.702	0.0
4.708	0.0
4.7139999999999995	0.0
4.718999999999999	0.0
4.725	0.0
4.731	0.0
4.737	0.0
4.743	0.0
4.748	0.0
4.754	0.0
4.76	0.0
4.766	0.0
4.772	0.0
4.7780000000000005	0.0
4.783	0.0
4.789	0.0
4.795	0.0
4.801	0.0
4.8069999999999995	0.0
4.812	0.0
4.8180000000000005	0.0
4.824	0.0
4.83	0.0
4.836	0.0
4.841	0.0
4.8469999999999995	0.0
4.853	0.0
4.859	0.0
4.865	0.0
4.87	0.0
4.876	0.0
4.882	0.0
4.888	0.0
4.894	0.0
4.899	0.0
4.905	0.0
4.9110000000000005	0.0
4.917	0.0
4.923	0.0
4.928	0.0
4.934	0.0
4.94	0.0
4.946000000000001	0.0
4.952	0.0
4.957	0.0
4.963	0.0
4.968999999999999	0.0
4.975	0.0
4.981	0.0
4.986000000000001	0.0
4.992	0.0
4.998	0.0
5.004	0.0
5.01	0.0
5.016	0.0
5.021	0.0
5.027	0.0
5.033	0.0
5.039	0.0
5.045	0.0
5.05	0.0
5.056	0.0
5.062	0.0
5.0680000000000005	0.0
5.074	0.0
5.079	0.0
5.085	0.0
5.091	0.0
5.0969999999999995	0.0
5.103	0.0
5.1080000000000005	0.0
5.114	0.0
5.12	0.0
5.126	0.0
5.132000000000001	0.0
5.1370000000000005	0.0
5.143	0.0
5.149	0.0
5.155	0.0
5.1610000000000005	0.0
5.166	0.0
5.172000000000001	0.0
5.178	0.0
5.184	0.0
5.19	0.0
5.195	0.0
5.2010000000000005	0.0
5.207000000000001	0.0
5.212999999999999	0.0
5.218999999999999	0.0
5.224	0.0
5.23	0.0
5.236000000000001	0.0
5.242000000000001	0.0
5.247999999999999	0.0
5.254	0.0
5.2589999999999995	0.0
5.265	0.0
5.271	0.0
5.277	0.0
5.2829999999999995	0.0
5.287999999999999	0.0
5.294	0.0
5.3	0.0
5.306	0.0
5.312	0.0
5.317	0.0
5.3229999999999995	0.0
5.329	0.0
5.335	0.0
5.341	0.0
5.346	0.0
5.352	244.107421875
5.358	266.201171875
5.364	257.1333312988281
5.37	260.1210632324219
5.375	255.65234375
5.381	266.201171875
5.3870000000000005	255.65234375
5.393	264.6679382324219
5.399	254.17987060546875
5.404	255.65234375
5.41	263.1435852050781
5.416	254.17987060546875
5.422000000000001	261.6279602050781
5.428	258.6228942871094
5.433	257.1333312988281
5.439	264.6679382324219
5.445	254.17987060546875
5.4510000000000005	258.6228942871094
5.457000000000001	264.6679382324219
5.462000000000001	251.26034545898438
5.468	266.201171875
5.474	245.5215301513672
5.48	263.1435852050781
5.486000000000001	258.6228942871094
5.492000000000001	278.7909851074219
5.497000000000001	264.6679382324219
5.502999999999999	260.1210632324219
5.5089999999999995	263.1435852050781
5.515	261.6279602050781
5.521	251.26034545898438
5.526	263.1435852050781
5.532	255.65234375
5.537999999999999	255.65234375
5.544	263.1435852050781
5.55	263.1435852050781
5.555	258.6228942871094
5.561	264.6679382324219
5.567	260.1210632324219
5.5729999999999995	260.1210632324219
5.579	264.6679382324219
5.584	257.1333312988281
5.59	260.1210632324219
5.596	264.6679382324219
5.602	261.6279602050781
5.608	258.6228942871094
5.6129999999999995	263.1435852050781
5.619	263.1435852050781
5.625	261.6279602050781
5.631	261.6279602050781
5.6370000000000005	264.6679382324219
5.642	260.1210632324219
5.648	261.6279602050781
5.654	263.1435852050781
5.66	254.17987060546875
5.666	258.6228942871094
5.671	261.6279602050781
5.6770000000000005	285.3074645996094
5.683	295.36883544921875
5.689	278.7909851074219
5.695	261.6279602050781
5.7	270.8542785644531
5.706	264.6679382324219
5.712000000000001	261.6279602050781
5.718	269.2942810058594
5.724	261.6279602050781
5.73	264.6679382324219
5.735	266.201171875
5.7410000000000005	261.6279602050781
5.747000000000001	266.201171875
5.752999999999999	264.6679382324219
5.7589999999999995	267.7432556152344
5.763999999999999	264.6679382324219
5.77	264.6679382324219
5.776	264.6679382324219
5.782	264.6679382324219
5.787999999999999	264.6679382324219
5.792999999999999	266.201171875
5.7989999999999995	267.7432556152344
5.805	266.201171875
5.811	282.0304260253906
5.817	264.6679382324219
5.822	264.6679382324219
5.827999999999999	260.1210632324219
5.834	274.0014953613281
5.84	0.0
5.846	0.0
5.851	0.0
5.857	0.0
5.8629999999999995	0.0
5.869	0.0
5.875	0.0
5.88	0.0
5.886	0.0
5.892	0.0
5.898	0.0
5.904	0.0
5.909	0.0
5.915	0.0
5.921	0.0
5.9270000000000005	0.0
5.933	0.0
5.939	0.0
5.944	0.0
5.95	0.0
5.956	0.0
5.962000000000001	272.42333984375
5.968	288.6225891113281
5.973	286.9602355957031
5.979	297.0799255371094
5.985	288.6225891113281
5.9910000000000005	300.5318298339844
5.997000000000001	293.6676330566406
6.002000000000001	288.6225891113281
6.007999999999999	291.9762268066406
6.013999999999999	293.6676330566406
6.02	286.9602355957031
6.026	285.3074645996094
6.031000000000001	295.36883544921875
6.037000000000001	286.9602355957031
6.042999999999999	305.7850646972656
6.0489999999999995	300.5318298339844
6.055	297.0799255371094
6.06	295.36883544921875
6.066	297.0799255371094
6.072	300.5318298339844
6.077999999999999	293.6676330566406
6.084	300.5318298339844
6.0889999999999995	304.0238952636719
6.095	300.5318298339844
6.101	302.2728271484375
6.107	298.8009033203125
6.1129999999999995	291.9762268066406
6.117999999999999	293.6676330566406
6.124	285.3074645996094
6.13	291.9762268066406
6.136	291.9762268066406
6.142	295.36883544921875
6.147	297.0799255371094
6.153	297.0799255371094
6.159	291.9762268066406
6.165	295.36883544921875
6.171	290.2945861816406
6.1770000000000005	295.36883544921875
6.182	291.9762268066406
6.188	293.6676330566406
6.194	297.0799255371094
6.2	295.36883544921875
6.206	295.36883544921875
6.211	293.6676330566406
6.2170000000000005	295.36883544921875
6.223	293.6676330566406
6.229	293.6676330566406
6.235	293.6676330566406
6.24	295.36883544921875
6.246	293.6676330566406
6.252000000000001	297.0799255371094
6.257999999999999	293.6676330566406
6.263999999999999	293.6676330566406
6.269	295.36883544921875
6.275	293.6676330566406
6.281000000000001	290.2945861816406
6.287000000000001	297.0799255371094
6.292999999999999	291.9762268066406
6.297999999999999	297.0799255371094
6.303999999999999	290.2945861816406
6.31	297.0799255371094
6.316	291.9762268066406
6.322	291.9762268066406
6.327000000000001	293.6676330566406
6.332999999999999	297.0799255371094
6.3389999999999995	291.9762268066406
6.345	297.0799255371094
6.351	291.9762268066406
6.356	291.9762268066406
6.362	293.6676330566406
6.367999999999999	291.9762268066406
6.374	286.9602355957031
6.38	297.0799255371094
6.385	293.6676330566406
6.391	293.6676330566406
6.397	291.9762268066406
6.403	300.5318298339844
6.409	290.2945861816406
6.415	293.6676330566406
6.42	298.8009033203125
6.426	291.9762268066406
6.432	291.9762268066406
6.438	298.8009033203125
6.444	293.6676330566406
6.449	293.6676330566406
6.455	298.8009033203125
6.461	297.0799255371094
6.4670000000000005	293.6676330566406
6.473	295.36883544921875
6.478	298.8009033203125
6.484	295.36883544921875
6.49	295.36883544921875
6.496	295.36883544921875
6.502000000000001	293.6676330566406
6.507000000000001	297.0799255371094
6.513	298.8009033203125
6.519	297.0799255371094
6.525	300.5318298339844
6.531000000000001	297.0799255371094
6.5360000000000005	285.3074645996094
6.542000000000001	280.4060363769531
6.547999999999999	316.5686340332031
6.553999999999999	343.2323913574219
6.56	351.2550964355469
6.565	345.220703125
6.571000000000001	347.2205810546875
6.577000000000001	357.39495849609375
6.582999999999999	361.5477294921875
6.5889999999999995	343.2323913574219
6.593999999999999	331.5405578613281
6.6	331.5405578613281
6.606	349.2320251464844
6.612	365.74871826171875
6.617999999999999	345.220703125
6.622999999999999	353.2899475097656
6.629	329.6310119628906
6.635	305.7850646972656
6.641	322.1021728515625
6.647	322.1021728515625
6.653	325.8448486328125
6.6579999999999995	339.2900085449219
6.664	339.2900085449219
6.67	329.6310119628906
6.676	341.2555236816406
6.682	349.2320251464844
6.687	353.2899475097656
6.693	351.2550964355469
6.699	353.2899475097656
6.705	349.2320251464844
6.711	349.2320251464844
6.716	353.2899475097656
6.722	351.2550964355469
6.728	359.4653625488281
6.734	353.2899475097656
6.74	349.2320251464844
6.745	361.5477294921875
6.751	355.3365173339844
6.757000000000001	327.73248291015625
6.763	353.2899475097656
6.769	335.3929138183594
6.774	355.3365173339844
6.78	359.4653625488281
6.7860000000000005	353.2899475097656
6.792000000000001	345.220703125
6.797999999999999	353.2899475097656
6.803	333.4611511230469
6.809	347.2205810546875
6.815	347.2205810546875
6.821000000000001	349.2320251464844
6.827000000000001	341.2555236816406
6.832000000000001	359.4653625488281
6.837999999999999	339.2900085449219
6.843999999999999	359.4653625488281
6.85	335.3929138183594
6.856	353.2899475097656
6.861000000000001	349.2320251464844
6.867000000000001	351.2550964355469
6.872999999999999	351.2550964355469
6.879	351.2550964355469
6.885	347.2205810546875
6.891	357.39495849609375
6.896	347.2205810546875
6.902	357.39495849609375
6.9079999999999995	349.2320251464844
6.914	355.3365173339844
6.92	349.2320251464844
6.925	355.3365173339844
6.931	343.2323913574219
6.937	357.39495849609375
6.943	345.220703125
6.949	353.2899475097656
6.954	345.220703125
6.96	351.2550964355469
6.966	345.220703125
6.972	355.3365173339844
6.978	345.220703125
6.983	355.3365173339844
6.989	343.2323913574219
6.995	353.2899475097656
7.001	345.220703125
7.007000000000001	349.2320251464844
7.0120000000000005	349.2320251464844
7.018	357.39495849609375
7.024	341.2555236816406
7.03	347.2205810546875
7.0360000000000005	341.2555236816406
7.041	349.2320251464844
7.047000000000001	349.2320251464844
7.053	355.3365173339844
7.059	341.2555236816406
7.065	349.2320251464844
7.07	341.2555236816406
7.0760000000000005	353.2899475097656
7.082000000000001	349.2320251464844
7.087999999999999	353.2899475097656
7.093999999999999	339.2900085449219
7.1	345.220703125
7.105	347.2205810546875
7.111000000000001	353.2899475097656
7.117000000000001	351.2550964355469
7.122999999999999	347.2205810546875
7.129	335.3929138183594
7.1339999999999995	345.220703125
7.14	347.2205810546875
7.146	349.2320251464844
7.152	337.3358154296875
7.1579999999999995	341.2555236816406
7.162999999999999	341.2555236816406
7.169	351.2550964355469
7.175	347.2205810546875
7.181	351.2550964355469
7.187	335.3929138183594
7.192	343.2323913574219
7.1979999999999995	347.2205810546875
7.204	329.6310119628906
7.21	322.1021728515625
7.216	345.220703125
7.221	339.2900085449219
7.227	347.2205810546875
7.233	322.1021728515625
7.239	339.2900085449219
7.245	351.2550964355469
7.25	347.2205810546875
7.256	349.2320251464844
7.2620000000000005	335.3929138183594
7.268	349.2320251464844
7.274	355.3365173339844
7.279	361.5477294921875
7.285	361.5477294921875
7.291	359.4653625488281
7.297000000000001	351.2550964355469
7.303	349.2320251464844
7.308	380.84039306640625
7.314	367.8675231933594
7.32	365.74871826171875
7.3260000000000005	383.0466003417969
7.332000000000001	383.0466003417969
7.337999999999999	387.4974365234375
7.343	385.2655944824219
7.349	380.84039306640625
7.355	387.4974365234375
7.361000000000001	396.5548095703125
7.367000000000001	398.8520202636719
7.372000000000001	385.2655944824219
7.377999999999999	391.99993896484375
7.3839999999999995	396.5548095703125
7.39	391.99993896484375
7.396	391.99993896484375
7.401	391.99993896484375
7.407	394.27081298828125
7.412999999999999	391.99993896484375
7.419	389.7421875
7.425	396.5548095703125
7.43	389.7421875
7.436	391.99993896484375
7.442	391.99993896484375
7.4479999999999995	391.99993896484375
7.454	391.99993896484375
7.459	387.4974365234375
7.465	391.99993896484375
7.471	387.4974365234375
7.477	389.7421875
7.483	391.99993896484375
7.4879999999999995	391.99993896484375
7.494	389.7421875
7.5	389.7421875
7.506	387.4974365234375
7.5120000000000005	394.27081298828125
7.517	389.7421875
7.523	391.99993896484375
7.529	389.7421875
7.535	385.2655944824219
7.541	389.7421875
7.546	387.4974365234375
7.5520000000000005	389.7421875
7.558	389.7421875
7.564	389.7421875
7.57	389.7421875
7.5760000000000005	391.99993896484375
7.581	391.99993896484375
7.587000000000001	391.99993896484375
7.593	394.27081298828125
7.599	391.99993896484375
7.605	391.99993896484375
7.61	389.7421875
7.6160000000000005	394.27081298828125
7.622000000000001	389.7421875
7.627999999999999	387.4974365234375
7.6339999999999995	396.5548095703125
7.638999999999999	387.4974365234375
7.645	389.7421875
7.651	387.4974365234375
7.657	396.5548095703125
7.662999999999999	389.7421875
7.667999999999999	387.4974365234375
7.6739999999999995	391.99993896484375
7.68	396.5548095703125
7.686	398.8520202636719
7.692	389.7421875
7.697	394.27081298828125
7.702999999999999	396.5548095703125
7.709	394.27081298828125
7.715	391.99993896484375
7.721	389.7421875
7.726	396.5548095703125
7.732	391.99993896484375
7.7379999999999995	389.7421875
7.744	389.7421875
7.75	394.27081298828125
7.755	394.27081298828125
7.761	389.7421875
7.767	387.4974365234375
7.773	389.7421875
7.779	391.99993896484375
7.784	389.7421875
7.79	391.99993896484375
7.796	389.7421875
7.8020000000000005	391.99993896484375
7.808	389.7421875
7.814	385.2655944824219
7.819	396.5548095703125
7.825	394.27081298828125
7.831	394.27081298828125
7.837000000000001	385.2655944824219
7.843	394.27081298828125
7.848	394.27081298828125
7.854	394.27081298828125
7.86	398.8520202636719
7.8660000000000005	396.5548095703125
7.872000000000001	394.27081298828125
7.877000000000001	389.7421875
7.882999999999999	391.99993896484375
7.888999999999999	394.27081298828125
7.895	396.5548095703125
7.901	391.99993896484375
7.906000000000001	387.4974365234375
7.912000000000001	378.64691162109375
7.917999999999999	389.7421875
7.9239999999999995	394.27081298828125
7.93	389.7421875
7.935	389.7421875
7.941	387.4974365234375
7.947	391.99993896484375
7.952999999999999	391.99993896484375
7.959	387.4974365234375
7.9639999999999995	385.2655944824219
7.97	391.99993896484375
7.976	389.7421875
7.982	391.99993896484375
7.9879999999999995	391.99993896484375
7.992999999999999	391.99993896484375
7.999	391.99993896484375
8.005	367.8675231933594
8.011000000000001	387.4974365234375
8.017000000000001	398.8520202636719
8.022	396.5548095703125
8.027999999999999	391.99993896484375
8.033999999999999	394.27081298828125
8.04	387.4974365234375
8.046	389.7421875
8.052	391.99993896484375
8.057	391.99993896484375
8.062999999999999	389.7421875
8.068999999999999	387.4974365234375
8.075	387.4974365234375
8.081	389.7421875
8.086	391.99993896484375
8.092	391.99993896484375
8.097999999999999	389.7421875
8.104	383.0466003417969
8.11	391.99993896484375
8.115	398.8520202636719
8.121	396.5548095703125
8.127	394.27081298828125
8.133	387.4974365234375
8.139	387.4974365234375
8.144	391.99993896484375
8.15	389.7421875
8.156	394.27081298828125
8.162	391.99993896484375
8.168	389.7421875
8.173	385.2655944824219
8.179	378.64691162109375
8.185	403.4864807128906
8.191	398.8520202636719
8.197000000000001	398.8520202636719
8.202	389.7421875
8.208	398.8520202636719
8.214	396.5548095703125
8.22	394.27081298828125
8.226	398.8520202636719
8.231	398.8520202636719
8.237	380.84039306640625
8.243	369.99853515625
8.249	378.64691162109375
8.255	396.5548095703125
8.26	405.8238830566406
8.266	391.99993896484375
8.272	389.7421875
8.277999999999999	378.64691162109375
8.283999999999999	389.7421875
8.29	394.27081298828125
8.295	389.7421875
8.301	394.27081298828125
8.307	387.4974365234375
8.312999999999999	387.4974365234375
8.318999999999999	394.27081298828125
8.324	391.99993896484375
8.33	396.5548095703125
8.336	389.7421875
8.342	363.64215087890625
8.347999999999999	391.99993896484375
8.353	396.5548095703125
8.359	403.4864807128906
8.365	398.8520202636719
8.371	398.8520202636719
8.377	369.99853515625
8.382	394.27081298828125
8.388	403.4864807128906
8.394	398.8520202636719
8.4	401.1625671386719
8.406	403.4864807128906
8.411	389.7421875
8.417	369.99853515625
8.423	389.7421875
8.429	401.1625671386719
8.435	403.4864807128906
8.44	396.5548095703125
8.446	398.8520202636719
8.452	389.7421875
8.458	391.99993896484375
8.464	387.4974365234375
8.469	396.5548095703125
8.475	405.8238830566406
8.481	396.5548095703125
8.487	396.5548095703125
8.493	394.27081298828125
8.499	401.1625671386719
8.504	391.99993896484375
8.51	396.5548095703125
8.516	398.8520202636719
8.522	396.5548095703125
8.527999999999999	394.27081298828125
8.533	387.4974365234375
8.539	401.1625671386719
8.545	394.27081298828125
8.551	396.5548095703125
8.557	398.8520202636719
8.562000000000001	403.4864807128906
8.568	398.8520202636719
8.574	389.7421875
8.58	396.5548095703125
8.586	405.8238830566406
8.591000000000001	401.1625671386719
8.597000000000001	401.1625671386719
8.603	398.8520202636719
8.609	401.1625671386719
8.615	398.8520202636719
8.62	398.8520202636719
8.626	394.27081298828125
8.632	398.8520202636719
8.638	367.8675231933594
8.644	353.2899475097656
8.649	345.220703125
8.655	376.4660339355469
8.661	0.0
8.667	357.39495849609375
8.673	343.2323913574219
8.677999999999999	335.3929138183594
8.684	343.2323913574219
8.69	341.2555236816406
8.696	339.2900085449219
8.702	349.2320251464844
8.707	347.2205810546875
8.713	345.220703125
8.719	343.2323913574219
8.725	353.2899475097656
8.731	351.2550964355469
8.737	339.2900085449219
8.742	349.2320251464844
8.748	347.2205810546875
8.754	347.2205810546875
8.76	343.2323913574219
8.766	335.3929138183594
8.771	345.220703125
8.777000000000001	353.2899475097656
8.783	355.3365173339844
8.789	339.2900085449219
8.795	355.3365173339844
8.8	353.2899475097656
8.806000000000001	349.2320251464844
8.812000000000001	353.2899475097656
8.818	345.220703125
8.824	353.2899475097656
8.829	339.2900085449219
8.835	359.4653625488281
8.841000000000001	349.2320251464844
8.847000000000001	355.3365173339844
8.853	349.2320251464844
8.857999999999999	353.2899475097656
8.863999999999999	351.2550964355469
8.87	345.220703125
8.876	353.2899475097656
8.882	351.2550964355469
8.887	357.39495849609375
8.892999999999999	347.2205810546875
8.899	355.3365173339844
8.905	345.220703125
8.911	359.4653625488281
8.916	343.2323913574219
8.922	353.2899475097656
8.927999999999999	347.2205810546875
8.934	349.2320251464844
8.94	337.3358154296875
8.945	357.39495849609375
8.951	349.2320251464844
8.957	349.2320251464844
8.963	357.39495849609375
8.969	349.2320251464844
8.975	347.2205810546875
8.98	345.220703125
8.986	353.2899475097656
8.992	345.220703125
8.998	351.2550964355469
9.004	351.2550964355469
9.009	351.2550964355469
9.015	349.2320251464844
9.021	353.2899475097656
9.027000000000001	347.2205810546875
9.033	347.2205810546875
9.038	353.2899475097656
9.044	347.2205810546875
9.05	351.2550964355469
9.056000000000001	349.2320251464844
9.062000000000001	361.5477294921875
9.067	341.2555236816406
9.073	355.3365173339844
9.079	345.220703125
9.085	341.2555236816406
9.091000000000001	347.2205810546875
9.096	355.3365173339844
9.102	349.2320251464844
9.107999999999999	349.2320251464844
9.113999999999999	349.2320251464844
9.12	347.2205810546875
9.125	339.2900085449219
9.131	351.2550964355469
9.137	345.220703125
9.142999999999999	349.2320251464844
9.149	353.2899475097656
9.154	351.2550964355469
9.16	347.2205810546875
9.166	349.2320251464844
9.172	347.2205810546875
9.177999999999999	345.220703125
9.183	351.2550964355469
9.189	349.2320251464844
9.195	349.2320251464844
9.201	351.2550964355469
9.207	351.2550964355469
9.213	349.2320251464844
9.218	347.2205810546875
9.224	353.2899475097656
9.23	351.2550964355469
9.236	349.2320251464844
9.242	355.3365173339844
9.247	347.2205810546875
9.253	353.2899475097656
9.259	351.2550964355469
9.265	343.2323913574219
9.271	349.2320251464844
9.276	347.2205810546875
9.282	349.2320251464844
9.288	353.2899475097656
9.294	351.2550964355469
9.3	353.2899475097656
9.305	349.2320251464844
9.311	353.2899475097656
9.317	347.2205810546875
9.323	327.73248291015625
9.329	353.2899475097656
9.334	345.220703125
9.34	351.2550964355469
9.346	347.2205810546875
9.352	343.2323913574219
9.357999999999999	355.3365173339844
9.363	339.2900085449219
9.369	355.3365173339844
9.375	341.2555236816406
9.381	345.220703125
9.387	355.3365173339844
9.392000000000001	329.6310119628906
9.398	357.39495849609375
9.404	355.3365173339844
9.41	349.2320251464844
9.416	355.3365173339844
9.421	349.2320251464844
9.427	353.2899475097656
9.433	353.2899475097656
9.439	349.2320251464844
9.445	345.220703125
9.451	343.2323913574219
9.456	353.2899475097656
9.462	343.2323913574219
9.468	351.2550964355469
9.474	347.2205810546875
9.48	351.2550964355469
9.485	345.220703125
9.491	345.220703125
9.497	351.2550964355469
9.503	345.220703125
9.509	349.2320251464844
9.514	355.3365173339844
9.52	343.2323913574219
9.526	355.3365173339844
9.532	341.2555236816406
9.538	349.2320251464844
9.543	343.2323913574219
9.549	349.2320251464844
9.555	353.2899475097656
9.561	351.2550964355469
9.567	351.2550964355469
9.572000000000001	351.2550964355469
9.578	349.2320251464844
9.584	355.3365173339844
9.59	349.2320251464844
9.596	351.2550964355469
9.601	343.2323913574219
9.607000000000001	349.2320251464844
9.613	355.3365173339844
9.619	351.2550964355469
9.625	351.2550964355469
9.63	349.2320251464844
9.636000000000001	353.2899475097656
9.642000000000001	347.2205810546875
9.648	349.2320251464844
9.654	351.2550964355469
9.66	349.2320251464844
9.665	359.4653625488281
9.671	349.2320251464844
9.677	357.39495849609375
9.683	341.2555236816406
9.689	335.3929138183594
9.693999999999999	347.2205810546875
9.7	341.2555236816406
9.706	351.2550964355469
9.712	347.2205810546875
9.718	345.220703125
9.722999999999999	347.2205810546875
9.729	339.2900085449219
9.735	353.2899475097656
9.741	345.220703125
9.747	349.2320251464844
9.752	349.2320251464844
9.758	349.2320251464844
9.764	353.2899475097656
9.77	345.220703125
9.776	351.2550964355469
9.781	347.2205810546875
9.787	347.2205810546875
9.793	359.4653625488281
9.799	351.2550964355469
9.805	363.64215087890625
9.81	345.220703125
9.816	353.2899475097656
9.822000000000001	351.2550964355469
9.828	347.2205810546875
9.834	353.2899475097656
9.839	351.2550964355469
9.845	349.2320251464844
9.851	351.2550964355469
9.857000000000001	345.220703125
9.863	355.3365173339844
9.868	343.2323913574219
9.874	353.2899475097656
9.88	347.2205810546875
9.886000000000001	341.2555236816406
9.892000000000001	349.2320251464844
9.898	347.2205810546875
9.902999999999999	351.2550964355469
9.908999999999999	347.2205810546875
9.915	345.220703125
9.921	347.2205810546875
9.927	347.2205810546875
9.932	347.2205810546875
9.937999999999999	347.2205810546875
9.943999999999999	345.220703125
9.95	351.2550964355469
9.956	343.2323913574219
9.961	349.2320251464844
9.967	349.2320251464844
9.972999999999999	347.2205810546875
9.979	351.2550964355469
9.985	349.2320251464844
9.99	353.2899475097656
9.996	349.2320251464844
10.002	349.2320251464844
10.008	353.2899475097656
10.014	351.2550964355469
10.019	353.2899475097656
10.025	351.2550964355469
10.031	351.2550964355469
10.037	353.2899475097656
10.043	349.2320251464844
10.048	351.2550964355469
10.054	349.2320251464844
10.06	349.2320251464844
10.066	351.2550964355469
10.072000000000001	343.2323913574219
10.077	351.2550964355469
10.083	345.220703125
10.089	347.2205810546875
10.095	347.2205810546875
10.101	341.2555236816406
10.106	345.220703125
10.112	341.2555236816406
10.118	349.2320251464844
10.124	347.2205810546875
10.13	345.220703125
10.136000000000001	349.2320251464844
10.141	341.2555236816406
10.147	349.2320251464844
10.152999999999999	341.2555236816406
10.158999999999999	351.2550964355469
10.165	351.2550964355469
10.17	347.2205810546875
10.176	355.3365173339844
10.182	347.2205810546875
10.187999999999999	351.2550964355469
10.193999999999999	347.2205810546875
10.199	351.2550964355469
10.205	355.3365173339844
10.211	351.2550964355469
10.217	355.3365173339844
10.222999999999999	351.2550964355469
10.228	353.2899475097656
10.234	351.2550964355469
10.24	351.2550964355469
10.245999999999999	349.2320251464844
10.252	349.2320251464844
10.257	347.2205810546875
10.263	351.2550964355469
10.269	349.2320251464844
10.275	347.2205810546875
10.280999999999999	349.2320251464844
10.286	345.220703125
10.292	345.220703125
10.298	343.2323913574219
10.304	347.2205810546875
10.31	347.2205810546875
10.315	349.2320251464844
10.321	351.2550964355469
10.327	353.2899475097656
10.333	349.2320251464844
10.339	355.3365173339844
10.344000000000001	343.2323913574219
10.35	341.2555236816406
10.356	0.0
10.362	0.0
10.368	0.0
10.374	0.0
10.379000000000001	0.0
10.385	0.0
10.390999999999998	0.0
10.397	0.0
10.402999999999999	0.0
10.408	0.0
10.414000000000001	0.0
10.42	0.0
10.425999999999998	0.0
10.432	0.0
10.437000000000001	0.0
10.443	0.0
10.449000000000002	0.0
10.455	0.0
10.460999999999999	0.0
10.466	0.0
10.472000000000001	0.0
10.478	0.0
10.484000000000002	0.0
10.49	0.0
10.495	0.0
10.501	0.0
10.507	0.0
10.513	0.0
10.519	0.0
10.524000000000001	0.0
10.53	0.0
10.536	0.0
10.542	0.0
10.548	0.0
10.552999999999999	0.0
10.559000000000001	0.0
10.565	0.0
10.571	0.0
10.577	0.0
10.582	0.0
10.588	0.0
10.594000000000001	0.0
10.6	0.0
10.606	0.0
10.612	0.0
10.617	0.0
10.623	0.0
10.629000000000001	0.0
10.635	0.0
10.640999999999998	0.0
10.645999999999999	0.0
10.652000000000001	0.0
10.658	0.0
10.664000000000001	0.0
10.67	0.0
10.675	0.0
10.681	0.0
10.687000000000001	0.0
10.693	0.0
10.699000000000002	0.0
10.704	0.0
10.71	0.0
10.716	0.0
10.722000000000001	0.0
10.728	0.0
10.732999999999999	0.0
10.739	0.0
10.745	0.0
10.751	0.0
10.757	0.0
10.762	0.0
10.767999999999999	0.0
10.774000000000001	0.0
10.78	0.0
10.786	0.0
10.790999999999999	0.0
10.797	0.0
10.802999999999999	0.0
10.809000000000001	0.0
10.815	0.0
10.82	0.0
10.825999999999999	0.0
10.832	0.0
10.838	0.0
10.844000000000001	0.0
10.85	0.0
10.855	0.0
10.860999999999999	0.0
10.867	0.0
10.873	0.0
10.879000000000001	0.0
10.884	0.0
10.89	0.0
10.895999999999999	0.0
10.902000000000001	0.0
10.908	0.0
10.913	0.0
10.919	0.0
10.925	0.0
10.931	0.0
10.937000000000001	0.0
10.942	0.0
10.948	0.0
10.954	0.0
10.96	0.0
10.966	0.0
10.970999999999998	0.0
10.977	0.0
10.982999999999999	0.0
10.989	0.0
10.995	0.0
11.0	0.0
11.005999999999998	0.0
11.012	0.0
11.017999999999999	0.0
11.024000000000001	0.0
11.029000000000002	0.0
11.035	0.0
11.040999999999999	0.0
11.047	0.0
11.052999999999999	0.0
11.059000000000001	0.0
11.064	0.0
11.07	0.0
11.075999999999999	0.0
11.082	0.0
11.088	0.0
11.093	0.0
11.099	0.0
11.105	0.0
11.110999999999999	0.0
11.117	0.0
11.122	0.0
11.128	0.0
11.134	0.0
11.14	0.0
11.145999999999999	0.0
11.151	0.0
11.157	0.0
11.163	0.0
11.169	0.0
11.175	0.0
11.18	0.0
11.186	0.0
11.192	0.0
11.198	0.0
11.204	0.0
11.209000000000001	0.0
11.215	355.3365173339844
11.220999999999998	341.2555236816406
11.227	359.4653625488281
11.232999999999999	341.2555236816406
11.238	357.39495849609375
11.244000000000002	351.2550964355469
11.25	347.2205810546875
11.255999999999998	353.2899475097656
11.262	349.2320251464844
11.267000000000001	351.2550964355469
11.273	349.2320251464844
11.279000000000002	353.2899475097656
11.285	343.2323913574219
11.290999999999999	349.2320251464844
11.297	345.220703125
11.302	349.2320251464844
11.308	347.2205810546875
11.314	355.3365173339844
11.32	349.2320251464844
11.325999999999999	347.2205810546875
11.331	349.2320251464844
11.337	345.220703125
11.343	345.220703125
11.349	351.2550964355469
11.355	349.2320251464844
11.36	345.220703125
11.366	353.2899475097656
11.372	349.2320251464844
11.378	349.2320251464844
11.384	345.220703125
11.389000000000001	351.2550964355469
11.395	343.2323913574219
11.401	345.220703125
11.407	349.2320251464844
11.413	347.2205810546875
11.418	349.2320251464844
11.424000000000001	349.2320251464844
11.43	349.2320251464844
11.436	337.3358154296875
11.442	347.2205810546875
11.447000000000001	349.2320251464844
11.453	345.220703125
11.459000000000001	355.3365173339844
11.465	349.2320251464844
11.470999999999998	353.2899475097656
11.475999999999999	351.2550964355469
11.482000000000001	355.3365173339844
11.488	345.220703125
11.494000000000002	351.2550964355469
11.5	349.2320251464844
11.505	349.2320251464844
11.511	347.2205810546875
11.517000000000001	351.2550964355469
11.523	349.2320251464844
11.529000000000002	349.2320251464844
11.535	349.2320251464844
11.54	347.2205810546875
11.546	345.220703125
11.552	345.220703125
11.558	351.2550964355469
11.564	349.2320251464844
11.569	351.2550964355469
11.575	351.2550964355469
11.581	339.2900085449219
11.587	343.2323913574219
11.593	345.220703125
11.597999999999999	343.2323913574219
11.604000000000001	347.2205810546875
11.61	347.2205810546875
11.616	349.2320251464844
11.622	349.2320251464844
11.627	349.2320251464844
11.633	347.2205810546875
11.639000000000001	345.220703125
11.645	343.2323913574219
11.651	351.2550964355469
11.655999999999999	343.2323913574219
11.662	345.220703125
11.668	347.2205810546875
11.674000000000001	345.220703125
11.68	345.220703125
11.685	349.2320251464844
11.690999999999999	347.2205810546875
11.697000000000001	349.2320251464844
11.703	351.2550964355469
11.709000000000001	351.2550964355469
11.714	353.2899475097656
11.72	349.2320251464844
11.725999999999999	351.2550964355469
11.732000000000001	353.2899475097656
11.738	353.2899475097656
11.743	353.2899475097656
11.749	349.2320251464844
11.755	359.4653625488281
11.761	347.2205810546875
11.767000000000001	341.2555236816406
11.773	351.2550964355469
11.777999999999999	0.0
11.784	0.0
11.79	0.0
11.796	0.0
11.802	0.0
11.807	0.0
11.812999999999999	0.0
11.819	0.0
11.825	0.0
11.831	0.0
11.835999999999999	0.0
11.842	0.0
11.847999999999999	0.0
11.854000000000001	0.0
11.86	0.0
11.865	0.0
11.870999999999999	0.0
11.877	0.0
11.883	0.0
11.889000000000001	0.0
11.894	0.0
11.9	0.0
11.905999999999999	304.0238952636719
11.912	302.2728271484375
11.918	290.2945861816406
11.923	291.9762268066406
11.929	282.0304260253906
11.935	285.3074645996094
11.940999999999999	286.9602355957031
11.947000000000001	286.9602355957031
11.952	286.9602355957031
11.958	282.0304260253906
11.964	286.9602355957031
11.97	291.9762268066406
11.975999999999999	285.3074645996094
11.981	285.3074645996094
11.987	297.0799255371094
11.993	285.3074645996094
11.999	274.0014953613281
12.005	283.6641845703125
12.011	305.7850646972656
12.015999999999998	288.6225891113281
12.022	288.6225891113281
12.027999999999999	293.6676330566406
12.034	290.2945861816406
12.04	283.6641845703125
12.045	280.4060363769531
12.050999999999998	285.3074645996094
12.057	297.0799255371094
12.062999999999999	291.9762268066406
12.069	270.8542785644531
12.074000000000002	291.9762268066406
12.08	295.36883544921875
12.085999999999999	291.9762268066406
12.092	291.9762268066406
12.097999999999999	295.36883544921875
12.103	293.6676330566406
12.109000000000002	295.36883544921875
12.115	293.6676330566406
12.120999999999999	295.36883544921875
12.127	293.6676330566406
12.132	291.9762268066406
12.138	293.6676330566406
12.144	295.36883544921875
12.15	298.8009033203125
12.155999999999999	293.6676330566406
12.161	291.9762268066406
12.167	293.6676330566406
12.173	293.6676330566406
12.179	293.6676330566406
12.185	291.9762268066406
12.19	295.36883544921875
12.196	293.6676330566406
12.202	295.36883544921875
12.208	295.36883544921875
12.214	295.36883544921875
12.22	288.6225891113281
12.225	286.9602355957031
12.231	295.36883544921875
12.237	295.36883544921875
12.243	288.6225891113281
12.249	291.9762268066406
12.254000000000001	298.8009033203125
12.26	295.36883544921875
12.265999999999998	290.2945861816406
12.272	291.9762268066406
12.277999999999999	291.9762268066406
12.283	290.2945861816406
12.289000000000001	291.9762268066406
12.295	293.6676330566406
12.300999999999998	291.9762268066406
12.307	297.0799255371094
12.312000000000001	286.9602355957031
12.318	290.2945861816406
12.324000000000002	300.5318298339844
12.33	291.9762268066406
12.335999999999999	288.6225891113281
12.341	297.0799255371094
12.347000000000001	295.36883544921875
12.353	274.0014953613281
12.359000000000002	291.9762268066406
12.365	300.5318298339844
12.37	293.6676330566406
12.376	291.9762268066406
12.382	286.9602355957031
12.388	288.6225891113281
12.394	298.8009033203125
12.399000000000001	288.6225891113281
12.405	288.6225891113281
12.411	309.3381652832031
12.417	286.9602355957031
12.423	290.2945861816406
12.427999999999999	300.5318298339844
12.434000000000001	291.9762268066406
12.44	290.2945861816406
12.446	293.6676330566406
12.452	300.5318298339844
12.458	290.2945861816406
12.463	300.5318298339844
12.469000000000001	293.6676330566406
12.475	302.2728271484375
12.481	302.2728271484375
12.487	283.6641845703125
12.492	293.6676330566406
12.498	300.5318298339844
12.504000000000001	298.8009033203125
12.51	275.5887756347656
12.515999999999998	297.0799255371094
12.520999999999999	297.0799255371094
12.527000000000001	293.6676330566406
12.533	291.9762268066406
12.539000000000001	297.0799255371094
12.545	298.8009033203125
12.55	288.6225891113281
12.556	295.36883544921875
12.562000000000001	297.0799255371094
12.568	298.8009033203125
12.574000000000002	293.6676330566406
12.579	290.2945861816406
12.585	293.6676330566406
12.591	295.36883544921875
12.597000000000001	290.2945861816406
12.603	293.6676330566406
12.607999999999999	298.8009033203125
12.614	293.6676330566406
12.62	297.0799255371094
12.626	295.36883544921875
12.632	295.36883544921875
12.637	297.0799255371094
12.642999999999999	293.6676330566406
12.649000000000001	295.36883544921875
12.655	295.36883544921875
12.661	293.6676330566406
12.665999999999999	293.6676330566406
12.672	298.8009033203125
12.677999999999999	291.9762268066406
12.684000000000001	291.9762268066406
12.69	297.0799255371094
12.696	290.2945861816406
12.700999999999999	295.36883544921875
12.707	291.9762268066406
12.713	297.0799255371094
12.719000000000001	288.6225891113281
12.725	298.8009033203125
12.73	291.9762268066406
12.735999999999999	295.36883544921875
12.742	295.36883544921875
12.748	291.9762268066406
12.754000000000001	297.0799255371094
12.759	291.9762268066406
12.765	293.6676330566406
12.770999999999999	293.6676330566406
12.777000000000001	295.36883544921875
12.783	291.9762268066406
12.788	295.36883544921875
12.794	295.36883544921875
12.8	286.9602355957031
12.806	298.8009033203125
12.812000000000001	288.6225891113281
12.817	298.8009033203125
12.823	293.6676330566406
12.829	297.0799255371094
12.835	293.6676330566406
12.841	297.0799255371094
12.845999999999998	297.0799255371094
12.852	293.6676330566406
12.857999999999999	297.0799255371094
12.864	291.9762268066406
12.87	297.0799255371094
12.875	291.9762268066406
12.880999999999998	291.9762268066406
12.887	295.36883544921875
12.892999999999999	293.6676330566406
12.899000000000001	297.0799255371094
12.904000000000002	295.36883544921875
12.91	300.5318298339844
12.915999999999999	291.9762268066406
12.922	297.0799255371094
12.927999999999999	295.36883544921875
12.934000000000001	290.2945861816406
12.939	297.0799255371094
12.945	293.6676330566406
12.950999999999999	298.8009033203125
12.957	291.9762268066406
12.963	295.36883544921875
12.968	291.9762268066406
12.974	290.2945861816406
12.98	297.0799255371094
12.985999999999999	293.6676330566406
12.992	298.8009033203125
12.997	291.9762268066406
13.003	295.36883544921875
13.009	295.36883544921875
13.015	291.9762268066406
13.020999999999999	297.0799255371094
13.026	291.9762268066406
13.032	297.0799255371094
13.038	293.6676330566406
13.044	295.36883544921875
13.05	297.0799255371094
13.055	293.6676330566406
13.061	298.8009033203125
13.067	293.6676330566406
13.073	300.5318298339844
13.079	295.36883544921875
13.084000000000001	298.8009033203125
13.09	297.0799255371094
13.095999999999998	297.0799255371094
13.102	298.8009033203125
13.107999999999999	295.36883544921875
13.113	295.36883544921875
13.119000000000002	293.6676330566406
13.125	293.6676330566406
13.130999999999998	291.9762268066406
13.137	290.2945861816406
13.142000000000001	290.2945861816406
13.148	283.6641845703125
13.154000000000002	285.3074645996094
13.16	283.6641845703125
13.165999999999999	267.7432556152344
13.172	258.6228942871094
13.177	267.7432556152344
13.183	267.7432556152344
13.189	261.6279602050781
13.195	266.201171875
13.200999999999999	270.8542785644531
13.206	282.0304260253906
13.212	278.7909851074219
13.218	274.0014953613281
13.224	263.1435852050781
13.23	258.6228942871094
13.235	245.5215301513672
13.241	260.1210632324219
13.247	257.1333312988281
13.253	260.1210632324219
13.259	264.6679382324219
13.264000000000001	251.26034545898438
13.27	260.1210632324219
13.276	258.6228942871094
13.282	266.201171875
13.288	264.6679382324219
13.293	260.1210632324219
13.299000000000001	263.1435852050781
13.305	263.1435852050781
13.311	267.7432556152344
13.317	272.42333984375
13.322000000000001	261.6279602050781
13.328	267.7432556152344
13.334000000000001	261.6279602050781
13.34	242.70144653320312
13.345999999999998	245.5215301513672
13.350999999999999	260.1210632324219
13.357000000000001	261.6279602050781
13.363	261.6279602050781
13.369000000000002	252.71588134765625
13.375	258.6228942871094
13.38	272.42333984375
13.386	266.201171875
13.392000000000001	244.107421875
13.398	241.30357360839844
13.404000000000002	263.1435852050781
13.41	260.1210632324219
13.415	263.1435852050781
13.421	263.1435852050781
13.427	258.6228942871094
13.433	261.6279602050781
13.439	254.17987060546875
13.444	257.1333312988281
13.45	248.37437438964844
13.456	260.1210632324219
13.462	277.1852722167969
13.468	269.2942810058594
13.472999999999999	258.6228942871094
13.479000000000001	239.9137725830078
13.485	260.1210632324219
13.491	270.8542785644531
13.497	261.6279602050781
13.502	266.201171875
13.508	263.1435852050781
13.514000000000001	258.6228942871094
13.52	242.70144653320312
13.526	257.1333312988281
13.530999999999999	297.0799255371094
13.537	304.0238952636719
13.543	288.6225891113281
13.549000000000001	270.8542785644531
13.555	295.36883544921875
13.56	280.4060363769531
13.565999999999999	272.42333984375
13.572000000000001	255.65234375
13.578	260.1210632324219
13.584000000000001	264.6679382324219
13.589	263.1435852050781
13.595	261.6279602050781
13.600999999999999	266.201171875
13.607000000000001	263.1435852050781
13.613	266.201171875
13.619000000000002	266.201171875
13.624	264.6679382324219
13.63	258.6228942871094
13.636	261.6279602050781
13.642000000000001	278.7909851074219
13.648	293.6676330566406
13.652999999999999	295.36883544921875
13.659	295.36883544921875
13.665	275.5887756347656
13.671	263.1435852050781
13.677	260.1210632324219
13.682	264.6679382324219
13.687999999999999	275.5887756347656
13.694	298.8009033203125
13.7	297.0799255371094
13.706	304.0238952636719
13.710999999999999	295.36883544921875
13.717	295.36883544921875
13.722999999999999	295.36883544921875
13.729000000000001	297.0799255371094
13.735	297.0799255371094
13.74	305.7850646972656
13.745999999999999	318.4024963378906
13.752	316.5686340332031
13.758	309.3381652832031
13.764000000000001	288.6225891113281
13.769	295.36883544921875
13.775	297.0799255371094
13.780999999999999	286.9602355957031
13.787	298.8009033203125
13.793	295.36883544921875
13.798	295.36883544921875
13.804	300.5318298339844
13.81	297.0799255371094
13.815999999999999	295.36883544921875
13.822000000000001	293.6676330566406
13.827	293.6676330566406
13.833	295.36883544921875
13.839	314.74530029296875
13.845	293.6676330566406
13.850999999999999	291.9762268066406
13.857000000000001	290.2945861816406
13.862	293.6676330566406
13.868	293.6676330566406
13.874	291.9762268066406
13.88	291.9762268066406
13.886	278.7909851074219
13.890999999999998	261.6279602050781
13.897	266.201171875
13.902999999999999	260.1210632324219
13.909	267.7432556152344
13.915	263.1435852050781
13.92	251.26034545898438
13.925999999999998	258.6228942871094
13.932	261.6279602050781
13.937999999999999	254.17987060546875
13.944	264.6679382324219
13.949000000000002	258.6228942871094
13.955	261.6279602050781
13.960999999999999	274.0014953613281
13.967	266.201171875
13.972999999999999	261.6279602050781
13.978	263.1435852050781
13.984000000000002	263.1435852050781
13.99	264.6679382324219
13.995999999999999	257.1333312988281
14.002	261.6279602050781
14.007	263.1435852050781
14.013	258.6228942871094
14.019	261.6279602050781
14.025	261.6279602050781
14.030999999999999	264.6679382324219
14.036	282.0304260253906
14.042	293.6676330566406
14.048	291.9762268066406
14.054	295.36883544921875
14.06	283.6641845703125
14.065	293.6676330566406
14.071	288.6225891113281
14.077	302.2728271484375
14.083	286.9602355957031
14.089	291.9762268066406
14.095	288.6225891113281
14.1	280.4060363769531
14.106	270.8542785644531
14.112	260.1210632324219
14.118	255.65234375
14.124	269.2942810058594
14.129000000000001	269.2942810058594
14.135	257.1333312988281
14.140999999999998	261.6279602050781
14.147	261.6279602050781
14.152999999999999	269.2942810058594
14.158	266.201171875
14.164000000000001	258.6228942871094
14.17	257.1333312988281
14.175999999999998	266.201171875
14.182	269.2942810058594
14.187000000000001	261.6279602050781
14.193	257.1333312988281
14.199000000000002	257.1333312988281
14.205	277.1852722167969
14.210999999999999	261.6279602050781
14.216	239.9137725830078
14.222000000000001	305.7850646972656
14.228	282.0304260253906
14.234000000000002	291.9762268066406
14.24	290.2945861816406
14.245	290.2945861816406
14.251	278.7909851074219
14.257	260.1210632324219
14.263	263.1435852050781
14.269	263.1435852050781
14.274000000000001	266.201171875
14.28	267.7432556152344
14.286	275.5887756347656
14.292	261.6279602050781
14.298	263.1435852050781
14.302999999999999	270.8542785644531
14.309000000000001	269.2942810058594
14.315	260.1210632324219
14.321	264.6679382324219
14.327	269.2942810058594
14.333	266.201171875
14.338	267.7432556152344
14.344000000000001	288.6225891113281
14.35	293.6676330566406
14.356	298.8009033203125
14.362	277.1852722167969
14.367	293.6676330566406
14.373	293.6676330566406
14.379000000000001	293.6676330566406
14.385	280.4060363769531
14.390999999999998	302.2728271484375
14.395999999999999	295.36883544921875
14.402000000000001	291.9762268066406
14.408	277.1852722167969
14.414000000000001	261.6279602050781
14.42	255.65234375
14.425	260.1210632324219
14.431	257.1333312988281
14.437000000000001	258.6228942871094
14.443	298.8009033203125
14.449000000000002	290.2945861816406
14.454	290.2945861816406
14.46	290.2945861816406
14.466	297.0799255371094
14.472000000000001	288.6225891113281
14.478	293.6676330566406
14.482999999999999	285.3074645996094
14.489	264.6679382324219
14.495	263.1435852050781
14.501	263.1435852050781
14.507	274.0014953613281
14.512	264.6679382324219
14.517999999999999	263.1435852050781
14.524000000000001	251.26034545898438
14.53	260.1210632324219
14.536	264.6679382324219
14.540999999999999	264.6679382324219
14.547	260.1210632324219
14.552999999999999	261.6279602050781
14.559000000000001	270.8542785644531
14.565	266.201171875
14.571	266.201171875
14.575999999999999	290.2945861816406
14.582	280.4060363769531
14.588	286.9602355957031
14.594000000000001	266.201171875
14.6	266.201171875
14.605	260.1210632324219
14.610999999999999	260.1210632324219
14.617	266.201171875
14.623	254.17987060546875
14.629000000000001	263.1435852050781
14.634	260.1210632324219
14.64	267.7432556152344
14.645999999999999	255.65234375
14.652000000000001	261.6279602050781
14.658	249.8131866455078
14.663	258.6228942871094
14.669	264.6679382324219
14.675	258.6228942871094
14.681	246.94381713867188
14.687000000000001	261.6279602050781
14.692	269.2942810058594
14.698	258.6228942871094
14.704	277.1852722167969
14.71	282.0304260253906
14.716	261.6279602050781
14.720999999999998	258.6228942871094
14.727	264.6679382324219
14.732999999999999	264.6679382324219
14.739	263.1435852050781
14.745	264.6679382324219
14.75	263.1435852050781
14.755999999999998	274.0014953613281
14.762	264.6679382324219
14.767999999999999	257.1333312988281
14.774000000000001	254.17987060546875
14.78	249.8131866455078
14.785	261.6279602050781
14.790999999999999	283.6641845703125
14.797	290.2945861816406
14.802999999999999	290.2945861816406
14.809000000000001	291.9762268066406
14.814	297.0799255371094
14.82	291.9762268066406
14.825999999999999	291.9762268066406
14.832	288.6225891113281
14.838	288.6225891113281
14.843	290.2945861816406
14.849	282.0304260253906
14.855	298.8009033203125
14.860999999999999	293.6676330566406
14.867	286.9602355957031
14.872	257.1333312988281
14.878	241.30357360839844
14.884	235.79217529296875
14.89	239.9137725830078
14.895999999999999	257.1333312988281
14.901	264.6679382324219
14.907	246.94381713867188
14.913	260.1210632324219
14.919	263.1435852050781
14.925	252.71588134765625
14.93	264.6679382324219
14.936	272.42333984375
14.942	263.1435852050781
14.948	278.7909851074219
14.954	263.1435852050781
14.959000000000001	269.2942810058594
14.965	269.2942810058594
14.970999999999998	269.2942810058594
14.977	0.0
14.982999999999999	0.0
14.988	0.0
14.994000000000002	258.6228942871094
15.0	252.71588134765625
15.005999999999998	266.201171875
15.012	261.6279602050781
15.017999999999999	267.7432556152344
15.023	258.6228942871094
15.029000000000002	264.6679382324219
15.035	277.1852722167969
15.040999999999999	261.6279602050781
15.047	242.70144653320312
15.052	237.15809631347656
15.058	237.15809631347656
15.064	217.47483825683594
15.07	216.22227478027344
15.075999999999999	222.55809020996094
15.081	220.0017852783203
15.087	217.47483825683594
15.093	217.47483825683594
15.099	217.47483825683594
15.105	217.47483825683594
15.11	217.47483825683594
15.116	221.27626037597656
15.122	233.0838623046875
15.128	242.70144653320312
15.134	238.53195190429688
15.139000000000001	255.65234375
15.145	252.71588134765625
15.151	261.6279602050781
15.157	249.8131866455078
15.163	260.1210632324219
15.168	263.1435852050781
15.174000000000001	263.1435852050781
15.18	246.94381713867188
15.186	252.71588134765625
15.192	272.42333984375
15.197000000000001	260.1210632324219
15.203	263.1435852050781
15.209000000000001	275.5887756347656
15.215	258.6228942871094
15.220999999999998	249.8131866455078
15.225999999999999	267.7432556152344
15.232000000000001	264.6679382324219
15.238	249.8131866455078
15.244000000000002	239.9137725830078
15.25	242.70144653320312
15.255999999999998	230.40664672851562
15.261	235.79217529296875
15.267000000000001	227.7601776123047
15.273	233.0838623046875
15.279000000000002	242.70144653320312
15.285	242.70144653320312
15.29	246.94381713867188
15.296	227.7601776123047
15.302	0.0
15.308	0.0
15.314	0.0
15.319	0.0
15.325	0.0
15.331	0.0
15.337	0.0
15.343	0.0
15.347999999999999	0.0
15.354000000000001	0.0
15.36	0.0
15.366	0.0
15.372	0.0
15.377	0.0
15.383	0.0
15.389000000000001	0.0
15.395	0.0
15.401	0.0
15.405999999999999	0.0
15.412	0.0
15.418	0.0
15.424000000000001	0.0
15.43	0.0
15.435	0.0
15.440999999999999	0.0
15.447000000000001	0.0
15.453	0.0
15.459000000000001	0.0
15.464	0.0
15.47	0.0
15.475999999999999	0.0
15.482000000000001	0.0
15.488	0.0
15.494000000000002	0.0
15.499	0.0
15.505	0.0
15.511	0.0
15.517000000000001	0.0
15.523	0.0
15.527999999999999	0.0
15.534	0.0
15.54	0.0
15.546	0.0
15.552	0.0
15.557	0.0
15.562999999999999	0.0
15.569	0.0
15.575	0.0
15.581	0.0
15.585999999999999	0.0
15.592	0.0
15.597999999999999	0.0
15.604000000000001	0.0
15.61	0.0
15.615	0.0
15.620999999999999	0.0
15.627	0.0
15.633	0.0
15.639000000000001	0.0
15.644	0.0
15.65	0.0
15.655999999999999	0.0
15.662	0.0
15.668	0.0
15.673	0.0
15.679	0.0
15.685	0.0
15.690999999999999	0.0
15.697000000000001	0.0
15.702	0.0
15.708	0.0
15.714	0.0
15.72	0.0
15.725999999999999	0.0
15.732000000000001	0.0
15.737	0.0
15.743	0.0
15.749	0.0
15.755	0.0
15.761	0.0
15.765999999999998	0.0
15.772	0.0
15.777999999999999	408.1748046875
15.784	387.4974365234375
15.79	410.5393371582031
15.795	398.8520202636719
15.800999999999998	394.27081298828125
15.807	378.64691162109375
15.812999999999999	383.0466003417969
15.819	385.2655944824219
15.824000000000002	376.4660339355469
15.83	389.7421875
15.835999999999999	380.84039306640625
15.842	403.4864807128906
15.847999999999999	394.27081298828125
15.853	403.4864807128906
15.859000000000002	405.8238830566406
15.865	427.47918701171875
15.870999999999999	410.5393371582031
15.877	380.84039306640625
15.882	401.1625671386719
15.888	387.4974365234375
15.894	396.5548095703125
15.9	387.4974365234375
15.905999999999999	403.4864807128906
15.911	396.5548095703125
15.917	389.7421875
15.923	394.27081298828125
15.929	398.8520202636719
15.935	391.99993896484375
15.94	408.1748046875
15.946	391.99993896484375
15.952	398.8520202636719
15.958	391.99993896484375
15.964	380.84039306640625
15.97	394.27081298828125
15.975	380.84039306640625
15.981	391.99993896484375
15.987	0.0
15.993	0.0
15.999	0.0
16.004	0.0
16.01	0.0
16.016	0.0
16.022000000000002	0.0
16.028	0.0
16.033	0.0
16.039	0.0
16.045	0.0
16.051	0.0
16.057000000000002	0.0
16.062	0.0
16.067999999999998	0.0
16.074	0.0
16.08	0.0
16.086	0.0
16.090999999999998	0.0
16.097	0.0
16.102999999999998	0.0
16.109	0.0
16.115	0.0
16.12	0.0
16.125999999999998	0.0
16.132	0.0
16.137999999999998	0.0
16.144000000000002	0.0
16.149	0.0
16.155	0.0
16.160999999999998	0.0
16.167	0.0
16.173	0.0
16.179000000000002	0.0
16.184	0.0
16.19	0.0
16.195999999999998	0.0
16.202	0.0
16.208	0.0
16.213	0.0
16.219	0.0
16.225	0.0
16.230999999999998	0.0
16.237000000000002	0.0
16.242	0.0
16.248	0.0
16.254	0.0
16.26	0.0
16.266	0.0
16.271	0.0
16.277	0.0
16.283	0.0
16.289	0.0
16.295	0.0
16.3	0.0
16.305999999999997	0.0
16.312	0.0
16.317999999999998	0.0
16.324	0.0
16.329	0.0
16.335	0.0
16.340999999999998	0.0
16.347	353.2899475097656
16.352999999999998	351.2550964355469
16.358	343.2323913574219
16.364	351.2550964355469
16.37	339.2900085449219
16.375999999999998	341.2555236816406
16.382	349.2320251464844
16.387	351.2550964355469
16.393	347.2205810546875
16.399	351.2550964355469
16.405	351.2550964355469
16.410999999999998	347.2205810546875
16.417	351.2550964355469
16.422	345.220703125
16.428	351.2550964355469
16.434	351.2550964355469
16.44	349.2320251464844
16.445999999999998	351.2550964355469
16.451	349.2320251464844
16.457	347.2205810546875
16.463	349.2320251464844
16.469	347.2205810546875
16.475	349.2320251464844
16.48	345.220703125
16.486	349.2320251464844
16.492	353.2899475097656
16.498	349.2320251464844
16.504	349.2320251464844
16.509	345.220703125
16.515	349.2320251464844
16.521	355.3365173339844
16.527	355.3365173339844
16.533	349.2320251464844
16.538	351.2550964355469
16.544	349.2320251464844
16.55	355.3365173339844
16.555999999999997	353.2899475097656
16.562	343.2323913574219
16.567	347.2205810546875
16.573	355.3365173339844
16.579	349.2320251464844
16.585	351.2550964355469
16.590999999999998	349.2320251464844
16.596	355.3365173339844
16.602	347.2205810546875
16.608	349.2320251464844
16.614	345.220703125
16.62	343.2323913574219
16.625	349.2320251464844
16.631	351.2550964355469
16.637	345.220703125
16.643	353.2899475097656
16.649	345.220703125
16.655	347.2205810546875
16.66	357.39495849609375
16.666	345.220703125
16.672	349.2320251464844
16.678	357.39495849609375
16.684	349.2320251464844
16.689	349.2320251464844
16.695	353.2899475097656
16.701	349.2320251464844
16.707	347.2205810546875
16.713	355.3365173339844
16.718	345.220703125
16.724	345.220703125
16.73	357.39495849609375
16.736	349.2320251464844
16.742	343.2323913574219
16.747	353.2899475097656
16.753	355.3365173339844
16.759	349.2320251464844
16.765	347.2205810546875
16.771	327.73248291015625
16.776	349.2320251464844
16.782	351.2550964355469
16.788	341.2555236816406
16.794	347.2205810546875
16.8	349.2320251464844
16.805	355.3365173339844
16.811	347.2205810546875
16.817	347.2205810546875
16.823	341.2555236816406
16.829	353.2899475097656
16.834	351.2550964355469
16.84	351.2550964355469
16.846	349.2320251464844
16.852	355.3365173339844
16.858	355.3365173339844
16.863	357.39495849609375
16.869	349.2320251464844
16.875	353.2899475097656
16.881	359.4653625488281
16.887	351.2550964355469
16.893	353.2899475097656
16.898	355.3365173339844
16.904	361.5477294921875
16.91	355.3365173339844
16.916	347.2205810546875
16.922	357.39495849609375
16.927	365.74871826171875
16.933	355.3365173339844
16.939	347.2205810546875
16.945	353.2899475097656
16.951	349.2320251464844
16.956	345.220703125
16.962	329.6310119628906
16.968	307.5564880371094
16.974	293.6676330566406
16.98	312.9324951171875
16.985	322.1021728515625
16.991	0.0
16.997	0.0
17.003	0.0
17.009	314.74530029296875
17.014	302.2728271484375
17.02	293.6676330566406
17.026	304.0238952636719
17.032	325.8448486328125
17.038	304.0238952636719
17.043	307.5564880371094
17.049	297.0799255371094
17.055	311.1301574707031
17.061	291.9762268066406
17.067	290.2945861816406
17.072	293.6676330566406
17.078	295.36883544921875
17.084	285.3074645996094
17.09	295.36883544921875
17.096	305.7850646972656
17.101	285.3074645996094
17.107	304.0238952636719
17.113	290.2945861816406
17.119	290.2945861816406
17.125	291.9762268066406
17.131	293.6676330566406
17.136	291.9762268066406
17.142	297.0799255371094
17.148	295.36883544921875
17.154	295.36883544921875
17.16	290.2945861816406
17.165	291.9762268066406
17.171	295.36883544921875
17.177	291.9762268066406
17.183	295.36883544921875
17.189	295.36883544921875
17.194000000000003	297.0799255371094
17.2	293.6676330566406
17.206	293.6676330566406
17.212	298.8009033203125
17.218	291.9762268066406
17.223	291.9762268066406
17.229	297.0799255371094
17.235	293.6676330566406
17.241	291.9762268066406
17.247	293.6676330566406
17.252	291.9762268066406
17.258	295.36883544921875
17.264	295.36883544921875
17.27	293.6676330566406
17.276	293.6676330566406
17.281	293.6676330566406
17.287	293.6676330566406
17.293	293.6676330566406
17.299	295.36883544921875
17.305	290.2945861816406
17.31	295.36883544921875
17.316	295.36883544921875
17.322	291.9762268066406
17.328	293.6676330566406
17.334	295.36883544921875
17.34	295.36883544921875
17.345	293.6676330566406
17.351	290.2945861816406
17.357	291.9762268066406
17.363	298.8009033203125
17.369	290.2945861816406
17.374000000000002	291.9762268066406
17.38	298.8009033203125
17.386	293.6676330566406
17.392	291.9762268066406
17.398	295.36883544921875
17.403	297.0799255371094
17.409000000000002	291.9762268066406
17.415	293.6676330566406
17.421	295.36883544921875
17.427	304.0238952636719
17.432000000000002	295.36883544921875
17.438	295.36883544921875
17.444000000000003	297.0799255371094
17.45	295.36883544921875
17.456	295.36883544921875
17.461	291.9762268066406
17.467	297.0799255371094
17.473	295.36883544921875
17.479	291.9762268066406
17.485	297.0799255371094
17.49	291.9762268066406
17.496	293.6676330566406
17.502	295.36883544921875
17.508	295.36883544921875
17.514	295.36883544921875
17.519000000000002	293.6676330566406
17.525	297.0799255371094
17.531	298.8009033203125
17.537	275.5887756347656
17.543	0.0
17.548	0.0
17.554000000000002	0.0
17.56	0.0
17.566	0.0
17.572	0.0
17.578	0.0
17.583	0.0
17.589000000000002	0.0
17.595	0.0
17.601	0.0
17.607	0.0
17.612000000000002	0.0
17.618	0.0
17.624000000000002	0.0
17.63	0.0
17.636	0.0
17.641	0.0
17.647000000000002	0.0
17.653	0.0
17.659000000000002	0.0
17.665	0.0
17.67	0.0
17.676	0.0
17.682000000000002	0.0
17.688	0.0
17.694000000000003	291.9762268066406
17.699	290.2945861816406
17.705	295.36883544921875
17.711	291.9762268066406
17.717	295.36883544921875
17.723	293.6676330566406
17.727999999999998	300.5318298339844
17.734	293.6676330566406
17.74	295.36883544921875
17.746	291.9762268066406
17.752	295.36883544921875
17.757	295.36883544921875
17.762999999999998	291.9762268066406
17.769000000000002	290.2945861816406
17.775	295.36883544921875
17.781	297.0799255371094
17.785999999999998	297.0799255371094
17.792	290.2945861816406
17.798	291.9762268066406
17.804000000000002	295.36883544921875
17.81	293.6676330566406
17.816	297.0799255371094
17.820999999999998	295.36883544921875
17.827	293.6676330566406
17.833	297.0799255371094
17.839000000000002	297.0799255371094
17.845	297.0799255371094
17.85	297.0799255371094
17.855999999999998	291.9762268066406
17.862000000000002	295.36883544921875
17.868	295.36883544921875
17.874000000000002	297.0799255371094
17.879	295.36883544921875
17.885	298.8009033203125
17.891	291.9762268066406
17.897000000000002	295.36883544921875
17.903	298.8009033203125
17.908	291.9762268066406
17.914	291.9762268066406
17.92	291.9762268066406
17.926	295.36883544921875
17.932000000000002	295.36883544921875
17.937	295.36883544921875
17.942999999999998	295.36883544921875
17.949	297.0799255371094
17.955	298.8009033203125
17.961	291.9762268066406
17.965999999999998	295.36883544921875
17.972	291.9762268066406
17.977999999999998	290.2945861816406
17.984	297.0799255371094
17.99	293.6676330566406
17.995	290.2945861816406
18.000999999999998	293.6676330566406
18.007	295.36883544921875
18.012999999999998	291.9762268066406
18.019000000000002	297.0799255371094
18.024	291.9762268066406
18.03	291.9762268066406
18.035999999999998	297.0799255371094
18.042	291.9762268066406
18.048	293.6676330566406
18.054000000000002	295.36883544921875
18.059	295.36883544921875
18.065	293.6676330566406
18.070999999999998	297.0799255371094
18.077	295.36883544921875
18.083	295.36883544921875
18.088	290.2945861816406
18.094	295.36883544921875
18.1	295.36883544921875
18.105999999999998	291.9762268066406
18.112000000000002	293.6676330566406
18.117	295.36883544921875
18.123	295.36883544921875
18.129	286.9602355957031
18.135	295.36883544921875
18.141	272.42333984375
18.146	275.5887756347656
18.152	291.9762268066406
18.158	286.9602355957031
18.164	291.9762268066406
18.17	293.6676330566406
18.175	291.9762268066406
18.180999999999997	291.9762268066406
18.187	291.9762268066406
18.192999999999998	290.2945861816406
18.199	290.2945861816406
18.204	288.6225891113281
18.21	291.9762268066406
18.215999999999998	288.6225891113281
18.222	290.2945861816406
18.227999999999998	290.2945861816406
18.233	280.4060363769531
18.239	297.0799255371094
18.245	286.9602355957031
18.250999999999998	293.6676330566406
18.257	291.9762268066406
18.262	291.9762268066406
18.268	295.36883544921875
18.274	304.0238952636719
18.28	327.73248291015625
18.285999999999998	300.5318298339844
18.292	285.3074645996094
18.297	297.0799255371094
18.303	290.2945861816406
18.309	291.9762268066406
18.315	290.2945861816406
18.320999999999998	288.6225891113281
18.326	272.42333984375
18.332	0.0
18.338	0.0
18.344	0.0
18.35	325.8448486328125
18.355	304.0238952636719
18.361	311.1301574707031
18.367	300.5318298339844
18.373	325.8448486328125
18.379	314.74530029296875
18.384	307.5564880371094
18.39	312.9324951171875
18.396	320.24700927734375
18.402	309.3381652832031
18.408	309.3381652832031
18.413	309.3381652832031
18.419	309.3381652832031
18.425	311.1301574707031
18.430999999999997	304.0238952636719
18.437	307.5564880371094
18.442	304.0238952636719
18.448	305.7850646972656
18.454	295.36883544921875
18.46	291.9762268066406
18.465999999999998	297.0799255371094
18.471	297.0799255371094
18.477	302.2728271484375
18.483	300.5318298339844
18.489	293.6676330566406
18.495	290.2945861816406
18.5	291.9762268066406
18.506	295.36883544921875
18.512	302.2728271484375
18.518	298.8009033203125
18.524	305.7850646972656
18.53	298.8009033203125
18.535	300.5318298339844
18.541	291.9762268066406
18.547	288.6225891113281
18.553	290.2945861816406
18.559	290.2945861816406
18.564	293.6676330566406
18.57	298.8009033203125
18.576	290.2945861816406
18.582	300.5318298339844
18.588	283.6641845703125
18.593	286.9602355957031
18.599	278.7909851074219
18.605	293.6676330566406
18.611	282.0304260253906
18.617	295.36883544921875
18.622	298.8009033203125
18.628	295.36883544921875
18.634	290.2945861816406
18.64	288.6225891113281
18.646	295.36883544921875
18.651	305.7850646972656
18.657	297.0799255371094
18.663	316.5686340332031
18.669	318.4024963378906
18.675	307.5564880371094
18.68	316.5686340332031
18.686	290.2945861816406
18.692	311.1301574707031
18.698	298.8009033203125
18.704	314.74530029296875
18.709	302.2728271484375
18.715	316.5686340332031
18.721	311.1301574707031
18.727	316.5686340332031
18.733	304.0238952636719
18.739	314.74530029296875
18.744	309.3381652832031
18.75	305.7850646972656
18.756	314.74530029296875
18.762	307.5564880371094
18.768	312.9324951171875
18.773	304.0238952636719
18.779	316.5686340332031
18.785	314.74530029296875
18.791	305.7850646972656
18.797	311.1301574707031
18.802	311.1301574707031
18.808	304.0238952636719
18.814	304.0238952636719
18.82	316.5686340332031
18.826	305.7850646972656
18.831	312.9324951171875
18.837	309.3381652832031
18.843	305.7850646972656
18.849	309.3381652832031
18.855	307.5564880371094
18.86	309.3381652832031
18.866	311.1301574707031
18.872	312.9324951171875
18.878	312.9324951171875
18.884	318.4024963378906
18.889	309.3381652832031
18.895	307.5564880371094
18.901	311.1301574707031
18.907	302.2728271484375
18.913	314.74530029296875
18.918	312.9324951171875
18.924	314.74530029296875
18.93	305.7850646972656
18.936	314.74530029296875
18.942	307.5564880371094
18.947	322.1021728515625
18.953	311.1301574707031
18.959	312.9324951171875
18.965	309.3381652832031
18.971	304.0238952636719
18.977	305.7850646972656
18.982	314.74530029296875
18.988	311.1301574707031
18.994	307.5564880371094
19.0	320.24700927734375
19.006	302.2728271484375
19.011	312.9324951171875
19.017	314.74530029296875
19.023	316.5686340332031
19.029	309.3381652832031
19.035	311.1301574707031
19.04	309.3381652832031
19.046	305.7850646972656
19.052	312.9324951171875
19.058	309.3381652832031
19.064	311.1301574707031
19.069000000000003	300.5318298339844
19.075	307.5564880371094
19.081	316.5686340332031
19.087	302.2728271484375
19.093	311.1301574707031
19.098	304.0238952636719
19.104	314.74530029296875
19.11	305.7850646972656
19.116	318.4024963378906
19.122	314.74530029296875
19.127	307.5564880371094
19.133	309.3381652832031
19.139	311.1301574707031
19.145	322.1021728515625
19.151	300.5318298339844
19.156	309.3381652832031
19.162	311.1301574707031
19.168	314.74530029296875
19.174	307.5564880371094
19.18	318.4024963378906
19.185	307.5564880371094
19.191	314.74530029296875
19.197	320.24700927734375
19.203	307.5564880371094
19.209	312.9324951171875
19.215	312.9324951171875
19.22	307.5564880371094
19.226	307.5564880371094
19.232	312.9324951171875
19.238	304.0238952636719
19.244	316.5686340332031
19.249000000000002	316.5686340332031
19.255	312.9324951171875
19.261	311.1301574707031
19.267	307.5564880371094
19.273	285.3074645996094
19.278	312.9324951171875
19.284000000000002	322.1021728515625
19.29	312.9324951171875
19.296	318.4024963378906
19.302	309.3381652832031
19.307000000000002	314.74530029296875
19.313	314.74530029296875
19.319000000000003	307.5564880371094
19.325	314.74530029296875
19.331	314.74530029296875
19.336	312.9324951171875
19.342	309.3381652832031
19.348	320.24700927734375
19.354	302.2728271484375
19.36	309.3381652832031
19.365	318.4024963378906
19.371	314.74530029296875
19.377	318.4024963378906
19.383	309.3381652832031
19.389	311.1301574707031
19.394000000000002	311.1301574707031
19.4	318.4024963378906
19.406	302.2728271484375
19.412	311.1301574707031
19.418	314.74530029296875
19.423	312.9324951171875
19.429000000000002	311.1301574707031
19.435	316.5686340332031
19.441	311.1301574707031
19.447	311.1301574707031
19.453	312.9324951171875
19.458	311.1301574707031
19.464000000000002	312.9324951171875
19.47	311.1301574707031
19.476	323.9681091308594
19.482	316.5686340332031
19.487000000000002	314.74530029296875
19.493	318.4024963378906
19.499000000000002	309.3381652832031
19.505	305.7850646972656
19.511	309.3381652832031
19.516	312.9324951171875
19.522000000000002	311.1301574707031
19.528	314.74530029296875
19.534000000000002	335.3929138183594
19.54	320.24700927734375
19.545	312.9324951171875
19.551	331.5405578613281
19.557000000000002	331.5405578613281
19.563	312.9324951171875
19.569000000000003	333.4611511230469
19.574	312.9324951171875
19.58	309.3381652832031
19.586	335.3929138183594
19.592	0.0
19.598	320.24700927734375
19.602999999999998	331.5405578613281
19.609	307.5564880371094
19.615	335.3929138183594
19.621	325.8448486328125
19.627	314.74530029296875
19.632	304.0238952636719
19.637999999999998	331.5405578613281
19.644000000000002	309.3381652832031
19.65	335.3929138183594
19.656	325.8448486328125
19.660999999999998	318.4024963378906
19.667	316.5686340332031
19.673	323.9681091308594
19.679000000000002	316.5686340332031
19.685	311.1301574707031
19.691	323.9681091308594
19.695999999999998	311.1301574707031
19.702	309.3381652832031
19.708	335.3929138183594
19.714000000000002	365.74871826171875
19.72	367.8675231933594
19.725	361.5477294921875
19.730999999999998	363.64215087890625
19.737000000000002	365.74871826171875
19.743	376.4660339355469
19.749000000000002	369.99853515625
19.754	343.2323913574219
19.76	320.24700927734375
19.766	320.24700927734375
19.772000000000002	325.8448486328125
19.778	309.3381652832031
19.783	305.7850646972656
19.789	322.1021728515625
19.795	300.5318298339844
19.801	312.9324951171875
19.807000000000002	320.24700927734375
19.812	300.5318298339844
19.817999999999998	325.8448486328125
19.824	305.7850646972656
19.83	309.3381652832031
19.836	311.1301574707031
19.840999999999998	309.3381652832031
19.847	312.9324951171875
19.852999999999998	314.74530029296875
19.859	309.3381652832031
19.865	312.9324951171875
19.87	323.9681091308594
19.875999999999998	307.5564880371094
19.882	312.9324951171875
19.887999999999998	318.4024963378906
19.894000000000002	314.74530029296875
19.9	312.9324951171875
19.905	325.8448486328125
19.910999999999998	316.5686340332031
19.917	309.3381652832031
19.923	333.4611511230469
19.929000000000002	311.1301574707031
19.934	325.8448486328125
19.94	333.4611511230469
19.945999999999998	309.3381652832031
19.952	325.8448486328125
19.958	312.9324951171875
19.963	302.2728271484375
19.969	307.5564880371094
19.975	309.3381652832031
19.980999999999998	304.0238952636719
19.987000000000002	309.3381652832031
19.992	295.36883544921875
19.998	314.74530029296875
20.004	311.1301574707031
20.01	302.2728271484375
20.016	311.1301574707031
20.021	295.36883544921875
20.027	320.24700927734375
20.033	320.24700927734375
20.039	331.5405578613281
20.045	309.3381652832031
20.05	314.74530029296875
20.055999999999997	322.1021728515625
20.062	298.8009033203125
20.067999999999998	316.5686340332031
20.074	322.1021728515625
20.079	316.5686340332031
20.085	309.3381652832031
20.090999999999998	311.1301574707031
20.097	318.4024963378906
20.102999999999998	325.8448486328125
20.108	316.5686340332031
20.114	325.8448486328125
20.12	327.73248291015625
20.125999999999998	345.220703125
20.132	337.3358154296875
20.137999999999998	314.74530029296875
20.143	307.5564880371094
20.149	298.8009033203125
20.155	307.5564880371094
20.160999999999998	307.5564880371094
20.167	314.74530029296875
20.172	312.9324951171875
20.178	311.1301574707031
20.184	305.7850646972656
20.19	297.0799255371094
20.195999999999998	305.7850646972656
20.201	311.1301574707031
20.207	325.8448486328125
20.213	305.7850646972656
20.219	300.5318298339844
20.225	290.2945861816406
20.23	277.1852722167969
20.236	285.3074645996094
20.242	280.4060363769531
20.248	288.6225891113281
20.254	290.2945861816406
20.259	280.4060363769531
20.265	282.0304260253906
20.271	295.36883544921875
20.277	309.3381652832031
20.283	314.74530029296875
20.288	298.8009033203125
20.294	311.1301574707031
20.3	309.3381652832031
20.305999999999997	333.4611511230469
20.312	331.5405578613281
20.317	325.8448486328125
20.323	309.3381652832031
20.329	325.8448486328125
20.335	309.3381652832031
20.340999999999998	325.8448486328125
20.346	329.6310119628906
20.352	0.0
20.358	0.0
20.364	0.0
20.37	0.0
20.375999999999998	0.0
20.381	0.0
20.387	0.0
20.393	0.0
20.399	0.0
20.405	0.0
20.41	0.0
20.416	0.0
20.422	0.0
20.428	0.0
20.434	0.0
20.439	0.0
20.445	0.0
20.451	0.0
20.457	0.0
20.463	0.0
20.468	0.0
20.474	0.0
20.48	0.0
20.486	0.0
20.491999999999997	0.0
20.497	0.0
20.503	0.0
20.509	0.0
20.515	0.0
20.521	0.0
20.526	0.0
20.531999999999996	0.0
20.538	0.0
20.544	0.0
20.55	0.0
20.555	0.0
20.561	0.0
20.566999999999997	0.0
20.573	0.0
20.579	0.0
20.584	0.0
20.59	0.0
20.596	0.0
20.601999999999997	0.0
20.608	0.0
20.614	0.0
20.619	0.0
20.625	0.0
20.631	0.0
20.636999999999997	0.0
20.643	0.0
20.648000000000003	0.0
20.654	0.0
20.66	0.0
20.666	0.0
20.671999999999997	0.0
20.677	0.0
20.683000000000003	0.0
20.689	0.0
20.695	0.0
20.701	0.0
20.706	0.0
20.712	0.0
20.718000000000004	0.0
20.724	0.0
20.73	0.0
20.735	0.0
20.741	0.0
20.747	0.0
20.753	0.0
20.759	0.0
20.764	0.0
20.77	0.0
20.776	0.0
20.781999999999996	0.0
20.788	0.0
20.793000000000003	0.0
20.799	0.0
20.805	0.0
20.811	0.0
20.816999999999997	391.99993896484375
20.822	374.2977600097656
20.828000000000003	372.1419372558594
20.834	369.99853515625
20.84	378.64691162109375
20.846	369.99853515625
20.851999999999997	376.4660339355469
20.857	359.4653625488281
20.863000000000003	374.2977600097656
20.869	372.1419372558594
20.875	372.1419372558594
20.881	391.99993896484375
20.886	369.99853515625
20.892	347.2205810546875
20.898000000000003	374.2977600097656
20.904	374.2977600097656
20.91	351.2550964355469
20.915	374.2977600097656
20.921	374.2977600097656
20.927	378.64691162109375
20.933000000000003	365.74871826171875
20.939	369.99853515625
20.944000000000003	367.8675231933594
20.95	365.74871826171875
20.956	383.0466003417969
20.962	380.84039306640625
20.968000000000004	359.4653625488281
20.973000000000003	387.4974365234375
20.979	0.0
20.985	0.0
20.991	0.0
20.997	0.0
21.002	0.0
21.008000000000003	0.0
21.014	0.0
21.02	0.0
21.026	0.0
21.031	0.0
21.037	0.0
21.043000000000003	0.0
21.049	0.0
21.055	0.0
21.06	0.0
21.066	0.0
21.072	0.0
21.078000000000003	0.0
