0.0	0.0
0.006	0.0
0.012	0.0
0.017	0.0
0.023	0.0
0.028999999999999998	0.0
0.035	0.0
0.040999999999999995	0.0
0.046	0.0
0.052000000000000005	0.0
0.057999999999999996	0.0
0.064	0.0
0.07	0.0
0.075	0.0
0.081	0.0
0.087	0.0
0.09300000000000001	201.742431640625
0.099	193.7479248046875
0.10400000000000001	197.1345977783203
0.11	195.99917602539062
0.11599999999999999	198.27658081054688
0.122	192.6320037841797
0.128	194.87030029296875
0.134	191.52252197265625
0.139	198.27658081054688
0.145	193.7479248046875
0.151	198.27658081054688
0.157	192.6320037841797
0.163	192.6320037841797
0.168	195.99917602539062
0.174	193.7479248046875
0.18	194.87030029296875
0.18600000000000003	195.99917602539062
0.192	194.87030029296875
0.19699999999999998	192.6320037841797
0.203	193.7479248046875
0.209	194.87030029296875
0.215	195.99917602539062
0.221	192.6320037841797
0.226	194.87030029296875
0.23199999999999998	194.87030029296875
0.23800000000000002	198.27658081054688
0.244	194.87030029296875
0.25	192.6320037841797
0.255	194.87030029296875
0.261	192.6320037841797
0.267	191.52252197265625
0.273	187.1481170654297
0.27899999999999997	195.99917602539062
0.284	195.99917602539062
0.29	205.2688446044922
0.29600000000000004	202.91110229492188
0.302	191.52252197265625
0.308	359.4653625488281
0.313	343.2323913574219
0.319	335.3929138183594
0.325	312.9324951171875
0.331	304.0238952636719
0.337	309.3381652832031
0.342	314.74530029296875
0.348	335.3929138183594
0.354	339.2900085449219
0.36	345.220703125
0.366	327.73248291015625
0.37200000000000005	314.74530029296875
0.377	322.1021728515625
0.38299999999999995	320.24700927734375
0.389	331.5405578613281
0.395	311.1301574707031
0.401	307.5564880371094
0.406	309.3381652832031
0.41200000000000003	314.74530029296875
0.418	0.0
0.424	0.0
0.43	0.0
0.435	0.0
0.441	0.0
0.447	0.0
0.45299999999999996	0.0
0.45899999999999996	0.0
0.46399999999999997	0.0
0.47	0.0
0.47600000000000003	0.0
0.48200000000000004	0.0
0.488	0.0
0.493	0.0
0.499	0.0
0.505	0.0
0.511	0.0
0.517	0.0
0.522	0.0
0.528	0.0
0.534	0.0
0.54	0.0
0.546	0.0
0.551	0.0
0.557	0.0
0.563	0.0
0.569	0.0
0.575	0.0
0.58	374.2977600097656
0.586	387.4974365234375
0.5920000000000001	387.4974365234375
0.598	396.5548095703125
0.604	389.7421875
0.61	401.1625671386719
0.615	394.27081298828125
0.621	389.7421875
0.627	394.27081298828125
0.633	394.27081298828125
0.639	401.1625671386719
0.644	389.7421875
0.65	398.8520202636719
0.6559999999999999	398.8520202636719
0.662	389.7421875
0.6679999999999999	398.8520202636719
0.6729999999999999	391.99993896484375
0.679	398.8520202636719
0.685	398.8520202636719
0.691	394.27081298828125
0.6970000000000001	405.8238830566406
0.7020000000000001	391.99993896484375
0.708	396.5548095703125
0.7140000000000001	391.99993896484375
0.72	394.27081298828125
0.726	398.8520202636719
0.731	396.5548095703125
0.737	396.5548095703125
0.743	396.5548095703125
0.7490000000000001	394.27081298828125
0.755	398.8520202636719
0.76	394.27081298828125
0.7659999999999999	394.27081298828125
0.772	398.8520202636719
0.778	394.27081298828125
0.784	398.8520202636719
0.789	394.27081298828125
0.795	394.27081298828125
0.8009999999999999	396.5548095703125
0.807	394.27081298828125
0.813	396.5548095703125
0.8190000000000001	394.27081298828125
0.8240000000000001	394.27081298828125
0.83	396.5548095703125
0.836	394.27081298828125
0.8420000000000001	396.5548095703125
0.848	394.27081298828125
0.853	396.5548095703125
0.8590000000000001	396.5548095703125
0.865	394.27081298828125
0.871	396.5548095703125
0.877	394.27081298828125
0.882	394.27081298828125
0.888	396.5548095703125
0.894	394.27081298828125
0.9	394.27081298828125
0.9059999999999999	394.27081298828125
0.9109999999999999	394.27081298828125
0.917	396.5548095703125
0.9229999999999999	394.27081298828125
0.929	398.8520202636719
0.935	394.27081298828125
0.94	394.27081298828125
0.946	398.8520202636719
0.9520000000000001	394.27081298828125
0.958	396.5548095703125
0.9640000000000001	396.5548095703125
0.9690000000000001	394.27081298828125
0.975	396.5548095703125
0.981	394.27081298828125
0.987	396.5548095703125
0.993	396.5548095703125
0.998	394.27081298828125
1.004	396.5548095703125
1.01	394.27081298828125
1.016	394.27081298828125
1.022	396.5548095703125
1.0270000000000001	396.5548095703125
1.033	396.5548095703125
1.0390000000000001	396.5548095703125
1.045	396.5548095703125
1.051	396.5548095703125
1.057	396.5548095703125
1.062	396.5548095703125
1.068	394.27081298828125
1.074	394.27081298828125
1.08	394.27081298828125
1.0859999999999999	396.5548095703125
1.091	396.5548095703125
1.097	396.5548095703125
1.103	396.5548095703125
1.109	394.27081298828125
1.115	394.27081298828125
1.12	401.1625671386719
1.126	391.99993896484375
1.1320000000000001	396.5548095703125
1.138	394.27081298828125
1.1440000000000001	398.8520202636719
1.149	394.27081298828125
1.155	396.5548095703125
1.161	396.5548095703125
1.167	394.27081298828125
1.173	394.27081298828125
1.178	396.5548095703125
1.1840000000000002	396.5548095703125
1.19	394.27081298828125
1.196	396.5548095703125
1.202	394.27081298828125
1.207	394.27081298828125
1.213	396.5548095703125
1.219	394.27081298828125
1.225	394.27081298828125
1.2309999999999999	394.27081298828125
1.236	396.5548095703125
1.242	394.27081298828125
1.248	394.27081298828125
1.254	396.5548095703125
1.26	396.5548095703125
1.265	396.5548095703125
1.271	396.5548095703125
1.2770000000000001	398.8520202636719
1.2830000000000001	396.5548095703125
1.2890000000000001	401.1625671386719
1.295	396.5548095703125
1.3	0.0
1.306	0.0
1.3119999999999998	0.0
1.318	0.0
1.324	0.0
1.329	0.0
1.335	0.0
1.341	0.0
1.347	0.0
1.3530000000000002	0.0
1.358	0.0
1.364	0.0
1.37	0.0
1.376	0.0
1.382	0.0
1.3869999999999998	0.0
1.393	0.0
1.399	0.0
1.405	0.0
1.411	0.0
1.416	0.0
1.422	0.0
1.4280000000000002	0.0
1.4340000000000002	0.0
1.44	0.0
1.445	327.73248291015625
1.4509999999999998	347.2205810546875
1.4569999999999999	361.5477294921875
1.463	351.2550964355469
1.469	372.1419372558594
1.474	372.1419372558594
1.48	343.2323913574219
1.486	374.2977600097656
1.492	372.1419372558594
1.4980000000000002	367.8675231933594
1.5030000000000001	372.1419372558594
1.5090000000000001	374.2977600097656
1.515	355.3365173339844
1.521	345.220703125
1.527	337.3358154296875
1.5330000000000001	347.2205810546875
1.538	357.39495849609375
1.544	345.220703125
1.55	343.2323913574219
1.556	335.3929138183594
1.5619999999999998	316.5686340332031
1.567	320.24700927734375
1.5730000000000002	343.2323913574219
1.579	345.220703125
1.585	363.64215087890625
1.591	391.99993896484375
1.5959999999999999	396.5548095703125
1.6019999999999999	376.4660339355469
1.608	0.0
1.614	0.0
1.62	0.0
1.625	0.0
1.631	0.0
1.6369999999999998	0.0
1.643	0.0
1.649	0.0
1.6540000000000001	0.0
1.66	307.5564880371094
1.666	309.3381652832031
1.672	304.0238952636719
1.6780000000000002	312.9324951171875
1.683	300.5318298339844
1.689	312.9324951171875
1.695	307.5564880371094
1.7009999999999998	309.3381652832031
1.7069999999999999	309.3381652832031
1.712	307.5564880371094
1.7180000000000002	311.1301574707031
1.724	309.3381652832031
1.73	307.5564880371094
1.736	307.5564880371094
1.7409999999999999	309.3381652832031
1.7469999999999999	304.0238952636719
1.7530000000000001	311.1301574707031
1.7590000000000001	309.3381652832031
1.765	305.7850646972656
1.771	311.1301574707031
1.776	311.1301574707031
1.7819999999999998	305.7850646972656
1.788	312.9324951171875
1.794	307.5564880371094
1.8	307.5564880371094
1.805	312.9324951171875
1.811	309.3381652832031
1.817	304.0238952636719
1.8230000000000002	314.74530029296875
1.829	309.3381652832031
1.834	307.5564880371094
1.84	312.9324951171875
1.8459999999999999	309.3381652832031
1.8519999999999999	305.7850646972656
1.858	316.5686340332031
1.8630000000000002	307.5564880371094
1.869	307.5564880371094
1.875	312.9324951171875
1.881	307.5564880371094
1.8869999999999998	309.3381652832031
1.892	312.9324951171875
1.8980000000000001	307.5564880371094
1.9040000000000001	309.3381652832031
1.91	314.74530029296875
1.916	305.7850646972656
1.921	309.3381652832031
1.9269999999999998	312.9324951171875
1.933	305.7850646972656
1.939	305.7850646972656
1.945	297.0799255371094
1.95	280.4060363769531
1.956	300.5318298339844
1.962	293.6676330566406
1.9680000000000002	297.0799255371094
1.974	278.7909851074219
1.98	293.6676330566406
1.985	288.6225891113281
1.9909999999999999	293.6676330566406
1.9969999999999999	291.9762268066406
2.003	290.2945861816406
2.009	293.6676330566406
2.0140000000000002	286.9602355957031
2.02	293.6676330566406
2.026	286.9602355957031
2.032	295.36883544921875
2.0380000000000003	290.2945861816406
2.043	291.9762268066406
2.049	291.9762268066406
2.055	291.9762268066406
2.061	291.9762268066406
2.0669999999999997	286.9602355957031
2.072	293.6676330566406
2.0780000000000003	288.6225891113281
2.084	293.6676330566406
2.09	288.6225891113281
2.096	293.6676330566406
2.101	290.2945861816406
2.1069999999999998	291.9762268066406
2.113	291.9762268066406
2.119	286.9602355957031
2.125	295.36883544921875
2.13	288.6225891113281
2.136	291.9762268066406
2.142	293.6676330566406
2.148	291.9762268066406
2.154	293.6676330566406
2.1590000000000003	293.6676330566406
2.165	291.9762268066406
2.171	295.36883544921875
2.177	288.6225891113281
2.1830000000000003	293.6676330566406
2.188	291.9762268066406
2.194	290.2945861816406
2.2	291.9762268066406
2.206	290.2945861816406
2.2119999999999997	0.0
2.218	0.0
2.2230000000000003	0.0
2.229	0.0
2.235	0.0
2.241	0.0
2.247	0.0
2.252	0.0
2.258	0.0
2.2640000000000002	0.0
2.27	0.0
2.276	0.0
2.281	0.0
2.287	0.0
2.293	0.0
2.299	0.0
2.305	0.0
2.31	0.0
2.316	0.0
2.322	0.0
2.3280000000000003	0.0
2.334	0.0
2.339	0.0
2.345	0.0
2.351	0.0
2.3569999999999998	0.0
2.363	0.0
2.3680000000000003	0.0
2.374	0.0
2.38	0.0
2.386	0.0
2.392	0.0
2.397	0.0
2.403	0.0
2.4090000000000003	251.26034545898438
2.415	269.2942810058594
2.421	261.6279602050781
2.426	272.42333984375
2.432	258.6228942871094
2.438	260.1210632324219
2.444	263.1435852050781
2.45	257.1333312988281
2.456	260.1210632324219
2.461	258.6228942871094
2.467	266.201171875
2.4730000000000003	246.94381713867188
2.479	241.30357360839844
2.485	260.1210632324219
2.49	239.9137725830078
2.496	245.5215301513672
2.502	266.201171875
2.508	264.6679382324219
2.5140000000000002	282.0304260253906
2.519	282.0304260253906
2.525	295.36883544921875
2.531	302.2728271484375
2.537	291.9762268066406
2.543	280.4060363769531
2.548	263.1435852050781
2.5540000000000003	257.1333312988281
2.56	267.7432556152344
2.5660000000000003	249.8131866455078
2.572	263.1435852050781
2.577	257.1333312988281
2.583	260.1210632324219
2.589	264.6679382324219
2.595	261.6279602050781
2.6010000000000004	257.1333312988281
2.6060000000000003	274.0014953613281
2.612	266.201171875
2.6180000000000003	251.26034545898438
2.6239999999999997	249.8131866455078
2.63	260.1210632324219
2.635	269.2942810058594
2.641	261.6279602050781
2.647	255.65234375
2.653	261.6279602050781
2.659	258.6228942871094
2.6639999999999997	260.1210632324219
2.67	261.6279602050781
2.676	255.65234375
2.682	252.71588134765625
2.688	261.6279602050781
2.694	260.1210632324219
2.699	258.6228942871094
2.705	255.65234375
2.7110000000000003	263.1435852050781
2.717	264.6679382324219
2.7230000000000003	254.17987060546875
2.728	255.65234375
2.734	264.6679382324219
2.74	264.6679382324219
2.7460000000000004	258.6228942871094
2.752	252.71588134765625
2.7569999999999997	263.1435852050781
2.763	266.201171875
2.7689999999999997	260.1210632324219
2.775	255.65234375
2.781	261.6279602050781
2.786	261.6279602050781
2.792	260.1210632324219
2.798	254.17987060546875
2.804	263.1435852050781
2.81	263.1435852050781
2.815	261.6279602050781
2.821	257.1333312988281
2.827	260.1210632324219
2.833	264.6679382324219
2.839	261.6279602050781
2.844	257.1333312988281
2.85	260.1210632324219
2.8560000000000003	261.6279602050781
2.862	261.6279602050781
2.8680000000000003	260.1210632324219
2.873	258.6228942871094
2.8789999999999996	263.1435852050781
2.885	260.1210632324219
2.891	258.6228942871094
2.897	261.6279602050781
2.9019999999999997	263.1435852050781
2.908	260.1210632324219
2.9139999999999997	260.1210632324219
2.92	261.6279602050781
2.926	264.6679382324219
2.932	260.1210632324219
2.937	258.6228942871094
2.943	263.1435852050781
2.949	263.1435852050781
2.955	260.1210632324219
2.9610000000000003	258.6228942871094
2.966	261.6279602050781
2.972	263.1435852050781
2.978	260.1210632324219
2.984	257.1333312988281
2.99	258.6228942871094
2.995	264.6679382324219
3.0010000000000003	261.6279602050781
3.0069999999999997	258.6228942871094
3.013	261.6279602050781
3.0189999999999997	261.6279602050781
3.0239999999999996	261.6279602050781
3.03	258.6228942871094
3.036	261.6279602050781
3.042	263.1435852050781
3.048	261.6279602050781
3.053	258.6228942871094
3.0589999999999997	258.6228942871094
3.065	263.1435852050781
3.071	261.6279602050781
3.077	258.6228942871094
3.082	258.6228942871094
3.088	261.6279602050781
3.094	261.6279602050781
3.1	260.1210632324219
3.1060000000000003	258.6228942871094
3.111	261.6279602050781
3.117	263.1435852050781
3.123	260.1210632324219
3.1289999999999996	260.1210632324219
3.135	260.1210632324219
3.14	261.6279602050781
3.1460000000000004	261.6279602050781
3.1519999999999997	261.6279602050781
3.158	261.6279602050781
3.1639999999999997	261.6279602050781
3.17	261.6279602050781
3.175	260.1210632324219
3.181	261.6279602050781
3.187	260.1210632324219
3.193	260.1210632324219
3.199	263.1435852050781
3.2039999999999997	264.6679382324219
3.21	258.6228942871094
3.216	257.1333312988281
3.222	261.6279602050781
3.228	263.1435852050781
3.233	260.1210632324219
3.239	263.1435852050781
3.245	258.6228942871094
3.2510000000000003	263.1435852050781
3.2569999999999997	261.6279602050781
3.262	258.6228942871094
3.2680000000000002	261.6279602050781
3.2739999999999996	260.1210632324219
3.28	261.6279602050781
3.286	261.6279602050781
3.2910000000000004	261.6279602050781
3.2969999999999997	261.6279602050781
3.303	261.6279602050781
3.3089999999999997	263.1435852050781
3.315	261.6279602050781
3.32	261.6279602050781
3.326	261.6279602050781
3.332	261.6279602050781
3.338	261.6279602050781
3.344	261.6279602050781
3.3489999999999998	261.6279602050781
3.355	261.6279602050781
3.361	260.1210632324219
3.367	261.6279602050781
3.373	261.6279602050781
3.3789999999999996	260.1210632324219
3.384	260.1210632324219
3.39	264.6679382324219
3.3960000000000004	263.1435852050781
3.4019999999999997	260.1210632324219
3.408	261.6279602050781
3.4130000000000003	261.6279602050781
3.4189999999999996	261.6279602050781
3.425	261.6279602050781
3.431	258.6228942871094
3.437	260.1210632324219
3.4419999999999997	261.6279602050781
3.448	252.71588134765625
3.4539999999999997	267.7432556152344
3.46	305.7850646972656
3.466	283.6641845703125
3.471	269.2942810058594
3.477	277.1852722167969
3.483	295.36883544921875
3.489	291.9762268066406
3.495	288.6225891113281
3.5	283.6641845703125
3.5060000000000002	291.9762268066406
3.512	270.8542785644531
3.5180000000000002	288.6225891113281
3.5239999999999996	269.2942810058594
3.529	263.1435852050781
3.535	278.7909851074219
3.5410000000000004	272.42333984375
3.5469999999999997	270.8542785644531
3.553	255.65234375
3.5580000000000003	235.79217529296875
3.5639999999999996	234.43411254882812
3.57	255.65234375
3.576	233.0838623046875
3.582	245.5215301513672
3.5869999999999997	264.6679382324219
3.593	252.71588134765625
3.5989999999999998	260.1210632324219
3.605	261.6279602050781
3.611	260.1210632324219
3.617	254.17987060546875
3.622	261.6279602050781
3.628	267.7432556152344
3.634	264.6679382324219
3.64	260.1210632324219
3.6460000000000004	264.6679382324219
3.6510000000000002	257.1333312988281
3.657	260.1210632324219
3.6630000000000003	264.6679382324219
3.6689999999999996	263.1435852050781
3.675	260.1210632324219
3.68	261.6279602050781
3.6860000000000004	260.1210632324219
3.6919999999999997	260.1210632324219
3.698	274.0014953613281
3.7039999999999997	264.6679382324219
3.7089999999999996	264.6679382324219
3.715	269.2942810058594
3.721	251.26034545898438
3.727	266.201171875
3.733	245.5215301513672
3.738	264.6679382324219
3.7439999999999998	275.5887756347656
3.75	275.5887756347656
3.7560000000000002	278.7909851074219
3.762	277.1852722167969
3.767	275.5887756347656
3.773	258.6228942871094
3.779	266.201171875
3.785	267.7432556152344
3.7910000000000004	429.95556640625
3.7960000000000003	410.5393371582031
3.802	387.4974365234375
3.8080000000000003	394.27081298828125
3.8139999999999996	417.7154846191406
3.82	422.56915283203125
3.825	391.99993896484375
3.8310000000000004	394.27081298828125
3.8369999999999997	394.27081298828125
3.843	387.4974365234375
3.8489999999999998	396.5548095703125
3.855	389.7421875
3.86	391.99993896484375
3.866	380.84039306640625
3.872	369.99853515625
3.878	391.99993896484375
3.884	394.27081298828125
3.889	401.1625671386719
3.895	398.8520202636719
3.9010000000000002	410.5393371582031
3.907	396.5548095703125
3.9130000000000003	387.4974365234375
3.918	372.1419372558594
3.924	367.8675231933594
3.93	401.1625671386719
3.9360000000000004	391.99993896484375
3.9419999999999997	385.2655944824219
3.947	367.8675231933594
3.9530000000000003	401.1625671386719
3.9589999999999996	398.8520202636719
3.965	403.4864807128906
3.971	401.1625671386719
3.9760000000000004	420.13531494140625
3.9819999999999998	434.9514465332031
3.988	460.81512451171875
3.9939999999999998	460.81512451171875
4.0	447.6965637207031
4.005	458.1610107421875
4.011	445.1180114746094
4.0169999999999995	479.8294982910156
4.023	463.4846496582031
4.029	474.3181457519531
4.034	485.4048767089844
4.04	508.36181640625
4.046	511.3067321777344
4.052	520.2442626953125
4.058	511.3067321777344
4.063	479.8294982910156
4.069	450.2900390625
4.075	466.16961669921875
4.081	455.5221862792969
4.087	466.16961669921875
4.093	452.8985900878906
4.098	466.16961669921875
4.104	458.1610107421875
4.11	466.16961669921875
4.1160000000000005	452.8985900878906
4.122	463.4846496582031
4.127	463.4846496582031
4.133	460.81512451171875
4.138999999999999	460.81512451171875
4.145	463.4846496582031
4.151	458.1610107421875
4.156000000000001	463.4846496582031
4.162	463.4846496582031
4.168	460.81512451171875
4.1739999999999995	458.1610107421875
4.18	466.16961669921875
4.185	460.81512451171875
4.191	463.4846496582031
4.197	468.8700866699219
4.203	455.5221862792969
4.209	463.4846496582031
4.2139999999999995	460.81512451171875
4.22	455.5221862792969
4.226	458.1610107421875
4.232	468.8700866699219
4.238	452.8985900878906
4.243	466.16961669921875
4.249	455.5221862792969
4.255	460.81512451171875
4.261	496.750732421875
4.2669999999999995	468.8700866699219
4.272	452.8985900878906
4.2780000000000005	417.7154846191406
4.284	401.1625671386719
4.29	417.7154846191406
4.296	408.1748046875
4.301	398.8520202636719
4.3069999999999995	396.5548095703125
4.313	401.1625671386719
4.319	417.7154846191406
4.325	398.8520202636719
4.331	422.56915283203125
4.336	415.30963134765625
4.342	396.5548095703125
4.348	396.5548095703125
4.354	372.1419372558594
4.36	345.220703125
4.365	365.74871826171875
4.371	394.27081298828125
4.377	403.4864807128906
4.383	389.7421875
4.388999999999999	389.7421875
4.394	361.5477294921875
4.4	331.5405578613281
4.406000000000001	329.6310119628906
4.412	341.2555236816406
4.418	351.2550964355469
4.423	349.2320251464844
4.428999999999999	337.3358154296875
4.435	323.9681091308594
4.441	343.2323913574219
4.447	355.3365173339844
4.452	325.8448486328125
4.458	341.2555236816406
4.4639999999999995	351.2550964355469
4.47	347.2205810546875
4.476	323.9681091308594
4.481	331.5405578613281
4.487	361.5477294921875
4.493	361.5477294921875
4.499	347.2205810546875
4.505	337.3358154296875
4.51	361.5477294921875
4.516	357.39495849609375
4.522	396.5548095703125
4.5280000000000005	391.99993896484375
4.534	412.9176025390625
4.54	389.7421875
4.545	398.8520202636719
4.551	396.5548095703125
4.5569999999999995	403.4864807128906
4.563	394.27081298828125
4.569	396.5548095703125
4.574	405.8238830566406
4.58	391.99993896484375
4.586	405.8238830566406
4.592	410.5393371582031
4.598	410.5393371582031
4.603	425.01708984375
4.609	408.1748046875
4.615	420.13531494140625
4.621	401.1625671386719
4.627	415.30963134765625
4.632	408.1748046875
4.638	394.27081298828125
4.644	422.56915283203125
4.65	408.1748046875
4.656000000000001	415.30963134765625
4.6610000000000005	408.1748046875
4.667	415.30963134765625
4.673	398.8520202636719
4.678999999999999	408.1748046875
4.685	410.5393371582031
4.69	410.5393371582031
4.696000000000001	410.5393371582031
4.702	415.30963134765625
4.708	415.30963134765625
4.7139999999999995	410.5393371582031
4.718999999999999	415.30963134765625
4.725	417.7154846191406
4.731	415.30963134765625
4.737	405.8238830566406
4.743	412.9176025390625
4.748	415.30963134765625
4.754	405.8238830566406
4.76	422.56915283203125
4.766	398.8520202636719
4.772	389.7421875
4.7780000000000005	394.27081298828125
4.783	394.27081298828125
4.789	398.8520202636719
4.795	394.27081298828125
4.801	396.5548095703125
4.8069999999999995	389.7421875
4.812	391.99993896484375
4.8180000000000005	389.7421875
4.824	412.9176025390625
4.83	405.8238830566406
4.836	412.9176025390625
4.841	396.5548095703125
4.8469999999999995	387.4974365234375
4.853	383.0466003417969
4.859	403.4864807128906
4.865	405.8238830566406
4.87	398.8520202636719
4.876	385.2655944824219
4.882	387.4974365234375
4.888	408.1748046875
4.894	0.0
4.899	0.0
4.905	0.0
4.9110000000000005	0.0
4.917	0.0
4.923	0.0
4.928	0.0
4.934	0.0
4.94	0.0
4.946000000000001	0.0
4.952	0.0
4.957	0.0
4.963	0.0
4.968999999999999	398.8520202636719
4.975	401.1625671386719
4.981	408.1748046875
4.986000000000001	417.7154846191406
4.992	405.8238830566406
4.998	403.4864807128906
5.004	405.8238830566406
5.01	410.5393371582031
5.016	398.8520202636719
5.021	405.8238830566406
5.027	389.7421875
5.033	380.84039306640625
5.039	365.74871826171875
5.045	385.2655944824219
5.05	385.2655944824219
5.056	398.8520202636719
5.062	408.1748046875
5.0680000000000005	401.1625671386719
5.074	403.4864807128906
5.079	408.1748046875
5.085	425.01708984375
5.091	427.47918701171875
5.0969999999999995	417.7154846191406
5.103	398.8520202636719
5.1080000000000005	403.4864807128906
5.114	396.5548095703125
5.12	408.1748046875
5.126	396.5548095703125
5.132000000000001	401.1625671386719
5.1370000000000005	380.84039306640625
5.143	374.2977600097656
5.149	378.64691162109375
5.155	396.5548095703125
5.1610000000000005	408.1748046875
5.166	396.5548095703125
5.172000000000001	403.4864807128906
5.178	410.5393371582031
5.184	415.30963134765625
5.19	432.4462890625
5.195	415.30963134765625
5.2010000000000005	394.27081298828125
5.207000000000001	401.1625671386719
5.212999999999999	398.8520202636719
5.218999999999999	412.9176025390625
5.224	394.27081298828125
5.23	405.8238830566406
5.236000000000001	412.9176025390625
5.242000000000001	405.8238830566406
5.247999999999999	412.9176025390625
5.254	385.2655944824219
5.2589999999999995	405.8238830566406
5.265	396.5548095703125
5.271	204.08657836914062
5.277	212.50767517089844
5.2829999999999995	205.2688446044922
5.287999999999999	192.6320037841797
5.294	208.8568878173828
5.3	205.2688446044922
5.306	197.1345977783203
5.312	200.58045959472656
5.317	200.58045959472656
5.3229999999999995	206.4579620361328
5.329	218.7346649169922
5.335	212.50767517089844
5.341	197.1345977783203
5.346	205.2688446044922
5.352	194.87030029296875
5.358	202.91110229492188
5.364	200.58045959472656
5.37	212.50767517089844
5.375	221.27626037597656
5.381	206.4579620361328
5.3870000000000005	213.7387237548828
5.393	202.91110229492188
5.399	199.42520141601562
5.404	199.42520141601562
5.41	199.42520141601562
5.416	218.7346649169922
5.422000000000001	204.08657836914062
5.428	212.50767517089844
5.433	207.65396118164062
5.439	204.08657836914062
5.445	204.08657836914062
5.4510000000000005	201.742431640625
5.457000000000001	207.65396118164062
5.462000000000001	204.08657836914062
5.468	205.2688446044922
5.474	210.06680297851562
5.48	204.08657836914062
5.486000000000001	207.65396118164062
5.492000000000001	206.4579620361328
5.497000000000001	205.2688446044922
5.502999999999999	206.4579620361328
5.5089999999999995	206.4579620361328
5.515	207.65396118164062
5.521	201.742431640625
5.526	205.2688446044922
5.532	202.91110229492188
5.537999999999999	200.58045959472656
5.544	190.41943359375
5.55	191.52252197265625
5.555	410.5393371582031
5.561	415.30963134765625
5.567	394.27081298828125
5.5729999999999995	425.01708984375
5.579	396.5548095703125
5.584	425.01708984375
5.59	442.5543212890625
5.596	422.56915283203125
5.602	396.5548095703125
5.608	394.27081298828125
5.6129999999999995	396.5548095703125
5.619	429.95556640625
5.625	398.8520202636719
5.631	398.8520202636719
5.6370000000000005	389.7421875
5.642	398.8520202636719
5.648	422.56915283203125
5.654	387.4974365234375
5.66	401.1625671386719
5.666	398.8520202636719
5.671	420.13531494140625
5.6770000000000005	425.01708984375
5.683	197.1345977783203
5.689	206.4579620361328
5.695	213.7387237548828
5.7	198.27658081054688
5.706	198.27658081054688
5.712000000000001	193.7479248046875
5.718	205.2688446044922
5.724	197.1345977783203
5.73	183.93299865722656
5.735	178.69676208496094
5.7410000000000005	192.6320037841797
5.747000000000001	206.4579620361328
5.752999999999999	211.28370666503906
5.7589999999999995	218.7346649169922
5.763999999999999	208.8568878173828
5.77	216.22227478027344
5.776	200.58045959472656
5.782	211.28370666503906
5.787999999999999	202.91110229492188
5.792999999999999	204.08657836914062
5.7989999999999995	207.65396118164062
5.805	201.742431640625
5.811	208.8568878173828
5.817	206.4579620361328
5.822	202.91110229492188
5.827999999999999	206.4579620361328
5.834	200.58045959472656
5.84	197.1345977783203
5.846	200.58045959472656
5.851	210.06680297851562
5.857	208.8568878173828
5.8629999999999995	213.7387237548828
5.869	211.28370666503906
5.875	212.50767517089844
5.88	210.06680297851562
5.886	208.8568878173828
5.892	213.7387237548828
5.898	210.06680297851562
5.904	198.27658081054688
5.909	181.82034301757812
5.915	245.5215301513672
5.921	0.0
5.9270000000000005	0.0
5.933	0.0
5.939	0.0
5.944	0.0
5.95	0.0
5.956	0.0
5.962000000000001	0.0
5.968	0.0
5.973	0.0
5.979	0.0
5.985	0.0
5.9910000000000005	0.0
5.997000000000001	0.0
6.002000000000001	0.0
6.007999999999999	0.0
6.013999999999999	0.0
6.02	0.0
6.026	0.0
6.031000000000001	0.0
6.037000000000001	0.0
6.042999999999999	0.0
6.0489999999999995	0.0
6.055	0.0
6.06	0.0
6.066	389.7421875
6.072	396.5548095703125
6.077999999999999	387.4974365234375
6.084	396.5548095703125
6.0889999999999995	391.99993896484375
6.095	394.27081298828125
6.101	389.7421875
6.107	391.99993896484375
6.1129999999999995	394.27081298828125
6.117999999999999	391.99993896484375
6.124	394.27081298828125
6.13	391.99993896484375
6.136	396.5548095703125
6.142	394.27081298828125
6.147	394.27081298828125
6.153	389.7421875
6.159	396.5548095703125
6.165	391.99993896484375
6.171	396.5548095703125
6.1770000000000005	391.99993896484375
6.182	396.5548095703125
6.188	394.27081298828125
6.194	396.5548095703125
6.2	389.7421875
6.206	396.5548095703125
6.211	391.99993896484375
6.2170000000000005	396.5548095703125
6.223	391.99993896484375
6.229	394.27081298828125
6.235	394.27081298828125
6.24	396.5548095703125
6.246	396.5548095703125
6.252000000000001	394.27081298828125
6.257999999999999	394.27081298828125
6.263999999999999	396.5548095703125
6.269	398.8520202636719
6.275	391.99993896484375
6.281000000000001	394.27081298828125
6.287000000000001	394.27081298828125
6.292999999999999	398.8520202636719
6.297999999999999	389.7421875
6.303999999999999	396.5548095703125
6.31	385.2655944824219
6.316	408.1748046875
6.322	389.7421875
6.327000000000001	403.4864807128906
6.332999999999999	374.2977600097656
6.3389999999999995	389.7421875
6.345	361.5477294921875
6.351	0.0
6.356	0.0
6.362	0.0
6.367999999999999	0.0
6.374	0.0
6.38	0.0
6.385	0.0
6.391	0.0
6.397	0.0
6.403	0.0
6.409	0.0
6.415	0.0
6.42	0.0
6.426	0.0
6.432	0.0
6.438	0.0
6.444	0.0
6.449	0.0
6.455	0.0
6.461	0.0
6.4670000000000005	0.0
6.473	0.0
6.478	0.0
6.484	0.0
6.49	0.0
6.496	0.0
6.502000000000001	0.0
6.507000000000001	0.0
6.513	0.0
6.519	0.0
6.525	0.0
6.531000000000001	0.0
6.5360000000000005	0.0
6.542000000000001	0.0
6.547999999999999	0.0
6.553999999999999	0.0
6.56	0.0
6.565	0.0
6.571000000000001	0.0
6.577000000000001	0.0
6.582999999999999	325.8448486328125
6.5889999999999995	347.2205810546875
6.593999999999999	353.2899475097656
6.6	365.74871826171875
6.606	347.2205810546875
6.612	357.39495849609375
6.617999999999999	349.2320251464844
6.622999999999999	361.5477294921875
6.629	361.5477294921875
6.635	347.2205810546875
6.641	355.3365173339844
6.647	363.64215087890625
6.653	345.220703125
6.6579999999999995	365.74871826171875
6.664	341.2555236816406
6.67	359.4653625488281
6.676	357.39495849609375
6.682	351.2550964355469
6.687	351.2550964355469
6.693	351.2550964355469
6.699	351.2550964355469
6.705	355.3365173339844
6.711	351.2550964355469
6.716	351.2550964355469
6.722	353.2899475097656
6.728	349.2320251464844
6.734	353.2899475097656
6.74	351.2550964355469
6.745	353.2899475097656
6.751	351.2550964355469
6.757000000000001	353.2899475097656
6.763	353.2899475097656
6.769	351.2550964355469
6.774	353.2899475097656
6.78	351.2550964355469
6.7860000000000005	351.2550964355469
6.792000000000001	351.2550964355469
6.797999999999999	353.2899475097656
6.803	349.2320251464844
6.809	353.2899475097656
6.815	351.2550964355469
6.821000000000001	351.2550964355469
6.827000000000001	351.2550964355469
6.832000000000001	351.2550964355469
6.837999999999999	353.2899475097656
6.843999999999999	351.2550964355469
6.85	351.2550964355469
6.856	353.2899475097656
6.861000000000001	353.2899475097656
6.867000000000001	345.220703125
6.872999999999999	355.3365173339844
6.879	365.74871826171875
6.885	357.39495849609375
6.891	351.2550964355469
6.896	357.39495849609375
6.902	367.8675231933594
6.9079999999999995	347.2205810546875
6.914	345.220703125
6.92	355.3365173339844
6.925	345.220703125
6.931	365.74871826171875
6.937	398.8520202636719
6.943	398.8520202636719
6.949	367.8675231933594
6.954	357.39495849609375
6.96	341.2555236816406
6.966	351.2550964355469
6.972	339.2900085449219
6.978	369.99853515625
6.983	355.3365173339844
6.989	331.5405578613281
6.995	359.4653625488281
7.001	355.3365173339844
7.007000000000001	343.2323913574219
7.0120000000000005	343.2323913574219
7.018	345.220703125
7.024	361.5477294921875
7.03	367.8675231933594
7.0360000000000005	343.2323913574219
7.041	349.2320251464844
7.047000000000001	355.3365173339844
7.053	355.3365173339844
7.059	349.2320251464844
7.065	343.2323913574219
7.07	345.220703125
7.0760000000000005	365.74871826171875
7.082000000000001	341.2555236816406
7.087999999999999	341.2555236816406
7.093999999999999	353.2899475097656
7.1	357.39495849609375
7.105	357.39495849609375
7.111000000000001	335.3929138183594
7.117000000000001	337.3358154296875
7.122999999999999	365.74871826171875
7.129	363.64215087890625
7.1339999999999995	341.2555236816406
7.14	347.2205810546875
7.146	349.2320251464844
7.152	361.5477294921875
7.1579999999999995	347.2205810546875
7.162999999999999	339.2900085449219
7.169	359.4653625488281
7.175	367.8675231933594
7.181	341.2555236816406
7.187	341.2555236816406
7.192	345.220703125
7.1979999999999995	361.5477294921875
7.204	359.4653625488281
7.21	341.2555236816406
7.216	339.2900085449219
7.221	359.4653625488281
7.227	353.2899475097656
7.233	341.2555236816406
7.239	345.220703125
7.245	353.2899475097656
7.25	363.64215087890625
7.256	345.220703125
7.2620000000000005	335.3929138183594
7.268	349.2320251464844
7.274	363.64215087890625
7.279	351.2550964355469
7.285	351.2550964355469
7.291	333.4611511230469
7.297000000000001	311.1301574707031
7.303	311.1301574707031
7.308	295.36883544921875
7.314	304.0238952636719
7.32	314.74530029296875
7.3260000000000005	298.8009033203125
7.332000000000001	314.74530029296875
7.337999999999999	341.2555236816406
7.343	353.2899475097656
7.349	365.74871826171875
7.355	355.3365173339844
7.361000000000001	347.2205810546875
7.367000000000001	345.220703125
7.372000000000001	361.5477294921875
7.377999999999999	353.2899475097656
7.3839999999999995	353.2899475097656
7.39	347.2205810546875
7.396	363.64215087890625
7.401	355.3365173339844
7.407	349.2320251464844
7.412999999999999	347.2205810546875
7.419	355.3365173339844
7.425	357.39495849609375
7.43	353.2899475097656
7.436	353.2899475097656
7.442	349.2320251464844
7.4479999999999995	355.3365173339844
7.454	355.3365173339844
7.459	359.4653625488281
7.465	355.3365173339844
7.471	353.2899475097656
7.477	353.2899475097656
7.483	361.5477294921875
7.4879999999999995	349.2320251464844
7.494	355.3365173339844
7.5	351.2550964355469
7.506	361.5477294921875
7.5120000000000005	363.64215087890625
7.517	347.2205810546875
7.523	345.220703125
7.529	357.39495849609375
7.535	363.64215087890625
7.541	353.2899475097656
7.546	347.2205810546875
7.5520000000000005	353.2899475097656
7.558	361.5477294921875
7.564	353.2899475097656
7.57	345.220703125
7.5760000000000005	351.2550964355469
7.581	361.5477294921875
7.587000000000001	353.2899475097656
7.593	353.2899475097656
7.599	347.2205810546875
7.605	353.2899475097656
7.61	353.2899475097656
7.6160000000000005	355.3365173339844
7.622000000000001	349.2320251464844
7.627999999999999	351.2550964355469
7.6339999999999995	355.3365173339844
7.638999999999999	355.3365173339844
7.645	365.74871826171875
7.651	347.2205810546875
7.657	323.9681091308594
7.662999999999999	316.5686340332031
7.667999999999999	305.7850646972656
7.6739999999999995	316.5686340332031
7.68	311.1301574707031
7.686	312.9324951171875
7.692	311.1301574707031
7.697	302.2728271484375
7.702999999999999	316.5686340332031
7.709	318.4024963378906
7.715	311.1301574707031
7.721	312.9324951171875
7.726	312.9324951171875
7.732	325.8448486328125
7.7379999999999995	323.9681091308594
7.744	349.2320251464844
7.75	351.2550964355469
7.755	351.2550964355469
7.761	349.2320251464844
7.767	355.3365173339844
7.773	355.3365173339844
7.779	351.2550964355469
7.784	351.2550964355469
7.79	353.2899475097656
7.796	353.2899475097656
7.8020000000000005	355.3365173339844
7.808	353.2899475097656
7.814	353.2899475097656
7.819	353.2899475097656
7.825	353.2899475097656
7.831	353.2899475097656
7.837000000000001	353.2899475097656
7.843	353.2899475097656
7.848	353.2899475097656
7.854	353.2899475097656
7.86	349.2320251464844
7.8660000000000005	353.2899475097656
7.872000000000001	351.2550964355469
7.877000000000001	353.2899475097656
7.882999999999999	353.2899475097656
7.888999999999999	353.2899475097656
7.895	353.2899475097656
7.901	353.2899475097656
7.906000000000001	355.3365173339844
7.912000000000001	345.220703125
7.917999999999999	349.2320251464844
7.9239999999999995	359.4653625488281
7.93	353.2899475097656
7.935	349.2320251464844
7.941	353.2899475097656
7.947	349.2320251464844
7.952999999999999	353.2899475097656
7.959	355.3365173339844
7.9639999999999995	353.2899475097656
7.97	355.3365173339844
7.976	351.2550964355469
7.982	355.3365173339844
7.9879999999999995	351.2550964355469
7.992999999999999	355.3365173339844
7.999	353.2899475097656
8.005	355.3365173339844
8.011000000000001	351.2550964355469
8.017000000000001	353.2899475097656
8.022	353.2899475097656
8.027999999999999	353.2899475097656
8.033999999999999	353.2899475097656
8.04	355.3365173339844
8.046	351.2550964355469
8.052	355.3365173339844
8.057	351.2550964355469
8.062999999999999	357.39495849609375
8.068999999999999	353.2899475097656
8.075	351.2550964355469
8.081	355.3365173339844
8.086	347.2205810546875
8.092	357.39495849609375
8.097999999999999	347.2205810546875
8.104	359.4653625488281
8.11	353.2899475097656
8.115	353.2899475097656
8.121	357.39495849609375
8.127	349.2320251464844
8.133	355.3365173339844
8.139	353.2899475097656
8.144	353.2899475097656
8.15	351.2550964355469
8.156	343.2323913574219
8.162	363.64215087890625
8.168	359.4653625488281
8.173	355.3365173339844
8.179	349.2320251464844
8.185	347.2205810546875
8.191	355.3365173339844
8.197000000000001	341.2555236816406
8.202	359.4653625488281
8.208	361.5477294921875
8.214	351.2550964355469
8.22	355.3365173339844
8.226	349.2320251464844
8.231	351.2550964355469
8.237	359.4653625488281
8.243	0.0
8.249	0.0
8.255	0.0
8.26	0.0
8.266	0.0
8.272	0.0
8.277999999999999	0.0
8.283999999999999	0.0
8.29	0.0
8.295	0.0
8.301	0.0
8.307	0.0
8.312999999999999	0.0
8.318999999999999	0.0
8.324	0.0
8.33	0.0
8.336	0.0
8.342	0.0
8.347999999999999	0.0
8.353	0.0
8.359	0.0
8.365	0.0
8.371	0.0
8.377	0.0
8.382	0.0
8.388	0.0
8.394	0.0
8.4	0.0
8.406	0.0
8.411	0.0
8.417	0.0
8.423	0.0
8.429	0.0
8.435	0.0
8.44	0.0
8.446	0.0
8.452	0.0
8.458	0.0
8.464	0.0
8.469	0.0
8.475	0.0
8.481	0.0
8.487	0.0
8.493	0.0
8.499	0.0
8.504	0.0
8.51	0.0
8.516	0.0
8.522	0.0
8.527999999999999	0.0
8.533	0.0
8.539	0.0
8.545	0.0
8.551	0.0
8.557	0.0
8.562000000000001	0.0
8.568	0.0
8.574	0.0
8.58	0.0
8.586	0.0
8.591000000000001	0.0
8.597000000000001	0.0
8.603	0.0
8.609	0.0
8.615	0.0
8.62	0.0
8.626	0.0
8.632	0.0
8.638	0.0
8.644	0.0
8.649	0.0
8.655	0.0
8.661	0.0
8.667	0.0
8.673	0.0
8.677999999999999	0.0
8.684	0.0
8.69	286.9602355957031
8.696	311.1301574707031
8.702	307.5564880371094
8.707	302.2728271484375
8.713	327.73248291015625
8.719	420.13531494140625
8.725	417.7154846191406
8.731	396.5548095703125
8.737	417.7154846191406
8.742	403.4864807128906
8.748	405.8238830566406
8.754	391.99993896484375
8.76	394.27081298828125
8.766	394.27081298828125
8.771	389.7421875
8.777000000000001	403.4864807128906
8.783	385.2655944824219
8.789	378.64691162109375
8.795	398.8520202636719
8.8	389.7421875
8.806000000000001	383.0466003417969
8.812000000000001	385.2655944824219
8.818	387.4974365234375
8.824	408.1748046875
8.829	193.7479248046875
8.835	300.5318298339844
8.841000000000001	0.0
8.847000000000001	0.0
8.853	0.0
8.857999999999999	0.0
8.863999999999999	0.0
8.87	0.0
8.876	0.0
8.882	0.0
8.887	0.0
8.892999999999999	0.0
8.899	0.0
8.905	0.0
8.911	0.0
8.916	0.0
8.922	0.0
8.927999999999999	0.0
8.934	0.0
8.94	0.0
8.945	0.0
8.951	0.0
8.957	0.0
8.963	0.0
8.969	0.0
8.975	0.0
8.98	0.0
8.986	0.0
8.992	0.0
8.998	0.0
9.004	0.0
9.009	0.0
9.015	0.0
9.021	0.0
9.027000000000001	0.0
9.033	0.0
9.038	0.0
9.044	374.2977600097656
9.05	347.2205810546875
9.056000000000001	347.2205810546875
9.062000000000001	357.39495849609375
9.067	347.2205810546875
9.073	363.64215087890625
9.079	357.39495849609375
9.085	333.4611511230469
9.091000000000001	357.39495849609375
9.096	349.2320251464844
9.102	355.3365173339844
9.107999999999999	353.2899475097656
9.113999999999999	347.2205810546875
9.12	359.4653625488281
9.125	353.2899475097656
9.131	351.2550964355469
9.137	353.2899475097656
9.142999999999999	353.2899475097656
9.149	353.2899475097656
9.154	353.2899475097656
9.16	349.2320251464844
9.166	353.2899475097656
9.172	353.2899475097656
9.177999999999999	353.2899475097656
9.183	349.2320251464844
9.189	355.3365173339844
9.195	353.2899475097656
9.201	355.3365173339844
9.207	357.39495849609375
9.213	349.2320251464844
9.218	343.2323913574219
9.224	357.39495849609375
9.23	345.220703125
9.236	349.2320251464844
9.242	372.1419372558594
9.247	405.8238830566406
9.253	410.5393371582031
9.259	378.64691162109375
9.265	405.8238830566406
9.271	412.9176025390625
9.276	405.8238830566406
9.282	405.8238830566406
9.288	372.1419372558594
9.294	359.4653625488281
9.3	345.220703125
9.305	372.1419372558594
9.311	396.5548095703125
9.317	363.64215087890625
9.323	353.2899475097656
9.329	349.2320251464844
9.334	357.39495849609375
9.34	349.2320251464844
9.346	351.2550964355469
9.352	353.2899475097656
9.357999999999999	351.2550964355469
9.363	351.2550964355469
9.369	357.39495849609375
9.375	351.2550964355469
9.381	353.2899475097656
9.387	353.2899475097656
9.392000000000001	353.2899475097656
9.398	353.2899475097656
9.404	351.2550964355469
9.41	351.2550964355469
9.416	355.3365173339844
9.421	353.2899475097656
9.427	351.2550964355469
9.433	353.2899475097656
9.439	353.2899475097656
9.445	355.3365173339844
9.451	349.2320251464844
9.456	351.2550964355469
9.462	365.74871826171875
9.468	383.0466003417969
9.474	0.0
9.48	374.2977600097656
9.485	343.2323913574219
9.491	353.2899475097656
9.497	383.0466003417969
9.503	353.2899475097656
9.509	363.64215087890625
9.514	372.1419372558594
9.52	347.2205810546875
9.526	355.3365173339844
9.532	357.39495849609375
9.538	359.4653625488281
9.543	367.8675231933594
9.549	359.4653625488281
9.555	333.4611511230469
9.561	325.8448486328125
9.567	349.2320251464844
9.572000000000001	359.4653625488281
9.578	345.220703125
9.584	359.4653625488281
9.59	349.2320251464844
9.596	351.2550964355469
9.601	359.4653625488281
9.607000000000001	355.3365173339844
9.613	363.64215087890625
9.619	351.2550964355469
9.625	357.39495849609375
9.63	357.39495849609375
9.636000000000001	353.2899475097656
9.642000000000001	0.0
9.648	0.0
9.654	0.0
9.66	0.0
9.665	0.0
9.671	0.0
9.677	0.0
9.683	0.0
9.689	0.0
9.693999999999999	0.0
9.7	0.0
9.706	0.0
9.712	0.0
9.718	0.0
9.722999999999999	305.7850646972656
9.729	312.9324951171875
9.735	302.2728271484375
9.741	312.9324951171875
9.747	305.7850646972656
9.752	309.3381652832031
9.758	307.5564880371094
9.764	304.0238952636719
9.77	312.9324951171875
9.776	304.0238952636719
9.781	311.1301574707031
9.787	311.1301574707031
9.793	304.0238952636719
9.799	311.1301574707031
9.805	302.2728271484375
9.81	314.74530029296875
9.816	298.8009033203125
9.822000000000001	311.1301574707031
9.828	309.3381652832031
9.834	304.0238952636719
9.839	312.9324951171875
9.845	0.0
9.851	0.0
9.857000000000001	0.0
9.863	0.0
9.868	0.0
9.874	0.0
9.88	0.0
9.886000000000001	0.0
9.892000000000001	0.0
9.898	0.0
9.902999999999999	0.0
9.908999999999999	0.0
9.915	0.0
9.921	0.0
9.927	0.0
9.932	0.0
9.937999999999999	0.0
9.943999999999999	0.0
9.95	0.0
9.956	0.0
9.961	0.0
9.967	0.0
9.972999999999999	290.2945861816406
9.979	286.9602355957031
9.985	295.36883544921875
9.99	285.3074645996094
9.996	288.6225891113281
10.002	290.2945861816406
10.008	290.2945861816406
10.014	290.2945861816406
10.019	290.2945861816406
10.025	295.36883544921875
10.031	288.6225891113281
10.037	305.7850646972656
10.043	283.6641845703125
10.048	300.5318298339844
10.054	290.2945861816406
10.06	316.5686340332031
10.066	290.2945861816406
10.072000000000001	275.5887756347656
10.077	298.8009033203125
10.083	298.8009033203125
10.089	283.6641845703125
10.095	280.4060363769531
10.101	295.36883544921875
10.106	298.8009033203125
10.112	275.5887756347656
10.118	305.7850646972656
10.124	288.6225891113281
10.13	286.9602355957031
10.136000000000001	291.9762268066406
10.141	293.6676330566406
10.147	305.7850646972656
10.152999999999999	293.6676330566406
10.158999999999999	307.5564880371094
10.165	290.2945861816406
10.17	290.2945861816406
10.176	290.2945861816406
10.182	298.8009033203125
10.187999999999999	291.9762268066406
10.193999999999999	290.2945861816406
10.199	288.6225891113281
10.205	298.8009033203125
10.211	291.9762268066406
10.217	290.2945861816406
10.222999999999999	295.36883544921875
10.228	290.2945861816406
10.234	293.6676330566406
10.24	290.2945861816406
10.245999999999999	295.36883544921875
10.252	293.6676330566406
10.257	293.6676330566406
10.263	290.2945861816406
10.269	291.9762268066406
10.275	307.5564880371094
10.280999999999999	285.3074645996094
10.286	297.0799255371094
10.292	270.8542785644531
10.298	288.6225891113281
10.304	283.6641845703125
10.31	269.2942810058594
10.315	269.2942810058594
10.321	263.1435852050781
10.327	258.6228942871094
10.333	263.1435852050781
10.339	249.8131866455078
10.344000000000001	242.70144653320312
10.35	263.1435852050781
10.356	264.6679382324219
10.362	258.6228942871094
10.368	254.17987060546875
10.374	263.1435852050781
10.379000000000001	257.1333312988281
10.385	252.71588134765625
10.390999999999998	263.1435852050781
10.397	260.1210632324219
10.402999999999999	255.65234375
10.408	261.6279602050781
10.414000000000001	261.6279602050781
10.42	258.6228942871094
10.425999999999998	261.6279602050781
10.432	261.6279602050781
10.437000000000001	255.65234375
10.443	258.6228942871094
10.449000000000002	263.1435852050781
10.455	260.1210632324219
10.460999999999999	260.1210632324219
10.466	261.6279602050781
10.472000000000001	261.6279602050781
10.478	258.6228942871094
10.484000000000002	261.6279602050781
10.49	261.6279602050781
10.495	258.6228942871094
10.501	260.1210632324219
10.507	261.6279602050781
10.513	258.6228942871094
10.519	257.1333312988281
10.524000000000001	264.6679382324219
10.53	252.71588134765625
10.536	254.17987060546875
10.542	249.8131866455078
10.548	257.1333312988281
10.552999999999999	260.1210632324219
10.559000000000001	252.71588134765625
10.565	239.9137725830078
10.571	239.9137725830078
10.577	242.70144653320312
10.582	255.65234375
10.588	235.79217529296875
10.594000000000001	235.79217529296875
10.6	233.0838623046875
10.606	233.0838623046875
10.612	226.44837951660156
10.617	218.7346649169922
10.623	237.15809631347656
10.629000000000001	230.40664672851562
10.635	246.94381713867188
10.640999999999998	234.43411254882812
10.645999999999999	234.43411254882812
10.652000000000001	225.14410400390625
10.658	229.07958984375
10.664000000000001	246.94381713867188
10.67	233.0838623046875
10.675	239.9137725830078
10.681	233.0838623046875
10.687000000000001	229.07958984375
10.693	225.14410400390625
10.699000000000002	206.4579620361328
10.704	200.58045959472656
10.71	197.1345977783203
10.716	200.58045959472656
10.722000000000001	197.1345977783203
10.728	202.91110229492188
10.732999999999999	200.58045959472656
10.739	204.08657836914062
10.745	408.1748046875
10.751	432.4462890625
10.757	460.81512451171875
10.762	463.4846496582031
10.767999999999999	460.81512451171875
10.774000000000001	452.8985900878906
10.78	468.8700866699219
10.786	434.9514465332031
10.790999999999999	447.6965637207031
10.797	468.8700866699219
10.802999999999999	458.1610107421875
10.809000000000001	471.5862731933594
10.815	447.6965637207031
10.82	460.81512451171875
10.825999999999999	249.8131866455078
10.832	214.97691345214844
10.838	226.44837951660156
10.844000000000001	231.7413787841797
10.85	231.7413787841797
10.855	234.43411254882812
10.860999999999999	225.14410400390625
10.867	226.44837951660156
10.873	229.07958984375
10.879000000000001	213.7387237548828
10.884	227.7601776123047
10.89	234.43411254882812
10.895999999999999	230.40664672851562
10.902000000000001	230.40664672851562
10.908	233.0838623046875
10.913	234.43411254882812
10.919	227.7601776123047
10.925	229.07958984375
10.931	230.40664672851562
10.937000000000001	235.79217529296875
10.942	234.43411254882812
10.948	226.44837951660156
10.954	231.7413787841797
10.96	231.7413787841797
10.966	227.7601776123047
10.970999999999998	230.40664672851562
10.977	233.0838623046875
10.982999999999999	230.40664672851562
10.989	230.40664672851562
10.995	233.0838623046875
11.0	230.40664672851562
11.005999999999998	231.7413787841797
11.012	231.7413787841797
11.017999999999999	231.7413787841797
11.024000000000001	230.40664672851562
11.029000000000002	220.0017852783203
11.035	231.7413787841797
11.040999999999999	229.07958984375
11.047	239.9137725830078
11.052999999999999	230.40664672851562
11.059000000000001	246.94381713867188
11.064	241.30357360839844
11.07	246.94381713867188
11.075999999999999	231.7413787841797
11.082	218.7346649169922
11.088	218.7346649169922
11.093	229.07958984375
11.099	218.7346649169922
11.105	234.43411254882812
11.110999999999999	227.7601776123047
11.117	235.79217529296875
11.122	231.7413787841797
11.128	251.26034545898438
11.134	230.40664672851562
11.14	231.7413787841797
11.145999999999999	242.70144653320312
11.151	238.53195190429688
11.157	237.15809631347656
11.163	258.6228942871094
11.169	260.1210632324219
11.175	252.71588134765625
11.18	231.7413787841797
11.186	227.7601776123047
11.192	226.44837951660156
11.198	233.0838623046875
11.204	231.7413787841797
11.209000000000001	225.14410400390625
11.215	239.9137725830078
11.220999999999998	241.30357360839844
11.227	231.7413787841797
11.232999999999999	230.40664672851562
11.238	229.07958984375
11.244000000000002	235.79217529296875
11.25	229.07958984375
11.255999999999998	233.0838623046875
11.262	226.44837951660156
11.267000000000001	231.7413787841797
11.273	235.79217529296875
11.279000000000002	234.43411254882812
11.285	217.47483825683594
11.290999999999999	221.27626037597656
11.297	229.07958984375
11.302	237.15809631347656
11.308	227.7601776123047
11.314	225.14410400390625
11.32	230.40664672851562
11.325999999999999	242.70144653320312
11.331	234.43411254882812
11.337	218.7346649169922
11.343	227.7601776123047
11.349	234.43411254882812
11.355	237.15809631347656
11.36	231.7413787841797
11.366	223.8473663330078
11.372	227.7601776123047
11.378	237.15809631347656
11.384	237.15809631347656
11.389000000000001	227.7601776123047
11.395	226.44837951660156
11.401	231.7413787841797
11.407	237.15809631347656
11.413	234.43411254882812
11.418	225.14410400390625
11.424000000000001	227.7601776123047
11.43	233.0838623046875
11.436	233.0838623046875
11.442	230.40664672851562
11.447000000000001	226.44837951660156
11.453	231.7413787841797
11.459000000000001	231.7413787841797
11.465	230.40664672851562
11.470999999999998	230.40664672851562
11.475999999999999	229.07958984375
11.482000000000001	231.7413787841797
11.488	230.40664672851562
11.494000000000002	230.40664672851562
11.5	231.7413787841797
11.505	231.7413787841797
11.511	230.40664672851562
11.517000000000001	230.40664672851562
11.523	230.40664672851562
11.529000000000002	233.0838623046875
11.535	233.0838623046875
11.54	226.44837951660156
11.546	227.7601776123047
11.552	246.94381713867188
11.558	226.44837951660156
11.564	226.44837951660156
11.569	235.79217529296875
11.575	231.7413787841797
11.581	229.07958984375
11.587	230.40664672851562
11.593	231.7413787841797
11.597999999999999	231.7413787841797
11.604000000000001	230.40664672851562
11.61	229.07958984375
11.616	230.40664672851562
11.622	233.0838623046875
11.627	231.7413787841797
11.633	230.40664672851562
11.639000000000001	230.40664672851562
11.645	233.0838623046875
11.651	231.7413787841797
11.655999999999999	229.07958984375
11.662	231.7413787841797
11.668	233.0838623046875
11.674000000000001	230.40664672851562
11.68	230.40664672851562
11.685	233.0838623046875
11.690999999999999	230.40664672851562
11.697000000000001	230.40664672851562
11.703	231.7413787841797
11.709000000000001	231.7413787841797
11.714	230.40664672851562
11.72	230.40664672851562
11.725999999999999	231.7413787841797
11.732000000000001	231.7413787841797
11.738	230.40664672851562
11.743	231.7413787841797
11.749	231.7413787841797
11.755	231.7413787841797
11.761	230.40664672851562
11.767000000000001	231.7413787841797
11.773	231.7413787841797
11.777999999999999	230.40664672851562
11.784	231.7413787841797
11.79	229.07958984375
11.796	229.07958984375
11.802	222.55809020996094
11.807	226.44837951660156
11.812999999999999	241.30357360839844
11.819	234.43411254882812
11.825	231.7413787841797
11.831	226.44837951660156
11.835999999999999	229.07958984375
11.842	212.50767517089844
11.847999999999999	207.65396118164062
11.854000000000001	218.7346649169922
11.86	231.7413787841797
11.865	223.8473663330078
11.870999999999999	218.7346649169922
11.877	233.0838623046875
11.883	218.7346649169922
11.889000000000001	222.55809020996094
11.894	225.14410400390625
11.9	222.55809020996094
11.905999999999999	207.65396118164062
11.912	198.27658081054688
11.918	188.23226928710938
11.923	193.7479248046875
11.929	210.06680297851562
11.935	226.44837951660156
11.940999999999999	242.70144653320312
11.947000000000001	237.15809631347656
11.952	229.07958984375
11.958	216.22227478027344
11.964	226.44837951660156
11.97	242.70144653320312
11.975999999999999	235.79217529296875
11.981	220.0017852783203
11.987	227.7601776123047
11.993	237.15809631347656
11.999	233.0838623046875
12.005	225.14410400390625
12.011	227.7601776123047
12.015999999999998	235.79217529296875
12.022	239.9137725830078
12.027999999999999	233.0838623046875
12.034	226.44837951660156
12.04	241.30357360839844
12.045	239.9137725830078
12.050999999999998	226.44837951660156
12.057	234.43411254882812
12.062999999999999	238.53195190429688
12.069	255.65234375
12.074000000000002	246.94381713867188
12.08	238.53195190429688
12.085999999999999	235.79217529296875
12.092	255.65234375
12.097999999999999	239.9137725830078
12.103	239.9137725830078
12.109000000000002	248.37437438964844
12.115	252.71588134765625
12.120999999999999	266.201171875
12.127	238.53195190429688
12.132	245.5215301513672
12.138	225.14410400390625
12.144	217.47483825683594
12.15	217.47483825683594
12.155999999999999	227.7601776123047
12.161	244.107421875
12.167	244.107421875
12.173	257.1333312988281
12.179	255.65234375
12.185	234.43411254882812
12.19	227.7601776123047
12.196	231.7413787841797
12.202	212.50767517089844
12.208	206.4579620361328
12.214	204.08657836914062
12.22	221.27626037597656
12.225	234.43411254882812
12.231	238.53195190429688
12.237	231.7413787841797
12.243	229.07958984375
12.249	235.79217529296875
12.254000000000001	249.8131866455078
12.26	237.15809631347656
12.265999999999998	220.0017852783203
12.272	218.7346649169922
12.277999999999999	214.97691345214844
12.283	218.7346649169922
12.289000000000001	233.0838623046875
12.295	239.9137725830078
12.300999999999998	244.107421875
12.307	251.26034545898438
12.312000000000001	0.0
12.318	0.0
12.324000000000002	0.0
12.33	0.0
12.335999999999999	160.1228485107422
12.341	171.61549377441406
12.347000000000001	160.1228485107422
12.353	166.72988891601562
12.359000000000002	173.6095733642578
12.365	188.23226928710938
12.37	189.32269287109375
12.376	178.69676208496094
12.382	176.6442413330078
12.388	173.6095733642578
12.394	182.87362670898438
12.399000000000001	186.07022094726562
12.405	194.87030029296875
12.411	207.65396118164062
12.417	213.7387237548828
12.423	200.58045959472656
12.427999999999999	206.4579620361328
12.434000000000001	205.2688446044922
12.44	202.91110229492188
12.446	204.08657836914062
12.452	207.65396118164062
12.458	204.08657836914062
12.463	202.91110229492188
12.469000000000001	208.8568878173828
12.475	201.742431640625
12.481	205.2688446044922
12.487	206.4579620361328
12.492	197.1345977783203
12.498	206.4579620361328
12.504000000000001	206.4579620361328
12.51	202.91110229492188
12.515999999999998	208.8568878173828
12.520999999999999	200.58045959472656
12.527000000000001	208.8568878173828
12.533	202.91110229492188
12.539000000000001	207.65396118164062
12.545	202.91110229492188
12.55	204.08657836914062
12.556	202.91110229492188
12.562000000000001	205.2688446044922
12.568	210.06680297851562
12.574000000000002	197.1345977783203
12.579	206.4579620361328
12.585	201.742431640625
12.591	206.4579620361328
12.597000000000001	220.0017852783203
12.603	218.7346649169922
12.607999999999999	201.742431640625
12.614	201.742431640625
12.62	201.742431640625
12.626	195.99917602539062
12.632	201.742431640625
12.637	220.0017852783203
12.642999999999999	214.97691345214844
12.649000000000001	222.55809020996094
12.655	212.50767517089844
12.661	221.27626037597656
12.665999999999999	204.08657836914062
12.672	198.27658081054688
12.677999999999999	208.8568878173828
12.684000000000001	193.7479248046875
12.69	202.91110229492188
12.696	199.42520141601562
12.700999999999999	188.23226928710938
12.707	189.32269287109375
12.713	197.1345977783203
12.719000000000001	198.27658081054688
12.725	193.7479248046875
12.73	202.91110229492188
12.735999999999999	191.52252197265625
12.742	187.1481170654297
12.748	186.07022094726562
12.754000000000001	200.58045959472656
12.759	183.93299865722656
12.765	175.62684631347656
12.770999999999999	170.62705993652344
12.777000000000001	173.6095733642578
12.783	181.82034301757812
12.788	191.52252197265625
12.794	187.1481170654297
12.8	172.60964965820312
12.806	176.6442413330078
12.812000000000001	176.6442413330078
12.817	188.23226928710938
12.823	200.58045959472656
12.829	206.4579620361328
12.835	210.06680297851562
12.841	214.97691345214844
12.845999999999998	222.55809020996094
12.852	225.14410400390625
12.857999999999999	220.0017852783203
12.864	205.2688446044922
12.87	198.27658081054688
12.875	198.27658081054688
12.880999999999998	204.08657836914062
12.887	192.6320037841797
12.892999999999999	193.7479248046875
12.899000000000001	188.23226928710938
12.904000000000002	191.52252197265625
12.91	193.7479248046875
12.915999999999999	194.87030029296875
12.922	193.7479248046875
12.927999999999999	194.87030029296875
12.934000000000001	198.27658081054688
12.939	189.32269287109375
12.945	195.99917602539062
12.950999999999999	199.42520141601562
12.957	195.99917602539062
12.963	195.99917602539062
12.968	195.99917602539062
12.974	197.1345977783203
12.98	197.1345977783203
12.985999999999999	193.7479248046875
12.992	189.32269287109375
12.997	199.42520141601562
13.003	195.99917602539062
13.009	197.1345977783203
13.015	195.99917602539062
13.020999999999999	197.1345977783203
13.026	193.7479248046875
13.032	191.52252197265625
13.038	195.99917602539062
13.044	193.7479248046875
13.05	191.52252197265625
13.055	198.27658081054688
13.061	193.7479248046875
13.067	194.87030029296875
13.073	193.7479248046875
13.079	197.1345977783203
13.084000000000001	197.1345977783203
13.09	192.6320037841797
13.095999999999998	211.28370666503906
13.102	194.87030029296875
13.107999999999999	205.2688446044922
13.113	208.8568878173828
13.119000000000002	192.6320037841797
13.125	189.32269287109375
13.130999999999998	179.73194885253906
13.137	177.66754150390625
13.142000000000001	173.6095733642578
13.148	178.69676208496094
13.154000000000002	178.69676208496094
13.16	183.93299865722656
13.165999999999999	183.93299865722656
13.172	186.07022094726562
13.177	195.99917602539062
13.183	198.27658081054688
13.189	202.91110229492188
13.195	195.99917602539062
13.200999999999999	184.99851989746094
13.206	186.07022094726562
13.212	200.58045959472656
13.218	188.23226928710938
13.224	192.6320037841797
13.23	194.87030029296875
13.235	200.58045959472656
13.241	198.27658081054688
13.247	194.87030029296875
13.253	190.41943359375
13.259	189.32269287109375
13.264000000000001	181.82034301757812
13.27	193.7479248046875
13.276	194.87030029296875
13.282	184.99851989746094
13.288	180.77313232421875
13.293	188.23226928710938
13.299000000000001	187.1481170654297
13.305	201.742431640625
13.311	187.1481170654297
13.317	202.91110229492188
13.322000000000001	200.58045959472656
13.328	195.99917602539062
13.334000000000001	184.99851989746094
13.34	176.6442413330078
13.345999999999998	169.64431762695312
13.350999999999999	164.81484985351562
13.357000000000001	163.86557006835938
13.363	176.6442413330078
13.369000000000002	178.69676208496094
13.375	187.1481170654297
13.38	201.742431640625
13.386	192.6320037841797
13.392000000000001	197.1345977783203
13.398	191.52252197265625
13.404000000000002	198.27658081054688
13.41	200.58045959472656
13.415	190.41943359375
13.421	204.08657836914062
13.427	192.6320037841797
13.433	188.23226928710938
13.439	188.23226928710938
13.444	195.99917602539062
13.45	199.42520141601562
13.456	197.1345977783203
13.462	197.1345977783203
13.468	191.52252197265625
13.472999999999999	198.27658081054688
13.479000000000001	188.23226928710938
13.485	187.1481170654297
13.491	197.1345977783203
13.497	194.87030029296875
13.502	208.8568878173828
13.508	0.0
13.514000000000001	214.97691345214844
13.52	202.91110229492188
13.526	189.32269287109375
13.530999999999999	193.7479248046875
13.537	187.1481170654297
13.543	201.742431640625
13.549000000000001	195.99917602539062
13.555	189.32269287109375
13.56	198.27658081054688
13.565999999999999	194.87030029296875
13.572000000000001	195.99917602539062
13.578	192.6320037841797
13.584000000000001	193.7479248046875
13.589	191.52252197265625
13.595	193.7479248046875
13.600999999999999	190.41943359375
13.607000000000001	193.7479248046875
13.613	197.1345977783203
13.619000000000002	193.7479248046875
13.624	205.2688446044922
13.63	0.0
13.636	200.58045959472656
13.642000000000001	206.4579620361328
13.648	190.41943359375
13.652999999999999	194.87030029296875
13.659	190.41943359375
13.665	200.58045959472656
13.671	192.6320037841797
13.677	192.6320037841797
13.682	197.1345977783203
13.687999999999999	200.58045959472656
13.694	198.27658081054688
13.7	191.52252197265625
13.706	197.1345977783203
13.710999999999999	193.7479248046875
13.717	199.42520141601562
13.722999999999999	194.87030029296875
13.729000000000001	198.27658081054688
13.735	197.1345977783203
13.74	194.87030029296875
13.745999999999999	194.87030029296875
13.752	199.42520141601562
13.758	194.87030029296875
13.764000000000001	194.87030029296875
13.769	183.93299865722656
13.775	191.52252197265625
13.780999999999999	191.52252197265625
13.787	202.91110229492188
13.793	191.52252197265625
13.798	197.1345977783203
13.804	186.07022094726562
13.81	179.73194885253906
13.815999999999999	186.07022094726562
13.822000000000001	199.42520141601562
13.827	194.87030029296875
13.833	194.87030029296875
13.839	194.87030029296875
13.845	195.99917602539062
13.850999999999999	184.99851989746094
13.857000000000001	173.6095733642578
13.862	179.73194885253906
13.868	193.7479248046875
13.874	199.42520141601562
13.88	192.6320037841797
13.886	192.6320037841797
13.890999999999998	188.23226928710938
13.897	173.6095733642578
13.902999999999999	193.7479248046875
13.909	198.27658081054688
13.915	194.87030029296875
13.92	195.99917602539062
13.925999999999998	199.42520141601562
13.932	193.7479248046875
13.937999999999999	193.7479248046875
13.944	188.23226928710938
13.949000000000002	192.6320037841797
13.955	194.87030029296875
13.960999999999999	195.99917602539062
13.967	197.1345977783203
13.972999999999999	193.7479248046875
13.978	187.1481170654297
13.984000000000002	197.1345977783203
13.99	197.1345977783203
13.995999999999999	198.27658081054688
14.002	193.7479248046875
14.007	198.27658081054688
14.013	195.99917602539062
14.019	200.58045959472656
14.025	206.4579620361328
14.030999999999999	202.91110229492188
14.036	195.99917602539062
14.042	201.742431640625
14.048	198.27658081054688
14.054	190.41943359375
14.06	206.4579620361328
14.065	213.7387237548828
14.071	212.50767517089844
14.077	202.91110229492188
14.083	201.742431640625
14.089	190.41943359375
14.095	198.27658081054688
14.1	192.6320037841797
14.106	187.1481170654297
14.112	179.73194885253906
14.118	190.41943359375
14.124	195.99917602539062
14.129000000000001	189.32269287109375
14.135	182.87362670898438
14.140999999999998	188.23226928710938
14.147	179.73194885253906
14.152999999999999	181.82034301757812
14.158	189.32269287109375
14.164000000000001	193.7479248046875
14.17	201.742431640625
14.175999999999998	0.0
14.182	0.0
14.187000000000001	0.0
14.193	0.0
14.199000000000002	0.0
14.205	0.0
14.210999999999999	0.0
14.216	0.0
14.222000000000001	0.0
14.228	0.0
14.234000000000002	0.0
14.24	0.0
14.245	0.0
14.251	0.0
14.257	0.0
14.263	0.0
14.269	0.0
14.274000000000001	0.0
14.28	0.0
14.286	0.0
14.292	0.0
14.298	0.0
14.302999999999999	0.0
14.309000000000001	0.0
14.315	0.0
14.321	0.0
14.327	0.0
14.333	0.0
14.338	0.0
14.344000000000001	0.0
14.35	0.0
14.356	0.0
14.362	0.0
14.367	0.0
14.373	0.0
14.379000000000001	0.0
14.385	0.0
14.390999999999998	0.0
14.395999999999999	0.0
14.402000000000001	0.0
14.408	0.0
14.414000000000001	0.0
14.42	355.3365173339844
14.425	355.3365173339844
14.431	351.2550964355469
14.437000000000001	353.2899475097656
14.443	351.2550964355469
14.449000000000002	351.2550964355469
14.454	353.2899475097656
14.46	351.2550964355469
14.466	349.2320251464844
14.472000000000001	351.2550964355469
14.478	349.2320251464844
14.482999999999999	351.2550964355469
14.489	353.2899475097656
14.495	351.2550964355469
14.501	351.2550964355469
14.507	353.2899475097656
14.512	351.2550964355469
14.517999999999999	349.2320251464844
14.524000000000001	349.2320251464844
14.53	347.2205810546875
14.536	349.2320251464844
14.540999999999999	353.2899475097656
14.547	351.2550964355469
14.552999999999999	349.2320251464844
14.559000000000001	351.2550964355469
14.565	351.2550964355469
14.571	347.2205810546875
14.575999999999999	349.2320251464844
14.582	349.2320251464844
14.588	347.2205810546875
14.594000000000001	349.2320251464844
14.6	351.2550964355469
14.605	351.2550964355469
14.610999999999999	349.2320251464844
14.617	351.2550964355469
14.623	349.2320251464844
14.629000000000001	349.2320251464844
14.634	347.2205810546875
14.64	345.220703125
14.645999999999999	351.2550964355469
14.652000000000001	359.4653625488281
14.658	345.220703125
14.663	0.0
14.669	0.0
14.675	0.0
14.681	0.0
14.687000000000001	0.0
14.692	0.0
14.698	0.0
14.704	0.0
14.71	0.0
14.716	0.0
14.720999999999998	0.0
14.727	0.0
14.732999999999999	0.0
14.739	0.0
14.745	0.0
14.75	0.0
14.755999999999998	0.0
14.762	0.0
14.767999999999999	0.0
14.774000000000001	0.0
14.78	0.0
14.785	0.0
14.790999999999999	0.0
14.797	0.0
14.802999999999999	0.0
14.809000000000001	0.0
14.814	0.0
14.82	0.0
14.825999999999999	0.0
14.832	0.0
14.838	0.0
14.843	0.0
14.849	0.0
14.855	0.0
14.860999999999999	0.0
14.867	0.0
14.872	0.0
14.878	0.0
14.884	0.0
14.89	0.0
14.895999999999999	0.0
14.901	0.0
14.907	0.0
14.913	307.5564880371094
14.919	335.3929138183594
14.925	329.6310119628906
14.93	325.8448486328125
14.936	322.1021728515625
14.942	323.9681091308594
14.948	312.9324951171875
14.954	311.1301574707031
14.959000000000001	331.5405578613281
14.965	323.9681091308594
14.970999999999998	327.73248291015625
14.977	311.1301574707031
14.982999999999999	309.3381652832031
14.988	309.3381652832031
14.994000000000002	329.6310119628906
15.0	318.4024963378906
15.005999999999998	302.2728271484375
15.012	304.0238952636719
15.017999999999999	307.5564880371094
15.023	322.1021728515625
15.029000000000002	305.7850646972656
15.035	311.1301574707031
15.040999999999999	316.5686340332031
15.047	307.5564880371094
15.052	318.4024963378906
15.058	318.4024963378906
15.064	329.6310119628906
15.07	302.2728271484375
15.075999999999999	314.74530029296875
15.081	322.1021728515625
15.087	316.5686340332031
15.093	339.2900085449219
15.099	325.8448486328125
15.105	305.7850646972656
15.11	316.5686340332031
15.116	305.7850646972656
15.122	322.1021728515625
15.128	320.24700927734375
15.134	297.0799255371094
15.139000000000001	316.5686340332031
15.145	307.5564880371094
15.151	293.6676330566406
15.157	274.0014953613281
15.163	267.7432556152344
15.168	254.17987060546875
15.174000000000001	244.107421875
15.18	258.6228942871094
15.186	257.1333312988281
15.192	245.5215301513672
15.197000000000001	225.14410400390625
15.203	235.79217529296875
15.209000000000001	233.0838623046875
15.215	237.15809631347656
15.220999999999998	222.55809020996094
15.225999999999999	234.43411254882812
15.232000000000001	221.27626037597656
15.238	327.73248291015625
15.244000000000002	337.3358154296875
15.25	311.1301574707031
15.255999999999998	307.5564880371094
15.261	304.0238952636719
15.267000000000001	309.3381652832031
15.273	293.6676330566406
15.279000000000002	295.36883544921875
15.285	305.7850646972656
15.29	320.24700927734375
15.296	309.3381652832031
15.302	311.1301574707031
15.308	331.5405578613281
15.314	351.2550964355469
15.319	329.6310119628906
15.325	327.73248291015625
15.331	325.8448486328125
15.337	329.6310119628906
15.343	304.0238952636719
15.347999999999999	322.1021728515625
15.354000000000001	297.0799255371094
15.36	314.74530029296875
15.366	323.9681091308594
15.372	323.9681091308594
15.377	339.2900085449219
15.383	327.73248291015625
15.389000000000001	316.5686340332031
15.395	302.2728271484375
15.401	327.73248291015625
15.405999999999999	329.6310119628906
15.412	309.3381652832031
15.418	316.5686340332031
15.424000000000001	327.73248291015625
15.43	320.24700927734375
15.435	333.4611511230469
15.440999999999999	351.2550964355469
15.447000000000001	325.8448486328125
15.453	305.7850646972656
15.459000000000001	318.4024963378906
15.464	298.8009033203125
15.47	278.7909851074219
15.475999999999999	272.42333984375
15.482000000000001	288.6225891113281
15.488	302.2728271484375
15.494000000000002	325.8448486328125
15.499	320.24700927734375
15.505	307.5564880371094
15.511	312.9324951171875
15.517000000000001	311.1301574707031
15.523	325.8448486328125
15.527999999999999	314.74530029296875
15.534	320.24700927734375
15.54	295.36883544921875
15.546	272.42333984375
15.552	290.2945861816406
15.557	278.7909851074219
15.562999999999999	285.3074645996094
15.569	274.0014953613281
15.575	272.42333984375
15.581	275.5887756347656
15.585999999999999	269.2942810058594
15.592	269.2942810058594
15.597999999999999	274.0014953613281
15.604000000000001	269.2942810058594
15.61	277.1852722167969
15.615	270.8542785644531
15.620999999999999	269.2942810058594
15.627	269.2942810058594
15.633	261.6279602050781
15.639000000000001	266.201171875
15.644	277.1852722167969
15.65	302.2728271484375
15.655999999999999	320.24700927734375
15.662	309.3381652832031
15.668	311.1301574707031
15.673	307.5564880371094
15.679	316.5686340332031
15.685	300.5318298339844
15.690999999999999	327.73248291015625
15.697000000000001	309.3381652832031
15.702	318.4024963378906
15.708	316.5686340332031
15.714	305.7850646972656
15.72	304.0238952636719
15.725999999999999	316.5686340332031
15.732000000000001	314.74530029296875
15.737	304.0238952636719
15.743	322.1021728515625
15.749	302.2728271484375
15.755	325.8448486328125
15.761	304.0238952636719
15.765999999999998	325.8448486328125
15.772	312.9324951171875
15.777999999999999	323.9681091308594
15.784	314.74530029296875
15.79	312.9324951171875
15.795	304.0238952636719
15.800999999999998	318.4024963378906
15.807	309.3381652832031
15.812999999999999	318.4024963378906
15.819	309.3381652832031
15.824000000000002	311.1301574707031
15.83	316.5686340332031
15.835999999999999	302.2728271484375
15.842	311.1301574707031
15.847999999999999	305.7850646972656
15.853	316.5686340332031
15.859000000000002	305.7850646972656
15.865	325.8448486328125
15.870999999999999	300.5318298339844
15.877	323.9681091308594
15.882	307.5564880371094
15.888	316.5686340332031
15.894	298.8009033203125
15.9	316.5686340332031
15.905999999999999	302.2728271484375
15.911	312.9324951171875
15.917	309.3381652832031
15.923	312.9324951171875
15.929	318.4024963378906
15.935	312.9324951171875
15.94	325.8448486328125
15.946	341.2555236816406
15.952	327.73248291015625
15.958	337.3358154296875
15.964	333.4611511230469
15.97	323.9681091308594
15.975	304.0238952636719
15.981	300.5318298339844
15.987	305.7850646972656
15.993	320.24700927734375
15.999	298.8009033203125
16.004	322.1021728515625
16.01	320.24700927734375
16.016	311.1301574707031
16.022000000000002	327.73248291015625
16.028	314.74530029296875
16.033	302.2728271484375
16.039	302.2728271484375
16.045	297.0799255371094
16.051	291.9762268066406
16.057000000000002	298.8009033203125
16.062	312.9324951171875
16.067999999999998	331.5405578613281
16.074	316.5686340332031
16.08	325.8448486328125
16.086	325.8448486328125
16.090999999999998	337.3358154296875
16.097	325.8448486328125
16.102999999999998	343.2323913574219
16.109	361.5477294921875
16.115	359.4653625488281
16.12	333.4611511230469
16.125999999999998	351.2550964355469
16.132	323.9681091308594
16.137999999999998	322.1021728515625
16.144000000000002	331.5405578613281
16.149	318.4024963378906
16.155	337.3358154296875
16.160999999999998	349.2320251464844
16.167	357.39495849609375
16.173	339.2900085449219
16.179000000000002	363.64215087890625
16.184	345.220703125
16.19	320.24700927734375
16.195999999999998	331.5405578613281
16.202	347.2205810546875
16.208	357.39495849609375
16.213	345.220703125
16.219	355.3365173339844
16.225	341.2555236816406
16.230999999999998	363.64215087890625
16.237000000000002	349.2320251464844
16.242	320.24700927734375
16.248	302.2728271484375
16.254	329.6310119628906
16.26	335.3929138183594
16.266	316.5686340332031
16.271	337.3358154296875
16.277	347.2205810546875
16.283	355.3365173339844
16.289	347.2205810546875
16.295	347.2205810546875
16.3	355.3365173339844
16.305999999999997	345.220703125
16.312	351.2550964355469
16.317999999999998	322.1021728515625
16.324	333.4611511230469
16.329	325.8448486328125
16.335	323.9681091308594
16.340999999999998	341.2555236816406
16.347	335.3929138183594
16.352999999999998	325.8448486328125
16.358	335.3929138183594
16.364	311.1301574707031
16.37	309.3381652832031
16.375999999999998	311.1301574707031
16.382	312.9324951171875
16.387	322.1021728515625
16.393	302.2728271484375
16.399	304.0238952636719
16.405	309.3381652832031
16.410999999999998	325.8448486328125
16.417	302.2728271484375
16.422	316.5686340332031
16.428	297.0799255371094
16.434	311.1301574707031
16.44	318.4024963378906
16.445999999999998	312.9324951171875
16.451	312.9324951171875
16.457	307.5564880371094
16.463	322.1021728515625
16.469	309.3381652832031
16.475	312.9324951171875
16.48	309.3381652832031
16.486	304.0238952636719
16.492	314.74530029296875
16.498	305.7850646972656
16.504	314.74530029296875
16.509	331.5405578613281
16.515	323.9681091308594
16.521	309.3381652832031
16.527	316.5686340332031
16.533	307.5564880371094
16.538	311.1301574707031
16.544	318.4024963378906
16.55	320.24700927734375
16.555999999999997	309.3381652832031
16.562	312.9324951171875
16.567	305.7850646972656
16.573	305.7850646972656
16.579	300.5318298339844
16.585	0.0
16.590999999999998	0.0
16.596	0.0
16.602	0.0
16.608	0.0
16.614	0.0
16.62	0.0
16.625	0.0
16.631	0.0
16.637	0.0
16.643	0.0
16.649	0.0
16.655	0.0
16.66	0.0
16.666	0.0
16.672	0.0
16.678	0.0
16.684	0.0
16.689	0.0
16.695	0.0
16.701	0.0
16.707	0.0
16.713	0.0
