0.0	0.0
0.006	0.0
0.012	0.0
0.017	0.0
0.023	0.0
0.028999999999999998	0.0
0.035	0.0
0.040999999999999995	0.0
0.046	0.0
0.052000000000000005	900.5838012695312
0.057999999999999996	895.3967895507812
0.064	895.3967895507812
0.07	890.2395629882812
0.075	895.3967895507812
0.081	890.2395629882812
0.087	890.2395629882812
0.09300000000000001	895.3967895507812
0.099	307.5564880371094
0.10400000000000001	297.0799255371094
0.11	297.0799255371094
0.11599999999999999	304.0238952636719
0.122	297.0799255371094
0.128	302.2728271484375
0.134	293.6676330566406
0.139	297.0799255371094
0.145	304.0238952636719
0.151	298.8009033203125
0.157	304.0238952636719
0.163	298.8009033203125
0.168	305.7850646972656
0.174	300.5318298339844
0.18	309.3381652832031
0.18600000000000003	298.8009033203125
0.192	309.3381652832031
0.19699999999999998	307.5564880371094
0.203	320.24700927734375
0.209	322.1021728515625
0.215	312.9324951171875
0.221	312.9324951171875
0.226	341.2555236816406
0.23199999999999998	312.9324951171875
0.23800000000000002	314.74530029296875
0.244	316.5686340332031
0.25	309.3381652832031
0.255	314.74530029296875
0.261	322.1021728515625
0.267	314.74530029296875
0.273	320.24700927734375
0.27899999999999997	320.24700927734375
0.284	305.7850646972656
0.29	318.4024963378906
0.29600000000000004	318.4024963378906
0.302	314.74530029296875
0.308	312.9324951171875
0.313	318.4024963378906
0.319	312.9324951171875
0.325	312.9324951171875
0.331	309.3381652832031
0.337	305.7850646972656
0.342	314.74530029296875
0.348	311.1301574707031
0.354	307.5564880371094
0.36	309.3381652832031
0.366	311.1301574707031
0.37200000000000005	312.9324951171875
0.377	314.74530029296875
0.38299999999999995	312.9324951171875
0.389	311.1301574707031
0.395	311.1301574707031
0.401	311.1301574707031
0.406	311.1301574707031
0.41200000000000003	307.5564880371094
0.418	311.1301574707031
0.424	307.5564880371094
0.43	312.9324951171875
0.435	314.74530029296875
0.441	311.1301574707031
0.447	312.9324951171875
0.45299999999999996	311.1301574707031
0.45899999999999996	311.1301574707031
0.46399999999999997	309.3381652832031
0.47	312.9324951171875
0.47600000000000003	311.1301574707031
0.48200000000000004	309.3381652832031
0.488	311.1301574707031
0.493	311.1301574707031
0.499	309.3381652832031
0.505	314.74530029296875
0.511	311.1301574707031
0.517	311.1301574707031
0.522	312.9324951171875
0.528	311.1301574707031
0.534	309.3381652832031
0.54	312.9324951171875
0.546	311.1301574707031
0.551	309.3381652832031
0.557	312.9324951171875
0.563	309.3381652832031
0.569	314.74530029296875
0.575	300.5318298339844
0.58	309.3381652832031
0.586	288.6225891113281
0.5920000000000001	282.0304260253906
0.598	278.7909851074219
0.604	274.0014953613281
0.61	0.0
0.615	0.0
0.621	647.9388427734375
0.627	644.2069702148438
0.633	633.1398315429688
0.639	644.2069702148438
0.644	647.9388427734375
0.65	651.6923217773438
0.6559999999999999	663.0838012695312
0.662	663.0838012695312
0.6679999999999999	644.2069702148438
0.6729999999999999	633.1398315429688
0.679	629.4931640625
0.685	647.9388427734375
0.691	651.6923217773438
0.6970000000000001	633.1398315429688
0.7020000000000001	633.1398315429688
0.708	633.1398315429688
0.7140000000000001	644.2069702148438
0.72	651.6923217773438
0.726	674.6744384765625
0.731	647.9388427734375
0.737	622.2628173828125
0.743	618.6788330078125
0.7490000000000001	644.2069702148438
0.755	640.4966430664062
0.76	633.1398315429688
0.7659999999999999	601.066162109375
0.772	636.8075561523438
0.778	611.5726928710938
0.784	636.8075561523438
0.789	659.2647094726562
0.795	651.6923217773438
0.8009999999999999	608.0502319335938
0.807	633.1398315429688
0.813	0.0
0.8190000000000001	0.0
0.8240000000000001	0.0
0.83	0.0
0.836	0.0
0.8420000000000001	0.0
0.848	0.0
0.853	0.0
0.8590000000000001	0.0
0.865	0.0
0.871	0.0
0.877	0.0
0.882	0.0
0.888	0.0
0.894	0.0
0.9	0.0
0.9059999999999999	0.0
0.9109999999999999	0.0
0.917	0.0
0.9229999999999999	0.0
0.929	0.0
0.935	0.0
0.94	0.0
0.946	0.0
0.9520000000000001	0.0
0.958	0.0
0.9640000000000001	0.0
0.9690000000000001	0.0
0.975	0.0
0.981	0.0
0.987	0.0
0.993	0.0
0.998	0.0
1.004	0.0
1.01	0.0
1.016	0.0
1.022	0.0
1.0270000000000001	0.0
1.033	0.0
1.0390000000000001	0.0
1.045	0.0
1.051	0.0
1.057	0.0
1.062	0.0
1.068	0.0
1.074	0.0
1.08	0.0
1.0859999999999999	0.0
1.091	0.0
1.097	0.0
1.103	0.0
1.109	529.3380126953125
1.115	544.8489379882812
1.12	282.0304260253906
1.126	297.0799255371094
1.1320000000000001	320.24700927734375
1.138	345.220703125
1.1440000000000001	345.220703125
1.149	357.39495849609375
1.155	343.2323913574219
1.161	333.4611511230469
1.167	335.3929138183594
1.173	357.39495849609375
1.178	351.2550964355469
1.1840000000000002	341.2555236816406
1.19	320.24700927734375
1.196	325.8448486328125
1.202	347.2205810546875
1.207	335.3929138183594
1.213	359.4653625488281
1.219	347.2205810546875
1.225	351.2550964355469
1.2309999999999999	337.3358154296875
1.236	355.3365173339844
1.242	347.2205810546875
1.248	347.2205810546875
1.254	327.73248291015625
1.26	329.6310119628906
1.265	316.5686340332031
1.271	343.2323913574219
1.2770000000000001	353.2899475097656
1.2830000000000001	331.5405578613281
1.2890000000000001	307.5564880371094
1.295	293.6676330566406
1.3	285.3074645996094
1.306	280.4060363769531
1.3119999999999998	290.2945861816406
1.318	293.6676330566406
1.324	307.5564880371094
1.329	297.0799255371094
1.335	282.0304260253906
1.341	295.36883544921875
1.347	295.36883544921875
1.3530000000000002	288.6225891113281
1.358	295.36883544921875
1.364	282.0304260253906
1.37	285.3074645996094
1.376	295.36883544921875
1.382	314.74530029296875
1.3869999999999998	312.9324951171875
1.393	305.7850646972656
1.399	283.6641845703125
1.405	291.9762268066406
1.411	295.36883544921875
1.416	297.0799255371094
1.422	286.9602355957031
1.4280000000000002	280.4060363769531
1.4340000000000002	298.8009033203125
1.44	412.9176025390625
1.445	267.7432556152344
1.4509999999999998	257.1333312988281
1.4569999999999999	266.201171875
1.463	258.6228942871094
1.469	237.15809631347656
1.474	238.53195190429688
1.48	233.0838623046875
1.486	237.15809631347656
1.492	233.0838623046875
1.4980000000000002	222.55809020996094
1.5030000000000001	222.55809020996094
1.5090000000000001	241.30357360839844
1.515	230.40664672851562
1.521	237.15809631347656
1.527	230.40664672851562
1.5330000000000001	217.47483825683594
1.538	227.7601776123047
1.544	230.40664672851562
1.55	234.43411254882812
1.556	235.79217529296875
1.5619999999999998	227.7601776123047
1.567	227.7601776123047
1.5730000000000002	235.79217529296875
1.579	233.0838623046875
1.585	241.30357360839844
1.591	234.43411254882812
1.5959999999999999	223.8473663330078
1.6019999999999999	241.30357360839844
1.608	234.43411254882812
1.614	230.40664672851562
1.62	239.9137725830078
1.625	229.07958984375
1.631	227.7601776123047
1.6369999999999998	229.07958984375
1.643	235.79217529296875
1.649	234.43411254882812
1.6540000000000001	238.53195190429688
1.66	229.07958984375
1.666	231.7413787841797
1.672	242.70144653320312
1.6780000000000002	226.44837951660156
1.683	226.44837951660156
1.689	242.70144653320312
1.695	237.15809631347656
1.7009999999999998	234.43411254882812
1.7069999999999999	231.7413787841797
1.712	230.40664672851562
1.7180000000000002	237.15809631347656
1.724	234.43411254882812
1.73	234.43411254882812
1.736	230.40664672851562
1.7409999999999999	229.07958984375
1.7469999999999999	241.30357360839844
1.7530000000000001	233.0838623046875
1.7590000000000001	225.14410400390625
1.765	237.15809631347656
1.771	223.8473663330078
1.776	221.27626037597656
1.7819999999999998	0.0
1.788	0.0
1.794	0.0
1.8	0.0
1.805	0.0
1.811	0.0
1.817	0.0
1.8230000000000002	0.0
1.829	0.0
1.834	0.0
1.84	0.0
1.8459999999999999	0.0
1.8519999999999999	0.0
1.858	0.0
1.8630000000000002	0.0
1.869	0.0
1.875	0.0
1.881	0.0
1.8869999999999998	0.0
1.892	0.0
1.8980000000000001	380.84039306640625
1.9040000000000001	353.2899475097656
1.91	355.3365173339844
1.916	367.8675231933594
1.921	351.2550964355469
1.9269999999999998	353.2899475097656
1.933	365.74871826171875
1.939	372.1419372558594
1.945	396.5548095703125
1.95	394.27081298828125
1.956	365.74871826171875
1.962	361.5477294921875
1.9680000000000002	351.2550964355469
1.974	359.4653625488281
1.98	335.3929138183594
1.985	343.2323913574219
1.9909999999999999	327.73248291015625
1.9969999999999999	357.39495849609375
2.003	345.220703125
2.009	335.3929138183594
2.0140000000000002	325.8448486328125
2.02	333.4611511230469
2.026	322.1021728515625
2.032	333.4611511230469
2.0380000000000003	320.24700927734375
2.043	333.4611511230469
2.049	327.73248291015625
2.055	337.3358154296875
2.061	327.73248291015625
2.0669999999999997	341.2555236816406
2.072	353.2899475097656
2.0780000000000003	383.0466003417969
2.084	391.99993896484375
2.09	425.01708984375
2.096	403.4864807128906
2.101	412.9176025390625
2.1069999999999998	417.7154846191406
2.113	417.7154846191406
2.119	432.4462890625
2.125	398.8520202636719
2.13	417.7154846191406
2.136	420.13531494140625
2.142	398.8520202636719
2.148	244.107421875
2.154	223.8473663330078
2.1590000000000003	233.0838623046875
2.165	226.44837951660156
2.171	222.55809020996094
2.177	213.7387237548828
2.1830000000000003	233.0838623046875
2.188	241.30357360839844
2.194	257.1333312988281
2.2	272.42333984375
2.206	275.5887756347656
2.2119999999999997	275.5887756347656
2.218	272.42333984375
2.2230000000000003	251.26034545898438
2.229	246.94381713867188
2.235	234.43411254882812
2.241	218.7346649169922
2.247	218.7346649169922
2.252	210.06680297851562
2.258	0.0
2.2640000000000002	237.15809631347656
2.27	231.7413787841797
2.276	231.7413787841797
2.281	227.7601776123047
2.287	230.40664672851562
2.293	229.07958984375
2.299	218.7346649169922
2.305	266.201171875
2.31	267.7432556152344
2.316	286.9602355957031
2.322	270.8542785644531
2.3280000000000003	286.9602355957031
2.334	302.2728271484375
2.339	327.73248291015625
2.345	329.6310119628906
2.351	304.0238952636719
2.3569999999999998	325.8448486328125
2.363	325.8448486328125
2.3680000000000003	323.9681091308594
2.374	318.4024963378906
2.38	325.8448486328125
2.386	322.1021728515625
2.392	327.73248291015625
2.397	335.3929138183594
2.403	353.2899475097656
2.4090000000000003	351.2550964355469
2.415	365.74871826171875
2.421	389.7421875
2.426	387.4974365234375
2.432	408.1748046875
2.438	425.01708984375
2.444	415.30963134765625
2.45	396.5548095703125
2.456	420.13531494140625
2.461	417.7154846191406
2.467	410.5393371582031
2.4730000000000003	385.2655944824219
2.479	403.4864807128906
2.485	429.95556640625
2.49	422.56915283203125
2.496	394.27081298828125
2.502	398.8520202636719
2.508	429.95556640625
2.5140000000000002	429.95556640625
2.519	405.8238830566406
2.525	394.27081298828125
2.531	417.7154846191406
2.537	429.95556640625
2.543	408.1748046875
2.548	403.4864807128906
2.5540000000000003	405.8238830566406
2.56	417.7154846191406
2.5660000000000003	422.56915283203125
2.572	405.8238830566406
2.577	401.1625671386719
2.583	412.9176025390625
2.589	410.5393371582031
2.595	417.7154846191406
2.6010000000000004	415.30963134765625
2.6060000000000003	408.1748046875
2.612	405.8238830566406
2.6180000000000003	412.9176025390625
2.6239999999999997	425.01708984375
2.63	410.5393371582031
2.635	394.27081298828125
2.641	412.9176025390625
2.647	427.47918701171875
2.653	415.30963134765625
2.659	403.4864807128906
2.6639999999999997	405.8238830566406
2.67	415.30963134765625
2.676	427.47918701171875
2.682	405.8238830566406
2.688	391.99993896484375
2.694	422.56915283203125
2.699	412.9176025390625
2.705	415.30963134765625
2.7110000000000003	405.8238830566406
2.717	410.5393371582031
2.7230000000000003	415.30963134765625
2.728	410.5393371582031
2.734	412.9176025390625
2.74	415.30963134765625
2.7460000000000004	398.8520202636719
2.752	410.5393371582031
2.7569999999999997	420.13531494140625
2.763	415.30963134765625
2.7689999999999997	405.8238830566406
2.775	405.8238830566406
2.781	420.13531494140625
2.786	422.56915283203125
2.792	408.1748046875
2.798	403.4864807128906
2.804	401.1625671386719
2.81	420.13531494140625
2.815	417.7154846191406
2.821	405.8238830566406
2.827	408.1748046875
2.833	425.01708984375
2.839	412.9176025390625
2.844	410.5393371582031
2.85	412.9176025390625
2.8560000000000003	410.5393371582031
2.862	0.0
2.8680000000000003	0.0
2.873	0.0
2.8789999999999996	0.0
2.885	0.0
2.891	0.0
2.897	0.0
2.9019999999999997	0.0
2.908	0.0
2.9139999999999997	0.0
2.92	0.0
2.926	0.0
2.932	0.0
2.937	0.0
2.943	0.0
2.949	0.0
2.955	0.0
2.9610000000000003	0.0
2.966	0.0
2.972	0.0
2.978	0.0
2.984	0.0
2.99	0.0
2.995	0.0
3.0010000000000003	0.0
3.0069999999999997	0.0
3.013	0.0
3.0189999999999997	0.0
3.0239999999999996	0.0
3.03	0.0
3.036	0.0
3.042	0.0
3.048	0.0
3.053	0.0
3.0589999999999997	0.0
3.065	0.0
3.071	0.0
3.077	0.0
3.082	0.0
3.088	212.50767517089844
3.094	214.97691345214844
3.1	211.28370666503906
3.1060000000000003	211.28370666503906
3.111	205.2688446044922
3.117	207.65396118164062
3.123	205.2688446044922
3.1289999999999996	207.65396118164062
3.135	208.8568878173828
3.14	201.742431640625
3.1460000000000004	202.91110229492188
3.1519999999999997	206.4579620361328
3.158	207.65396118164062
3.1639999999999997	206.4579620361328
3.17	201.742431640625
3.175	207.65396118164062
3.181	204.08657836914062
3.187	210.06680297851562
3.193	204.08657836914062
3.199	216.22227478027344
3.2039999999999997	221.27626037597656
3.21	238.53195190429688
3.216	246.94381713867188
3.222	263.1435852050781
3.228	274.0014953613281
3.233	272.42333984375
3.239	264.6679382324219
3.245	272.42333984375
3.2510000000000003	269.2942810058594
3.2569999999999997	275.5887756347656
3.262	272.42333984375
3.2680000000000002	286.9602355957031
3.2739999999999996	275.5887756347656
3.28	282.0304260253906
3.286	274.0014953613281
3.2910000000000004	282.0304260253906
3.2969999999999997	270.8542785644531
3.303	408.1748046875
3.3089999999999997	412.9176025390625
3.315	427.47918701171875
3.32	420.13531494140625
3.326	427.47918701171875
3.332	432.4462890625
3.338	452.8985900878906
3.344	432.4462890625
3.3489999999999998	415.30963134765625
3.355	408.1748046875
3.361	385.2655944824219
3.367	361.5477294921875
3.373	337.3358154296875
3.3789999999999996	0.0
3.384	408.1748046875
3.39	405.8238830566406
3.3960000000000004	408.1748046875
3.4019999999999997	417.7154846191406
3.408	389.7421875
3.4130000000000003	369.99853515625
3.4189999999999996	353.2899475097656
3.425	376.4660339355469
3.431	385.2655944824219
3.437	372.1419372558594
3.4419999999999997	383.0466003417969
3.448	417.7154846191406
3.4539999999999997	385.2655944824219
3.46	405.8238830566406
3.466	425.01708984375
3.471	434.9514465332031
3.477	420.13531494140625
3.483	394.27081298828125
3.489	394.27081298828125
3.495	405.8238830566406
3.5	420.13531494140625
3.5060000000000002	417.7154846191406
3.512	412.9176025390625
3.5180000000000002	391.99993896484375
3.5239999999999996	0.0
3.529	0.0
3.535	0.0
3.5410000000000004	0.0
3.5469999999999997	0.0
3.553	0.0
3.5580000000000003	0.0
3.5639999999999996	0.0
3.57	0.0
3.576	0.0
3.582	0.0
3.5869999999999997	0.0
3.593	0.0
3.5989999999999998	0.0
3.605	0.0
3.611	0.0
3.617	0.0
3.622	0.0
3.628	0.0
3.634	0.0
3.64	0.0
3.6460000000000004	0.0
3.6510000000000002	0.0
3.657	0.0
3.6630000000000003	0.0
3.6689999999999996	0.0
3.675	0.0
3.68	0.0
3.6860000000000004	0.0
3.6919999999999997	0.0
3.698	0.0
3.7039999999999997	0.0
3.7089999999999996	0.0
3.715	0.0
3.721	0.0
3.727	0.0
3.733	0.0
3.738	183.93299865722656
3.7439999999999998	173.6095733642578
3.75	529.3380126953125
3.7560000000000002	526.2892456054688
3.762	526.2892456054688
3.767	529.3380126953125
3.773	523.258056640625
3.779	520.2442626953125
3.785	529.3380126953125
3.7910000000000004	529.3380126953125
3.7960000000000003	535.4887084960938
3.802	532.4044799804688
3.8080000000000003	523.258056640625
3.8139999999999996	523.258056640625
3.82	499.62841796875
3.825	491.0450744628906
3.8310000000000004	505.4338684082031
3.8369999999999997	493.8896484375
3.843	526.2892456054688
3.8489999999999998	523.258056640625
3.855	532.4044799804688
3.86	532.4044799804688
3.866	532.4044799804688
3.872	532.4044799804688
3.878	529.3380126953125
3.884	529.3380126953125
3.889	526.2892456054688
3.895	499.62841796875
3.9010000000000002	477.06585693359375
3.907	520.2442626953125
3.9130000000000003	526.2892456054688
3.918	526.2892456054688
3.924	529.3380126953125
3.93	523.258056640625
3.9360000000000004	526.2892456054688
3.9419999999999997	526.2892456054688
3.947	520.2442626953125
3.9530000000000003	526.2892456054688
3.9589999999999996	520.2442626953125
3.965	520.2442626953125
3.971	526.2892456054688
3.9760000000000004	526.2892456054688
3.9819999999999998	532.4044799804688
3.988	523.258056640625
3.9939999999999998	520.2442626953125
4.0	514.2687377929688
4.005	529.3380126953125
4.011	538.5906982421875
4.0169999999999995	505.4338684082031
4.023	526.2892456054688
4.029	529.3380126953125
4.034	526.2892456054688
4.04	517.2478637695312
4.046	548.0051879882812
4.052	526.2892456054688
4.058	523.258056640625
4.063	523.258056640625
4.069	517.2478637695312
4.075	529.3380126953125
4.081	541.7108154296875
4.087	523.258056640625
4.093	505.4338684082031
4.098	535.4887084960938
4.104	505.4338684082031
4.11	482.609130859375
4.1160000000000005	468.8700866699219
4.122	466.16961669921875
4.127	491.0450744628906
4.133	466.16961669921875
4.138999999999999	508.36181640625
4.145	520.2442626953125
4.151	535.4887084960938
4.156000000000001	514.2687377929688
4.162	505.4338684082031
4.168	520.2442626953125
4.1739999999999995	502.5227355957031
4.18	477.06585693359375
4.185	173.6095733642578
4.191	168.66722106933594
4.197	178.69676208496094
4.203	178.69676208496094
4.209	175.62684631347656
4.2139999999999995	180.77313232421875
4.22	183.93299865722656
4.226	188.23226928710938
4.232	200.58045959472656
4.238	195.99917602539062
4.243	183.93299865722656
4.249	177.66754150390625
4.255	0.0
4.261	0.0
4.2669999999999995	0.0
4.272	343.2323913574219
4.2780000000000005	359.4653625488281
4.284	339.2900085449219
4.29	323.9681091308594
4.296	333.4611511230469
4.301	343.2323913574219
4.3069999999999995	355.3365173339844
4.313	351.2550964355469
4.319	355.3365173339844
4.325	376.4660339355469
4.331	396.5548095703125
4.336	365.74871826171875
4.342	374.2977600097656
4.348	365.74871826171875
4.354	355.3365173339844
4.36	349.2320251464844
4.365	365.74871826171875
4.371	361.5477294921875
4.377	355.3365173339844
4.383	361.5477294921875
4.388999999999999	359.4653625488281
4.394	361.5477294921875
4.4	378.64691162109375
4.406000000000001	0.0
4.412	0.0
4.418	511.3067321777344
4.423	544.8489379882812
4.428999999999999	333.4611511230469
4.435	347.2205810546875
4.441	357.39495849609375
4.447	363.64215087890625
4.452	349.2320251464844
4.458	363.64215087890625
4.4639999999999995	361.5477294921875
4.47	357.39495849609375
4.476	387.4974365234375
4.481	378.64691162109375
4.487	351.2550964355469
4.493	372.1419372558594
4.499	361.5477294921875
4.505	361.5477294921875
4.51	349.2320251464844
4.516	374.2977600097656
4.522	380.84039306640625
4.5280000000000005	389.7421875
4.534	394.27081298828125
4.54	401.1625671386719
4.545	323.9681091308594
4.551	351.2550964355469
4.5569999999999995	369.99853515625
4.563	369.99853515625
4.569	365.74871826171875
4.574	372.1419372558594
4.58	365.74871826171875
4.586	351.2550964355469
4.592	369.99853515625
4.598	363.64215087890625
4.603	353.2899475097656
4.609	361.5477294921875
4.615	369.99853515625
4.621	351.2550964355469
4.627	355.3365173339844
4.632	351.2550964355469
4.638	353.2899475097656
4.644	357.39495849609375
4.65	378.64691162109375
4.656000000000001	387.4974365234375
4.6610000000000005	394.27081298828125
4.667	405.8238830566406
4.673	387.4974365234375
4.678999999999999	396.5548095703125
4.685	378.64691162109375
4.69	396.5548095703125
4.696000000000001	401.1625671386719
4.702	432.4462890625
4.708	0.0
4.7139999999999995	0.0
4.718999999999999	0.0
4.725	0.0
4.731	0.0
4.737	0.0
4.743	174.6153106689453
4.748	173.6095733642578
4.754	176.6442413330078
4.76	169.64431762695312
4.766	176.6442413330078
4.772	176.6442413330078
4.7780000000000005	170.62705993652344
4.783	178.69676208496094
4.789	176.6442413330078
4.795	175.62684631347656
4.801	178.69676208496094
4.8069999999999995	170.62705993652344
4.812	179.73194885253906
4.8180000000000005	168.66722106933594
4.824	174.6153106689453
4.83	173.6095733642578
4.836	172.60964965820312
4.841	171.61549377441406
4.8469999999999995	177.66754150390625
4.853	164.81484985351562
4.859	178.69676208496094
4.865	173.6095733642578
4.87	176.6442413330078
4.876	174.6153106689453
4.882	175.62684631347656
4.888	168.66722106933594
4.894	174.6153106689453
4.899	166.72988891601562
4.905	0.0
4.9110000000000005	0.0
4.917	0.0
4.923	0.0
4.928	0.0
4.934	0.0
4.94	0.0
4.946000000000001	0.0
4.952	0.0
4.957	0.0
4.963	0.0
4.968999999999999	0.0
4.975	0.0
4.981	0.0
4.986000000000001	0.0
4.992	0.0
4.998	0.0
5.004	0.0
5.01	0.0
5.016	0.0
5.021	0.0
5.027	0.0
5.033	0.0
5.039	0.0
5.045	0.0
5.05	0.0
5.056	0.0
5.062	0.0
5.0680000000000005	0.0
5.074	0.0
5.079	0.0
5.085	0.0
5.091	0.0
5.0969999999999995	264.6679382324219
5.103	249.8131866455078
5.1080000000000005	225.14410400390625
5.114	230.40664672851562
5.12	231.7413787841797
5.126	230.40664672851562
5.132000000000001	227.7601776123047
5.1370000000000005	231.7413787841797
5.143	223.8473663330078
5.149	230.40664672851562
5.155	229.07958984375
5.1610000000000005	235.79217529296875
5.166	233.0838623046875
5.172000000000001	230.40664672851562
5.178	231.7413787841797
5.184	213.7387237548828
5.19	220.0017852783203
5.195	238.53195190429688
5.2010000000000005	231.7413787841797
5.207000000000001	239.9137725830078
5.212999999999999	238.53195190429688
5.218999999999999	231.7413787841797
5.224	235.79217529296875
5.23	238.53195190429688
5.236000000000001	230.40664672851562
5.242000000000001	234.43411254882812
5.247999999999999	238.53195190429688
5.254	229.07958984375
5.2589999999999995	230.40664672851562
5.265	237.15809631347656
5.271	239.9137725830078
5.277	222.55809020996094
5.2829999999999995	233.0838623046875
5.287999999999999	213.7387237548828
5.294	225.14410400390625
5.3	233.0838623046875
5.306	226.44837951660156
5.312	233.0838623046875
5.317	234.43411254882812
5.3229999999999995	245.5215301513672
5.329	242.70144653320312
5.335	246.94381713867188
5.341	257.1333312988281
5.346	237.15809631347656
5.352	251.26034545898438
5.358	261.6279602050781
5.364	230.40664672851562
5.37	231.7413787841797
5.375	248.37437438964844
5.381	251.26034545898438
5.3870000000000005	258.6228942871094
5.393	237.15809631347656
5.399	241.30357360839844
5.404	222.55809020996094
5.41	229.07958984375
5.416	221.27626037597656
5.422000000000001	231.7413787841797
5.428	230.40664672851562
5.433	246.94381713867188
5.439	260.1210632324219
5.445	238.53195190429688
5.4510000000000005	231.7413787841797
5.457000000000001	220.0017852783203
5.462000000000001	230.40664672851562
5.468	239.9137725830078
5.474	227.7601776123047
5.48	225.14410400390625
5.486000000000001	234.43411254882812
5.492000000000001	226.44837951660156
5.497000000000001	234.43411254882812
5.502999999999999	242.70144653320312
5.5089999999999995	230.40664672851562
5.515	217.47483825683594
5.521	241.30357360839844
5.526	229.07958984375
5.532	230.40664672851562
5.537999999999999	241.30357360839844
5.544	233.0838623046875
5.55	223.8473663330078
5.555	233.0838623046875
5.561	233.0838623046875
5.567	227.7601776123047
5.5729999999999995	242.70144653320312
5.579	229.07958984375
5.584	227.7601776123047
5.59	226.44837951660156
5.596	227.7601776123047
5.602	225.14410400390625
5.608	237.15809631347656
5.6129999999999995	231.7413787841797
5.619	225.14410400390625
5.625	223.8473663330078
5.631	241.30357360839844
5.6370000000000005	235.79217529296875
5.642	222.55809020996094
5.648	241.30357360839844
5.654	222.55809020996094
5.66	231.7413787841797
5.666	233.0838623046875
5.671	241.30357360839844
5.6770000000000005	223.8473663330078
5.683	237.15809631347656
5.689	234.43411254882812
5.695	220.0017852783203
5.7	0.0
5.706	0.0
5.712000000000001	0.0
5.718	0.0
5.724	0.0
5.73	0.0
5.735	0.0
5.7410000000000005	0.0
5.747000000000001	0.0
5.752999999999999	0.0
5.7589999999999995	0.0
5.763999999999999	0.0
5.77	0.0
5.776	0.0
5.782	218.7346649169922
5.787999999999999	223.8473663330078
5.792999999999999	205.2688446044922
5.7989999999999995	202.91110229492188
5.805	201.742431640625
5.811	195.99917602539062
5.817	213.7387237548828
5.822	214.97691345214844
5.827999999999999	201.742431640625
5.834	213.7387237548828
5.84	201.742431640625
5.846	205.2688446044922
5.851	222.55809020996094
5.857	212.50767517089844
5.8629999999999995	208.8568878173828
5.869	206.4579620361328
5.875	208.8568878173828
5.88	201.742431640625
5.886	206.4579620361328
5.892	204.08657836914062
5.898	204.08657836914062
5.904	204.08657836914062
5.909	202.91110229492188
5.915	208.8568878173828
5.921	207.65396118164062
5.9270000000000005	206.4579620361328
5.933	208.8568878173828
5.939	201.742431640625
5.944	210.06680297851562
5.95	206.4579620361328
5.956	205.2688446044922
5.962000000000001	211.28370666503906
5.968	205.2688446044922
5.973	210.06680297851562
5.979	207.65396118164062
5.985	206.4579620361328
5.9910000000000005	206.4579620361328
5.997000000000001	207.65396118164062
6.002000000000001	205.2688446044922
6.007999999999999	206.4579620361328
6.013999999999999	204.08657836914062
6.02	205.2688446044922
6.026	214.97691345214844
6.031000000000001	204.08657836914062
6.037000000000001	208.8568878173828
6.042999999999999	206.4579620361328
6.0489999999999995	201.742431640625
6.055	216.22227478027344
6.06	211.28370666503906
6.066	204.08657836914062
6.072	189.32269287109375
6.077999999999999	0.0
6.084	0.0
6.0889999999999995	0.0
6.095	0.0
6.101	0.0
6.107	0.0
6.1129999999999995	0.0
6.117999999999999	0.0
6.124	0.0
6.13	0.0
6.136	199.42520141601562
6.142	202.91110229492188
6.147	208.8568878173828
6.153	204.08657836914062
6.159	200.58045959472656
6.165	205.2688446044922
6.171	202.91110229492188
6.1770000000000005	211.28370666503906
6.182	204.08657836914062
6.188	207.65396118164062
6.194	205.2688446044922
6.2	204.08657836914062
6.206	208.8568878173828
6.211	205.2688446044922
6.2170000000000005	212.50767517089844
6.223	208.8568878173828
6.229	205.2688446044922
6.235	205.2688446044922
6.24	204.08657836914062
6.246	206.4579620361328
6.252000000000001	205.2688446044922
6.257999999999999	205.2688446044922
6.263999999999999	202.91110229492188
6.269	207.65396118164062
6.275	208.8568878173828
6.281000000000001	207.65396118164062
6.287000000000001	205.2688446044922
6.292999999999999	204.08657836914062
6.297999999999999	205.2688446044922
6.303999999999999	210.06680297851562
6.31	206.4579620361328
6.316	206.4579620361328
6.322	205.2688446044922
6.327000000000001	204.08657836914062
6.332999999999999	208.8568878173828
6.3389999999999995	216.22227478027344
6.345	200.58045959472656
6.351	213.7387237548828
6.356	192.6320037841797
6.362	210.06680297851562
6.367999999999999	207.65396118164062
6.374	202.91110229492188
6.38	210.06680297851562
6.385	200.58045959472656
6.391	210.06680297851562
6.397	198.27658081054688
6.403	205.2688446044922
6.409	216.22227478027344
6.415	201.742431640625
6.42	212.50767517089844
6.426	207.65396118164062
6.432	206.4579620361328
6.438	207.65396118164062
6.444	207.65396118164062
6.449	218.7346649169922
6.455	210.06680297851562
6.461	206.4579620361328
6.4670000000000005	207.65396118164062
6.473	208.8568878173828
6.478	214.97691345214844
6.484	216.22227478027344
6.49	205.2688446044922
6.496	201.742431640625
6.502000000000001	217.47483825683594
6.507000000000001	217.47483825683594
6.513	213.7387237548828
6.519	207.65396118164062
6.525	201.742431640625
6.531000000000001	211.28370666503906
6.5360000000000005	218.7346649169922
6.542000000000001	0.0
6.547999999999999	186.07022094726562
6.553999999999999	200.58045959472656
6.56	216.22227478027344
6.565	208.8568878173828
6.571000000000001	206.4579620361328
6.577000000000001	197.1345977783203
6.582999999999999	205.2688446044922
6.5889999999999995	211.28370666503906
6.593999999999999	210.06680297851562
6.6	201.742431640625
6.606	193.7479248046875
6.612	201.742431640625
6.617999999999999	208.8568878173828
6.622999999999999	213.7387237548828
6.629	200.58045959472656
6.635	202.91110229492188
6.641	204.08657836914062
6.647	212.50767517089844
6.653	201.742431640625
6.6579999999999995	202.91110229492188
6.664	206.4579620361328
6.67	204.08657836914062
6.676	208.8568878173828
6.682	197.1345977783203
6.687	201.742431640625
6.693	210.06680297851562
6.699	202.91110229492188
6.705	204.08657836914062
6.711	198.27658081054688
6.716	202.91110229492188
6.722	208.8568878173828
6.728	204.08657836914062
6.734	201.742431640625
6.74	205.2688446044922
6.745	205.2688446044922
6.751	211.28370666503906
6.757000000000001	205.2688446044922
6.763	200.58045959472656
6.769	202.91110229492188
6.774	205.2688446044922
6.78	201.742431640625
6.7860000000000005	206.4579620361328
6.792000000000001	193.7479248046875
6.797999999999999	211.28370666503906
6.803	201.742431640625
6.809	199.42520141601562
6.815	204.08657836914062
6.821000000000001	222.55809020996094
6.827000000000001	207.65396118164062
6.832000000000001	208.8568878173828
6.837999999999999	205.2688446044922
6.843999999999999	200.58045959472656
6.85	210.06680297851562
6.856	208.8568878173828
6.861000000000001	205.2688446044922
6.867000000000001	206.4579620361328
6.872999999999999	202.91110229492188
6.879	216.22227478027344
6.885	214.97691345214844
6.891	212.50767517089844
6.896	201.742431640625
6.902	205.2688446044922
6.9079999999999995	213.7387237548828
6.914	213.7387237548828
6.92	198.27658081054688
6.925	210.06680297851562
6.931	204.08657836914062
6.937	213.7387237548828
6.943	212.50767517089844
6.949	201.742431640625
6.954	202.91110229492188
6.96	205.2688446044922
6.966	198.27658081054688
6.972	211.28370666503906
6.978	202.91110229492188
6.983	206.4579620361328
6.989	213.7387237548828
6.995	216.22227478027344
7.001	213.7387237548828
7.007000000000001	201.742431640625
7.0120000000000005	208.8568878173828
7.018	204.08657836914062
7.024	208.8568878173828
7.03	212.50767517089844
7.0360000000000005	205.2688446044922
7.041	208.8568878173828
7.047000000000001	208.8568878173828
7.053	211.28370666503906
7.059	210.06680297851562
7.065	202.91110229492188
7.07	211.28370666503906
7.0760000000000005	212.50767517089844
7.082000000000001	206.4579620361328
7.087999999999999	210.06680297851562
7.093999999999999	207.65396118164062
7.1	205.2688446044922
7.105	204.08657836914062
7.111000000000001	208.8568878173828
7.117000000000001	0.0
7.122999999999999	0.0
7.129	0.0
7.1339999999999995	0.0
7.14	0.0
7.146	0.0
7.152	0.0
7.1579999999999995	0.0
7.162999999999999	0.0
7.169	0.0
7.175	0.0
7.181	0.0
7.187	0.0
7.192	0.0
7.1979999999999995	0.0
7.204	0.0
7.21	0.0
7.216	0.0
7.221	0.0
7.227	0.0
7.233	0.0
7.239	0.0
7.245	0.0
7.25	0.0
7.256	0.0
7.2620000000000005	0.0
7.268	0.0
7.274	0.0
7.279	0.0
7.285	0.0
7.291	0.0
7.297000000000001	0.0
7.303	0.0
7.308	0.0
7.314	0.0
7.32	0.0
7.3260000000000005	0.0
7.332000000000001	0.0
7.337999999999999	0.0
7.343	0.0
7.349	0.0
7.355	0.0
7.361000000000001	0.0
7.367000000000001	0.0
7.372000000000001	0.0
7.377999999999999	0.0
7.3839999999999995	0.0
7.39	0.0
7.396	0.0
7.401	179.73194885253906
7.407	179.73194885253906
7.412999999999999	239.9137725830078
7.419	245.5215301513672
7.425	233.0838623046875
7.43	214.97691345214844
7.436	199.42520141601562
7.442	206.4579620361328
7.4479999999999995	206.4579620361328
7.454	210.06680297851562
7.459	198.27658081054688
7.465	213.7387237548828
7.471	200.58045959472656
7.477	204.08657836914062
7.483	211.28370666503906
7.4879999999999995	223.8473663330078
7.494	233.0838623046875
7.5	229.07958984375
7.506	237.15809631347656
7.5120000000000005	233.0838623046875
7.517	234.43411254882812
7.523	230.40664672851562
7.529	218.7346649169922
7.535	230.40664672851562
7.541	233.0838623046875
7.546	229.07958984375
7.5520000000000005	327.73248291015625
7.558	333.4611511230469
7.564	337.3358154296875
7.57	347.2205810546875
7.5760000000000005	339.2900085449219
7.581	337.3358154296875
7.587000000000001	339.2900085449219
7.593	353.2899475097656
7.599	333.4611511230469
7.605	337.3358154296875
7.61	363.64215087890625
7.6160000000000005	361.5477294921875
7.622000000000001	389.7421875
7.627999999999999	363.64215087890625
7.6339999999999995	355.3365173339844
7.638999999999999	367.8675231933594
7.645	343.2323913574219
7.651	339.2900085449219
7.657	311.1301574707031
7.662999999999999	311.1301574707031
7.667999999999999	309.3381652832031
7.6739999999999995	316.5686340332031
7.68	304.0238952636719
7.686	316.5686340332031
7.692	311.1301574707031
7.697	318.4024963378906
7.702999999999999	312.9324951171875
7.709	311.1301574707031
7.715	312.9324951171875
7.721	314.74530029296875
7.726	312.9324951171875
7.732	311.1301574707031
7.7379999999999995	312.9324951171875
7.744	305.7850646972656
7.75	314.74530029296875
7.755	309.3381652832031
7.761	312.9324951171875
7.767	309.3381652832031
7.773	311.1301574707031
7.779	305.7850646972656
7.784	312.9324951171875
7.79	312.9324951171875
7.796	312.9324951171875
7.8020000000000005	307.5564880371094
7.808	309.3381652832031
7.814	314.74530029296875
7.819	314.74530029296875
7.825	316.5686340332031
7.831	316.5686340332031
7.837000000000001	300.5318298339844
7.843	314.74530029296875
7.848	305.7850646972656
7.854	314.74530029296875
7.86	314.74530029296875
7.8660000000000005	305.7850646972656
7.872000000000001	314.74530029296875
7.877000000000001	304.0238952636719
7.882999999999999	318.4024963378906
7.888999999999999	316.5686340332031
7.895	305.7850646972656
7.901	312.9324951171875
7.906000000000001	323.9681091308594
7.912000000000001	347.2205810546875
7.917999999999999	341.2555236816406
7.9239999999999995	363.64215087890625
7.93	359.4653625488281
7.935	341.2555236816406
7.941	327.73248291015625
7.947	331.5405578613281
7.952999999999999	314.74530029296875
7.959	339.2900085449219
7.9639999999999995	331.5405578613281
7.97	357.39495849609375
7.976	337.3358154296875
7.982	357.39495849609375
7.9879999999999995	333.4611511230469
7.992999999999999	343.2323913574219
7.999	331.5405578613281
8.005	345.220703125
8.011000000000001	341.2555236816406
8.017000000000001	333.4611511230469
8.022	327.73248291015625
8.027999999999999	333.4611511230469
8.033999999999999	361.5477294921875
8.04	339.2900085449219
8.046	331.5405578613281
8.052	349.2320251464844
8.057	331.5405578613281
8.062999999999999	327.73248291015625
8.068999999999999	333.4611511230469
8.075	345.220703125
8.081	329.6310119628906
8.086	312.9324951171875
8.092	0.0
8.097999999999999	0.0
8.104	0.0
8.11	0.0
8.115	0.0
8.121	0.0
8.127	0.0
8.133	0.0
8.139	0.0
8.144	329.6310119628906
8.15	311.1301574707031
8.156	311.1301574707031
8.162	312.9324951171875
8.168	304.0238952636719
8.173	309.3381652832031
8.179	297.0799255371094
8.185	312.9324951171875
8.191	318.4024963378906
8.197000000000001	325.8448486328125
8.202	312.9324951171875
8.208	327.73248291015625
8.214	337.3358154296875
8.22	331.5405578613281
8.226	325.8448486328125
8.231	341.2555236816406
8.237	331.5405578613281
8.243	331.5405578613281
8.249	347.2205810546875
8.255	325.8448486328125
8.26	349.2320251464844
8.266	351.2550964355469
8.272	365.74871826171875
8.277999999999999	347.2205810546875
8.283999999999999	320.24700927734375
8.29	312.9324951171875
8.295	318.4024963378906
8.301	320.24700927734375
8.307	329.6310119628906
8.312999999999999	351.2550964355469
8.318999999999999	353.2899475097656
8.324	385.2655944824219
8.33	412.9176025390625
8.336	417.7154846191406
8.342	412.9176025390625
8.347999999999999	420.13531494140625
8.353	420.13531494140625
8.359	412.9176025390625
8.365	417.7154846191406
8.371	415.30963134765625
8.377	0.0
8.382	0.0
8.388	0.0
8.394	0.0
8.4	0.0
8.406	0.0
8.411	0.0
8.417	0.0
8.423	333.4611511230469
8.429	312.9324951171875
8.435	226.44837951660156
8.44	233.0838623046875
8.446	226.44837951660156
8.452	218.7346649169922
8.458	201.742431640625
8.464	202.91110229492188
8.469	206.4579620361328
8.475	207.65396118164062
8.481	208.8568878173828
8.487	205.2688446044922
8.493	206.4579620361328
8.499	207.65396118164062
8.504	216.22227478027344
8.51	212.50767517089844
8.516	205.2688446044922
8.522	204.08657836914062
8.527999999999999	202.91110229492188
8.533	204.08657836914062
8.539	204.08657836914062
8.545	207.65396118164062
8.551	208.8568878173828
8.557	205.2688446044922
8.562000000000001	216.22227478027344
8.568	208.8568878173828
8.574	208.8568878173828
8.58	204.08657836914062
8.586	204.08657836914062
8.591000000000001	222.55809020996094
8.597000000000001	231.7413787841797
8.603	229.07958984375
8.609	233.0838623046875
8.615	229.07958984375
8.62	220.0017852783203
8.626	201.742431640625
8.632	217.47483825683594
8.638	222.55809020996094
8.644	221.27626037597656
8.649	207.65396118164062
8.655	204.08657836914062
8.661	217.47483825683594
8.667	217.47483825683594
8.673	206.4579620361328
8.677999999999999	199.42520141601562
8.684	207.65396118164062
8.69	191.52252197265625
8.696	200.58045959472656
8.702	195.99917602539062
8.707	176.6442413330078
8.713	0.0
8.719	0.0
8.725	0.0
8.731	0.0
8.737	0.0
8.742	0.0
8.748	0.0
8.754	0.0
8.76	0.0
8.766	0.0
8.771	0.0
8.777000000000001	0.0
8.783	0.0
8.789	0.0
8.795	0.0
8.8	0.0
8.806000000000001	0.0
8.812000000000001	0.0
8.818	0.0
8.824	0.0
8.829	0.0
8.835	0.0
8.841000000000001	347.2205810546875
8.847000000000001	331.5405578613281
8.853	341.2555236816406
8.857999999999999	323.9681091308594
8.863999999999999	309.3381652832031
8.87	322.1021728515625
8.876	335.3929138183594
8.882	322.1021728515625
8.887	339.2900085449219
8.892999999999999	363.64215087890625
8.899	365.74871826171875
8.905	380.84039306640625
8.911	383.0466003417969
8.916	391.99993896484375
8.922	385.2655944824219
8.927999999999999	401.1625671386719
8.934	385.2655944824219
8.94	396.5548095703125
8.945	389.7421875
8.951	389.7421875
8.957	394.27081298828125
8.963	385.2655944824219
8.969	394.27081298828125
8.975	389.7421875
8.98	394.27081298828125
8.986	387.4974365234375
8.992	387.4974365234375
8.998	396.5548095703125
9.004	387.4974365234375
9.009	391.99993896484375
9.015	387.4974365234375
9.021	401.1625671386719
9.027000000000001	387.4974365234375
9.033	387.4974365234375
9.038	394.27081298828125
9.044	389.7421875
9.05	391.99993896484375
9.056000000000001	389.7421875
9.062000000000001	396.5548095703125
9.067	391.99993896484375
9.073	391.99993896484375
9.079	0.0
9.085	0.0
9.091000000000001	0.0
9.096	0.0
9.102	0.0
9.107999999999999	0.0
9.113999999999999	0.0
9.12	0.0
9.125	0.0
9.131	0.0
9.137	0.0
9.142999999999999	0.0
9.149	0.0
9.154	0.0
9.16	0.0
9.166	0.0
9.172	0.0
9.177999999999999	0.0
9.183	0.0
9.189	0.0
9.195	0.0
9.201	0.0
9.207	0.0
9.213	0.0
9.218	0.0
9.224	0.0
9.23	0.0
9.236	0.0
9.242	0.0
9.247	0.0
9.253	0.0
9.259	0.0
9.265	0.0
9.271	0.0
9.276	0.0
9.282	0.0
9.288	0.0
9.294	417.7154846191406
9.3	427.47918701171875
9.305	422.56915283203125
9.311	434.9514465332031
9.317	463.4846496582031
9.323	463.4846496582031
9.329	466.16961669921875
9.334	427.47918701171875
9.34	432.4462890625
9.346	455.5221862792969
9.352	434.9514465332031
9.357999999999999	466.16961669921875
9.363	471.5862731933594
9.369	471.5862731933594
9.375	458.1610107421875
9.381	447.6965637207031
9.387	466.16961669921875
9.392000000000001	437.4710998535156
9.398	420.13531494140625
9.404	401.1625671386719
9.41	396.5548095703125
9.416	387.4974365234375
9.421	394.27081298828125
9.427	391.99993896484375
9.433	389.7421875
9.439	394.27081298828125
9.445	391.99993896484375
9.451	385.2655944824219
9.456	387.4974365234375
9.462	394.27081298828125
9.468	412.9176025390625
9.474	442.5543212890625
9.48	463.4846496582031
9.485	460.81512451171875
9.491	455.5221862792969
9.497	477.06585693359375
9.503	450.2900390625
9.509	488.216796875
9.514	0.0
9.52	0.0
9.526	0.0
9.532	0.0
9.538	0.0
9.543	0.0
9.549	0.0
9.555	0.0
9.561	0.0
9.567	0.0
9.572000000000001	0.0
9.578	0.0
9.584	0.0
9.59	0.0
9.596	0.0
9.601	0.0
9.607000000000001	0.0
9.613	0.0
9.619	0.0
9.625	0.0
9.63	0.0
9.636000000000001	0.0
9.642000000000001	0.0
9.648	0.0
9.654	0.0
9.66	0.0
9.665	0.0
9.671	0.0
9.677	0.0
9.683	0.0
9.689	0.0
9.693999999999999	0.0
9.7	0.0
9.706	0.0
9.712	0.0
9.718	0.0
9.722999999999999	249.8131866455078
9.729	263.1435852050781
9.735	283.6641845703125
9.741	293.6676330566406
9.747	288.6225891113281
9.752	286.9602355957031
9.758	288.6225891113281
9.764	300.5318298339844
9.77	297.0799255371094
9.776	288.6225891113281
9.781	277.1852722167969
9.787	278.7909851074219
9.793	293.6676330566406
9.799	280.4060363769531
9.805	378.64691162109375
9.81	378.64691162109375
9.816	349.2320251464844
9.822000000000001	357.39495849609375
9.828	440.0053405761719
9.834	425.01708984375
9.839	417.7154846191406
9.845	396.5548095703125
9.851	389.7421875
9.857000000000001	383.0466003417969
9.863	357.39495849609375
9.868	387.4974365234375
9.874	417.7154846191406
9.88	412.9176025390625
9.886000000000001	427.47918701171875
9.892000000000001	429.95556640625
9.898	432.4462890625
9.902999999999999	410.5393371582031
9.908999999999999	401.1625671386719
9.915	396.5548095703125
9.921	383.0466003417969
9.927	383.0466003417969
9.932	374.2977600097656
9.937999999999999	376.4660339355469
9.943999999999999	380.84039306640625
9.95	405.8238830566406
9.956	378.64691162109375
9.961	396.5548095703125
9.967	394.27081298828125
9.972999999999999	369.99853515625
9.979	353.2899475097656
9.985	353.2899475097656
9.99	345.220703125
9.996	349.2320251464844
10.002	343.2323913574219
10.008	353.2899475097656
10.014	355.3365173339844
10.019	349.2320251464844
10.025	349.2320251464844
10.031	349.2320251464844
10.037	349.2320251464844
10.043	361.5477294921875
10.048	387.4974365234375
10.054	422.56915283203125
10.06	420.13531494140625
10.066	425.01708984375
10.072000000000001	450.2900390625
10.077	231.7413787841797
10.083	237.15809631347656
10.089	225.14410400390625
10.095	225.14410400390625
10.101	244.107421875
10.106	261.6279602050781
10.112	251.26034545898438
10.118	231.7413787841797
10.124	244.107421875
10.13	230.40664672851562
10.136000000000001	227.7601776123047
10.141	231.7413787841797
10.147	222.55809020996094
10.152999999999999	222.55809020996094
10.158999999999999	227.7601776123047
10.165	226.44837951660156
10.17	241.30357360839844
10.176	0.0
10.182	0.0
10.187999999999999	0.0
10.193999999999999	0.0
10.199	0.0
10.205	0.0
10.211	199.42520141601562
10.217	213.7387237548828
10.222999999999999	210.06680297851562
10.228	192.6320037841797
10.234	194.87030029296875
10.24	202.91110229492188
10.245999999999999	205.2688446044922
10.252	204.08657836914062
10.257	214.97691345214844
10.263	210.06680297851562
10.269	200.58045959472656
10.275	212.50767517089844
10.280999999999999	200.58045959472656
10.286	200.58045959472656
10.292	198.27658081054688
10.298	207.65396118164062
10.304	205.2688446044922
10.31	222.55809020996094
10.315	213.7387237548828
10.321	211.28370666503906
10.327	225.14410400390625
10.333	311.1301574707031
10.339	314.74530029296875
10.344000000000001	316.5686340332031
10.35	320.24700927734375
10.356	305.7850646972656
10.362	316.5686340332031
10.368	304.0238952636719
10.374	312.9324951171875
10.379000000000001	302.2728271484375
10.385	311.1301574707031
10.390999999999998	314.74530029296875
10.397	333.4611511230469
10.402999999999999	318.4024963378906
10.408	309.3381652832031
10.414000000000001	314.74530029296875
10.42	309.3381652832031
10.425999999999998	311.1301574707031
10.432	311.1301574707031
10.437000000000001	305.7850646972656
10.443	325.8448486328125
10.449000000000002	309.3381652832031
10.455	309.3381652832031
10.460999999999999	320.24700927734375
10.466	339.2900085449219
10.472000000000001	357.39495849609375
10.478	353.2899475097656
10.484000000000002	351.2550964355469
10.49	347.2205810546875
10.495	357.39495849609375
10.501	359.4653625488281
10.507	353.2899475097656
10.513	369.99853515625
10.519	398.8520202636719
10.524000000000001	394.27081298828125
10.53	396.5548095703125
10.536	394.27081298828125
10.542	420.13531494140625
10.548	403.4864807128906
10.552999999999999	422.56915283203125
10.559000000000001	405.8238830566406
10.565	412.9176025390625
10.571	415.30963134765625
10.577	394.27081298828125
10.582	410.5393371582031
10.588	405.8238830566406
10.594000000000001	410.5393371582031
10.6	398.8520202636719
10.606	420.13531494140625
10.612	415.30963134765625
10.617	410.5393371582031
10.623	410.5393371582031
10.629000000000001	398.8520202636719
10.635	415.30963134765625
10.640999999999998	408.1748046875
10.645999999999999	387.4974365234375
10.652000000000001	378.64691162109375
10.658	383.0466003417969
10.664000000000001	383.0466003417969
10.67	417.7154846191406
10.675	383.0466003417969
10.681	380.84039306640625
10.687000000000001	401.1625671386719
10.693	408.1748046875
10.699000000000002	415.30963134765625
10.704	415.30963134765625
10.71	398.8520202636719
10.716	410.5393371582031
10.722000000000001	408.1748046875
10.728	408.1748046875
10.732999999999999	408.1748046875
10.739	405.8238830566406
10.745	410.5393371582031
10.751	427.47918701171875
10.757	447.6965637207031
10.762	415.30963134765625
10.767999999999999	403.4864807128906
10.774000000000001	403.4864807128906
10.78	415.30963134765625
10.786	396.5548095703125
10.790999999999999	420.13531494140625
10.797	415.30963134765625
10.802999999999999	403.4864807128906
10.809000000000001	432.4462890625
10.815	450.2900390625
10.82	415.30963134765625
10.825999999999999	405.8238830566406
10.832	403.4864807128906
10.838	415.30963134765625
10.844000000000001	403.4864807128906
10.85	425.01708984375
10.855	429.95556640625
10.860999999999999	398.8520202636719
10.867	410.5393371582031
10.873	405.8238830566406
10.879000000000001	412.9176025390625
10.884	398.8520202636719
10.89	417.7154846191406
10.895999999999999	405.8238830566406
10.902000000000001	408.1748046875
10.908	410.5393371582031
10.913	385.2655944824219
10.919	385.2655944824219
10.925	374.2977600097656
10.931	387.4974365234375
10.937000000000001	387.4974365234375
10.942	389.7421875
10.948	391.99993896484375
10.954	367.8675231933594
10.96	0.0
10.966	0.0
10.970999999999998	0.0
10.977	0.0
10.982999999999999	0.0
10.989	0.0
10.995	0.0
11.0	0.0
11.005999999999998	0.0
11.012	0.0
11.017999999999999	0.0
11.024000000000001	0.0
11.029000000000002	0.0
11.035	0.0
11.040999999999999	0.0
11.047	0.0
11.052999999999999	0.0
11.059000000000001	0.0
11.064	0.0
11.07	0.0
11.075999999999999	0.0
11.082	0.0
11.088	0.0
11.093	0.0
11.099	0.0
11.105	0.0
11.110999999999999	0.0
11.117	0.0
11.122	0.0
11.128	0.0
11.134	0.0
11.14	0.0
11.145999999999999	0.0
11.151	0.0
11.157	0.0
11.163	0.0
11.169	0.0
11.175	0.0
11.18	0.0
11.186	0.0
11.192	0.0
11.198	0.0
11.204	0.0
11.209000000000001	0.0
11.215	0.0
11.220999999999998	0.0
11.227	0.0
11.232999999999999	0.0
11.238	0.0
11.244000000000002	0.0
11.25	0.0
11.255999999999998	0.0
11.262	0.0
11.267000000000001	0.0
11.273	0.0
11.279000000000002	0.0
11.285	0.0
11.290999999999999	0.0
11.297	0.0
11.302	0.0
11.308	0.0
11.314	242.70144653320312
11.32	235.79217529296875
11.325999999999999	227.7601776123047
11.331	235.79217529296875
11.337	225.14410400390625
11.343	226.44837951660156
11.349	245.5215301513672
11.355	229.07958984375
11.36	223.8473663330078
11.366	230.40664672851562
11.372	227.7601776123047
11.378	214.97691345214844
11.384	223.8473663330078
11.389000000000001	231.7413787841797
11.395	220.0017852783203
11.401	220.0017852783203
11.407	226.44837951660156
11.413	235.79217529296875
11.418	218.7346649169922
11.424000000000001	230.40664672851562
11.43	223.8473663330078
11.436	235.79217529296875
11.442	238.53195190429688
11.447000000000001	222.55809020996094
11.453	230.40664672851562
11.459000000000001	233.0838623046875
11.465	238.53195190429688
11.470999999999998	222.55809020996094
11.475999999999999	231.7413787841797
11.482000000000001	235.79217529296875
11.488	234.43411254882812
11.494000000000002	231.7413787841797
11.5	226.44837951660156
11.505	229.07958984375
11.511	234.43411254882812
11.517000000000001	233.0838623046875
11.523	229.07958984375
11.529000000000002	226.44837951660156
11.535	234.43411254882812
11.54	231.7413787841797
11.546	230.40664672851562
11.552	230.40664672851562
11.558	230.40664672851562
11.564	230.40664672851562
11.569	230.40664672851562
11.575	231.7413787841797
11.581	233.0838623046875
11.587	234.43411254882812
11.593	233.0838623046875
11.597999999999999	230.40664672851562
11.604000000000001	231.7413787841797
11.61	222.55809020996094
11.616	212.50767517089844
11.622	226.44837951660156
11.627	231.7413787841797
11.633	245.5215301513672
11.639000000000001	245.5215301513672
11.645	252.71588134765625
11.651	245.5215301513672
11.655999999999999	257.1333312988281
11.662	249.8131866455078
11.668	255.65234375
11.674000000000001	254.17987060546875
11.68	252.71588134765625
11.685	257.1333312988281
11.690999999999999	255.65234375
11.697000000000001	270.8542785644531
11.703	248.37437438964844
11.709000000000001	223.8473663330078
11.714	229.07958984375
11.72	238.53195190429688
11.725999999999999	234.43411254882812
11.732000000000001	234.43411254882812
11.738	233.0838623046875
11.743	238.53195190429688
11.749	227.7601776123047
11.755	237.15809631347656
11.761	233.0838623046875
11.767000000000001	238.53195190429688
11.773	235.79217529296875
11.777999999999999	217.47483825683594
11.784	230.40664672851562
11.79	429.95556640625
11.796	437.4710998535156
11.802	427.47918701171875
11.807	408.1748046875
11.812999999999999	394.27081298828125
11.819	385.2655944824219
11.825	217.47483825683594
11.831	226.44837951660156
11.835999999999999	217.47483825683594
11.842	226.44837951660156
11.847999999999999	217.47483825683594
11.854000000000001	229.07958984375
11.86	242.70144653320312
11.865	241.30357360839844
11.870999999999999	237.15809631347656
11.877	237.15809631347656
11.883	246.94381713867188
11.889000000000001	230.40664672851562
11.894	229.07958984375
11.9	233.0838623046875
11.905999999999999	230.40664672851562
11.912	227.7601776123047
11.918	225.14410400390625
11.923	214.97691345214844
11.929	225.14410400390625
11.935	226.44837951660156
11.940999999999999	238.53195190429688
11.947000000000001	238.53195190429688
11.952	235.79217529296875
11.958	235.79217529296875
11.964	217.47483825683594
11.97	231.7413787841797
11.975999999999999	226.44837951660156
11.981	245.5215301513672
11.987	244.107421875
11.993	234.43411254882812
11.999	229.07958984375
12.005	229.07958984375
12.011	216.22227478027344
12.015999999999998	217.47483825683594
12.022	394.27081298828125
12.027999999999999	383.0466003417969
12.034	391.99993896484375
12.04	391.99993896484375
12.045	374.2977600097656
12.050999999999998	398.8520202636719
12.057	412.9176025390625
12.062999999999999	417.7154846191406
12.069	398.8520202636719
12.074000000000002	412.9176025390625
12.08	425.01708984375
12.085999999999999	192.6320037841797
12.092	207.65396118164062
12.097999999999999	216.22227478027344
12.103	211.28370666503906
12.109000000000002	205.2688446044922
12.115	202.91110229492188
12.120999999999999	205.2688446044922
12.127	205.2688446044922
12.132	206.4579620361328
12.138	206.4579620361328
12.144	208.8568878173828
12.15	204.08657836914062
12.155999999999999	205.2688446044922
12.161	206.4579620361328
12.167	208.8568878173828
12.173	208.8568878173828
12.179	205.2688446044922
12.185	206.4579620361328
12.19	207.65396118164062
12.196	205.2688446044922
12.202	221.27626037597656
12.208	208.8568878173828
12.214	226.44837951660156
12.22	227.7601776123047
12.225	227.7601776123047
12.231	210.06680297851562
12.237	202.91110229492188
12.243	199.42520141601562
12.249	191.52252197265625
12.254000000000001	207.65396118164062
12.26	210.06680297851562
12.265999999999998	197.1345977783203
12.272	193.7479248046875
12.277999999999999	198.27658081054688
12.283	205.2688446044922
12.289000000000001	208.8568878173828
12.295	191.52252197265625
12.300999999999998	191.52252197265625
12.307	204.08657836914062
12.312000000000001	192.6320037841797
12.318	0.0
12.324000000000002	0.0
12.33	0.0
12.335999999999999	0.0
12.341	0.0
12.347000000000001	241.30357360839844
12.353	225.14410400390625
12.359000000000002	213.7387237548828
12.365	200.58045959472656
12.37	202.91110229492188
12.376	204.08657836914062
12.382	201.742431640625
12.388	195.99917602539062
12.394	195.99917602539062
12.399000000000001	198.27658081054688
12.405	200.58045959472656
12.411	198.27658081054688
12.417	202.91110229492188
12.423	192.6320037841797
12.427999999999999	199.42520141601562
12.434000000000001	197.1345977783203
12.44	200.58045959472656
12.446	199.42520141601562
12.452	200.58045959472656
12.458	192.6320037841797
12.463	194.87030029296875
12.469000000000001	198.27658081054688
12.475	191.52252197265625
12.481	194.87030029296875
12.487	197.1345977783203
12.492	198.27658081054688
12.498	192.6320037841797
12.504000000000001	193.7479248046875
12.51	193.7479248046875
12.515999999999998	195.99917602539062
12.520999999999999	194.87030029296875
12.527000000000001	192.6320037841797
12.533	192.6320037841797
12.539000000000001	192.6320037841797
12.545	194.87030029296875
12.55	195.99917602539062
12.556	193.7479248046875
12.562000000000001	195.99917602539062
12.568	195.99917602539062
12.574000000000002	192.6320037841797
12.579	195.99917602539062
12.585	194.87030029296875
12.591	193.7479248046875
12.597000000000001	197.1345977783203
12.603	198.27658081054688
12.607999999999999	195.99917602539062
12.614	194.87030029296875
12.62	202.91110229492188
12.626	210.06680297851562
12.632	197.1345977783203
12.637	195.99917602539062
12.642999999999999	202.91110229492188
12.649000000000001	192.6320037841797
12.655	197.1345977783203
12.661	191.52252197265625
12.665999999999999	182.87362670898438
12.672	199.42520141601562
12.677999999999999	187.1481170654297
12.684000000000001	197.1345977783203
12.69	191.52252197265625
12.696	194.87030029296875
12.700999999999999	195.99917602539062
12.707	192.6320037841797
12.713	199.42520141601562
12.719000000000001	193.7479248046875
12.725	199.42520141601562
12.73	193.7479248046875
12.735999999999999	195.99917602539062
12.742	197.1345977783203
12.748	192.6320037841797
12.754000000000001	197.1345977783203
12.759	191.52252197265625
12.765	199.42520141601562
12.770999999999999	192.6320037841797
12.777000000000001	198.27658081054688
12.783	194.87030029296875
12.788	191.52252197265625
12.794	202.91110229492188
12.8	191.52252197265625
12.806	197.1345977783203
12.812000000000001	195.99917602539062
12.817	191.52252197265625
12.823	184.99851989746094
12.829	191.52252197265625
12.835	195.99917602539062
12.841	194.87030029296875
12.845999999999998	197.1345977783203
12.852	198.27658081054688
12.857999999999999	198.27658081054688
12.864	197.1345977783203
12.87	197.1345977783203
12.875	198.27658081054688
12.880999999999998	194.87030029296875
12.887	195.99917602539062
12.892999999999999	194.87030029296875
12.899000000000001	191.52252197265625
12.904000000000002	198.27658081054688
12.91	187.1481170654297
12.915999999999999	197.1345977783203
12.922	193.7479248046875
12.927999999999999	192.6320037841797
12.934000000000001	199.42520141601562
12.939	193.7479248046875
12.945	199.42520141601562
12.950999999999999	193.7479248046875
12.957	194.87030029296875
12.963	192.6320037841797
12.968	199.42520141601562
12.974	197.1345977783203
12.98	194.87030029296875
12.985999999999999	195.99917602539062
12.992	194.87030029296875
12.997	193.7479248046875
13.003	195.99917602539062
13.009	194.87030029296875
13.015	194.87030029296875
13.020999999999999	197.1345977783203
13.026	197.1345977783203
13.032	194.87030029296875
13.038	197.1345977783203
13.044	192.6320037841797
13.05	193.7479248046875
13.055	194.87030029296875
13.061	193.7479248046875
13.067	194.87030029296875
13.073	198.27658081054688
13.079	192.6320037841797
13.084000000000001	191.52252197265625
13.09	194.87030029296875
13.095999999999998	192.6320037841797
13.102	195.99917602539062
13.107999999999999	194.87030029296875
13.113	195.99917602539062
13.119000000000002	194.87030029296875
13.125	191.52252197265625
13.130999999999998	195.99917602539062
13.137	198.27658081054688
13.142000000000001	194.87030029296875
13.148	197.1345977783203
13.154000000000002	201.742431640625
13.16	220.0017852783203
13.165999999999999	202.91110229492188
13.172	195.99917602539062
13.177	199.42520141601562
13.183	194.87030029296875
13.189	194.87030029296875
13.195	195.99917602539062
13.200999999999999	194.87030029296875
13.206	198.27658081054688
13.212	191.52252197265625
13.218	195.99917602539062
13.224	198.27658081054688
13.23	192.6320037841797
13.235	195.99917602539062
13.241	198.27658081054688
13.247	192.6320037841797
13.253	197.1345977783203
13.259	201.742431640625
13.264000000000001	194.87030029296875
13.27	194.87030029296875
13.276	195.99917602539062
13.282	194.87030029296875
13.288	197.1345977783203
13.293	194.87030029296875
13.299000000000001	200.58045959472656
13.305	197.1345977783203
13.311	194.87030029296875
13.317	194.87030029296875
13.322000000000001	197.1345977783203
13.328	195.99917602539062
13.334000000000001	197.1345977783203
13.34	201.742431640625
13.345999999999998	195.99917602539062
13.350999999999999	197.1345977783203
13.357000000000001	194.87030029296875
13.363	197.1345977783203
13.369000000000002	194.87030029296875
13.375	195.99917602539062
13.38	194.87030029296875
13.386	194.87030029296875
13.392000000000001	194.87030029296875
13.398	194.87030029296875
13.404000000000002	197.1345977783203
13.41	195.99917602539062
13.415	195.99917602539062
13.421	194.87030029296875
13.427	197.1345977783203
13.433	197.1345977783203
13.439	193.7479248046875
13.444	194.87030029296875
13.45	194.87030029296875
13.456	197.1345977783203
13.462	205.2688446044922
13.468	200.58045959472656
13.472999999999999	211.28370666503906
13.479000000000001	216.22227478027344
13.485	198.27658081054688
13.491	194.87030029296875
13.497	191.52252197265625
13.502	200.58045959472656
13.508	184.99851989746094
13.514000000000001	181.82034301757812
13.52	181.82034301757812
13.526	197.1345977783203
13.530999999999999	198.27658081054688
13.537	202.91110229492188
13.543	200.58045959472656
13.549000000000001	184.99851989746094
13.555	0.0
13.56	0.0
13.565999999999999	0.0
13.572000000000001	0.0
13.578	0.0
13.584000000000001	0.0
13.589	0.0
13.595	0.0
13.600999999999999	0.0
13.607000000000001	0.0
13.613	0.0
13.619000000000002	0.0
13.624	0.0
13.63	0.0
13.636	0.0
13.642000000000001	0.0
13.648	0.0
13.652999999999999	0.0
13.659	0.0
13.665	0.0
13.671	0.0
13.677	0.0
13.682	0.0
13.687999999999999	0.0
13.694	0.0
13.7	0.0
13.706	0.0
13.710999999999999	0.0
13.717	0.0
13.722999999999999	0.0
13.729000000000001	0.0
13.735	0.0
13.74	0.0
13.745999999999999	0.0
13.752	0.0
13.758	0.0
13.764000000000001	0.0
13.769	0.0
13.775	0.0
13.780999999999999	0.0
13.787	0.0
13.793	0.0
13.798	0.0
13.804	0.0
13.81	0.0
13.815999999999999	0.0
13.822000000000001	0.0
13.827	0.0
13.833	0.0
13.839	0.0
13.845	0.0
13.850999999999999	0.0
13.857000000000001	0.0
13.862	0.0
13.868	0.0
13.874	0.0
13.88	0.0
13.886	0.0
13.890999999999998	0.0
13.897	0.0
13.902999999999999	0.0
13.909	0.0
13.915	0.0
13.92	0.0
13.925999999999998	0.0
13.932	0.0
13.937999999999999	0.0
13.944	0.0
13.949000000000002	0.0
13.955	0.0
13.960999999999999	0.0
13.967	0.0
13.972999999999999	0.0
13.978	0.0
13.984000000000002	0.0
13.99	0.0
13.995999999999999	0.0
14.002	0.0
14.007	0.0
14.013	0.0
14.019	0.0
14.025	0.0
14.030999999999999	0.0
14.036	0.0
14.042	0.0
14.048	0.0
14.054	0.0
14.06	0.0
14.065	0.0
14.071	0.0
14.077	0.0
14.083	0.0
14.089	0.0
14.095	0.0
14.1	0.0
14.106	0.0
14.112	0.0
14.118	0.0
14.124	0.0
14.129000000000001	0.0
14.135	0.0
14.140999999999998	0.0
14.147	0.0
14.152999999999999	0.0
14.158	0.0
14.164000000000001	0.0
14.17	0.0
14.175999999999998	0.0
14.182	0.0
14.187000000000001	0.0
14.193	0.0
14.199000000000002	0.0
14.205	0.0
14.210999999999999	0.0
14.216	0.0
14.222000000000001	0.0
14.228	0.0
14.234000000000002	0.0
14.24	0.0
14.245	0.0
14.251	0.0
14.257	0.0
14.263	0.0
14.269	0.0
14.274000000000001	0.0
14.28	0.0
14.286	0.0
14.292	0.0
14.298	0.0
14.302999999999999	0.0
14.309000000000001	0.0
14.315	0.0
14.321	0.0
14.327	0.0
14.333	0.0
14.338	0.0
14.344000000000001	0.0
14.35	0.0
14.356	0.0
14.362	0.0
14.367	0.0
14.373	0.0
14.379000000000001	0.0
14.385	0.0
14.390999999999998	0.0
14.395999999999999	0.0
14.402000000000001	0.0
14.408	0.0
14.414000000000001	0.0
14.42	0.0
14.425	0.0
14.431	0.0
14.437000000000001	0.0
14.443	0.0
14.449000000000002	0.0
14.454	115.8702163696289
14.46	122.76026916503906
14.466	133.10003662109375
14.472000000000001	129.3109130859375
14.478	126.35742950439453
14.482999999999999	130.81344604492188
14.489	128.56613159179688
14.495	122.76026916503906
14.501	131.5712432861328
14.507	133.87107849121094
14.512	139.39492797851562
14.517999999999999	130.0600128173828
14.524000000000001	129.3109130859375
14.53	126.35742950439453
14.536	128.56613159179688
14.540999999999999	130.0600128173828
14.547	127.08941650390625
14.552999999999999	133.87107849121094
14.559000000000001	130.81344604492188
14.565	132.33343505859375
14.571	127.08941650390625
14.575999999999999	0.0
14.582	0.0
14.588	0.0
14.594000000000001	0.0
14.6	0.0
14.605	0.0
14.610999999999999	0.0
14.617	0.0
14.623	0.0
14.629000000000001	0.0
14.634	0.0
14.64	0.0
14.645999999999999	0.0
14.652000000000001	0.0
14.658	0.0
14.663	0.0
14.669	0.0
14.675	0.0
14.681	0.0
14.687000000000001	0.0
14.692	0.0
14.698	0.0
14.704	0.0
14.71	0.0
14.716	0.0
14.720999999999998	0.0
14.727	0.0
14.732999999999999	0.0
14.739	0.0
14.745	0.0
14.75	0.0
14.755999999999998	0.0
14.762	0.0
14.767999999999999	0.0
14.774000000000001	0.0
14.78	0.0
14.785	0.0
14.790999999999999	0.0
14.797	0.0
14.802999999999999	0.0
14.809000000000001	0.0
14.814	0.0
14.82	0.0
14.825999999999999	0.0
14.832	0.0
14.838	0.0
14.843	0.0
14.849	154.66844177246094
14.855	155.564453125
14.860999999999999	152.01132202148438
14.867	160.1228485107422
14.872	159.2006072998047
14.878	166.72988891601562
14.884	161.05043029785156
14.89	161.05043029785156
14.895999999999999	173.6095733642578
14.901	165.7696075439453
14.907	174.6153106689453
14.913	160.1228485107422
14.919	164.81484985351562
14.925	166.72988891601562
14.93	157.3720245361328
14.936	161.05043029785156
14.942	150.26531982421875
14.948	152.8919219970703
14.954	156.4656219482422
14.959000000000001	155.564453125
14.965	154.66844177246094
14.970999999999998	152.01132202148438
14.977	152.01132202148438
14.982999999999999	139.39492797851562
14.988	136.21112060546875
14.994000000000002	137.79383850097656
15.0	141.01463317871094
15.005999999999998	143.4795379638672
15.012	152.01132202148438
15.017999999999999	153.77761840820312
15.023	146.83323669433594
15.029000000000002	145.14669799804688
15.035	148.5393524169922
15.040999999999999	142.6531524658203
15.047	137.00018310546875
15.052	134.64659118652344
15.058	139.39492797851562
15.064	142.6531524658203
15.07	141.01463317871094
15.075999999999999	132.33343505859375
15.081	0.0
15.087	0.0
15.093	0.0
15.099	0.0
15.105	0.0
15.11	0.0
15.116	0.0
15.122	0.0
15.128	0.0
15.134	0.0
15.139000000000001	0.0
15.145	0.0
15.151	0.0
15.157	0.0
15.163	0.0
15.168	0.0
15.174000000000001	0.0
15.18	0.0
15.186	0.0
15.192	0.0
15.197000000000001	0.0
15.203	0.0
15.209000000000001	0.0
15.215	0.0
15.220999999999998	0.0
15.225999999999999	0.0
15.232000000000001	0.0
15.238	0.0
15.244000000000002	0.0
15.25	0.0
15.255999999999998	0.0
15.261	0.0
15.267000000000001	0.0
15.273	0.0
15.279000000000002	0.0
15.285	0.0
15.29	0.0
15.296	0.0
15.302	0.0
15.308	0.0
15.314	0.0
15.319	0.0
15.325	0.0
15.331	0.0
15.337	0.0
15.343	0.0
15.347999999999999	0.0
15.354000000000001	0.0
15.36	0.0
15.366	0.0
15.372	0.0
15.377	0.0
15.383	0.0
15.389000000000001	0.0
15.395	0.0
15.401	0.0
15.405999999999999	0.0
15.412	0.0
15.418	0.0
15.424000000000001	0.0
15.43	0.0
15.435	0.0
15.440999999999999	0.0
15.447000000000001	0.0
15.453	0.0
