0.0	0.0
0.006	0.0
0.012	0.0
0.017	0.0
0.023	0.0
0.028999999999999998	0.0
0.035	0.0
0.040999999999999995	0.0
0.046	0.0
0.052000000000000005	0.0
0.057999999999999996	0.0
0.064	0.0
0.07	0.0
0.075	0.0
0.081	0.0
0.087	372.1419372558594
0.09300000000000001	367.8675231933594
0.099	339.2900085449219
0.10400000000000001	369.99853515625
0.11	361.5477294921875
0.11599999999999999	353.2899475097656
0.122	333.4611511230469
0.128	339.2900085449219
0.134	323.9681091308594
0.139	323.9681091308594
0.145	333.4611511230469
0.151	312.9324951171875
0.157	318.4024963378906
0.163	318.4024963378906
0.168	314.74530029296875
0.174	325.8448486328125
0.18	318.4024963378906
0.18600000000000003	314.74530029296875
0.192	322.1021728515625
0.19699999999999998	305.7850646972656
0.203	311.1301574707031
0.209	333.4611511230469
0.215	349.2320251464844
0.221	353.2899475097656
0.226	331.5405578613281
0.23199999999999998	357.39495849609375
0.23800000000000002	363.64215087890625
0.244	333.4611511230469
0.25	361.5477294921875
0.255	353.2899475097656
0.261	345.220703125
0.267	363.64215087890625
0.273	345.220703125
0.27899999999999997	349.2320251464844
0.284	357.39495849609375
0.29	349.2320251464844
0.29600000000000004	357.39495849609375
0.302	351.2550964355469
0.308	349.2320251464844
0.313	359.4653625488281
0.319	349.2320251464844
0.325	353.2899475097656
0.331	355.3365173339844
0.337	355.3365173339844
0.342	353.2899475097656
0.348	355.3365173339844
0.354	343.2323913574219
0.36	359.4653625488281
0.366	359.4653625488281
0.37200000000000005	355.3365173339844
0.377	385.2655944824219
0.38299999999999995	361.5477294921875
0.389	387.4974365234375
0.395	410.5393371582031
0.401	380.84039306640625
0.406	378.64691162109375
0.41200000000000003	351.2550964355469
0.418	363.64215087890625
0.424	353.2899475097656
0.43	349.2320251464844
0.435	351.2550964355469
0.441	355.3365173339844
0.447	355.3365173339844
0.45299999999999996	353.2899475097656
0.45899999999999996	351.2550964355469
0.46399999999999997	355.3365173339844
0.47	353.2899475097656
0.47600000000000003	353.2899475097656
0.48200000000000004	353.2899475097656
0.488	353.2899475097656
0.493	353.2899475097656
0.499	351.2550964355469
0.505	353.2899475097656
0.511	353.2899475097656
0.517	355.3365173339844
0.522	357.39495849609375
0.528	353.2899475097656
0.534	351.2550964355469
0.54	357.39495849609375
0.546	355.3365173339844
0.551	355.3365173339844
0.557	0.0
0.563	0.0
0.569	0.0
0.575	0.0
0.58	0.0
0.586	0.0
0.5920000000000001	0.0
0.598	0.0
0.604	0.0
0.61	0.0
0.615	0.0
0.621	0.0
0.627	0.0
0.633	0.0
0.639	0.0
0.644	0.0
0.65	0.0
0.6559999999999999	0.0
0.662	0.0
0.6679999999999999	0.0
0.6729999999999999	0.0
0.679	0.0
0.685	0.0
0.691	0.0
0.6970000000000001	0.0
0.7020000000000001	0.0
0.708	0.0
0.7140000000000001	0.0
0.72	0.0
0.726	0.0
0.731	0.0
0.737	0.0
0.743	0.0
0.7490000000000001	0.0
0.755	0.0
0.76	0.0
0.7659999999999999	0.0
0.772	0.0
0.778	0.0
0.784	0.0
0.789	0.0
0.795	0.0
0.8009999999999999	0.0
0.807	0.0
0.813	0.0
0.8190000000000001	0.0
0.8240000000000001	0.0
0.83	0.0
0.836	0.0
0.8420000000000001	0.0
0.848	0.0
0.853	0.0
0.8590000000000001	0.0
0.865	0.0
0.871	0.0
0.877	0.0
0.882	0.0
0.888	0.0
0.894	0.0
0.9	0.0
0.9059999999999999	0.0
0.9109999999999999	0.0
0.917	0.0
0.9229999999999999	0.0
0.929	394.27081298828125
0.935	363.64215087890625
0.94	378.64691162109375
0.946	387.4974365234375
0.9520000000000001	372.1419372558594
0.958	376.4660339355469
0.9640000000000001	398.8520202636719
0.9690000000000001	408.1748046875
0.975	387.4974365234375
0.981	355.3365173339844
0.987	383.0466003417969
0.993	389.7421875
0.998	357.39495849609375
1.004	361.5477294921875
1.01	349.2320251464844
1.016	367.8675231933594
1.022	378.64691162109375
1.0270000000000001	365.74871826171875
1.033	372.1419372558594
1.0390000000000001	383.0466003417969
1.045	369.99853515625
1.051	359.4653625488281
1.057	372.1419372558594
1.062	376.4660339355469
1.068	367.8675231933594
1.074	359.4653625488281
1.08	369.99853515625
1.0859999999999999	363.64215087890625
1.091	357.39495849609375
1.097	355.3365173339844
1.103	357.39495849609375
1.109	343.2323913574219
1.115	359.4653625488281
1.12	349.2320251464844
1.126	361.5477294921875
1.1320000000000001	353.2899475097656
1.138	361.5477294921875
1.1440000000000001	355.3365173339844
1.149	361.5477294921875
1.155	359.4653625488281
1.161	345.220703125
1.167	367.8675231933594
1.173	341.2555236816406
1.178	365.74871826171875
1.1840000000000002	353.2899475097656
1.19	367.8675231933594
1.196	378.64691162109375
1.202	401.1625671386719
1.207	405.8238830566406
1.213	408.1748046875
1.219	420.13531494140625
1.225	394.27081298828125
1.2309999999999999	376.4660339355469
1.236	372.1419372558594
1.242	383.0466003417969
1.248	369.99853515625
1.254	532.4044799804688
1.26	544.8489379882812
1.265	548.0051879882812
1.271	535.4887084960938
1.2770000000000001	544.8489379882812
1.2830000000000001	551.1798095703125
1.2890000000000001	590.7401123046875
1.295	0.0
1.3	0.0
1.306	0.0
1.3119999999999998	0.0
1.318	0.0
1.324	0.0
1.329	0.0
1.335	0.0
1.341	0.0
1.347	0.0
1.3530000000000002	0.0
1.358	0.0
1.364	0.0
1.37	0.0
1.376	0.0
1.382	0.0
1.3869999999999998	0.0
1.393	0.0
1.399	0.0
1.405	0.0
1.411	0.0
1.416	0.0
1.422	0.0
1.4280000000000002	0.0
1.4340000000000002	0.0
1.44	0.0
1.445	0.0
1.4509999999999998	0.0
1.4569999999999999	0.0
1.463	0.0
1.469	0.0
1.474	341.2555236816406
1.48	359.4653625488281
1.486	357.39495849609375
1.492	372.1419372558594
1.4980000000000002	345.220703125
1.5030000000000001	351.2550964355469
1.5090000000000001	347.2205810546875
1.515	353.2899475097656
1.521	347.2205810546875
1.527	351.2550964355469
1.5330000000000001	347.2205810546875
1.538	359.4653625488281
1.544	351.2550964355469
1.55	351.2550964355469
1.556	347.2205810546875
1.5619999999999998	353.2899475097656
1.567	351.2550964355469
1.5730000000000002	353.2899475097656
1.579	361.5477294921875
1.585	347.2205810546875
1.591	357.39495849609375
1.5959999999999999	355.3365173339844
1.6019999999999999	349.2320251464844
1.608	351.2550964355469
1.614	359.4653625488281
1.62	351.2550964355469
1.625	361.5477294921875
1.631	337.3358154296875
1.6369999999999998	333.4611511230469
1.643	320.24700927734375
1.649	357.39495849609375
1.6540000000000001	361.5477294921875
1.66	353.2899475097656
1.666	385.2655944824219
1.672	408.1748046875
1.6780000000000002	385.2655944824219
1.683	383.0466003417969
1.689	357.39495849609375
1.695	374.2977600097656
1.7009999999999998	385.2655944824219
1.7069999999999999	372.1419372558594
1.712	391.99993896484375
1.7180000000000002	387.4974365234375
1.724	359.4653625488281
1.73	369.99853515625
1.736	347.2205810546875
1.7409999999999999	415.30963134765625
1.7469999999999999	425.01708984375
1.7530000000000001	417.7154846191406
1.7590000000000001	422.56915283203125
1.765	417.7154846191406
1.771	412.9176025390625
1.776	422.56915283203125
1.7819999999999998	417.7154846191406
1.788	427.47918701171875
1.794	412.9176025390625
1.8	410.5393371582031
1.805	412.9176025390625
1.811	415.30963134765625
1.817	420.13531494140625
1.8230000000000002	415.30963134765625
1.829	417.7154846191406
1.834	415.30963134765625
1.84	420.13531494140625
1.8459999999999999	420.13531494140625
1.8519999999999999	422.56915283203125
1.858	410.5393371582031
1.8630000000000002	417.7154846191406
1.869	420.13531494140625
1.875	417.7154846191406
1.881	417.7154846191406
1.8869999999999998	417.7154846191406
1.892	417.7154846191406
1.8980000000000001	420.13531494140625
1.9040000000000001	427.47918701171875
1.91	415.30963134765625
1.916	412.9176025390625
1.921	429.95556640625
1.9269999999999998	408.1748046875
1.933	417.7154846191406
1.939	412.9176025390625
1.945	420.13531494140625
1.95	425.01708984375
1.956	420.13531494140625
1.962	420.13531494140625
1.9680000000000002	417.7154846191406
1.974	425.01708984375
1.98	420.13531494140625
1.985	412.9176025390625
1.9909999999999999	417.7154846191406
1.9969999999999999	417.7154846191406
2.003	432.4462890625
2.009	437.4710998535156
2.0140000000000002	471.5862731933594
2.02	474.3181457519531
2.026	468.8700866699219
2.032	468.8700866699219
2.0380000000000003	477.06585693359375
2.043	471.5862731933594
2.049	468.8700866699219
2.055	471.5862731933594
2.061	468.8700866699219
2.0669999999999997	466.16961669921875
2.072	468.8700866699219
2.0780000000000003	468.8700866699219
2.084	468.8700866699219
2.09	474.3181457519531
2.096	471.5862731933594
2.101	471.5862731933594
2.1069999999999998	474.3181457519531
2.113	468.8700866699219
2.119	463.4846496582031
2.125	471.5862731933594
2.13	468.8700866699219
2.136	463.4846496582031
2.142	474.3181457519531
2.148	471.5862731933594
2.154	463.4846496582031
2.1590000000000003	474.3181457519531
2.165	482.609130859375
2.171	0.0
2.177	0.0
2.1830000000000003	0.0
2.188	0.0
2.194	0.0
2.2	0.0
2.206	0.0
2.2119999999999997	0.0
2.218	0.0
2.2230000000000003	0.0
2.229	0.0
2.235	0.0
2.241	0.0
2.247	0.0
2.252	0.0
2.258	0.0
2.2640000000000002	0.0
2.27	0.0
2.276	429.95556640625
2.281	468.8700866699219
2.287	447.6965637207031
2.293	468.8700866699219
2.299	432.4462890625
2.305	471.5862731933594
2.31	471.5862731933594
2.316	463.4846496582031
2.322	460.81512451171875
2.3280000000000003	466.16961669921875
2.334	463.4846496582031
2.339	463.4846496582031
2.345	468.8700866699219
2.351	466.16961669921875
2.3569999999999998	463.4846496582031
2.363	468.8700866699219
2.3680000000000003	471.5862731933594
2.374	463.4846496582031
2.38	468.8700866699219
2.386	468.8700866699219
2.392	466.16961669921875
2.397	460.81512451171875
2.403	471.5862731933594
2.4090000000000003	463.4846496582031
2.415	460.81512451171875
2.421	471.5862731933594
2.426	471.5862731933594
2.432	463.4846496582031
2.438	468.8700866699219
2.444	474.3181457519531
2.45	463.4846496582031
2.456	466.16961669921875
2.461	466.16961669921875
2.467	468.8700866699219
2.4730000000000003	463.4846496582031
2.479	468.8700866699219
2.485	471.5862731933594
2.49	466.16961669921875
2.496	466.16961669921875
2.502	468.8700866699219
2.508	471.5862731933594
2.5140000000000002	463.4846496582031
2.519	468.8700866699219
2.525	466.16961669921875
2.531	468.8700866699219
2.537	466.16961669921875
2.543	468.8700866699219
2.548	468.8700866699219
2.5540000000000003	466.16961669921875
2.56	466.16961669921875
2.5660000000000003	466.16961669921875
2.572	463.4846496582031
2.577	447.6965637207031
2.583	463.4846496582031
2.589	466.16961669921875
2.595	468.8700866699219
2.6010000000000004	442.5543212890625
2.6060000000000003	460.81512451171875
2.612	466.16961669921875
2.6180000000000003	460.81512451171875
2.6239999999999997	429.95556640625
2.63	463.4846496582031
2.635	474.3181457519531
2.641	466.16961669921875
2.647	477.06585693359375
2.653	474.3181457519531
2.659	458.1610107421875
2.6639999999999997	468.8700866699219
2.67	468.8700866699219
2.676	468.8700866699219
2.682	466.16961669921875
2.688	468.8700866699219
2.694	468.8700866699219
2.699	463.4846496582031
2.705	468.8700866699219
2.7110000000000003	468.8700866699219
2.717	466.16961669921875
2.7230000000000003	468.8700866699219
2.728	468.8700866699219
2.734	466.16961669921875
2.74	468.8700866699219
2.7460000000000004	468.8700866699219
2.752	466.16961669921875
2.7569999999999997	466.16961669921875
2.763	466.16961669921875
2.7689999999999997	466.16961669921875
2.775	468.8700866699219
2.781	466.16961669921875
2.786	468.8700866699219
2.792	468.8700866699219
2.798	466.16961669921875
2.804	466.16961669921875
2.81	468.8700866699219
2.815	466.16961669921875
2.821	466.16961669921875
2.827	466.16961669921875
2.833	468.8700866699219
2.839	460.81512451171875
2.844	471.5862731933594
2.85	468.8700866699219
2.8560000000000003	468.8700866699219
2.862	466.16961669921875
2.8680000000000003	466.16961669921875
2.873	466.16961669921875
2.8789999999999996	471.5862731933594
2.885	466.16961669921875
2.891	466.16961669921875
2.897	466.16961669921875
2.9019999999999997	466.16961669921875
2.908	466.16961669921875
2.9139999999999997	468.8700866699219
2.92	466.16961669921875
2.926	466.16961669921875
2.932	468.8700866699219
2.937	468.8700866699219
2.943	463.4846496582031
2.949	463.4846496582031
2.955	468.8700866699219
2.9610000000000003	466.16961669921875
2.966	468.8700866699219
2.972	468.8700866699219
2.978	466.16961669921875
2.984	460.81512451171875
2.99	468.8700866699219
2.995	471.5862731933594
3.0010000000000003	463.4846496582031
3.0069999999999997	463.4846496582031
3.013	468.8700866699219
3.0189999999999997	466.16961669921875
3.0239999999999996	463.4846496582031
3.03	471.5862731933594
3.036	466.16961669921875
3.042	460.81512451171875
3.048	471.5862731933594
3.053	471.5862731933594
3.0589999999999997	460.81512451171875
3.065	463.4846496582031
3.071	471.5862731933594
3.077	466.16961669921875
3.082	463.4846496582031
3.088	471.5862731933594
3.094	463.4846496582031
3.1	458.1610107421875
3.1060000000000003	471.5862731933594
3.111	474.3181457519531
3.117	452.8985900878906
3.123	445.1180114746094
3.1289999999999996	466.16961669921875
3.135	460.81512451171875
3.14	427.47918701171875
3.1460000000000004	396.5548095703125
3.1519999999999997	394.27081298828125
3.158	394.27081298828125
3.1639999999999997	394.27081298828125
3.17	383.0466003417969
3.175	412.9176025390625
3.181	425.01708984375
3.187	425.01708984375
3.193	427.47918701171875
3.199	396.5548095703125
3.2039999999999997	398.8520202636719
3.21	432.4462890625
3.216	452.8985900878906
3.222	482.609130859375
3.228	463.4846496582031
3.233	425.01708984375
3.239	398.8520202636719
3.245	403.4864807128906
3.2510000000000003	396.5548095703125
3.2569999999999997	398.8520202636719
3.262	394.27081298828125
3.2680000000000002	405.8238830566406
3.2739999999999996	477.06585693359375
3.28	458.1610107421875
3.286	468.8700866699219
3.2910000000000004	479.8294982910156
3.2969999999999997	460.81512451171875
3.303	466.16961669921875
3.3089999999999997	477.06585693359375
3.315	460.81512451171875
3.32	458.1610107421875
3.326	479.8294982910156
3.332	460.81512451171875
3.338	458.1610107421875
3.344	471.5862731933594
3.3489999999999998	460.81512451171875
3.355	463.4846496582031
3.361	468.8700866699219
3.367	463.4846496582031
3.373	466.16961669921875
3.3789999999999996	468.8700866699219
3.384	455.5221862792969
3.39	471.5862731933594
3.3960000000000004	463.4846496582031
3.4019999999999997	466.16961669921875
3.408	468.8700866699219
3.4130000000000003	474.3181457519531
3.4189999999999996	468.8700866699219
3.425	508.36181640625
3.431	514.2687377929688
3.437	471.5862731933594
3.4419999999999997	511.3067321777344
3.448	508.36181640625
3.4539999999999997	466.16961669921875
3.46	466.16961669921875
3.466	466.16961669921875
3.471	466.16961669921875
3.477	466.16961669921875
3.483	466.16961669921875
3.489	471.5862731933594
3.495	460.81512451171875
3.5	463.4846496582031
3.5060000000000002	463.4846496582031
3.512	460.81512451171875
3.5180000000000002	468.8700866699219
3.5239999999999996	471.5862731933594
3.529	463.4846496582031
3.535	463.4846496582031
3.5410000000000004	466.16961669921875
3.5469999999999997	463.4846496582031
3.553	466.16961669921875
3.5580000000000003	466.16961669921875
3.5639999999999996	463.4846496582031
3.57	466.16961669921875
3.576	468.8700866699219
3.582	463.4846496582031
3.5869999999999997	466.16961669921875
3.593	471.5862731933594
3.5989999999999998	463.4846496582031
3.605	463.4846496582031
3.611	468.8700866699219
3.617	463.4846496582031
3.622	466.16961669921875
3.628	466.16961669921875
3.634	458.1610107421875
3.64	427.47918701171875
3.6460000000000004	420.13531494140625
3.6510000000000002	417.7154846191406
3.657	410.5393371582031
3.6630000000000003	420.13531494140625
3.6689999999999996	415.30963134765625
3.675	417.7154846191406
3.68	415.30963134765625
3.6860000000000004	417.7154846191406
3.6919999999999997	417.7154846191406
3.698	420.13531494140625
3.7039999999999997	412.9176025390625
3.7089999999999996	420.13531494140625
3.715	410.5393371582031
3.721	417.7154846191406
3.727	415.30963134765625
3.733	420.13531494140625
3.738	417.7154846191406
3.7439999999999998	417.7154846191406
3.75	422.56915283203125
3.7560000000000002	412.9176025390625
3.762	420.13531494140625
3.767	415.30963134765625
3.773	422.56915283203125
3.779	412.9176025390625
3.785	420.13531494140625
3.7910000000000004	417.7154846191406
3.7960000000000003	450.2900390625
3.802	429.95556640625
3.8080000000000003	0.0
3.8139999999999996	0.0
3.82	0.0
3.825	0.0
3.8310000000000004	0.0
3.8369999999999997	0.0
3.843	0.0
3.8489999999999998	0.0
3.855	0.0
3.86	0.0
3.866	0.0
3.872	0.0
3.878	0.0
3.884	0.0
3.889	0.0
3.895	0.0
3.9010000000000002	0.0
3.907	0.0
3.9130000000000003	0.0
3.918	0.0
3.924	0.0
3.93	0.0
3.9360000000000004	463.4846496582031
3.9419999999999997	468.8700866699219
3.947	466.16961669921875
3.9530000000000003	477.06585693359375
3.9589999999999996	463.4846496582031
3.965	474.3181457519531
3.971	460.81512451171875
3.9760000000000004	463.4846496582031
3.9819999999999998	466.16961669921875
3.988	466.16961669921875
3.9939999999999998	466.16961669921875
4.0	466.16961669921875
4.005	460.81512451171875
4.011	466.16961669921875
4.0169999999999995	479.8294982910156
4.023	466.16961669921875
4.029	468.8700866699219
4.034	468.8700866699219
4.04	479.8294982910156
4.046	466.16961669921875
4.052	477.06585693359375
4.058	471.5862731933594
4.063	463.4846496582031
4.069	477.06585693359375
4.075	474.3181457519531
4.081	468.8700866699219
4.087	468.8700866699219
4.093	474.3181457519531
4.098	460.81512451171875
4.104	474.3181457519531
4.11	468.8700866699219
4.1160000000000005	463.4846496582031
4.122	468.8700866699219
4.127	471.5862731933594
4.133	460.81512451171875
4.138999999999999	468.8700866699219
4.145	474.3181457519531
4.151	466.16961669921875
4.156000000000001	460.81512451171875
4.162	466.16961669921875
4.168	460.81512451171875
4.1739999999999995	468.8700866699219
4.18	496.750732421875
4.185	520.2442626953125
4.191	526.2892456054688
4.197	520.2442626953125
4.203	526.2892456054688
4.209	520.2442626953125
4.2139999999999995	529.3380126953125
4.22	520.2442626953125
4.226	523.258056640625
4.232	529.3380126953125
4.238	520.2442626953125
4.243	529.3380126953125
4.249	523.258056640625
4.255	526.2892456054688
4.261	526.2892456054688
4.2669999999999995	523.258056640625
4.272	529.3380126953125
4.2780000000000005	526.2892456054688
4.284	526.2892456054688
4.29	526.2892456054688
4.296	526.2892456054688
4.301	526.2892456054688
4.3069999999999995	529.3380126953125
4.313	526.2892456054688
4.319	529.3380126953125
4.325	526.2892456054688
4.331	523.258056640625
4.336	529.3380126953125
4.342	520.2442626953125
4.348	511.3067321777344
4.354	514.2687377929688
4.36	520.2442626953125
4.365	511.3067321777344
4.371	508.36181640625
4.377	520.2442626953125
4.383	0.0
4.388999999999999	0.0
4.394	0.0
4.4	0.0
4.406000000000001	0.0
4.412	0.0
4.418	0.0
4.423	0.0
4.428999999999999	0.0
4.435	0.0
4.441	0.0
4.447	0.0
4.452	0.0
4.458	0.0
4.4639999999999995	0.0
4.47	0.0
4.476	0.0
4.481	307.5564880371094
4.487	304.0238952636719
4.493	314.74530029296875
4.499	311.1301574707031
4.505	297.0799255371094
4.51	316.5686340332031
4.516	307.5564880371094
4.522	335.3929138183594
4.5280000000000005	312.9324951171875
4.534	302.2728271484375
4.54	309.3381652832031
4.545	302.2728271484375
4.551	298.8009033203125
4.5569999999999995	304.0238952636719
4.563	307.5564880371094
4.569	302.2728271484375
4.574	316.5686340332031
4.58	323.9681091308594
4.586	307.5564880371094
4.592	307.5564880371094
4.598	314.74530029296875
4.603	302.2728271484375
4.609	304.0238952636719
4.615	302.2728271484375
4.621	293.6676330566406
4.627	309.3381652832031
4.632	307.5564880371094
4.638	309.3381652832031
4.644	318.4024963378906
4.65	309.3381652832031
4.656000000000001	314.74530029296875
4.6610000000000005	311.1301574707031
4.667	305.7850646972656
4.673	309.3381652832031
4.678999999999999	304.0238952636719
4.685	307.5564880371094
4.69	307.5564880371094
4.696000000000001	307.5564880371094
4.702	312.9324951171875
4.708	305.7850646972656
4.7139999999999995	311.1301574707031
4.718999999999999	307.5564880371094
4.725	314.74530029296875
4.731	309.3381652832031
4.737	311.1301574707031
4.743	309.3381652832031
4.748	0.0
4.754	387.4974365234375
4.76	355.3365173339844
4.766	374.2977600097656
4.772	374.2977600097656
4.7780000000000005	369.99853515625
4.783	359.4653625488281
4.789	351.2550964355469
4.795	369.99853515625
4.801	361.5477294921875
4.8069999999999995	353.2899475097656
4.812	349.2320251464844
4.8180000000000005	339.2900085449219
4.824	353.2899475097656
4.83	359.4653625488281
4.836	353.2899475097656
4.841	359.4653625488281
4.8469999999999995	357.39495849609375
4.853	351.2550964355469
4.859	359.4653625488281
4.865	351.2550964355469
4.87	355.3365173339844
4.876	353.2899475097656
4.882	351.2550964355469
4.888	353.2899475097656
4.894	353.2899475097656
4.899	351.2550964355469
4.905	353.2899475097656
4.9110000000000005	355.3365173339844
4.917	351.2550964355469
4.923	355.3365173339844
4.928	351.2550964355469
4.934	353.2899475097656
4.94	355.3365173339844
4.946000000000001	351.2550964355469
4.952	353.2899475097656
4.957	351.2550964355469
4.963	355.3365173339844
4.968999999999999	353.2899475097656
4.975	353.2899475097656
4.981	353.2899475097656
4.986000000000001	353.2899475097656
4.992	355.3365173339844
4.998	353.2899475097656
5.004	353.2899475097656
5.01	353.2899475097656
5.016	357.39495849609375
5.021	359.4653625488281
5.027	355.3365173339844
5.033	351.2550964355469
5.039	351.2550964355469
5.045	359.4653625488281
5.05	351.2550964355469
5.056	359.4653625488281
5.062	345.220703125
5.0680000000000005	363.64215087890625
5.074	345.220703125
5.079	355.3365173339844
5.085	353.2899475097656
5.091	351.2550964355469
5.0969999999999995	357.39495849609375
5.103	349.2320251464844
5.1080000000000005	355.3365173339844
5.114	347.2205810546875
5.12	355.3365173339844
5.126	349.2320251464844
5.132000000000001	355.3365173339844
5.1370000000000005	347.2205810546875
5.143	355.3365173339844
5.149	349.2320251464844
5.155	351.2550964355469
5.1610000000000005	353.2899475097656
5.166	349.2320251464844
5.172000000000001	353.2899475097656
5.178	351.2550964355469
5.184	355.3365173339844
5.19	351.2550964355469
5.195	357.39495849609375
5.2010000000000005	351.2550964355469
5.207000000000001	355.3365173339844
5.212999999999999	351.2550964355469
5.218999999999999	357.39495849609375
5.224	347.2205810546875
5.23	355.3365173339844
5.236000000000001	351.2550964355469
5.242000000000001	351.2550964355469
5.247999999999999	351.2550964355469
5.254	353.2899475097656
5.2589999999999995	355.3365173339844
5.265	349.2320251464844
5.271	355.3365173339844
5.277	351.2550964355469
5.2829999999999995	353.2899475097656
5.287999999999999	347.2205810546875
5.294	355.3365173339844
5.3	351.2550964355469
5.306	355.3365173339844
5.312	353.2899475097656
5.317	363.64215087890625
5.3229999999999995	380.84039306640625
5.329	0.0
5.335	329.6310119628906
5.341	359.4653625488281
5.346	343.2323913574219
5.352	357.39495849609375
5.358	359.4653625488281
5.364	353.2899475097656
5.37	357.39495849609375
5.375	376.4660339355469
5.381	401.1625671386719
5.3870000000000005	408.1748046875
5.393	394.27081298828125
5.399	403.4864807128906
5.404	408.1748046875
5.41	405.8238830566406
5.416	398.8520202636719
5.422000000000001	365.74871826171875
5.428	341.2555236816406
5.433	355.3365173339844
5.439	361.5477294921875
5.445	357.39495849609375
5.4510000000000005	347.2205810546875
5.457000000000001	365.74871826171875
5.462000000000001	0.0
5.468	363.64215087890625
5.474	351.2550964355469
5.48	357.39495849609375
5.486000000000001	349.2320251464844
5.492000000000001	351.2550964355469
5.497000000000001	349.2320251464844
5.502999999999999	355.3365173339844
5.5089999999999995	351.2550964355469
5.515	359.4653625488281
5.521	349.2320251464844
5.526	361.5477294921875
5.532	347.2205810546875
5.537999999999999	361.5477294921875
5.544	351.2550964355469
5.55	351.2550964355469
5.555	355.3365173339844
5.561	355.3365173339844
5.567	355.3365173339844
5.5729999999999995	359.4653625488281
5.579	349.2320251464844
5.584	361.5477294921875
5.59	347.2205810546875
5.596	372.1419372558594
5.602	394.27081298828125
5.608	405.8238830566406
5.6129999999999995	389.7421875
5.619	376.4660339355469
5.625	359.4653625488281
5.631	339.2900085449219
5.6370000000000005	353.2899475097656
5.642	353.2899475097656
5.648	351.2550964355469
5.654	333.4611511230469
5.66	312.9324951171875
5.666	325.8448486328125
5.671	318.4024963378906
5.6770000000000005	323.9681091308594
5.683	341.2555236816406
5.689	314.74530029296875
5.695	374.2977600097656
5.7	359.4653625488281
5.706	341.2555236816406
5.712000000000001	372.1419372558594
5.718	353.2899475097656
5.724	355.3365173339844
5.73	359.4653625488281
5.735	345.220703125
5.7410000000000005	361.5477294921875
5.747000000000001	343.2323913574219
5.752999999999999	347.2205810546875
5.7589999999999995	357.39495849609375
5.763999999999999	345.220703125
5.77	347.2205810546875
5.776	355.3365173339844
5.782	353.2899475097656
5.787999999999999	347.2205810546875
5.792999999999999	363.64215087890625
5.7989999999999995	351.2550964355469
5.805	343.2323913574219
5.811	367.8675231933594
5.817	351.2550964355469
5.822	351.2550964355469
5.827999999999999	372.1419372558594
5.834	394.27081298828125
5.84	369.99853515625
5.846	357.39495849609375
5.851	359.4653625488281
5.857	359.4653625488281
5.8629999999999995	367.8675231933594
5.869	357.39495849609375
5.875	365.74871826171875
5.88	363.64215087890625
5.886	367.8675231933594
5.892	339.2900085449219
5.898	333.4611511230469
5.904	333.4611511230469
5.909	335.3929138183594
5.915	361.5477294921875
5.921	376.4660339355469
5.9270000000000005	391.99993896484375
5.933	391.99993896484375
5.939	398.8520202636719
5.944	391.99993896484375
5.95	369.99853515625
5.956	309.3381652832031
5.962000000000001	305.7850646972656
5.968	304.0238952636719
5.973	318.4024963378906
5.979	302.2728271484375
5.985	291.9762268066406
5.9910000000000005	288.6225891113281
5.997000000000001	275.5887756347656
6.002000000000001	288.6225891113281
6.007999999999999	295.36883544921875
6.013999999999999	291.9762268066406
6.02	298.8009033203125
6.026	298.8009033203125
6.031000000000001	309.3381652832031
6.037000000000001	302.2728271484375
6.042999999999999	316.5686340332031
6.0489999999999995	312.9324951171875
6.055	312.9324951171875
6.06	333.4611511230469
6.066	337.3358154296875
6.072	312.9324951171875
6.077999999999999	0.0
6.084	0.0
6.0889999999999995	0.0
6.095	0.0
6.101	0.0
6.107	0.0
6.1129999999999995	496.750732421875
6.117999999999999	508.36181640625
6.124	505.4338684082031
6.13	508.36181640625
6.136	514.2687377929688
6.142	298.8009033203125
6.147	312.9324951171875
6.153	311.1301574707031
6.159	335.3929138183594
6.165	309.3381652832031
6.171	309.3381652832031
6.1770000000000005	314.74530029296875
6.182	325.8448486328125
6.188	349.2320251464844
6.194	322.1021728515625
6.2	312.9324951171875
6.206	314.74530029296875
6.211	309.3381652832031
6.2170000000000005	316.5686340332031
6.223	337.3358154296875
6.229	335.3929138183594
6.235	339.2900085449219
6.24	357.39495849609375
6.246	349.2320251464844
6.252000000000001	337.3358154296875
6.257999999999999	337.3358154296875
6.263999999999999	341.2555236816406
6.269	349.2320251464844
6.275	353.2899475097656
6.281000000000001	349.2320251464844
6.287000000000001	343.2323913574219
6.292999999999999	335.3929138183594
6.297999999999999	323.9681091308594
6.303999999999999	312.9324951171875
6.31	311.1301574707031
6.316	325.8448486328125
6.322	349.2320251464844
6.327000000000001	339.2900085449219
6.332999999999999	343.2323913574219
6.3389999999999995	339.2900085449219
6.345	329.6310119628906
6.351	322.1021728515625
6.356	323.9681091308594
6.362	322.1021728515625
6.367999999999999	320.24700927734375
6.374	325.8448486328125
6.38	320.24700927734375
6.385	314.74530029296875
6.391	318.4024963378906
6.397	331.5405578613281
6.403	339.2900085449219
6.409	351.2550964355469
6.415	365.74871826171875
6.42	357.39495849609375
6.426	347.2205810546875
6.432	333.4611511230469
6.438	311.1301574707031
6.444	325.8448486328125
6.449	337.3358154296875
6.455	318.4024963378906
6.461	322.1021728515625
6.4670000000000005	314.74530029296875
6.473	323.9681091308594
6.478	331.5405578613281
6.484	322.1021728515625
6.49	316.5686340332031
6.496	307.5564880371094
6.502000000000001	307.5564880371094
6.507000000000001	333.4611511230469
6.513	339.2900085449219
6.519	322.1021728515625
6.525	318.4024963378906
6.531000000000001	312.9324951171875
6.5360000000000005	312.9324951171875
6.542000000000001	339.2900085449219
6.547999999999999	353.2899475097656
6.553999999999999	335.3929138183594
6.56	337.3358154296875
6.565	312.9324951171875
6.571000000000001	305.7850646972656
6.577000000000001	327.73248291015625
6.582999999999999	314.74530029296875
6.5889999999999995	311.1301574707031
6.593999999999999	305.7850646972656
6.6	288.6225891113281
6.606	288.6225891113281
6.612	311.1301574707031
6.617999999999999	323.9681091308594
6.622999999999999	322.1021728515625
6.629	307.5564880371094
6.635	286.9602355957031
6.641	277.1852722167969
6.647	288.6225891113281
6.653	269.2942810058594
6.6579999999999995	264.6679382324219
6.664	261.6279602050781
6.67	261.6279602050781
6.676	258.6228942871094
6.682	248.37437438964844
6.687	237.15809631347656
6.693	241.30357360839844
6.699	252.71588134765625
6.705	263.1435852050781
6.711	245.5215301513672
6.716	234.43411254882812
6.722	235.79217529296875
6.728	242.70144653320312
6.734	239.9137725830078
6.74	225.14410400390625
6.745	222.55809020996094
6.751	233.0838623046875
6.757000000000001	237.15809631347656
6.763	230.40664672851562
6.769	238.53195190429688
6.774	239.9137725830078
6.78	254.17987060546875
6.7860000000000005	261.6279602050781
6.792000000000001	267.7432556152344
6.797999999999999	260.1210632324219
6.803	274.0014953613281
6.809	295.36883544921875
6.815	285.3074645996094
6.821000000000001	269.2942810058594
6.827000000000001	300.5318298339844
6.832000000000001	293.6676330566406
6.837999999999999	280.4060363769531
6.843999999999999	285.3074645996094
6.85	302.2728271484375
6.856	293.6676330566406
6.861000000000001	307.5564880371094
6.867000000000001	291.9762268066406
6.872999999999999	298.8009033203125
6.879	285.3074645996094
6.885	277.1852722167969
6.891	285.3074645996094
6.896	285.3074645996094
6.902	295.36883544921875
6.9079999999999995	286.9602355957031
6.914	280.4060363769531
6.92	274.0014953613281
6.925	257.1333312988281
6.931	241.30357360839844
6.937	234.43411254882812
6.943	235.79217529296875
6.949	234.43411254882812
6.954	231.7413787841797
6.96	231.7413787841797
6.966	238.53195190429688
6.972	233.0838623046875
6.978	248.37437438964844
6.983	260.1210632324219
6.989	263.1435852050781
6.995	274.0014953613281
7.001	267.7432556152344
7.007000000000001	270.8542785644531
7.0120000000000005	0.0
7.018	0.0
7.024	0.0
7.03	0.0
7.0360000000000005	0.0
7.041	0.0
7.047000000000001	0.0
7.053	0.0
7.059	0.0
7.065	0.0
7.07	0.0
7.0760000000000005	0.0
7.082000000000001	0.0
7.087999999999999	0.0
7.093999999999999	0.0
7.1	0.0
7.105	0.0
7.111000000000001	0.0
7.117000000000001	0.0
7.122999999999999	0.0
7.129	0.0
7.1339999999999995	0.0
7.14	0.0
7.146	0.0
7.152	0.0
7.1579999999999995	0.0
7.162999999999999	0.0
7.169	0.0
7.175	0.0
7.181	0.0
7.187	0.0
7.192	0.0
7.1979999999999995	0.0
7.204	0.0
7.21	205.2688446044922
7.216	210.06680297851562
7.221	204.08657836914062
7.227	194.87030029296875
7.233	193.7479248046875
7.239	190.41943359375
7.245	183.93299865722656
7.25	177.66754150390625
7.256	164.81484985351562
7.2620000000000005	173.6095733642578
7.268	173.6095733642578
7.274	174.6153106689453
7.279	170.62705993652344
7.285	176.6442413330078
7.291	177.66754150390625
7.297000000000001	168.66722106933594
7.303	156.4656219482422
7.308	159.2006072998047
7.314	160.1228485107422
7.32	0.0
7.3260000000000005	0.0
7.332000000000001	0.0
7.337999999999999	0.0
7.343	0.0
7.349	0.0
7.355	0.0
7.361000000000001	0.0
7.367000000000001	0.0
7.372000000000001	0.0
7.377999999999999	0.0
7.3839999999999995	0.0
7.39	0.0
7.396	0.0
7.401	0.0
7.407	0.0
7.412999999999999	0.0
7.419	0.0
7.425	0.0
7.43	0.0
7.436	0.0
7.442	0.0
7.4479999999999995	0.0
7.454	0.0
7.459	0.0
7.465	0.0
7.471	0.0
7.477	0.0
7.483	0.0
7.4879999999999995	0.0
7.494	0.0
7.5	0.0
7.506	0.0
7.5120000000000005	0.0
7.517	471.5862731933594
7.523	463.4846496582031
7.529	335.3929138183594
7.535	351.2550964355469
7.541	357.39495849609375
7.546	359.4653625488281
7.5520000000000005	347.2205810546875
7.558	374.2977600097656
7.564	355.3365173339844
7.57	339.2900085449219
7.5760000000000005	347.2205810546875
7.581	345.220703125
7.587000000000001	343.2323913574219
7.593	343.2323913574219
7.599	365.74871826171875
7.605	372.1419372558594
7.61	355.3365173339844
7.6160000000000005	357.39495849609375
7.622000000000001	347.2205810546875
7.627999999999999	357.39495849609375
7.6339999999999995	349.2320251464844
7.638999999999999	357.39495849609375
7.645	355.3365173339844
7.651	357.39495849609375
7.657	357.39495849609375
7.662999999999999	353.2899475097656
7.667999999999999	355.3365173339844
7.6739999999999995	349.2320251464844
7.68	353.2899475097656
7.686	353.2899475097656
7.692	355.3365173339844
7.697	349.2320251464844
7.702999999999999	355.3365173339844
7.709	353.2899475097656
7.715	357.39495849609375
7.721	349.2320251464844
7.726	357.39495849609375
7.732	347.2205810546875
7.7379999999999995	349.2320251464844
7.744	345.220703125
7.75	345.220703125
7.755	343.2323913574219
7.761	351.2550964355469
7.767	357.39495849609375
7.773	343.2323913574219
7.779	322.1021728515625
7.784	305.7850646972656
7.79	288.6225891113281
7.796	295.36883544921875
7.8020000000000005	307.5564880371094
7.808	293.6676330566406
7.814	290.2945861816406
7.819	309.3381652832031
7.825	295.36883544921875
7.831	297.0799255371094
7.837000000000001	316.5686340332031
7.843	298.8009033203125
7.848	298.8009033203125
7.854	290.2945861816406
7.86	302.2728271484375
7.8660000000000005	290.2945861816406
7.872000000000001	293.6676330566406
7.877000000000001	302.2728271484375
7.882999999999999	320.24700927734375
7.888999999999999	0.0
7.895	0.0
7.901	0.0
7.906000000000001	0.0
7.912000000000001	0.0
7.917999999999999	0.0
7.9239999999999995	0.0
7.93	0.0
7.935	0.0
7.941	0.0
7.947	0.0
7.952999999999999	0.0
7.959	0.0
7.9639999999999995	0.0
7.97	0.0
7.976	0.0
7.982	0.0
7.9879999999999995	0.0
7.992999999999999	0.0
7.999	0.0
8.005	0.0
8.011000000000001	0.0
8.017000000000001	0.0
8.022	0.0
8.027999999999999	0.0
8.033999999999999	0.0
8.04	0.0
8.046	0.0
8.052	0.0
8.057	0.0
8.062999999999999	0.0
8.068999999999999	0.0
8.075	0.0
8.081	0.0
8.086	0.0
8.092	0.0
8.097999999999999	0.0
8.104	0.0
8.11	0.0
8.115	0.0
8.121	0.0
8.127	0.0
8.133	0.0
8.139	0.0
8.144	0.0
8.15	0.0
8.156	0.0
8.162	0.0
8.168	0.0
8.173	0.0
8.179	0.0
8.185	0.0
8.191	0.0
8.197000000000001	0.0
8.202	0.0
8.208	0.0
8.214	0.0
8.22	0.0
8.226	0.0
8.231	0.0
8.237	0.0
8.243	0.0
8.249	0.0
8.255	0.0
8.26	0.0
8.266	0.0
8.272	0.0
8.277999999999999	0.0
8.283999999999999	0.0
8.29	0.0
8.295	0.0
8.301	0.0
8.307	0.0
8.312999999999999	314.74530029296875
8.318999999999999	312.9324951171875
8.324	307.5564880371094
8.33	307.5564880371094
8.336	314.74530029296875
8.342	314.74530029296875
8.347999999999999	311.1301574707031
8.353	314.74530029296875
8.359	311.1301574707031
8.365	323.9681091308594
8.371	311.1301574707031
8.377	314.74530029296875
8.382	312.9324951171875
8.388	311.1301574707031
8.394	309.3381652832031
8.4	314.74530029296875
8.406	309.3381652832031
8.411	314.74530029296875
8.417	309.3381652832031
8.423	311.1301574707031
8.429	309.3381652832031
8.435	333.4611511230469
8.44	343.2323913574219
8.446	361.5477294921875
8.452	345.220703125
8.458	347.2205810546875
8.464	320.24700927734375
8.469	300.5318298339844
8.475	305.7850646972656
8.481	304.0238952636719
8.487	314.74530029296875
8.493	304.0238952636719
8.499	304.0238952636719
8.504	309.3381652832031
8.51	311.1301574707031
8.516	333.4611511230469
8.522	314.74530029296875
8.527999999999999	291.9762268066406
8.533	291.9762268066406
8.539	286.9602355957031
8.545	305.7850646972656
8.551	309.3381652832031
8.557	314.74530029296875
8.562000000000001	325.8448486328125
8.568	298.8009033203125
8.574	320.24700927734375
8.58	311.1301574707031
8.586	311.1301574707031
8.591000000000001	293.6676330566406
8.597000000000001	278.7909851074219
8.603	290.2945861816406
8.609	309.3381652832031
8.615	316.5686340332031
8.62	311.1301574707031
8.626	320.24700927734375
8.632	327.73248291015625
8.638	311.1301574707031
8.644	311.1301574707031
8.649	309.3381652832031
8.655	311.1301574707031
8.661	309.3381652832031
8.667	305.7850646972656
8.673	305.7850646972656
8.677999999999999	291.9762268066406
8.684	305.7850646972656
8.69	305.7850646972656
8.696	283.6641845703125
8.702	307.5564880371094
8.707	304.0238952636719
8.713	304.0238952636719
8.719	297.0799255371094
8.725	298.8009033203125
8.731	302.2728271484375
8.737	314.74530029296875
8.742	318.4024963378906
8.748	311.1301574707031
8.754	304.0238952636719
8.76	311.1301574707031
8.766	309.3381652832031
8.771	304.0238952636719
8.777000000000001	331.5405578613281
8.783	327.73248291015625
8.789	0.0
8.795	0.0
8.8	0.0
8.806000000000001	0.0
8.812000000000001	0.0
8.818	300.5318298339844
8.824	316.5686340332031
8.829	322.1021728515625
8.835	305.7850646972656
8.841000000000001	312.9324951171875
8.847000000000001	320.24700927734375
8.853	327.73248291015625
8.857999999999999	345.220703125
8.863999999999999	347.2205810546875
8.87	349.2320251464844
8.876	357.39495849609375
8.882	351.2550964355469
8.887	353.2899475097656
8.892999999999999	353.2899475097656
8.899	323.9681091308594
8.905	347.2205810546875
8.911	349.2320251464844
8.916	347.2205810546875
8.922	343.2323913574219
8.927999999999999	355.3365173339844
8.934	345.220703125
8.94	347.2205810546875
8.945	357.39495849609375
8.951	351.2550964355469
8.957	349.2320251464844
8.963	355.3365173339844
8.969	351.2550964355469
8.975	355.3365173339844
8.98	353.2899475097656
8.986	351.2550964355469
8.992	363.64215087890625
8.998	353.2899475097656
9.004	345.220703125
9.009	357.39495849609375
9.015	351.2550964355469
9.021	349.2320251464844
9.027000000000001	359.4653625488281
9.033	351.2550964355469
9.038	347.2205810546875
9.044	355.3365173339844
9.05	355.3365173339844
9.056000000000001	343.2323913574219
9.062000000000001	351.2550964355469
9.067	357.39495849609375
9.073	343.2323913574219
9.079	351.2550964355469
9.085	355.3365173339844
9.091000000000001	347.2205810546875
9.096	353.2899475097656
9.102	351.2550964355469
9.107999999999999	347.2205810546875
9.113999999999999	357.39495849609375
9.12	345.220703125
9.125	349.2320251464844
9.131	351.2550964355469
9.137	349.2320251464844
9.142999999999999	357.39495849609375
9.149	347.2205810546875
9.154	345.220703125
9.16	355.3365173339844
9.166	355.3365173339844
9.172	351.2550964355469
9.177999999999999	374.2977600097656
9.183	347.2205810546875
9.189	353.2899475097656
9.195	355.3365173339844
9.201	349.2320251464844
9.207	361.5477294921875
9.213	361.5477294921875
9.218	351.2550964355469
9.224	367.8675231933594
9.23	349.2320251464844
9.236	359.4653625488281
9.242	347.2205810546875
9.247	355.3365173339844
9.253	347.2205810546875
9.259	353.2899475097656
9.265	345.220703125
9.271	359.4653625488281
9.276	345.220703125
9.282	367.8675231933594
9.288	341.2555236816406
9.294	363.64215087890625
9.3	349.2320251464844
9.305	351.2550964355469
9.311	0.0
9.317	0.0
9.323	0.0
9.329	0.0
9.334	0.0
9.34	0.0
9.346	0.0
9.352	0.0
9.357999999999999	0.0
9.363	0.0
9.369	0.0
9.375	0.0
9.381	0.0
9.387	0.0
9.392000000000001	0.0
9.398	0.0
9.404	0.0
9.41	0.0
9.416	0.0
9.421	0.0
9.427	0.0
9.433	0.0
9.439	0.0
9.445	0.0
9.451	0.0
9.456	0.0
9.462	0.0
9.468	0.0
9.474	0.0
9.48	0.0
9.485	0.0
9.491	0.0
9.497	0.0
9.503	0.0
9.509	0.0
9.514	0.0
9.52	0.0
9.526	0.0
9.532	0.0
9.538	0.0
9.543	0.0
9.549	0.0
9.555	0.0
9.561	0.0
9.567	0.0
9.572000000000001	0.0
9.578	0.0
9.584	0.0
9.59	0.0
9.596	0.0
9.601	0.0
9.607000000000001	0.0
9.613	0.0
9.619	0.0
9.625	0.0
9.63	0.0
9.636000000000001	241.30357360839844
9.642000000000001	246.94381713867188
9.648	249.8131866455078
9.654	241.30357360839844
9.66	244.107421875
9.665	249.8131866455078
9.671	235.79217529296875
9.677	229.07958984375
9.683	226.44837951660156
9.689	241.30357360839844
9.693999999999999	225.14410400390625
9.7	229.07958984375
9.706	244.107421875
9.712	249.8131866455078
9.718	237.15809631347656
9.722999999999999	251.26034545898438
9.729	241.30357360839844
9.735	246.94381713867188
9.741	251.26034545898438
9.747	239.9137725830078
9.752	252.71588134765625
9.758	245.5215301513672
9.764	234.43411254882812
9.77	222.55809020996094
9.776	231.7413787841797
9.781	233.0838623046875
9.787	222.55809020996094
9.793	227.7601776123047
9.799	242.70144653320312
9.805	246.94381713867188
9.81	246.94381713867188
9.816	249.8131866455078
9.822000000000001	261.6279602050781
9.828	266.201171875
9.834	272.42333984375
9.839	257.1333312988281
9.845	300.5318298339844
9.851	312.9324951171875
9.857000000000001	311.1301574707031
9.863	320.24700927734375
9.868	298.8009033203125
9.874	311.1301574707031
9.88	337.3358154296875
9.886000000000001	343.2323913574219
9.892000000000001	351.2550964355469
9.898	343.2323913574219
9.902999999999999	361.5477294921875
9.908999999999999	343.2323913574219
9.915	351.2550964355469
9.921	339.2900085449219
9.927	353.2899475097656
9.932	363.64215087890625
9.937999999999999	374.2977600097656
9.943999999999999	367.8675231933594
9.95	385.2655944824219
9.956	355.3365173339844
9.961	347.2205810546875
9.967	369.99853515625
9.972999999999999	0.0
9.979	0.0
9.985	0.0
9.99	0.0
9.996	0.0
10.002	0.0
10.008	0.0
10.014	0.0
10.019	0.0
10.025	0.0
10.031	0.0
10.037	0.0
10.043	0.0
10.048	0.0
10.054	0.0
10.06	0.0
10.066	0.0
10.072000000000001	0.0
10.077	0.0
10.083	0.0
10.089	0.0
10.095	0.0
10.101	0.0
10.106	0.0
10.112	0.0
10.118	0.0
10.124	0.0
10.13	0.0
10.136000000000001	0.0
10.141	0.0
10.147	0.0
10.152999999999999	0.0
10.158999999999999	0.0
10.165	0.0
10.17	0.0
10.176	0.0
10.182	0.0
10.187999999999999	0.0
10.193999999999999	0.0
10.199	0.0
10.205	0.0
10.211	0.0
10.217	0.0
10.222999999999999	0.0
10.228	0.0
10.234	0.0
10.24	0.0
10.245999999999999	351.2550964355469
10.252	378.64691162109375
10.257	359.4653625488281
10.263	335.3929138183594
10.269	337.3358154296875
10.275	347.2205810546875
10.280999999999999	335.3929138183594
10.286	357.39495849609375
10.292	349.2320251464844
10.298	347.2205810546875
10.304	345.220703125
10.31	345.220703125
10.315	351.2550964355469
10.321	359.4653625488281
10.327	353.2899475097656
10.333	343.2323913574219
10.339	351.2550964355469
10.344000000000001	343.2323913574219
10.35	355.3365173339844
10.356	349.2320251464844
10.362	353.2899475097656
10.368	327.73248291015625
10.374	357.39495849609375
10.379000000000001	331.5405578613281
10.385	320.24700927734375
10.390999999999998	320.24700927734375
10.397	318.4024963378906
10.402999999999999	314.74530029296875
10.408	325.8448486328125
10.414000000000001	323.9681091308594
10.42	349.2320251464844
10.425999999999998	367.8675231933594
10.432	389.7421875
10.437000000000001	394.27081298828125
10.443	380.84039306640625
10.449000000000002	376.4660339355469
10.455	401.1625671386719
10.460999999999999	387.4974365234375
10.466	383.0466003417969
10.472000000000001	403.4864807128906
10.478	432.4462890625
10.484000000000002	434.9514465332031
10.49	425.01708984375
10.495	417.7154846191406
10.501	429.95556640625
10.507	442.5543212890625
10.513	437.4710998535156
10.519	427.47918701171875
10.524000000000001	463.4846496582031
10.53	458.1610107421875
10.536	450.2900390625
10.542	420.13531494140625
10.548	425.01708984375
10.552999999999999	410.5393371582031
10.559000000000001	412.9176025390625
10.565	420.13531494140625
10.571	410.5393371582031
10.577	410.5393371582031
10.582	412.9176025390625
10.588	412.9176025390625
10.594000000000001	415.30963134765625
10.6	415.30963134765625
10.606	410.5393371582031
10.612	417.7154846191406
10.617	410.5393371582031
10.623	412.9176025390625
10.629000000000001	410.5393371582031
10.635	410.5393371582031
10.640999999999998	415.30963134765625
10.645999999999999	420.13531494140625
10.652000000000001	410.5393371582031
10.658	417.7154846191406
10.664000000000001	412.9176025390625
10.67	412.9176025390625
10.675	422.56915283203125
10.681	408.1748046875
10.687000000000001	420.13531494140625
10.693	412.9176025390625
10.699000000000002	417.7154846191406
10.704	410.5393371582031
10.71	412.9176025390625
10.716	420.13531494140625
10.722000000000001	420.13531494140625
10.728	410.5393371582031
10.732999999999999	420.13531494140625
10.739	415.30963134765625
10.745	420.13531494140625
10.751	417.7154846191406
10.757	417.7154846191406
10.762	417.7154846191406
10.767999999999999	410.5393371582031
10.774000000000001	425.01708984375
10.78	415.30963134765625
10.786	432.4462890625
10.790999999999999	445.1180114746094
10.797	474.3181457519531
10.802999999999999	463.4846496582031
10.809000000000001	463.4846496582031
10.815	479.8294982910156
10.82	458.1610107421875
10.825999999999999	466.16961669921875
10.832	466.16961669921875
10.838	468.8700866699219
10.844000000000001	466.16961669921875
10.85	468.8700866699219
10.855	471.5862731933594
10.860999999999999	466.16961669921875
10.867	468.8700866699219
10.873	474.3181457519531
10.879000000000001	466.16961669921875
10.884	466.16961669921875
10.89	471.5862731933594
10.895999999999999	463.4846496582031
10.902000000000001	466.16961669921875
10.908	471.5862731933594
10.913	468.8700866699219
10.919	471.5862731933594
10.925	466.16961669921875
10.931	474.3181457519531
10.937000000000001	466.16961669921875
10.942	455.5221862792969
10.948	488.216796875
10.954	0.0
10.96	0.0
10.966	0.0
10.970999999999998	0.0
10.977	0.0
10.982999999999999	0.0
10.989	0.0
10.995	0.0
11.0	0.0
11.005999999999998	0.0
11.012	0.0
11.017999999999999	0.0
11.024000000000001	0.0
11.029000000000002	0.0
11.035	0.0
11.040999999999999	0.0
11.047	0.0
11.052999999999999	0.0
11.059000000000001	463.4846496582031
11.064	460.81512451171875
11.07	466.16961669921875
11.075999999999999	466.16961669921875
11.082	468.8700866699219
11.088	463.4846496582031
11.093	471.5862731933594
11.099	466.16961669921875
11.105	468.8700866699219
11.110999999999999	466.16961669921875
11.117	477.06585693359375
11.122	460.81512451171875
11.128	474.3181457519531
11.134	460.81512451171875
11.14	471.5862731933594
11.145999999999999	460.81512451171875
11.151	468.8700866699219
11.157	463.4846496582031
11.163	466.16961669921875
11.169	471.5862731933594
11.175	466.16961669921875
11.18	471.5862731933594
11.186	460.81512451171875
11.192	474.3181457519531
11.198	466.16961669921875
11.204	468.8700866699219
11.209000000000001	463.4846496582031
11.215	468.8700866699219
11.220999999999998	466.16961669921875
11.227	468.8700866699219
11.232999999999999	466.16961669921875
11.238	471.5862731933594
11.244000000000002	460.81512451171875
11.25	474.3181457519531
11.255999999999998	460.81512451171875
11.262	474.3181457519531
11.267000000000001	466.16961669921875
11.273	471.5862731933594
11.279000000000002	463.4846496582031
11.285	474.3181457519531
11.290999999999999	463.4846496582031
11.297	468.8700866699219
11.302	466.16961669921875
11.308	466.16961669921875
11.314	468.8700866699219
11.32	460.81512451171875
11.325999999999999	468.8700866699219
11.331	463.4846496582031
11.337	466.16961669921875
11.343	471.5862731933594
11.349	463.4846496582031
11.355	468.8700866699219
11.36	474.3181457519531
11.366	455.5221862792969
11.372	468.8700866699219
11.378	474.3181457519531
11.384	442.5543212890625
11.389000000000001	450.2900390625
11.395	468.8700866699219
11.401	466.16961669921875
11.407	455.5221862792969
11.413	477.06585693359375
11.418	471.5862731933594
11.424000000000001	458.1610107421875
11.43	468.8700866699219
11.436	474.3181457519531
11.442	466.16961669921875
11.447000000000001	460.81512451171875
11.453	468.8700866699219
11.459000000000001	471.5862731933594
11.465	463.4846496582031
11.470999999999998	466.16961669921875
11.475999999999999	474.3181457519531
11.482000000000001	466.16961669921875
11.488	466.16961669921875
11.494000000000002	468.8700866699219
11.5	468.8700866699219
11.505	466.16961669921875
11.511	466.16961669921875
11.517000000000001	468.8700866699219
11.523	466.16961669921875
11.529000000000002	466.16961669921875
11.535	468.8700866699219
11.54	468.8700866699219
11.546	466.16961669921875
11.552	468.8700866699219
11.558	468.8700866699219
11.564	468.8700866699219
11.569	466.16961669921875
11.575	468.8700866699219
11.581	466.16961669921875
11.587	468.8700866699219
11.593	466.16961669921875
11.597999999999999	466.16961669921875
11.604000000000001	468.8700866699219
11.61	466.16961669921875
11.616	468.8700866699219
11.622	474.3181457519531
11.627	463.4846496582031
11.633	463.4846496582031
11.639000000000001	471.5862731933594
11.645	463.4846496582031
11.651	463.4846496582031
11.655999999999999	471.5862731933594
11.662	468.8700866699219
11.668	463.4846496582031
11.674000000000001	460.81512451171875
11.68	468.8700866699219
11.685	471.5862731933594
11.690999999999999	463.4846496582031
11.697000000000001	468.8700866699219
11.703	468.8700866699219
11.709000000000001	463.4846496582031
11.714	466.16961669921875
11.72	468.8700866699219
11.725999999999999	463.4846496582031
11.732000000000001	463.4846496582031
11.738	468.8700866699219
11.743	466.16961669921875
11.749	466.16961669921875
11.755	468.8700866699219
11.761	466.16961669921875
11.767000000000001	463.4846496582031
11.773	466.16961669921875
11.777999999999999	466.16961669921875
11.784	466.16961669921875
11.79	463.4846496582031
11.796	468.8700866699219
11.802	463.4846496582031
11.807	466.16961669921875
11.812999999999999	468.8700866699219
11.819	466.16961669921875
11.825	463.4846496582031
11.831	471.5862731933594
11.835999999999999	466.16961669921875
11.842	460.81512451171875
11.847999999999999	466.16961669921875
11.854000000000001	468.8700866699219
11.86	463.4846496582031
11.865	463.4846496582031
11.870999999999999	471.5862731933594
11.877	466.16961669921875
11.883	460.81512451171875
11.889000000000001	463.4846496582031
11.894	463.4846496582031
11.9	468.8700866699219
11.905999999999999	455.5221862792969
11.912	425.01708984375
11.918	391.99993896484375
11.923	394.27081298828125
11.929	391.99993896484375
11.935	396.5548095703125
11.940999999999999	420.13531494140625
11.947000000000001	420.13531494140625
11.952	458.1610107421875
11.958	466.16961669921875
11.964	455.5221862792969
11.97	442.5543212890625
11.975999999999999	463.4846496582031
11.981	460.81512451171875
11.987	422.56915283203125
11.993	479.8294982910156
11.999	474.3181457519531
12.005	463.4846496582031
12.011	471.5862731933594
12.015999999999998	463.4846496582031
12.022	468.8700866699219
12.027999999999999	468.8700866699219
12.034	474.3181457519531
12.04	460.81512451171875
12.045	458.1610107421875
12.050999999999998	466.16961669921875
12.057	466.16961669921875
12.062999999999999	471.5862731933594
12.069	474.3181457519531
12.074000000000002	452.8985900878906
12.08	466.16961669921875
12.085999999999999	471.5862731933594
12.092	455.5221862792969
12.097999999999999	460.81512451171875
12.103	477.06585693359375
12.109000000000002	463.4846496582031
12.115	468.8700866699219
12.120999999999999	471.5862731933594
12.127	466.16961669921875
12.132	468.8700866699219
12.138	474.3181457519531
12.144	466.16961669921875
12.15	458.1610107421875
12.155999999999999	466.16961669921875
12.161	471.5862731933594
12.167	463.4846496582031
12.173	468.8700866699219
12.179	460.81512451171875
12.185	479.8294982910156
12.19	468.8700866699219
12.196	458.1610107421875
12.202	463.4846496582031
12.208	468.8700866699219
12.214	471.5862731933594
12.22	463.4846496582031
12.225	471.5862731933594
12.231	471.5862731933594
12.237	468.8700866699219
12.243	499.62841796875
12.249	474.3181457519531
12.254000000000001	502.5227355957031
12.26	496.750732421875
12.265999999999998	491.0450744628906
12.272	463.4846496582031
12.277999999999999	466.16961669921875
12.283	468.8700866699219
12.289000000000001	460.81512451171875
12.295	468.8700866699219
12.300999999999998	463.4846496582031
12.307	466.16961669921875
12.312000000000001	463.4846496582031
12.318	468.8700866699219
12.324000000000002	460.81512451171875
12.33	463.4846496582031
12.335999999999999	466.16961669921875
12.341	466.16961669921875
12.347000000000001	466.16961669921875
12.353	466.16961669921875
12.359000000000002	463.4846496582031
12.365	460.81512451171875
12.37	468.8700866699219
12.376	463.4846496582031
12.382	463.4846496582031
12.388	466.16961669921875
12.394	468.8700866699219
12.399000000000001	460.81512451171875
12.405	466.16961669921875
12.411	468.8700866699219
12.417	463.4846496582031
12.423	463.4846496582031
12.427999999999999	468.8700866699219
12.434000000000001	466.16961669921875
12.44	463.4846496582031
12.446	466.16961669921875
12.452	468.8700866699219
12.458	460.81512451171875
12.463	468.8700866699219
12.469000000000001	440.0053405761719
12.475	422.56915283203125
12.481	422.56915283203125
12.487	417.7154846191406
12.492	415.30963134765625
12.498	412.9176025390625
12.504000000000001	415.30963134765625
12.51	415.30963134765625
12.515999999999998	412.9176025390625
12.520999999999999	417.7154846191406
12.527000000000001	415.30963134765625
12.533	417.7154846191406
12.539000000000001	415.30963134765625
12.545	412.9176025390625
12.55	417.7154846191406
12.556	415.30963134765625
12.562000000000001	415.30963134765625
12.568	412.9176025390625
12.574000000000002	415.30963134765625
12.579	417.7154846191406
12.585	410.5393371582031
12.591	420.13531494140625
12.597000000000001	425.01708984375
12.603	410.5393371582031
12.607999999999999	425.01708984375
12.614	412.9176025390625
12.62	405.8238830566406
12.626	0.0
12.632	0.0
12.637	0.0
12.642999999999999	0.0
12.649000000000001	0.0
12.655	323.9681091308594
12.661	349.2320251464844
12.665999999999999	347.2205810546875
12.672	351.2550964355469
12.677999999999999	339.2900085449219
12.684000000000001	323.9681091308594
12.69	320.24700927734375
12.696	327.73248291015625
12.700999999999999	323.9681091308594
12.707	323.9681091308594
12.713	325.8448486328125
12.719000000000001	347.2205810546875
12.725	351.2550964355469
12.73	458.1610107421875
12.735999999999999	471.5862731933594
12.742	460.81512451171875
12.748	434.9514465332031
12.754000000000001	466.16961669921875
12.759	468.8700866699219
12.765	468.8700866699219
12.770999999999999	468.8700866699219
12.777000000000001	474.3181457519531
12.783	450.2900390625
12.788	429.95556640625
12.794	394.27081298828125
12.8	396.5548095703125
12.806	427.47918701171875
12.812000000000001	466.16961669921875
12.817	466.16961669921875
12.823	463.4846496582031
12.829	471.5862731933594
12.835	458.1610107421875
12.841	460.81512451171875
12.845999999999998	466.16961669921875
12.852	458.1610107421875
12.857999999999999	460.81512451171875
12.864	471.5862731933594
12.87	463.4846496582031
12.875	466.16961669921875
12.880999999999998	471.5862731933594
12.887	463.4846496582031
12.892999999999999	466.16961669921875
12.899000000000001	474.3181457519531
12.904000000000002	466.16961669921875
12.91	458.1610107421875
12.915999999999999	479.8294982910156
12.922	468.8700866699219
12.927999999999999	466.16961669921875
12.934000000000001	471.5862731933594
12.939	466.16961669921875
12.945	463.4846496582031
12.950999999999999	463.4846496582031
12.957	466.16961669921875
12.963	463.4846496582031
12.968	471.5862731933594
12.974	468.8700866699219
12.98	458.1610107421875
12.985999999999999	474.3181457519531
12.992	468.8700866699219
12.997	458.1610107421875
13.003	468.8700866699219
13.009	482.609130859375
13.015	496.750732421875
13.020999999999999	541.7108154296875
13.026	517.2478637695312
13.032	529.3380126953125
13.038	517.2478637695312
13.044	523.258056640625
13.05	520.2442626953125
13.055	514.2687377929688
13.061	526.2892456054688
13.067	511.3067321777344
13.073	523.258056640625
13.079	526.2892456054688
13.084000000000001	514.2687377929688
13.09	523.258056640625
13.095999999999998	520.2442626953125
13.102	520.2442626953125
13.107999999999999	523.258056640625
13.113	517.2478637695312
13.119000000000002	529.3380126953125
13.125	517.2478637695312
13.130999999999998	529.3380126953125
13.137	520.2442626953125
13.142000000000001	520.2442626953125
13.148	529.3380126953125
13.154000000000002	517.2478637695312
13.16	526.2892456054688
13.165999999999999	514.2687377929688
13.172	0.0
13.177	0.0
13.183	0.0
13.189	0.0
13.195	0.0
13.200999999999999	0.0
13.206	0.0
13.212	0.0
13.218	0.0
13.224	0.0
13.23	0.0
13.235	0.0
13.241	0.0
13.247	0.0
13.253	0.0
13.259	0.0
13.264000000000001	0.0
13.27	0.0
13.276	0.0
13.282	0.0
13.288	0.0
13.293	0.0
13.299000000000001	0.0
13.305	298.8009033203125
13.311	307.5564880371094
13.317	285.3074645996094
13.322000000000001	275.5887756347656
13.328	290.2945861816406
13.334000000000001	282.0304260253906
13.34	293.6676330566406
13.345999999999998	277.1852722167969
13.350999999999999	260.1210632324219
13.357000000000001	275.5887756347656
13.363	291.9762268066406
13.369000000000002	290.2945861816406
13.375	300.5318298339844
13.38	291.9762268066406
13.386	309.3381652832031
13.392000000000001	300.5318298339844
13.398	327.73248291015625
13.404000000000002	302.2728271484375
13.41	285.3074645996094
13.415	290.2945861816406
13.421	278.7909851074219
13.427	291.9762268066406
13.433	300.5318298339844
13.439	300.5318298339844
13.444	280.4060363769531
13.45	305.7850646972656
13.456	323.9681091308594
13.462	304.0238952636719
13.468	298.8009033203125
13.472999999999999	302.2728271484375
13.479000000000001	311.1301574707031
13.485	327.73248291015625
13.491	312.9324951171875
13.497	298.8009033203125
13.502	305.7850646972656
13.508	286.9602355957031
13.514000000000001	0.0
13.52	0.0
13.526	0.0
13.530999999999999	0.0
13.537	341.2555236816406
13.543	357.39495849609375
13.549000000000001	367.8675231933594
13.555	369.99853515625
13.56	376.4660339355469
13.565999999999999	349.2320251464844
13.572000000000001	374.2977600097656
13.578	367.8675231933594
13.584000000000001	351.2550964355469
13.589	353.2899475097656
13.595	347.2205810546875
13.600999999999999	351.2550964355469
13.607000000000001	376.4660339355469
13.613	353.2899475097656
13.619000000000002	349.2320251464844
13.624	353.2899475097656
13.63	351.2550964355469
13.636	351.2550964355469
13.642000000000001	353.2899475097656
13.648	351.2550964355469
13.652999999999999	355.3365173339844
13.659	347.2205810546875
13.665	349.2320251464844
13.671	349.2320251464844
13.677	349.2320251464844
13.682	355.3365173339844
13.687999999999999	347.2205810546875
13.694	351.2550964355469
13.7	353.2899475097656
13.706	347.2205810546875
13.710999999999999	351.2550964355469
13.717	349.2320251464844
13.722999999999999	353.2899475097656
13.729000000000001	351.2550964355469
13.735	349.2320251464844
13.74	351.2550964355469
13.745999999999999	351.2550964355469
13.752	351.2550964355469
13.758	355.3365173339844
13.764000000000001	347.2205810546875
13.769	351.2550964355469
13.775	353.2899475097656
13.780999999999999	351.2550964355469
13.787	355.3365173339844
13.793	349.2320251464844
13.798	353.2899475097656
13.804	347.2205810546875
13.81	347.2205810546875
13.815999999999999	363.64215087890625
13.822000000000001	349.2320251464844
13.827	374.2977600097656
13.833	385.2655944824219
13.839	363.64215087890625
13.845	353.2899475097656
13.850999999999999	333.4611511230469
13.857000000000001	357.39495849609375
13.862	351.2550964355469
13.868	357.39495849609375
13.874	347.2205810546875
13.88	357.39495849609375
13.886	347.2205810546875
13.890999999999998	341.2555236816406
13.897	353.2899475097656
13.902999999999999	349.2320251464844
13.909	367.8675231933594
13.915	347.2205810546875
13.92	355.3365173339844
13.925999999999998	339.2900085449219
13.932	347.2205810546875
13.937999999999999	359.4653625488281
13.944	351.2550964355469
13.949000000000002	357.39495849609375
13.955	347.2205810546875
13.960999999999999	361.5477294921875
13.967	341.2555236816406
13.972999999999999	347.2205810546875
13.978	353.2899475097656
13.984000000000002	357.39495849609375
13.99	355.3365173339844
13.995999999999999	345.220703125
14.002	355.3365173339844
14.007	347.2205810546875
14.013	357.39495849609375
14.019	343.2323913574219
14.025	359.4653625488281
14.030999999999999	353.2899475097656
14.036	345.220703125
14.042	355.3365173339844
14.048	345.220703125
14.054	357.39495849609375
14.06	351.2550964355469
14.065	347.2205810546875
14.071	353.2899475097656
14.077	345.220703125
14.083	369.99853515625
14.089	349.2320251464844
14.095	369.99853515625
14.1	398.8520202636719
14.106	417.7154846191406
14.112	417.7154846191406
14.118	383.0466003417969
14.124	367.8675231933594
14.129000000000001	357.39495849609375
14.135	380.84039306640625
14.140999999999998	391.99993896484375
14.147	378.64691162109375
14.152999999999999	387.4974365234375
14.158	372.1419372558594
14.164000000000001	376.4660339355469
14.17	374.2977600097656
14.175999999999998	369.99853515625
14.182	339.2900085449219
14.187000000000001	365.74871826171875
14.193	361.5477294921875
14.199000000000002	365.74871826171875
14.205	365.74871826171875
14.210999999999999	380.84039306640625
14.216	365.74871826171875
14.222000000000001	351.2550964355469
14.228	363.64215087890625
14.234000000000002	359.4653625488281
14.24	372.1419372558594
14.245	339.2900085449219
14.251	359.4653625488281
14.257	331.5405578613281
14.263	357.39495849609375
14.269	351.2550964355469
14.274000000000001	353.2899475097656
14.28	361.5477294921875
14.286	335.3929138183594
14.292	349.2320251464844
14.298	361.5477294921875
14.302999999999999	355.3365173339844
14.309000000000001	353.2899475097656
14.315	353.2899475097656
14.321	343.2323913574219
14.327	359.4653625488281
14.333	347.2205810546875
14.338	349.2320251464844
14.344000000000001	365.74871826171875
14.35	343.2323913574219
14.356	353.2899475097656
14.362	329.6310119628906
14.367	0.0
14.373	0.0
14.379000000000001	0.0
14.385	0.0
14.390999999999998	0.0
14.395999999999999	0.0
14.402000000000001	0.0
14.408	0.0
14.414000000000001	0.0
14.42	0.0
14.425	307.5564880371094
14.431	295.36883544921875
14.437000000000001	304.0238952636719
14.443	327.73248291015625
14.449000000000002	312.9324951171875
14.454	322.1021728515625
14.46	318.4024963378906
14.466	331.5405578613281
14.472000000000001	329.6310119628906
14.478	329.6310119628906
14.482999999999999	323.9681091308594
14.489	329.6310119628906
14.495	322.1021728515625
14.501	337.3358154296875
14.507	355.3365173339844
14.512	349.2320251464844
14.517999999999999	353.2899475097656
14.524000000000001	339.2900085449219
14.53	329.6310119628906
14.536	353.2899475097656
14.540999999999999	331.5405578613281
14.547	318.4024963378906
14.552999999999999	337.3358154296875
14.559000000000001	347.2205810546875
14.565	349.2320251464844
14.571	333.4611511230469
14.575999999999999	0.0
14.582	0.0
14.588	0.0
14.594000000000001	0.0
14.6	0.0
14.605	0.0
14.610999999999999	0.0
14.617	0.0
14.623	0.0
14.629000000000001	0.0
14.634	0.0
14.64	0.0
14.645999999999999	0.0
14.652000000000001	0.0
14.658	0.0
14.663	0.0
14.669	0.0
14.675	0.0
14.681	0.0
14.687000000000001	0.0
14.692	0.0
14.698	0.0
14.704	0.0
14.71	0.0
14.716	0.0
14.720999999999998	0.0
14.727	0.0
14.732999999999999	0.0
14.739	0.0
14.745	0.0
14.75	0.0
14.755999999999998	0.0
14.762	0.0
14.767999999999999	0.0
14.774000000000001	0.0
14.78	0.0
14.785	0.0
14.790999999999999	0.0
14.797	0.0
14.802999999999999	0.0
14.809000000000001	0.0
14.814	0.0
14.82	0.0
14.825999999999999	0.0
14.832	0.0
