0.0	0.0
0.006	0.0
0.012	0.0
0.017	0.0
0.023	0.0
0.028999999999999998	0.0
0.035	0.0
0.040999999999999995	0.0
0.046	0.0
0.052000000000000005	0.0
0.057999999999999996	0.0
0.064	0.0
0.07	0.0
0.075	325.8448486328125
0.081	345.220703125
0.087	335.3929138183594
0.09300000000000001	349.2320251464844
0.099	335.3929138183594
0.10400000000000001	363.64215087890625
0.11	343.2323913574219
0.11599999999999999	367.8675231933594
0.122	339.2900085449219
0.128	355.3365173339844
0.134	347.2205810546875
0.139	359.4653625488281
0.145	343.2323913574219
0.151	353.2899475097656
0.157	349.2320251464844
0.163	357.39495849609375
0.168	337.3358154296875
0.174	355.3365173339844
0.18	345.220703125
0.18600000000000003	361.5477294921875
0.192	335.3929138183594
0.19699999999999998	357.39495849609375
0.203	341.2555236816406
0.209	361.5477294921875
0.215	333.4611511230469
0.221	357.39495849609375
0.226	337.3358154296875
0.23199999999999998	359.4653625488281
0.23800000000000002	331.5405578613281
0.244	355.3365173339844
0.25	339.2900085449219
0.255	357.39495849609375
0.261	335.3929138183594
0.267	355.3365173339844
0.273	341.2555236816406
0.27899999999999997	353.2899475097656
0.284	337.3358154296875
0.29	351.2550964355469
0.29600000000000004	343.2323913574219
0.302	349.2320251464844
0.308	339.2900085449219
0.313	349.2320251464844
0.319	347.2205810546875
0.325	347.2205810546875
0.331	341.2555236816406
0.337	349.2320251464844
0.342	349.2320251464844
0.348	345.220703125
0.354	341.2555236816406
0.36	349.2320251464844
0.366	349.2320251464844
0.37200000000000005	349.2320251464844
0.377	341.2555236816406
0.38299999999999995	353.2899475097656
0.389	345.220703125
0.395	353.2899475097656
0.401	339.2900085449219
0.406	357.39495849609375
0.41200000000000003	343.2323913574219
0.418	353.2899475097656
0.424	339.2900085449219
0.43	357.39495849609375
0.435	343.2323913574219
0.441	353.2899475097656
0.447	341.2555236816406
0.45299999999999996	355.3365173339844
0.45899999999999996	345.220703125
0.46399999999999997	349.2320251464844
0.47	343.2323913574219
0.47600000000000003	351.2550964355469
0.48200000000000004	347.2205810546875
0.488	347.2205810546875
0.493	347.2205810546875
0.499	349.2320251464844
0.505	351.2550964355469
0.511	343.2323913574219
0.517	347.2205810546875
0.522	345.220703125
0.528	355.3365173339844
0.534	339.2900085449219
0.54	351.2550964355469
0.546	341.2555236816406
0.551	359.4653625488281
0.557	335.3929138183594
0.563	355.3365173339844
0.569	341.2555236816406
0.575	359.4653625488281
0.58	339.2900085449219
0.586	353.2899475097656
0.5920000000000001	343.2323913574219
0.598	357.39495849609375
0.604	0.0
0.61	0.0
0.615	0.0
0.621	0.0
0.627	0.0
0.633	0.0
0.639	0.0
0.644	0.0
0.65	0.0
0.6559999999999999	0.0
0.662	0.0
0.6679999999999999	0.0
0.6729999999999999	0.0
0.679	0.0
0.685	420.13531494140625
0.691	385.2655944824219
0.6970000000000001	374.2977600097656
0.7020000000000001	367.8675231933594
0.708	357.39495849609375
0.7140000000000001	363.64215087890625
0.72	376.4660339355469
0.726	385.2655944824219
0.731	363.64215087890625
0.737	361.5477294921875
0.743	367.8675231933594
0.7490000000000001	380.84039306640625
0.755	394.27081298828125
0.76	412.9176025390625
0.7659999999999999	378.64691162109375
0.772	365.74871826171875
0.778	398.8520202636719
0.784	398.8520202636719
0.789	405.8238830566406
0.795	374.2977600097656
0.8009999999999999	391.99993896484375
0.807	401.1625671386719
0.813	396.5548095703125
0.8190000000000001	385.2655944824219
0.8240000000000001	380.84039306640625
0.83	396.5548095703125
0.836	387.4974365234375
0.8420000000000001	391.99993896484375
0.848	385.2655944824219
0.853	389.7421875
0.8590000000000001	398.8520202636719
0.865	389.7421875
0.871	391.99993896484375
0.877	383.0466003417969
0.882	398.8520202636719
0.888	389.7421875
0.894	387.4974365234375
0.9	385.2655944824219
0.9059999999999999	387.4974365234375
0.9109999999999999	401.1625671386719
0.917	385.2655944824219
0.9229999999999999	391.99993896484375
0.929	387.4974365234375
0.935	403.4864807128906
0.94	394.27081298828125
0.946	383.0466003417969
0.9520000000000001	394.27081298828125
0.958	387.4974365234375
0.9640000000000001	398.8520202636719
0.9690000000000001	378.64691162109375
0.975	387.4974365234375
0.981	394.27081298828125
0.987	391.99993896484375
0.993	391.99993896484375
0.998	383.0466003417969
1.004	401.1625671386719
1.01	389.7421875
1.016	394.27081298828125
1.022	385.2655944824219
1.0270000000000001	391.99993896484375
1.033	394.27081298828125
1.0390000000000001	387.4974365234375
1.045	389.7421875
1.051	385.2655944824219
1.057	396.5548095703125
1.062	389.7421875
1.068	391.99993896484375
1.074	394.27081298828125
1.08	391.99993896484375
1.0859999999999999	396.5548095703125
1.091	385.2655944824219
1.097	396.5548095703125
1.103	387.4974365234375
1.109	389.7421875
1.115	389.7421875
1.12	385.2655944824219
1.126	396.5548095703125
1.1320000000000001	385.2655944824219
1.138	396.5548095703125
1.1440000000000001	389.7421875
1.149	394.27081298828125
1.155	394.27081298828125
1.161	387.4974365234375
1.167	401.1625671386719
1.173	383.0466003417969
1.178	391.99993896484375
1.1840000000000002	385.2655944824219
1.19	394.27081298828125
1.196	389.7421875
1.202	387.4974365234375
1.207	383.0466003417969
1.213	0.0
1.219	0.0
1.225	0.0
1.2309999999999999	0.0
1.236	0.0
1.242	0.0
1.248	369.99853515625
1.254	339.2900085449219
1.26	353.2899475097656
1.265	333.4611511230469
1.271	355.3365173339844
1.2770000000000001	347.2205810546875
1.2830000000000001	347.2205810546875
1.2890000000000001	341.2555236816406
1.295	351.2550964355469
1.3	351.2550964355469
1.306	343.2323913574219
1.3119999999999998	347.2205810546875
1.318	349.2320251464844
1.324	353.2899475097656
1.329	341.2555236816406
1.335	351.2550964355469
1.341	347.2205810546875
1.347	357.39495849609375
1.3530000000000002	339.2900085449219
1.358	347.2205810546875
1.364	349.2320251464844
1.37	353.2899475097656
1.376	343.2323913574219
1.382	345.220703125
1.3869999999999998	355.3365173339844
1.393	347.2205810546875
1.399	349.2320251464844
1.405	343.2323913574219
1.411	357.39495849609375
1.416	343.2323913574219
1.422	349.2320251464844
1.4280000000000002	343.2323913574219
1.4340000000000002	359.4653625488281
1.44	343.2323913574219
1.445	347.2205810546875
1.4509999999999998	347.2205810546875
1.4569999999999999	355.3365173339844
1.463	345.220703125
1.469	343.2323913574219
1.474	351.2550964355469
1.48	351.2550964355469
1.486	349.2320251464844
1.492	341.2555236816406
1.4980000000000002	353.2899475097656
1.5030000000000001	349.2320251464844
1.5090000000000001	355.3365173339844
1.515	327.73248291015625
1.521	355.3365173339844
1.527	351.2550964355469
1.5330000000000001	343.2323913574219
1.538	337.3358154296875
1.544	361.5477294921875
1.55	341.2555236816406
1.556	345.220703125
1.5619999999999998	351.2550964355469
1.567	341.2555236816406
1.5730000000000002	345.220703125
1.579	359.4653625488281
1.585	337.3358154296875
1.591	339.2900085449219
1.5959999999999999	367.8675231933594
1.6019999999999999	337.3358154296875
1.608	343.2323913574219
1.614	353.2899475097656
1.62	353.2899475097656
1.625	335.3929138183594
1.631	357.39495849609375
1.6369999999999998	347.2205810546875
1.643	345.220703125
1.649	347.2205810546875
1.6540000000000001	351.2550964355469
1.66	343.2323913574219
1.666	349.2320251464844
1.672	353.2899475097656
1.6780000000000002	337.3358154296875
1.683	353.2899475097656
1.689	355.3365173339844
1.695	343.2323913574219
1.7009999999999998	341.2555236816406
1.7069999999999999	367.8675231933594
1.712	339.2900085449219
1.7180000000000002	347.2205810546875
1.724	349.2320251464844
1.73	355.3365173339844
1.736	335.3929138183594
1.7409999999999999	345.220703125
1.7469999999999999	333.4611511230469
1.7530000000000001	355.3365173339844
1.7590000000000001	351.2550964355469
1.765	353.2899475097656
1.771	341.2555236816406
1.776	359.4653625488281
1.7819999999999998	351.2550964355469
1.788	345.220703125
1.794	347.2205810546875
1.8	345.220703125
1.805	0.0
1.811	0.0
1.817	0.0
1.8230000000000002	0.0
1.829	0.0
1.834	0.0
1.84	0.0
1.8459999999999999	0.0
1.8519999999999999	0.0
1.858	0.0
1.8630000000000002	0.0
1.869	0.0
1.875	0.0
1.881	0.0
1.8869999999999998	0.0
1.892	496.750732421875
1.8980000000000001	458.1610107421875
1.9040000000000001	455.5221862792969
1.91	477.06585693359375
1.916	474.3181457519531
1.921	460.81512451171875
1.9269999999999998	460.81512451171875
1.933	491.0450744628906
1.939	455.5221862792969
1.945	460.81512451171875
1.95	482.609130859375
1.956	468.8700866699219
1.962	460.81512451171875
1.9680000000000002	460.81512451171875
1.974	488.216796875
1.98	458.1610107421875
1.985	458.1610107421875
1.9909999999999999	479.8294982910156
1.9969999999999999	466.16961669921875
2.003	460.81512451171875
2.009	460.81512451171875
2.0140000000000002	479.8294982910156
2.02	458.1610107421875
2.026	458.1610107421875
2.032	479.8294982910156
2.0380000000000003	460.81512451171875
2.043	463.4846496582031
2.049	466.16961669921875
2.055	474.3181457519531
2.061	460.81512451171875
2.0669999999999997	460.81512451171875
2.072	477.06585693359375
2.0780000000000003	460.81512451171875
2.084	463.4846496582031
2.09	466.16961669921875
2.096	471.5862731933594
2.101	458.1610107421875
2.1069999999999998	460.81512451171875
2.113	477.06585693359375
2.119	458.1610107421875
2.125	466.16961669921875
2.13	466.16961669921875
2.136	471.5862731933594
2.142	458.1610107421875
2.148	458.1610107421875
2.154	479.8294982910156
2.1590000000000003	455.5221862792969
2.165	463.4846496582031
2.171	466.16961669921875
2.177	471.5862731933594
2.1830000000000003	458.1610107421875
2.188	460.81512451171875
2.194	479.8294982910156
2.2	452.8985900878906
2.206	466.16961669921875
2.2119999999999997	466.16961669921875
2.218	466.16961669921875
2.2230000000000003	463.4846496582031
2.229	460.81512451171875
2.235	471.5862731933594
2.241	458.1610107421875
2.247	466.16961669921875
2.252	466.16961669921875
2.258	463.4846496582031
2.2640000000000002	466.16961669921875
2.27	460.81512451171875
2.276	471.5862731933594
2.281	458.1610107421875
2.287	466.16961669921875
2.293	466.16961669921875
2.299	466.16961669921875
2.305	463.4846496582031
2.31	460.81512451171875
2.316	477.06585693359375
2.322	455.5221862792969
2.3280000000000003	466.16961669921875
2.334	466.16961669921875
2.339	466.16961669921875
2.345	460.81512451171875
2.351	463.4846496582031
2.3569999999999998	477.06585693359375
2.363	452.8985900878906
2.3680000000000003	471.5862731933594
2.374	466.16961669921875
2.38	463.4846496582031
2.386	463.4846496582031
2.392	466.16961669921875
2.397	471.5862731933594
2.403	463.4846496582031
2.4090000000000003	479.8294982910156
2.415	458.1610107421875
2.421	445.1180114746094
2.426	452.8985900878906
2.432	447.6965637207031
2.438	434.9514465332031
2.444	440.0053405761719
2.45	460.81512451171875
2.456	440.0053405761719
2.461	450.2900390625
2.467	460.81512451171875
2.4730000000000003	429.95556640625
2.479	455.5221862792969
2.485	450.2900390625
2.49	452.8985900878906
2.496	434.9514465332031
2.502	452.8985900878906
2.508	432.4462890625
2.5140000000000002	450.2900390625
2.519	432.4462890625
2.525	447.6965637207031
2.531	427.47918701171875
2.537	450.2900390625
2.543	429.95556640625
2.548	452.8985900878906
2.5540000000000003	432.4462890625
2.56	447.6965637207031
2.5660000000000003	432.4462890625
2.572	447.6965637207031
2.577	434.9514465332031
2.583	450.2900390625
2.589	432.4462890625
2.595	447.6965637207031
2.6010000000000004	432.4462890625
2.6060000000000003	447.6965637207031
2.612	429.95556640625
2.6180000000000003	447.6965637207031
2.6239999999999997	432.4462890625
2.63	447.6965637207031
2.635	427.47918701171875
2.641	450.2900390625
2.647	427.47918701171875
2.653	450.2900390625
2.659	425.01708984375
2.6639999999999997	452.8985900878906
2.67	422.56915283203125
2.676	455.5221862792969
2.682	420.13531494140625
2.688	458.1610107421875
2.694	420.13531494140625
2.699	0.0
2.705	0.0
2.7110000000000003	0.0
2.717	0.0
2.7230000000000003	0.0
2.728	0.0
2.734	0.0
2.74	0.0
2.7460000000000004	0.0
2.752	0.0
2.7569999999999997	458.1610107421875
2.763	425.01708984375
2.7689999999999997	450.2900390625
2.775	432.4462890625
2.781	442.5543212890625
2.786	442.5543212890625
2.792	432.4462890625
2.798	445.1180114746094
2.804	429.95556640625
2.81	452.8985900878906
2.815	427.47918701171875
2.821	452.8985900878906
2.827	425.01708984375
2.833	455.5221862792969
2.839	425.01708984375
2.844	455.5221862792969
2.85	425.01708984375
2.8560000000000003	452.8985900878906
2.862	425.01708984375
2.8680000000000003	452.8985900878906
2.873	425.01708984375
2.8789999999999996	450.2900390625
2.885	427.47918701171875
2.891	447.6965637207031
2.897	429.95556640625
2.9019999999999997	447.6965637207031
2.908	429.95556640625
2.9139999999999997	445.1180114746094
2.92	432.4462890625
2.926	445.1180114746094
2.932	434.9514465332031
2.937	445.1180114746094
2.943	434.9514465332031
2.949	442.5543212890625
2.955	434.9514465332031
2.9610000000000003	445.1180114746094
2.966	434.9514465332031
2.972	445.1180114746094
2.978	434.9514465332031
2.984	445.1180114746094
2.99	434.9514465332031
2.995	442.5543212890625
3.0010000000000003	0.0
3.0069999999999997	0.0
3.013	0.0
3.0189999999999997	0.0
3.0239999999999996	0.0
3.03	0.0
3.036	0.0
3.042	0.0
3.048	0.0
3.053	0.0
3.0589999999999997	0.0
3.065	367.8675231933594
3.071	349.2320251464844
3.077	345.220703125
3.082	349.2320251464844
3.088	376.4660339355469
3.094	394.27081298828125
3.1	405.8238830566406
3.1060000000000003	396.5548095703125
3.111	378.64691162109375
3.117	394.27081298828125
3.123	401.1625671386719
3.1289999999999996	387.4974365234375
3.135	378.64691162109375
3.14	394.27081298828125
3.1460000000000004	385.2655944824219
3.1519999999999997	389.7421875
3.158	391.99993896484375
3.1639999999999997	372.1419372558594
3.17	374.2977600097656
3.175	389.7421875
3.181	405.8238830566406
3.187	376.4660339355469
3.193	374.2977600097656
3.199	408.1748046875
3.2039999999999997	405.8238830566406
3.21	380.84039306640625
3.216	378.64691162109375
3.222	398.8520202636719
3.228	403.4864807128906
3.233	385.2655944824219
3.239	383.0466003417969
3.245	394.27081298828125
3.2510000000000003	398.8520202636719
3.2569999999999997	389.7421875
3.262	385.2655944824219
3.2680000000000002	391.99993896484375
3.2739999999999996	396.5548095703125
3.28	391.99993896484375
3.286	387.4974365234375
3.2910000000000004	387.4974365234375
3.2969999999999997	394.27081298828125
3.303	394.27081298828125
3.3089999999999997	389.7421875
3.315	389.7421875
3.32	391.99993896484375
3.326	396.5548095703125
3.332	391.99993896484375
3.338	385.2655944824219
3.344	389.7421875
3.3489999999999998	396.5548095703125
3.355	394.27081298828125
3.361	387.4974365234375
3.367	389.7421875
3.373	394.27081298828125
3.3789999999999996	396.5548095703125
3.384	391.99993896484375
3.39	387.4974365234375
3.3960000000000004	389.7421875
3.4019999999999997	396.5548095703125
3.408	394.27081298828125
3.4130000000000003	385.2655944824219
3.4189999999999996	387.4974365234375
3.425	396.5548095703125
3.431	396.5548095703125
3.437	385.2655944824219
3.4419999999999997	385.2655944824219
3.448	396.5548095703125
3.4539999999999997	398.8520202636719
3.46	385.2655944824219
3.466	385.2655944824219
3.471	396.5548095703125
3.477	398.8520202636719
3.483	387.4974365234375
3.489	385.2655944824219
3.495	394.27081298828125
3.5	396.5548095703125
3.5060000000000002	389.7421875
3.512	385.2655944824219
3.5180000000000002	394.27081298828125
3.5239999999999996	396.5548095703125
3.529	389.7421875
3.535	385.2655944824219
3.5410000000000004	391.99993896484375
3.5469999999999997	396.5548095703125
3.553	391.99993896484375
3.5580000000000003	385.2655944824219
3.5639999999999996	389.7421875
3.57	396.5548095703125
3.576	394.27081298828125
3.582	387.4974365234375
3.5869999999999997	389.7421875
3.593	396.5548095703125
3.5989999999999998	396.5548095703125
3.605	389.7421875
3.611	385.2655944824219
3.617	396.5548095703125
3.622	394.27081298828125
3.628	389.7421875
3.634	389.7421875
3.64	389.7421875
3.6460000000000004	396.5548095703125
3.6510000000000002	394.27081298828125
3.657	380.84039306640625
3.6630000000000003	396.5548095703125
3.6689999999999996	394.27081298828125
3.675	389.7421875
3.68	391.99993896484375
3.6860000000000004	385.2655944824219
3.6919999999999997	396.5548095703125
3.698	398.8520202636719
3.7039999999999997	383.0466003417969
3.7089999999999996	389.7421875
3.715	396.5548095703125
3.721	391.99993896484375
3.727	394.27081298828125
3.733	385.2655944824219
3.738	389.7421875
3.7439999999999998	408.1748046875
3.75	383.0466003417969
3.7560000000000002	383.0466003417969
3.762	401.1625671386719
3.767	389.7421875
3.773	391.99993896484375
3.779	387.4974365234375
3.785	385.2655944824219
3.7910000000000004	403.4864807128906
3.7960000000000003	389.7421875
3.802	383.0466003417969
3.8080000000000003	398.8520202636719
3.8139999999999996	391.99993896484375
3.82	391.99993896484375
3.825	389.7421875
3.8310000000000004	383.0466003417969
3.8369999999999997	398.8520202636719
3.843	396.5548095703125
3.8489999999999998	383.0466003417969
3.855	394.27081298828125
3.86	391.99993896484375
3.866	394.27081298828125
3.872	394.27081298828125
3.878	383.0466003417969
3.884	396.5548095703125
3.889	401.1625671386719
3.895	385.2655944824219
3.9010000000000002	389.7421875
3.907	391.99993896484375
3.9130000000000003	394.27081298828125
3.918	398.8520202636719
3.924	380.84039306640625
3.93	389.7421875
3.9360000000000004	405.8238830566406
3.9419999999999997	385.2655944824219
3.947	387.4974365234375
3.9530000000000003	389.7421875
3.9589999999999996	389.7421875
3.965	394.27081298828125
3.971	387.4974365234375
3.9760000000000004	385.2655944824219
3.9819999999999998	398.8520202636719
3.988	385.2655944824219
3.9939999999999998	389.7421875
4.0	396.5548095703125
4.005	385.2655944824219
4.011	391.99993896484375
4.0169999999999995	391.99993896484375
4.023	385.2655944824219
4.029	396.5548095703125
4.034	389.7421875
4.04	387.4974365234375
4.046	396.5548095703125
4.052	387.4974365234375
4.058	389.7421875
4.063	394.27081298828125
4.069	385.2655944824219
4.075	394.27081298828125
4.081	391.99993896484375
4.087	387.4974365234375
4.093	396.5548095703125
4.098	389.7421875
4.104	389.7421875
4.11	396.5548095703125
4.1160000000000005	385.2655944824219
4.122	391.99993896484375
4.127	0.0
4.133	0.0
4.138999999999999	0.0
4.145	0.0
4.151	0.0
4.156000000000001	0.0
4.162	0.0
4.168	0.0
4.1739999999999995	0.0
4.18	0.0
4.185	0.0
4.191	0.0
4.197	0.0
4.203	0.0
4.209	0.0
4.2139999999999995	0.0
4.22	0.0
4.226	0.0
4.232	0.0
4.238	0.0
4.243	0.0
4.249	359.4653625488281
4.255	333.4611511230469
4.261	355.3365173339844
4.2669999999999995	353.2899475097656
4.272	339.2900085449219
4.2780000000000005	363.64215087890625
4.284	355.3365173339844
4.29	355.3365173339844
4.296	325.8448486328125
4.301	349.2320251464844
4.3069999999999995	331.5405578613281
4.313	355.3365173339844
4.319	337.3358154296875
4.325	331.5405578613281
4.331	331.5405578613281
4.336	312.9324951171875
4.342	329.6310119628906
4.348	353.2899475097656
4.354	349.2320251464844
4.36	349.2320251464844
4.365	347.2205810546875
4.371	365.74871826171875
4.377	378.64691162109375
4.383	391.99993896484375
4.388999999999999	367.8675231933594
4.394	339.2900085449219
4.4	320.24700927734375
4.406000000000001	325.8448486328125
4.412	343.2323913574219
4.418	339.2900085449219
4.423	353.2899475097656
4.428999999999999	347.2205810546875
4.435	355.3365173339844
4.441	349.2320251464844
4.447	349.2320251464844
4.452	353.2899475097656
4.458	335.3929138183594
4.4639999999999995	361.5477294921875
4.47	339.2900085449219
4.476	353.2899475097656
4.481	337.3358154296875
4.487	312.9324951171875
4.493	329.6310119628906
4.499	357.39495849609375
4.505	345.220703125
4.51	353.2899475097656
4.516	339.2900085449219
4.522	361.5477294921875
4.5280000000000005	347.2205810546875
4.534	343.2323913574219
4.54	365.74871826171875
4.545	337.3358154296875
4.551	355.3365173339844
4.5569999999999995	339.2900085449219
4.563	365.74871826171875
4.569	353.2899475097656
4.574	376.4660339355469
4.58	394.27081298828125
4.586	408.1748046875
4.592	420.13531494140625
4.598	403.4864807128906
4.603	383.0466003417969
4.609	351.2550964355469
4.615	355.3365173339844
4.621	345.220703125
4.627	353.2899475097656
4.632	345.220703125
4.638	351.2550964355469
4.644	339.2900085449219
4.65	365.74871826171875
4.656000000000001	333.4611511230469
4.6610000000000005	355.3365173339844
4.667	347.2205810546875
4.673	357.39495849609375
4.678999999999999	333.4611511230469
4.685	361.5477294921875
4.69	347.2205810546875
4.696000000000001	347.2205810546875
4.702	349.2320251464844
4.708	353.2899475097656
4.7139999999999995	347.2205810546875
4.718999999999999	349.2320251464844
4.725	355.3365173339844
4.731	339.2900085449219
4.737	363.64215087890625
4.743	345.220703125
4.748	345.220703125
4.754	337.3358154296875
4.76	309.3381652832031
4.766	327.73248291015625
4.772	357.39495849609375
4.7780000000000005	341.2555236816406
4.783	357.39495849609375
4.789	337.3358154296875
4.795	359.4653625488281
4.801	331.5405578613281
4.8069999999999995	0.0
4.812	0.0
4.8180000000000005	0.0
4.824	0.0
4.83	0.0
4.836	0.0
4.841	0.0
4.8469999999999995	0.0
4.853	0.0
4.859	0.0
4.865	0.0
4.87	0.0
4.876	0.0
4.882	0.0
4.888	0.0
4.894	0.0
4.899	0.0
4.905	0.0
4.9110000000000005	0.0
4.917	466.16961669921875
4.923	455.5221862792969
4.928	445.1180114746094
4.934	455.5221862792969
4.94	425.01708984375
4.946000000000001	442.5543212890625
4.952	460.81512451171875
4.957	447.6965637207031
4.963	485.4048767089844
4.968999999999999	458.1610107421875
4.975	425.01708984375
4.981	420.13531494140625
4.986000000000001	440.0053405761719
4.992	445.1180114746094
4.998	445.1180114746094
5.004	434.9514465332031
5.01	447.6965637207031
5.016	429.95556640625
5.021	427.47918701171875
5.027	450.2900390625
5.033	437.4710998535156
5.039	429.95556640625
5.045	458.1610107421875
5.05	427.47918701171875
5.056	427.47918701171875
5.062	452.8985900878906
5.0680000000000005	432.4462890625
5.074	429.95556640625
5.079	452.8985900878906
5.085	432.4462890625
5.091	432.4462890625
5.0969999999999995	450.2900390625
5.103	434.9514465332031
5.1080000000000005	437.4710998535156
5.114	437.4710998535156
5.12	447.6965637207031
5.126	429.95556640625
5.132000000000001	442.5543212890625
5.1370000000000005	434.9514465332031
5.143	452.8985900878906
5.149	0.0
5.155	0.0
5.1610000000000005	0.0
5.166	440.0053405761719
5.172000000000001	450.2900390625
5.178	445.1180114746094
5.184	415.30963134765625
5.19	410.5393371582031
5.195	425.01708984375
5.2010000000000005	442.5543212890625
5.207000000000001	450.2900390625
5.212999999999999	437.4710998535156
5.218999999999999	427.47918701171875
5.224	455.5221862792969
5.23	429.95556640625
5.236000000000001	445.1180114746094
5.242000000000001	440.0053405761719
5.247999999999999	440.0053405761719
5.254	434.9514465332031
5.2589999999999995	440.0053405761719
5.265	445.1180114746094
5.271	434.9514465332031
5.277	432.4462890625
5.2829999999999995	447.6965637207031
5.287999999999999	437.4710998535156
5.294	427.47918701171875
5.3	458.1610107421875
5.306	422.56915283203125
5.312	425.01708984375
5.317	452.8985900878906
5.3229999999999995	447.6965637207031
5.329	410.5393371582031
5.335	429.95556640625
5.341	427.47918701171875
5.346	427.47918701171875
5.352	450.2900390625
5.358	445.1180114746094
5.364	425.01708984375
5.37	450.2900390625
5.375	440.0053405761719
5.381	440.0053405761719
5.3870000000000005	434.9514465332031
5.393	445.1180114746094
5.399	447.6965637207031
5.404	429.95556640625
5.41	445.1180114746094
5.416	455.5221862792969
5.422000000000001	455.5221862792969
5.428	460.81512451171875
5.433	445.1180114746094
5.439	420.13531494140625
5.445	401.1625671386719
5.4510000000000005	417.7154846191406
5.457000000000001	434.9514465332031
5.462000000000001	437.4710998535156
5.468	434.9514465332031
5.474	450.2900390625
5.48	417.7154846191406
5.486000000000001	440.0053405761719
5.492000000000001	422.56915283203125
5.497000000000001	466.16961669921875
5.502999999999999	440.0053405761719
5.5089999999999995	452.8985900878906
5.515	429.95556640625
5.521	434.9514465332031
5.526	422.56915283203125
5.532	445.1180114746094
5.537999999999999	442.5543212890625
5.544	458.1610107421875
5.55	437.4710998535156
5.555	432.4462890625
5.561	420.13531494140625
5.567	437.4710998535156
5.5729999999999995	442.5543212890625
5.579	447.6965637207031
5.584	450.2900390625
5.59	434.9514465332031
5.596	434.9514465332031
5.602	429.95556640625
5.608	442.5543212890625
5.6129999999999995	437.4710998535156
5.619	452.8985900878906
5.625	429.95556640625
5.631	447.6965637207031
5.6370000000000005	427.47918701171875
5.642	445.1180114746094
5.648	432.4462890625
5.654	450.2900390625
5.66	429.95556640625
5.666	450.2900390625
5.671	427.47918701171875
5.6770000000000005	447.6965637207031
5.683	429.95556640625
5.689	450.2900390625
5.695	429.95556640625
5.7	447.6965637207031
5.706	427.47918701171875
5.712000000000001	450.2900390625
5.718	427.47918701171875
5.724	445.1180114746094
5.73	434.9514465332031
5.735	445.1180114746094
5.7410000000000005	427.47918701171875
5.747000000000001	452.8985900878906
5.752999999999999	422.56915283203125
5.7589999999999995	440.0053405761719
5.763999999999999	445.1180114746094
5.77	429.95556640625
5.776	437.4710998535156
5.782	447.6965637207031
5.787999999999999	429.95556640625
5.792999999999999	442.5543212890625
5.7989999999999995	440.0053405761719
5.805	432.4462890625
5.811	445.1180114746094
5.817	437.4710998535156
5.822	434.9514465332031
5.827999999999999	445.1180114746094
5.834	434.9514465332031
5.84	440.0053405761719
5.846	442.5543212890625
5.851	434.9514465332031
5.857	440.0053405761719
5.8629999999999995	442.5543212890625
5.869	429.95556640625
5.875	445.1180114746094
5.88	437.4710998535156
5.886	437.4710998535156
5.892	442.5543212890625
5.898	440.0053405761719
5.904	432.4462890625
5.909	447.6965637207031
5.915	432.4462890625
5.921	440.0053405761719
5.9270000000000005	445.1180114746094
5.933	429.95556640625
5.939	445.1180114746094
5.944	437.4710998535156
5.95	437.4710998535156
5.956	437.4710998535156
5.962000000000001	445.1180114746094
5.968	427.47918701171875
5.973	450.2900390625
5.979	429.95556640625
5.985	447.6965637207031
5.9910000000000005	429.95556640625
5.997000000000001	447.6965637207031
6.002000000000001	422.56915283203125
6.007999999999999	452.8985900878906
6.013999999999999	427.47918701171875
6.02	442.5543212890625
6.026	429.95556640625
6.031000000000001	450.2900390625
6.037000000000001	466.16961669921875
6.042999999999999	450.2900390625
6.0489999999999995	432.4462890625
6.055	447.6965637207031
6.06	429.95556640625
6.066	455.5221862792969
6.072	422.56915283203125
6.077999999999999	452.8985900878906
6.084	420.13531494140625
6.0889999999999995	455.5221862792969
6.095	425.01708984375
6.101	450.2900390625
6.107	429.95556640625
6.1129999999999995	447.6965637207031
6.117999999999999	429.95556640625
6.124	447.6965637207031
6.13	427.47918701171875
6.136	447.6965637207031
6.142	427.47918701171875
6.147	447.6965637207031
6.153	429.95556640625
6.159	445.1180114746094
6.165	429.95556640625
6.171	445.1180114746094
6.1770000000000005	432.4462890625
6.182	442.5543212890625
6.188	434.9514465332031
6.194	437.4710998535156
6.2	440.0053405761719
6.206	434.9514465332031
6.211	440.0053405761719
6.2170000000000005	434.9514465332031
6.223	442.5543212890625
6.229	434.9514465332031
6.235	442.5543212890625
6.24	432.4462890625
6.246	442.5543212890625
6.252000000000001	434.9514465332031
6.257999999999999	440.0053405761719
6.263999999999999	437.4710998535156
6.269	440.0053405761719
6.275	437.4710998535156
6.281000000000001	440.0053405761719
6.287000000000001	440.0053405761719
6.292999999999999	437.4710998535156
6.297999999999999	440.0053405761719
6.303999999999999	437.4710998535156
6.31	442.5543212890625
6.316	437.4710998535156
6.322	440.0053405761719
6.327000000000001	442.5543212890625
6.332999999999999	434.9514465332031
6.3389999999999995	434.9514465332031
6.345	442.5543212890625
6.351	437.4710998535156
6.356	447.6965637207031
6.362	432.4462890625
6.367999999999999	425.01708984375
6.374	447.6965637207031
6.38	432.4462890625
6.385	429.95556640625
6.391	458.1610107421875
6.397	442.5543212890625
6.403	429.95556640625
6.409	440.0053405761719
6.415	434.9514465332031
6.42	437.4710998535156
6.426	437.4710998535156
6.432	440.0053405761719
6.438	450.2900390625
6.444	434.9514465332031
6.449	429.95556640625
6.455	445.1180114746094
6.461	434.9514465332031
6.4670000000000005	432.4462890625
6.473	447.6965637207031
6.478	442.5543212890625
6.484	437.4710998535156
6.49	437.4710998535156
6.496	429.95556640625
6.502000000000001	442.5543212890625
6.507000000000001	437.4710998535156
6.513	432.4462890625
6.519	455.5221862792969
6.525	440.0053405761719
6.531000000000001	425.01708984375
6.5360000000000005	442.5543212890625
6.542000000000001	434.9514465332031
6.547999999999999	437.4710998535156
6.553999999999999	445.1180114746094
6.56	434.9514465332031
6.565	440.0053405761719
6.571000000000001	442.5543212890625
6.577000000000001	437.4710998535156
6.582999999999999	440.0053405761719
6.5889999999999995	440.0053405761719
6.593999999999999	440.0053405761719
6.6	442.5543212890625
6.606	429.95556640625
6.612	0.0
6.617999999999999	0.0
6.622999999999999	0.0
6.629	0.0
6.635	0.0
6.641	0.0
6.647	0.0
6.653	0.0
6.6579999999999995	0.0
6.664	0.0
6.67	0.0
6.676	0.0
6.682	0.0
6.687	594.1622314453125
6.693	597.6041870117188
6.699	601.066162109375
6.705	577.2474975585938
6.711	557.584228515625
6.716	577.2474975585938
6.722	573.9227905273438
6.728	615.115478515625
6.734	583.954833984375
6.74	590.7401123046875
6.745	573.9227905273438
6.751	625.8675537109375
6.757000000000001	594.1622314453125
6.763	590.7401123046875
6.769	601.066162109375
6.774	594.1622314453125
6.78	583.954833984375
6.7860000000000005	567.3306884765625
6.792000000000001	577.2474975585938
6.797999999999999	590.7401123046875
6.803	587.3377075195312
6.809	608.0502319335938
6.815	580.591552734375
6.821000000000001	583.954833984375
6.827000000000001	577.2474975585938
6.832000000000001	573.9227905273438
6.837999999999999	597.6041870117188
6.843999999999999	587.3377075195312
6.85	597.6041870117188
6.856	583.954833984375
6.861000000000001	577.2474975585938
6.867000000000001	580.591552734375
6.872999999999999	577.2474975585938
6.879	594.1622314453125
6.885	587.3377075195312
6.891	594.1622314453125
6.896	583.954833984375
6.902	577.2474975585938
6.9079999999999995	580.591552734375
6.914	577.2474975585938
6.92	601.066162109375
6.925	590.7401123046875
6.931	594.1622314453125
6.937	583.954833984375
6.943	573.9227905273438
6.949	583.954833984375
6.954	577.2474975585938
6.96	601.066162109375
6.966	590.7401123046875
6.972	590.7401123046875
6.978	583.954833984375
6.983	570.6172485351562
6.989	587.3377075195312
6.995	583.954833984375
7.001	597.6041870117188
7.007000000000001	587.3377075195312
7.0120000000000005	583.954833984375
7.018	583.954833984375
7.024	577.2474975585938
7.03	590.7401123046875
7.0360000000000005	583.954833984375
7.041	594.1622314453125
7.047000000000001	583.954833984375
7.053	583.954833984375
7.059	583.954833984375
7.065	580.591552734375
7.07	590.7401123046875
7.0760000000000005	583.954833984375
7.082000000000001	590.7401123046875
7.087999999999999	587.3377075195312
7.093999999999999	580.591552734375
7.1	587.3377075195312
7.105	577.2474975585938
7.111000000000001	594.1622314453125
7.117000000000001	587.3377075195312
7.122999999999999	590.7401123046875
7.129	590.7401123046875
7.1339999999999995	573.9227905273438
7.14	587.3377075195312
7.146	577.2474975585938
7.152	590.7401123046875
7.1579999999999995	594.1622314453125
7.162999999999999	587.3377075195312
7.169	594.1622314453125
7.175	570.6172485351562
7.181	587.3377075195312
7.187	583.954833984375
7.192	590.7401123046875
7.1979999999999995	601.066162109375
7.204	577.2474975585938
7.21	573.9227905273438
7.216	601.066162109375
7.221	551.1798095703125
7.227	529.3380126953125
7.233	526.2892456054688
7.239	526.2892456054688
7.245	526.2892456054688
7.25	520.2442626953125
7.256	517.2478637695312
7.2620000000000005	523.258056640625
7.268	526.2892456054688
7.274	541.7108154296875
7.279	511.3067321777344
7.285	520.2442626953125
7.291	523.258056640625
7.297000000000001	529.3380126953125
7.303	520.2442626953125
7.308	520.2442626953125
7.314	511.3067321777344
7.32	532.4044799804688
7.3260000000000005	517.2478637695312
7.332000000000001	529.3380126953125
7.337999999999999	508.36181640625
7.343	520.2442626953125
7.349	520.2442626953125
7.355	532.4044799804688
7.361000000000001	517.2478637695312
7.367000000000001	526.2892456054688
7.372000000000001	508.36181640625
7.377999999999999	526.2892456054688
7.3839999999999995	526.2892456054688
7.39	520.2442626953125
7.396	523.258056640625
7.401	520.2442626953125
7.407	526.2892456054688
7.412999999999999	514.2687377929688
7.419	520.2442626953125
7.425	517.2478637695312
7.43	532.4044799804688
7.436	517.2478637695312
7.442	526.2892456054688
7.4479999999999995	511.3067321777344
7.454	529.3380126953125
7.459	517.2478637695312
7.465	526.2892456054688
7.471	517.2478637695312
7.477	526.2892456054688
7.483	517.2478637695312
7.4879999999999995	523.258056640625
7.494	517.2478637695312
7.5	526.2892456054688
7.506	523.258056640625
7.5120000000000005	523.258056640625
7.517	517.2478637695312
7.523	514.2687377929688
7.529	523.258056640625
7.535	526.2892456054688
7.541	526.2892456054688
7.546	517.2478637695312
7.5520000000000005	523.258056640625
7.558	505.4338684082031
7.564	526.2892456054688
7.57	523.258056640625
7.5760000000000005	526.2892456054688
7.581	520.2442626953125
7.587000000000001	526.2892456054688
7.593	517.2478637695312
7.599	526.2892456054688
7.605	514.2687377929688
7.61	529.3380126953125
7.6160000000000005	517.2478637695312
7.622000000000001	526.2892456054688
7.627999999999999	517.2478637695312
7.6339999999999995	526.2892456054688
7.638999999999999	520.2442626953125
7.645	526.2892456054688
7.651	520.2442626953125
7.657	526.2892456054688
7.662999999999999	517.2478637695312
7.667999999999999	520.2442626953125
7.6739999999999995	520.2442626953125
7.68	523.258056640625
7.686	526.2892456054688
7.692	526.2892456054688
7.697	517.2478637695312
7.702999999999999	514.2687377929688
7.709	523.258056640625
7.715	523.258056640625
7.721	526.2892456054688
7.726	520.2442626953125
7.732	526.2892456054688
7.7379999999999995	520.2442626953125
7.744	523.258056640625
7.75	511.3067321777344
7.755	526.2892456054688
7.761	520.2442626953125
7.767	532.4044799804688
7.773	517.2478637695312
7.779	523.258056640625
7.784	511.3067321777344
7.79	529.3380126953125
7.796	520.2442626953125
7.8020000000000005	514.2687377929688
7.808	514.2687377929688
7.814	505.4338684082031
7.819	496.750732421875
7.825	468.8700866699219
7.831	452.8985900878906
7.837000000000001	466.16961669921875
7.843	455.5221862792969
7.848	455.5221862792969
7.854	477.06585693359375
7.86	466.16961669921875
7.8660000000000005	463.4846496582031
7.872000000000001	471.5862731933594
7.877000000000001	485.4048767089844
7.882999999999999	460.81512451171875
7.888999999999999	429.95556640625
7.895	410.5393371582031
7.901	410.5393371582031
7.906000000000001	434.9514465332031
7.912000000000001	410.5393371582031
7.917999999999999	410.5393371582031
7.9239999999999995	440.0053405761719
7.93	471.5862731933594
7.935	479.8294982910156
7.941	452.8985900878906
7.947	466.16961669921875
7.952999999999999	471.5862731933594
7.959	460.81512451171875
7.9639999999999995	466.16961669921875
7.97	468.8700866699219
7.976	460.81512451171875
7.982	468.8700866699219
7.9879999999999995	468.8700866699219
7.992999999999999	458.1610107421875
7.999	468.8700866699219
8.005	471.5862731933594
8.011000000000001	458.1610107421875
8.017000000000001	468.8700866699219
8.022	477.06585693359375
8.027999999999999	458.1610107421875
8.033999999999999	460.81512451171875
8.04	479.8294982910156
8.046	460.81512451171875
8.052	458.1610107421875
8.057	477.06585693359375
8.062999999999999	466.16961669921875
8.068999999999999	452.8985900878906
8.075	474.3181457519531
8.081	468.8700866699219
8.086	450.2900390625
8.092	474.3181457519531
8.097999999999999	471.5862731933594
8.104	447.6965637207031
8.11	477.06585693359375
8.115	471.5862731933594
8.121	440.0053405761719
8.127	474.3181457519531
8.133	479.8294982910156
8.139	445.1180114746094
8.144	474.3181457519531
8.15	474.3181457519531
8.156	502.5227355957031
8.162	508.36181640625
8.168	482.609130859375
8.173	502.5227355957031
8.179	466.16961669921875
8.185	482.609130859375
8.191	447.6965637207031
8.197000000000001	474.3181457519531
8.202	477.06585693359375
8.208	493.8896484375
8.214	471.5862731933594
8.22	479.8294982910156
8.226	447.6965637207031
8.231	466.16961669921875
8.237	474.3181457519531
8.243	450.2900390625
8.249	471.5862731933594
8.255	474.3181457519531
8.26	445.1180114746094
8.266	466.16961669921875
8.272	477.06585693359375
8.277999999999999	455.5221862792969
8.283999999999999	466.16961669921875
8.29	471.5862731933594
8.295	450.2900390625
8.301	468.8700866699219
8.307	479.8294982910156
8.312999999999999	447.6965637207031
8.318999999999999	455.5221862792969
8.324	477.06585693359375
8.33	460.81512451171875
8.336	463.4846496582031
8.342	477.06585693359375
8.347999999999999	447.6965637207031
8.353	455.5221862792969
8.359	482.609130859375
8.365	458.1610107421875
8.371	452.8985900878906
8.377	474.3181457519531
8.382	463.4846496582031
8.388	458.1610107421875
8.394	477.06585693359375
8.4	458.1610107421875
8.406	474.3181457519531
8.411	468.8700866699219
8.417	458.1610107421875
8.423	477.06585693359375
8.429	455.5221862792969
8.435	463.4846496582031
8.44	479.8294982910156
8.446	450.2900390625
8.452	474.3181457519531
8.458	471.5862731933594
8.464	455.5221862792969
8.469	474.3181457519531
8.475	466.16961669921875
8.481	463.4846496582031
8.487	466.16961669921875
8.493	466.16961669921875
8.499	463.4846496582031
8.504	460.81512451171875
8.51	482.609130859375
8.516	442.5543212890625
8.522	474.3181457519531
8.527999999999999	463.4846496582031
8.533	447.6965637207031
8.539	482.609130859375
8.545	455.5221862792969
8.551	440.0053405761719
8.557	460.81512451171875
8.562000000000001	479.8294982910156
8.568	450.2900390625
8.574	466.16961669921875
8.58	474.3181457519531
8.586	442.5543212890625
8.591000000000001	482.609130859375
8.597000000000001	458.1610107421875
8.603	458.1610107421875
8.609	471.5862731933594
8.615	460.81512451171875
8.62	468.8700866699219
8.626	460.81512451171875
8.632	471.5862731933594
8.638	452.8985900878906
8.644	471.5862731933594
8.649	466.16961669921875
8.655	452.8985900878906
8.661	477.06585693359375
8.667	455.5221862792969
8.673	468.8700866699219
8.677999999999999	466.16961669921875
8.684	463.4846496582031
8.69	463.4846496582031
8.696	463.4846496582031
8.702	477.06585693359375
8.707	450.2900390625
8.713	477.06585693359375
8.719	460.81512451171875
8.725	452.8985900878906
8.731	479.8294982910156
8.737	455.5221862792969
8.742	479.8294982910156
8.748	455.5221862792969
8.754	466.16961669921875
8.76	455.5221862792969
8.766	468.8700866699219
8.771	477.06585693359375
8.777000000000001	445.1180114746094
8.783	477.06585693359375
8.789	452.8985900878906
8.795	463.4846496582031
8.8	474.3181457519531
8.806000000000001	458.1610107421875
8.812000000000001	474.3181457519531
8.818	463.4846496582031
8.824	471.5862731933594
8.829	452.8985900878906
8.835	463.4846496582031
8.841000000000001	468.8700866699219
8.847000000000001	463.4846496582031
8.853	477.06585693359375
8.857999999999999	447.6965637207031
8.863999999999999	463.4846496582031
8.87	468.8700866699219
8.876	468.8700866699219
8.882	471.5862731933594
8.887	455.5221862792969
8.892999999999999	466.16961669921875
8.899	452.8985900878906
8.905	477.06585693359375
8.911	463.4846496582031
8.916	458.1610107421875
8.922	474.3181457519531
8.927999999999999	0.0
8.934	0.0
8.94	0.0
8.945	0.0
8.951	0.0
8.957	0.0
8.963	0.0
8.969	0.0
8.975	0.0
8.98	0.0
8.986	0.0
8.992	0.0
8.998	0.0
9.004	0.0
9.009	0.0
9.015	0.0
9.021	437.4710998535156
9.027000000000001	437.4710998535156
9.033	445.1180114746094
9.038	429.95556640625
9.044	452.8985900878906
9.05	440.0053405761719
9.056000000000001	450.2900390625
9.062000000000001	455.5221862792969
9.067	434.9514465332031
9.073	455.5221862792969
9.079	427.47918701171875
9.085	445.1180114746094
9.091000000000001	474.3181457519531
9.096	460.81512451171875
9.102	429.95556640625
9.107999999999999	450.2900390625
9.113999999999999	437.4710998535156
9.12	447.6965637207031
9.125	429.95556640625
9.131	447.6965637207031
9.137	434.9514465332031
9.142999999999999	442.5543212890625
9.149	437.4710998535156
9.154	445.1180114746094
9.16	437.4710998535156
9.166	442.5543212890625
9.172	437.4710998535156
9.177999999999999	442.5543212890625
9.183	440.0053405761719
9.189	440.0053405761719
9.195	440.0053405761719
9.201	437.4710998535156
9.207	440.0053405761719
9.213	437.4710998535156
9.218	442.5543212890625
9.224	434.9514465332031
9.23	445.1180114746094
9.236	434.9514465332031
9.242	445.1180114746094
9.247	434.9514465332031
9.253	445.1180114746094
9.259	434.9514465332031
9.265	445.1180114746094
9.271	432.4462890625
9.276	445.1180114746094
9.282	432.4462890625
9.288	447.6965637207031
9.294	432.4462890625
9.3	447.6965637207031
9.305	432.4462890625
9.311	447.6965637207031
9.317	432.4462890625
9.323	447.6965637207031
9.329	432.4462890625
9.334	445.1180114746094
9.34	432.4462890625
9.346	445.1180114746094
9.352	432.4462890625
9.357999999999999	445.1180114746094
9.363	434.9514465332031
9.369	442.5543212890625
9.375	434.9514465332031
9.381	440.0053405761719
9.387	437.4710998535156
9.392000000000001	440.0053405761719
9.398	440.0053405761719
9.404	440.0053405761719
9.41	440.0053405761719
9.416	440.0053405761719
9.421	440.0053405761719
9.427	437.4710998535156
9.433	442.5543212890625
9.439	437.4710998535156
9.445	442.5543212890625
9.451	440.0053405761719
9.456	442.5543212890625
9.462	437.4710998535156
9.468	442.5543212890625
9.474	440.0053405761719
9.48	442.5543212890625
9.485	440.0053405761719
9.491	442.5543212890625
9.497	440.0053405761719
9.503	440.0053405761719
9.509	442.5543212890625
9.514	440.0053405761719
9.52	442.5543212890625
9.526	437.4710998535156
9.532	440.0053405761719
9.538	437.4710998535156
9.543	440.0053405761719
9.549	434.9514465332031
9.555	437.4710998535156
9.561	437.4710998535156
9.567	437.4710998535156
9.572000000000001	437.4710998535156
9.578	437.4710998535156
9.584	437.4710998535156
9.59	434.9514465332031
9.596	440.0053405761719
9.601	447.6965637207031
9.607000000000001	440.0053405761719
9.613	0.0
9.619	0.0
9.625	0.0
9.63	0.0
9.636000000000001	0.0
9.642000000000001	0.0
9.648	0.0
9.654	0.0
9.66	0.0
9.665	0.0
9.671	0.0
9.677	0.0
9.683	0.0
9.689	0.0
9.693999999999999	0.0
9.7	466.16961669921875
9.706	427.47918701171875
9.712	445.1180114746094
9.718	445.1180114746094
9.722999999999999	445.1180114746094
9.729	425.01708984375
9.735	458.1610107421875
9.741	440.0053405761719
9.747	447.6965637207031
9.752	447.6965637207031
9.758	434.9514465332031
9.764	425.01708984375
9.77	450.2900390625
9.776	445.1180114746094
9.781	450.2900390625
9.787	429.95556640625
9.793	432.4462890625
9.799	429.95556640625
9.805	440.0053405761719
9.81	442.5543212890625
9.816	447.6965637207031
9.822000000000001	437.4710998535156
9.828	437.4710998535156
9.834	432.4462890625
9.839	440.0053405761719
9.845	437.4710998535156
9.851	445.1180114746094
9.857000000000001	440.0053405761719
9.863	442.5543212890625
9.868	432.4462890625
9.874	440.0053405761719
9.88	434.9514465332031
9.886000000000001	445.1180114746094
9.892000000000001	437.4710998535156
9.898	445.1180114746094
9.902999999999999	432.4462890625
9.908999999999999	442.5543212890625
9.915	432.4462890625
9.921	445.1180114746094
9.927	437.4710998535156
9.932	445.1180114746094
9.937999999999999	432.4462890625
9.943999999999999	442.5543212890625
9.95	434.9514465332031
9.956	442.5543212890625
9.961	440.0053405761719
9.967	440.0053405761719
9.972999999999999	437.4710998535156
9.979	437.4710998535156
9.985	442.5543212890625
9.99	440.0053405761719
9.996	445.1180114746094
10.002	434.9514465332031
10.008	442.5543212890625
10.014	429.95556640625
10.019	445.1180114746094
10.025	432.4462890625
10.031	450.2900390625
10.037	434.9514465332031
10.043	447.6965637207031
10.048	427.47918701171875
10.054	445.1180114746094
10.06	429.95556640625
10.066	450.2900390625
10.072000000000001	434.9514465332031
10.077	450.2900390625
10.083	427.47918701171875
10.089	442.5543212890625
10.095	425.01708984375
10.101	447.6965637207031
10.106	434.9514465332031
10.112	450.2900390625
10.118	434.9514465332031
10.124	440.0053405761719
10.13	429.95556640625
10.136000000000001	437.4710998535156
10.141	442.5543212890625
10.147	445.1180114746094
10.152999999999999	447.6965637207031
10.158999999999999	434.9514465332031
10.165	440.0053405761719
10.17	427.47918701171875
10.176	445.1180114746094
10.182	437.4710998535156
10.187999999999999	450.2900390625
10.193999999999999	437.4710998535156
10.199	429.95556640625
10.205	434.9514465332031
10.211	442.5543212890625
10.217	445.1180114746094
10.222999999999999	432.4462890625
10.228	455.5221862792969
10.234	447.6965637207031
10.24	477.06585693359375
10.245999999999999	474.3181457519531
10.252	458.1610107421875
10.257	474.3181457519531
10.263	463.4846496582031
10.269	468.8700866699219
10.275	466.16961669921875
10.280999999999999	437.4710998535156
10.286	442.5543212890625
10.292	437.4710998535156
10.298	477.06585693359375
10.304	437.4710998535156
10.31	450.2900390625
10.315	440.0053405761719
10.321	440.0053405761719
10.327	434.9514465332031
10.333	460.81512451171875
10.339	440.0053405761719
10.344000000000001	463.4846496582031
10.35	432.4462890625
10.356	429.95556640625
10.362	458.1610107421875
10.368	434.9514465332031
10.374	440.0053405761719
10.379000000000001	460.81512451171875
10.385	429.95556640625
10.390999999999998	440.0053405761719
10.397	455.5221862792969
10.402999999999999	417.7154846191406
10.408	460.81512451171875
10.414000000000001	432.4462890625
10.42	440.0053405761719
10.425999999999998	442.5543212890625
10.432	442.5543212890625
10.437000000000001	425.01708984375
10.443	408.1748046875
10.449000000000002	417.7154846191406
10.455	450.2900390625
10.460999999999999	432.4462890625
10.466	434.9514465332031
10.472000000000001	437.4710998535156
10.478	447.6965637207031
10.484000000000002	420.13531494140625
10.49	455.5221862792969
10.495	422.56915283203125
10.501	440.0053405761719
10.507	442.5543212890625
10.513	429.95556640625
10.519	437.4710998535156
10.524000000000001	447.6965637207031
10.53	422.56915283203125
10.536	450.2900390625
10.542	437.4710998535156
10.548	427.47918701171875
10.552999999999999	452.8985900878906
10.559000000000001	429.95556640625
10.565	437.4710998535156
10.571	447.6965637207031
10.577	429.95556640625
10.582	442.5543212890625
10.588	447.6965637207031
10.594000000000001	429.95556640625
10.6	447.6965637207031
10.606	437.4710998535156
10.612	432.4462890625
10.617	447.6965637207031
10.623	432.4462890625
10.629000000000001	440.0053405761719
10.635	442.5543212890625
10.640999999999998	434.9514465332031
10.645999999999999	437.4710998535156
10.652000000000001	442.5543212890625
10.658	429.95556640625
10.664000000000001	445.1180114746094
10.67	429.95556640625
10.675	442.5543212890625
10.681	437.4710998535156
10.687000000000001	442.5543212890625
10.693	432.4462890625
10.699000000000002	447.6965637207031
10.704	425.01708984375
10.71	447.6965637207031
10.716	434.9514465332031
10.722000000000001	437.4710998535156
10.728	442.5543212890625
10.732999999999999	440.0053405761719
10.739	434.9514465332031
10.745	445.1180114746094
10.751	437.4710998535156
10.757	432.4462890625
10.762	455.5221862792969
10.767999999999999	422.56915283203125
10.774000000000001	450.2900390625
10.78	432.4462890625
10.786	442.5543212890625
10.790999999999999	434.9514465332031
10.797	445.1180114746094
10.802999999999999	437.4710998535156
10.809000000000001	452.8985900878906
10.815	463.4846496582031
10.82	447.6965637207031
10.825999999999999	437.4710998535156
10.832	408.1748046875
10.838	422.56915283203125
10.844000000000001	437.4710998535156
10.85	442.5543212890625
10.855	445.1180114746094
10.860999999999999	452.8985900878906
10.867	437.4710998535156
10.873	417.7154846191406
10.879000000000001	442.5543212890625
10.884	452.8985900878906
10.89	440.0053405761719
10.895999999999999	410.5393371582031
10.902000000000001	427.47918701171875
10.908	432.4462890625
10.913	442.5543212890625
10.919	452.8985900878906
10.925	437.4710998535156
10.931	458.1610107421875
10.937000000000001	429.95556640625
10.942	440.0053405761719
10.948	440.0053405761719
10.954	442.5543212890625
10.96	432.4462890625
10.966	450.2900390625
10.970999999999998	440.0053405761719
10.977	410.5393371582031
10.982999999999999	415.30963134765625
10.989	427.47918701171875
10.995	437.4710998535156
11.0	434.9514465332031
11.005999999999998	447.6965637207031
11.012	429.95556640625
11.017999999999999	450.2900390625
11.024000000000001	415.30963134765625
11.029000000000002	450.2900390625
11.035	425.01708984375
11.040999999999999	450.2900390625
11.047	427.47918701171875
11.052999999999999	450.2900390625
11.059000000000001	429.95556640625
11.064	447.6965637207031
11.07	429.95556640625
11.075999999999999	447.6965637207031
11.082	429.95556640625
11.088	450.2900390625
11.093	429.95556640625
11.099	450.2900390625
11.105	425.01708984375
11.110999999999999	450.2900390625
11.117	422.56915283203125
11.122	455.5221862792969
11.128	429.95556640625
11.134	437.4710998535156
11.14	427.47918701171875
11.145999999999999	458.1610107421875
11.151	420.13531494140625
11.157	440.0053405761719
11.163	422.56915283203125
11.169	432.4462890625
11.175	450.2900390625
11.18	427.47918701171875
11.186	434.9514465332031
11.192	445.1180114746094
11.198	445.1180114746094
11.204	422.56915283203125
11.209000000000001	450.2900390625
11.215	432.4462890625
11.220999999999998	445.1180114746094
11.227	427.47918701171875
11.232999999999999	447.6965637207031
11.238	440.0053405761719
11.244000000000002	437.4710998535156
11.25	429.95556640625
11.255999999999998	458.1610107421875
11.262	432.4462890625
11.267000000000001	432.4462890625
11.273	442.5543212890625
11.279000000000002	445.1180114746094
11.285	432.4462890625
11.290999999999999	434.9514465332031
11.297	445.1180114746094
11.302	437.4710998535156
11.308	437.4710998535156
11.314	422.56915283203125
11.32	460.81512451171875
11.325999999999999	427.47918701171875
11.331	429.95556640625
11.337	440.0053405761719
11.343	442.5543212890625
11.349	432.4462890625
11.355	442.5543212890625
11.36	434.9514465332031
11.366	440.0053405761719
11.372	442.5543212890625
11.378	434.9514465332031
11.384	440.0053405761719
11.389000000000001	437.4710998535156
11.395	437.4710998535156
11.401	440.0053405761719
11.407	452.8985900878906
11.413	458.1610107421875
11.418	429.95556640625
11.424000000000001	450.2900390625
11.43	466.16961669921875
11.436	463.4846496582031
11.442	474.3181457519531
11.447000000000001	458.1610107421875
11.453	468.8700866699219
11.459000000000001	477.06585693359375
11.465	463.4846496582031
11.470999999999998	463.4846496582031
11.475999999999999	479.8294982910156
11.482000000000001	471.5862731933594
11.488	458.1610107421875
11.494000000000002	466.16961669921875
11.5	455.5221862792969
11.505	468.8700866699219
11.511	471.5862731933594
11.517000000000001	468.8700866699219
11.523	468.8700866699219
11.529000000000002	463.4846496582031
11.535	450.2900390625
11.54	463.4846496582031
11.546	474.3181457519531
11.552	445.1180114746094
11.558	471.5862731933594
11.564	482.609130859375
11.569	447.6965637207031
11.575	455.5221862792969
11.581	471.5862731933594
11.587	450.2900390625
11.593	463.4846496582031
11.597999999999999	479.8294982910156
11.604000000000001	463.4846496582031
11.61	458.1610107421875
11.616	463.4846496582031
11.622	458.1610107421875
11.627	466.16961669921875
11.633	466.16961669921875
11.639000000000001	463.4846496582031
11.645	466.16961669921875
11.651	463.4846496582031
11.655999999999999	463.4846496582031
11.662	466.16961669921875
11.668	463.4846496582031
11.674000000000001	463.4846496582031
11.68	466.16961669921875
11.685	463.4846496582031
11.690999999999999	466.16961669921875
11.697000000000001	468.8700866699219
11.703	458.1610107421875
11.709000000000001	468.8700866699219
11.714	471.5862731933594
11.72	447.6965637207031
11.725999999999999	482.609130859375
11.732000000000001	458.1610107421875
11.738	468.8700866699219
11.743	452.8985900878906
11.749	485.4048767089844
11.755	447.6965637207031
11.761	452.8985900878906
11.767000000000001	474.3181457519531
11.773	445.1180114746094
11.777999999999999	491.0450744628906
11.784	463.4846496582031
11.79	460.81512451171875
11.796	445.1180114746094
11.802	471.5862731933594
11.807	463.4846496582031
11.812999999999999	466.16961669921875
11.819	479.8294982910156
11.825	442.5543212890625
11.831	474.3181457519531
11.835999999999999	466.16961669921875
11.842	450.2900390625
11.847999999999999	474.3181457519531
11.854000000000001	468.8700866699219
11.86	466.16961669921875
11.865	460.81512451171875
11.870999999999999	463.4846496582031
11.877	452.8985900878906
11.883	471.5862731933594
11.889000000000001	474.3181457519531
11.894	460.81512451171875
11.9	463.4846496582031
11.905999999999999	452.8985900878906
11.912	471.5862731933594
11.918	471.5862731933594
11.923	463.4846496582031
11.929	466.16961669921875
11.935	452.8985900878906
11.940999999999999	474.3181457519531
11.947000000000001	460.81512451171875
11.952	466.16961669921875
11.958	463.4846496582031
11.964	466.16961669921875
11.97	468.8700866699219
11.975999999999999	463.4846496582031
11.981	466.16961669921875
11.987	463.4846496582031
11.993	466.16961669921875
11.999	468.8700866699219
12.005	474.3181457519531
12.011	452.8985900878906
12.015999999999998	468.8700866699219
12.022	442.5543212890625
12.027999999999999	455.5221862792969
12.034	445.1180114746094
12.04	458.1610107421875
12.045	455.5221862792969
12.050999999999998	466.16961669921875
12.057	432.4462890625
12.062999999999999	468.8700866699219
12.069	432.4462890625
12.074000000000002	460.81512451171875
12.08	432.4462890625
12.085999999999999	463.4846496582031
12.092	427.47918701171875
12.097999999999999	440.0053405761719
12.103	432.4462890625
12.109000000000002	452.8985900878906
12.115	437.4710998535156
12.120999999999999	447.6965637207031
12.127	434.9514465332031
12.132	447.6965637207031
12.138	440.0053405761719
12.144	442.5543212890625
12.15	445.1180114746094
12.155999999999999	434.9514465332031
12.161	447.6965637207031
12.167	434.9514465332031
12.173	450.2900390625
12.179	429.95556640625
12.185	455.5221862792969
12.19	425.01708984375
12.196	458.1610107421875
12.202	422.56915283203125
12.208	458.1610107421875
12.214	420.13531494140625
12.22	385.2655944824219
12.225	420.13531494140625
12.231	0.0
12.237	0.0
12.243	0.0
12.249	0.0
12.254000000000001	0.0
12.26	0.0
12.265999999999998	0.0
12.272	0.0
12.277999999999999	0.0
12.283	0.0
12.289000000000001	458.1610107421875
12.295	420.13531494140625
12.300999999999998	458.1610107421875
12.307	420.13531494140625
12.312000000000001	452.8985900878906
12.318	420.13531494140625
12.324000000000002	450.2900390625
12.33	422.56915283203125
12.335999999999999	447.6965637207031
12.341	427.47918701171875
12.347000000000001	445.1180114746094
12.353	432.4462890625
12.359000000000002	440.0053405761719
12.365	437.4710998535156
12.37	437.4710998535156
12.376	445.1180114746094
12.382	434.9514465332031
12.388	445.1180114746094
12.394	432.4462890625
12.399000000000001	447.6965637207031
12.405	434.9514465332031
12.411	445.1180114746094
12.417	437.4710998535156
12.423	442.5543212890625
12.427999999999999	437.4710998535156
12.434000000000001	440.0053405761719
12.44	440.0053405761719
12.446	440.0053405761719
12.452	440.0053405761719
12.458	437.4710998535156
12.463	442.5543212890625
12.469000000000001	434.9514465332031
12.475	442.5543212890625
12.481	432.4462890625
12.487	445.1180114746094
12.492	432.4462890625
12.498	445.1180114746094
12.504000000000001	432.4462890625
12.51	445.1180114746094
12.515999999999998	434.9514465332031
12.520999999999999	442.5543212890625
12.527000000000001	440.0053405761719
12.533	437.4710998535156
12.539000000000001	445.1180114746094
12.545	432.4462890625
12.55	450.2900390625
12.556	427.47918701171875
12.562000000000001	455.5221862792969
12.568	420.13531494140625
12.574000000000002	455.5221862792969
12.579	417.7154846191406
12.585	0.0
12.591	0.0
12.597000000000001	0.0
12.603	0.0
12.607999999999999	0.0
12.614	401.1625671386719
12.62	410.5393371582031
12.626	389.7421875
12.632	394.27081298828125
12.637	380.84039306640625
12.642999999999999	401.1625671386719
12.649000000000001	391.99993896484375
12.655	378.64691162109375
12.661	385.2655944824219
12.665999999999999	374.2977600097656
12.672	405.8238830566406
12.677999999999999	412.9176025390625
12.684000000000001	396.5548095703125
12.69	374.2977600097656
12.696	383.0466003417969
12.700999999999999	401.1625671386719
12.707	408.1748046875
12.713	385.2655944824219
12.719000000000001	378.64691162109375
12.725	398.8520202636719
12.73	408.1748046875
12.735999999999999	389.7421875
12.742	403.4864807128906
12.748	391.99993896484375
12.754000000000001	401.1625671386719
12.759	408.1748046875
12.765	387.4974365234375
12.770999999999999	383.0466003417969
12.777000000000001	394.27081298828125
12.783	410.5393371582031
12.788	394.27081298828125
12.794	378.64691162109375
12.8	387.4974365234375
12.806	405.8238830566406
12.812000000000001	398.8520202636719
12.817	385.2655944824219
12.823	385.2655944824219
12.829	396.5548095703125
12.835	401.1625671386719
12.841	389.7421875
12.845999999999998	383.0466003417969
12.852	389.7421875
12.857999999999999	403.4864807128906
12.864	394.27081298828125
12.87	380.84039306640625
12.875	387.4974365234375
12.880999999999998	403.4864807128906
12.887	396.5548095703125
12.892999999999999	378.64691162109375
12.899000000000001	385.2655944824219
12.904000000000002	408.1748046875
12.91	391.99993896484375
12.915999999999999	385.2655944824219
12.922	380.84039306640625
12.927999999999999	398.8520202636719
12.934000000000001	405.8238830566406
12.939	372.1419372558594
12.945	389.7421875
12.950999999999999	383.0466003417969
12.957	374.2977600097656
12.963	380.84039306640625
12.968	383.0466003417969
12.974	389.7421875
12.98	394.27081298828125
12.985999999999999	403.4864807128906
12.992	376.4660339355469
12.997	394.27081298828125
13.003	389.7421875
13.009	401.1625671386719
13.015	387.4974365234375
13.020999999999999	383.0466003417969
13.026	398.8520202636719
13.032	387.4974365234375
13.038	396.5548095703125
13.044	380.84039306640625
13.05	394.27081298828125
13.055	394.27081298828125
13.061	389.7421875
13.067	391.99993896484375
13.073	383.0466003417969
13.079	401.1625671386719
13.084000000000001	387.4974365234375
13.09	394.27081298828125
13.095999999999998	385.2655944824219
13.102	389.7421875
13.107999999999999	396.5548095703125
13.113	385.2655944824219
13.119000000000002	394.27081298828125
13.125	380.84039306640625
13.130999999999998	401.1625671386719
13.137	389.7421875
13.142000000000001	389.7421875
13.148	391.99993896484375
13.154000000000002	387.4974365234375
13.16	396.5548095703125
13.165999999999999	385.2655944824219
13.172	391.99993896484375
13.177	389.7421875
13.183	394.27081298828125
13.189	391.99993896484375
13.195	387.4974365234375
13.200999999999999	376.4660339355469
13.206	405.8238830566406
13.212	398.8520202636719
13.218	394.27081298828125
13.224	394.27081298828125
13.23	383.0466003417969
13.235	394.27081298828125
13.241	405.8238830566406
13.247	391.99993896484375
13.253	378.64691162109375
13.259	367.8675231933594
13.264000000000001	401.1625671386719
13.27	410.5393371582031
13.276	394.27081298828125
13.282	387.4974365234375
13.288	396.5548095703125
13.293	394.27081298828125
13.299000000000001	389.7421875
13.305	401.1625671386719
13.311	408.1748046875
13.317	380.84039306640625
13.322000000000001	398.8520202636719
13.328	412.9176025390625
13.334000000000001	417.7154846191406
13.34	412.9176025390625
13.345999999999998	408.1748046875
13.350999999999999	401.1625671386719
13.357000000000001	398.8520202636719
13.363	376.4660339355469
13.369000000000002	401.1625671386719
13.375	394.27081298828125
13.38	378.64691162109375
13.386	387.4974365234375
13.392000000000001	391.99993896484375
13.398	401.1625671386719
13.404000000000002	389.7421875
13.41	389.7421875
13.415	389.7421875
13.421	385.2655944824219
13.427	403.4864807128906
13.433	380.84039306640625
13.439	385.2655944824219
13.444	403.4864807128906
13.45	383.0466003417969
13.456	398.8520202636719
13.462	385.2655944824219
13.468	387.4974365234375
13.472999999999999	405.8238830566406
13.479000000000001	383.0466003417969
13.485	389.7421875
13.491	391.99993896484375
13.497	391.99993896484375
13.502	398.8520202636719
13.508	383.0466003417969
13.514000000000001	389.7421875
13.52	396.5548095703125
13.526	396.5548095703125
13.530999999999999	385.2655944824219
13.537	385.2655944824219
13.543	403.4864807128906
13.549000000000001	387.4974365234375
13.555	394.27081298828125
13.56	383.0466003417969
13.565999999999999	385.2655944824219
13.572000000000001	415.30963134765625
13.578	415.30963134765625
13.584000000000001	387.4974365234375
13.589	398.8520202636719
13.595	387.4974365234375
13.600999999999999	401.1625671386719
13.607000000000001	383.0466003417969
13.613	389.7421875
13.619000000000002	403.4864807128906
13.624	385.2655944824219
13.63	391.99993896484375
13.636	389.7421875
13.642000000000001	391.99993896484375
13.648	394.27081298828125
13.652999999999999	387.4974365234375
13.659	389.7421875
13.665	389.7421875
13.671	396.5548095703125
13.677	387.4974365234375
13.682	389.7421875
13.687999999999999	396.5548095703125
13.694	385.2655944824219
13.7	398.8520202636719
13.706	385.2655944824219
13.710999999999999	389.7421875
13.717	405.8238830566406
13.722999999999999	378.64691162109375
13.729000000000001	396.5548095703125
13.735	389.7421875
13.74	391.99993896484375
13.745999999999999	401.1625671386719
13.752	380.84039306640625
13.758	394.27081298828125
13.764000000000001	394.27081298828125
13.769	389.7421875
13.775	389.7421875
13.780999999999999	389.7421875
13.787	396.5548095703125
13.793	387.4974365234375
13.798	391.99993896484375
13.804	376.4660339355469
13.81	355.3365173339844
13.815999999999999	349.2320251464844
13.822000000000001	343.2323913574219
13.827	343.2323913574219
13.833	349.2320251464844
13.839	351.2550964355469
13.845	361.5477294921875
13.850999999999999	335.3929138183594
13.857000000000001	347.2205810546875
13.862	343.2323913574219
13.868	339.2900085449219
13.874	355.3365173339844
13.88	359.4653625488281
13.886	337.3358154296875
13.890999999999998	349.2320251464844
13.897	347.2205810546875
13.902999999999999	345.220703125
13.909	347.2205810546875
13.915	347.2205810546875
13.92	345.220703125
13.925999999999998	351.2550964355469
13.932	341.2555236816406
13.937999999999999	353.2899475097656
13.944	347.2205810546875
13.949000000000002	347.2205810546875
13.955	339.2900085449219
13.960999999999999	353.2899475097656
13.967	339.2900085449219
13.972999999999999	351.2550964355469
13.978	349.2320251464844
13.984000000000002	343.2323913574219
13.99	343.2323913574219
13.995999999999999	357.39495849609375
14.002	337.3358154296875
14.007	349.2320251464844
14.013	355.3365173339844
14.019	343.2323913574219
14.025	341.2555236816406
14.030999999999999	361.5477294921875
14.036	343.2323913574219
14.042	343.2323913574219
14.048	357.39495849609375
14.054	347.2205810546875
14.06	341.2555236816406
14.065	355.3365173339844
14.071	343.2323913574219
14.077	343.2323913574219
14.083	355.3365173339844
14.089	345.220703125
14.095	339.2900085449219
14.1	359.4653625488281
14.106	345.220703125
14.112	339.2900085449219
14.118	355.3365173339844
14.124	353.2899475097656
14.129000000000001	335.3929138183594
14.135	359.4653625488281
14.140999999999998	347.2205810546875
14.147	337.3358154296875
14.152999999999999	359.4653625488281
14.158	359.4653625488281
14.164000000000001	345.220703125
14.17	359.4653625488281
14.175999999999998	359.4653625488281
14.182	333.4611511230469
14.187000000000001	353.2899475097656
14.193	359.4653625488281
14.199000000000002	335.3929138183594
14.205	349.2320251464844
14.210999999999999	355.3365173339844
14.216	341.2555236816406
14.222000000000001	347.2205810546875
14.228	355.3365173339844
14.234000000000002	341.2555236816406
14.24	345.220703125
14.245	353.2899475097656
14.251	343.2323913574219
14.257	345.220703125
14.263	351.2550964355469
14.269	343.2323913574219
14.274000000000001	343.2323913574219
14.28	351.2550964355469
14.286	345.220703125
14.292	347.2205810546875
14.298	347.2205810546875
14.302999999999999	345.220703125
14.309000000000001	345.220703125
14.315	347.2205810546875
14.321	345.220703125
14.327	345.220703125
14.333	345.220703125
14.338	343.2323913574219
14.344000000000001	347.2205810546875
14.35	349.2320251464844
14.356	347.2205810546875
14.362	347.2205810546875
14.367	349.2320251464844
14.373	349.2320251464844
14.379000000000001	347.2205810546875
14.385	349.2320251464844
14.390999999999998	349.2320251464844
14.395999999999999	351.2550964355469
14.402000000000001	347.2205810546875
14.408	347.2205810546875
14.414000000000001	351.2550964355469
14.42	347.2205810546875
14.425	345.220703125
14.431	347.2205810546875
14.437000000000001	357.39495849609375
14.443	339.2900085449219
14.449000000000002	353.2899475097656
14.454	351.2550964355469
14.46	337.3358154296875
14.466	363.64215087890625
14.472000000000001	341.2555236816406
14.478	355.3365173339844
14.482999999999999	343.2323913574219
14.489	359.4653625488281
14.495	331.5405578613281
14.501	0.0
14.507	0.0
14.512	0.0
14.517999999999999	0.0
14.524000000000001	0.0
14.53	0.0
14.536	0.0
14.540999999999999	0.0
14.547	0.0
14.552999999999999	380.84039306640625
14.559000000000001	403.4864807128906
14.565	387.4974365234375
14.571	374.2977600097656
14.575999999999999	374.2977600097656
14.582	376.4660339355469
14.588	367.8675231933594
14.594000000000001	351.2550964355469
14.6	351.2550964355469
14.605	347.2205810546875
14.610999999999999	355.3365173339844
14.617	341.2555236816406
14.623	351.2550964355469
14.629000000000001	363.64215087890625
14.634	339.2900085449219
14.64	357.39495849609375
14.645999999999999	345.220703125
14.652000000000001	353.2899475097656
14.658	337.3358154296875
14.663	365.74871826171875
14.669	335.3929138183594
14.675	357.39495849609375
14.681	345.220703125
14.687000000000001	355.3365173339844
14.692	337.3358154296875
14.698	359.4653625488281
14.704	347.2205810546875
14.71	349.2320251464844
14.716	359.4653625488281
14.720999999999998	343.2323913574219
14.727	347.2205810546875
14.732999999999999	347.2205810546875
14.739	363.64215087890625
14.745	383.0466003417969
14.75	372.1419372558594
14.755999999999998	376.4660339355469
14.762	355.3365173339844
14.767999999999999	341.2555236816406
14.774000000000001	361.5477294921875
14.78	0.0
14.785	363.64215087890625
14.790999999999999	347.2205810546875
14.797	347.2205810546875
14.802999999999999	351.2550964355469
14.809000000000001	349.2320251464844
14.814	347.2205810546875
14.82	347.2205810546875
14.825999999999999	357.39495849609375
14.832	339.2900085449219
14.838	357.39495849609375
14.843	341.2555236816406
14.849	355.3365173339844
14.855	341.2555236816406
14.860999999999999	357.39495849609375
14.867	341.2555236816406
14.872	355.3365173339844
14.878	347.2205810546875
14.884	349.2320251464844
14.89	347.2205810546875
14.895999999999999	349.2320251464844
14.901	349.2320251464844
14.907	349.2320251464844
14.913	353.2899475097656
14.919	335.3929138183594
14.925	359.4653625488281
14.93	339.2900085449219
14.936	355.3365173339844
14.942	361.5477294921875
14.948	361.5477294921875
14.954	331.5405578613281
14.959000000000001	361.5477294921875
14.965	341.2555236816406
14.970999999999998	353.2899475097656
14.977	343.2323913574219
14.982999999999999	359.4653625488281
14.988	341.2555236816406
14.994000000000002	353.2899475097656
15.0	353.2899475097656
15.005999999999998	351.2550964355469
15.012	351.2550964355469
15.017999999999999	329.6310119628906
15.023	339.2900085449219
15.029000000000002	349.2320251464844
15.035	351.2550964355469
15.040999999999999	335.3929138183594
15.047	363.64215087890625
15.052	349.2320251464844
15.058	347.2205810546875
15.064	345.220703125
15.07	363.64215087890625
15.075999999999999	345.220703125
15.081	361.5477294921875
15.087	345.220703125
15.093	367.8675231933594
15.099	359.4653625488281
15.105	376.4660339355469
15.11	387.4974365234375
15.116	378.64691162109375
15.122	396.5548095703125
15.128	387.4974365234375
15.134	374.2977600097656
15.139000000000001	389.7421875
15.145	398.8520202636719
15.151	385.2655944824219
15.157	0.0
15.163	0.0
15.168	0.0
15.174000000000001	0.0
15.18	0.0
15.186	378.64691162109375
15.192	398.8520202636719
15.197000000000001	369.99853515625
15.203	363.64215087890625
15.209000000000001	372.1419372558594
15.215	394.27081298828125
15.220999999999998	361.5477294921875
15.225999999999999	341.2555236816406
15.232000000000001	320.24700927734375
15.238	329.6310119628906
15.244000000000002	305.7850646972656
15.25	300.5318298339844
15.255999999999998	314.74530029296875
15.261	327.73248291015625
15.267000000000001	307.5564880371094
15.273	290.2945861816406
15.279000000000002	309.3381652832031
15.285	327.73248291015625
15.29	357.39495849609375
15.296	345.220703125
15.302	363.64215087890625
15.308	378.64691162109375
15.314	357.39495849609375
15.319	347.2205810546875
15.325	365.74871826171875
15.331	335.3929138183594
15.337	359.4653625488281
15.343	351.2550964355469
15.347999999999999	331.5405578613281
15.354000000000001	327.73248291015625
15.36	353.2899475097656
15.366	353.2899475097656
15.372	359.4653625488281
15.377	333.4611511230469
15.383	349.2320251464844
15.389000000000001	355.3365173339844
15.395	353.2899475097656
15.401	341.2555236816406
15.405999999999999	345.220703125
15.412	359.4653625488281
15.418	347.2205810546875
15.424000000000001	349.2320251464844
15.43	341.2555236816406
15.435	361.5477294921875
15.440999999999999	343.2323913574219
15.447000000000001	355.3365173339844
15.453	337.3358154296875
15.459000000000001	365.74871826171875
15.464	339.2900085449219
15.47	359.4653625488281
15.475999999999999	331.5405578613281
15.482000000000001	0.0
15.488	333.4611511230469
15.494000000000002	316.5686340332031
15.499	325.8448486328125
15.505	322.1021728515625
15.511	329.6310119628906
15.517000000000001	307.5564880371094
15.523	318.4024963378906
15.527999999999999	311.1301574707031
15.534	329.6310119628906
15.54	309.3381652832031
15.546	320.24700927734375
15.552	312.9324951171875
15.557	331.5405578613281
15.562999999999999	316.5686340332031
15.569	325.8448486328125
15.575	309.3381652832031
15.581	335.3929138183594
15.585999999999999	357.39495849609375
15.592	329.6310119628906
15.597999999999999	0.0
15.604000000000001	0.0
15.61	0.0
15.615	0.0
15.620999999999999	0.0
15.627	0.0
15.633	0.0
15.639000000000001	0.0
15.644	0.0
15.65	0.0
15.655999999999999	0.0
15.662	0.0
15.668	0.0
15.673	0.0
15.679	0.0
15.685	0.0
15.690999999999999	0.0
15.697000000000001	0.0
15.702	0.0
15.708	0.0
15.714	0.0
15.72	0.0
15.725999999999999	0.0
15.732000000000001	0.0
15.737	0.0
15.743	0.0
15.749	349.2320251464844
15.755	343.2323913574219
15.761	361.5477294921875
15.765999999999998	343.2323913574219
15.772	343.2323913574219
15.777999999999999	349.2320251464844
15.784	355.3365173339844
15.79	349.2320251464844
15.795	341.2555236816406
15.800999999999998	353.2899475097656
15.807	353.2899475097656
15.812999999999999	353.2899475097656
15.819	339.2900085449219
15.824000000000002	355.3365173339844
15.83	349.2320251464844
15.835999999999999	357.39495849609375
15.842	333.4611511230469
15.847999999999999	361.5477294921875
15.853	347.2205810546875
15.859000000000002	361.5477294921875
15.865	372.1419372558594
15.870999999999999	365.74871826171875
15.877	345.220703125
15.882	365.74871826171875
15.888	347.2205810546875
15.894	367.8675231933594
15.9	343.2323913574219
15.905999999999999	345.220703125
15.911	318.4024963378906
15.917	331.5405578613281
15.923	341.2555236816406
15.929	347.2205810546875
15.935	320.24700927734375
15.94	297.0799255371094
15.946	314.74530029296875
15.952	300.5318298339844
15.958	323.9681091308594
15.964	302.2728271484375
15.97	314.74530029296875
15.975	295.36883544921875
15.981	304.0238952636719
15.987	323.9681091308594
15.993	343.2323913574219
15.999	363.64215087890625
16.004	0.0
16.01	0.0
16.016	0.0
16.022000000000002	0.0
16.028	0.0
16.033	0.0
16.039	0.0
16.045	0.0
16.051	0.0
16.057000000000002	365.74871826171875
16.062	339.2900085449219
16.067999999999998	365.74871826171875
16.074	349.2320251464844
16.08	365.74871826171875
16.086	339.2900085449219
16.090999999999998	363.64215087890625
16.097	349.2320251464844
16.102999999999998	363.64215087890625
16.109	339.2900085449219
16.115	361.5477294921875
16.12	349.2320251464844
16.125999999999998	359.4653625488281
16.132	341.2555236816406
16.137999999999998	355.3365173339844
16.144000000000002	327.73248291015625
16.149	353.2899475097656
16.155	347.2205810546875
16.160999999999998	351.2550964355469
16.167	337.3358154296875
16.173	349.2320251464844
16.179000000000002	349.2320251464844
16.184	349.2320251464844
16.19	339.2900085449219
16.195999999999998	347.2205810546875
16.202	351.2550964355469
16.208	347.2205810546875
16.213	0.0
16.219	0.0
16.225	0.0
16.230999999999998	0.0
16.237000000000002	0.0
16.242	0.0
16.248	0.0
16.254	0.0
16.26	0.0
16.266	0.0
16.271	0.0
16.277	0.0
16.283	0.0
16.289	0.0
16.295	0.0
16.3	0.0
16.305999999999997	0.0
16.312	0.0
16.317999999999998	0.0
16.324	0.0
16.329	0.0
16.335	0.0
16.340999999999998	0.0
16.347	0.0
16.352999999999998	0.0
16.358	0.0
16.364	0.0
16.37	0.0
16.375999999999998	0.0
16.382	0.0
16.387	0.0
16.393	0.0
16.399	0.0
16.405	0.0
16.410999999999998	0.0
16.417	0.0
16.422	0.0
16.428	0.0
16.434	0.0
16.44	0.0
16.445999999999998	0.0
16.451	0.0
16.457	0.0
16.463	0.0
16.469	0.0
16.475	0.0
16.48	0.0
16.486	0.0
16.492	0.0
16.498	0.0
16.504	0.0
16.509	0.0
16.515	0.0
16.521	0.0
16.527	0.0
16.533	0.0
16.538	0.0
16.544	0.0
16.55	0.0
16.555999999999997	0.0
16.562	0.0
16.567	0.0
16.573	0.0
16.579	0.0
16.585	0.0
16.590999999999998	0.0
16.596	0.0
16.602	0.0
16.608	0.0
16.614	0.0
