0.0	0.0
0.006	0.0
0.012	0.0
0.017	0.0
0.023	282.0304260253906
0.028999999999999998	226.44837951660156
0.035	217.47483825683594
0.040999999999999995	222.55809020996094
0.046	233.0838623046875
0.052000000000000005	241.30357360839844
0.057999999999999996	242.70144653320312
0.064	233.0838623046875
0.07	349.2320251464844
0.075	347.2205810546875
0.081	353.2899475097656
0.087	349.2320251464844
0.09300000000000001	347.2205810546875
0.099	349.2320251464844
0.10400000000000001	353.2899475097656
0.11	349.2320251464844
0.11599999999999999	351.2550964355469
0.122	347.2205810546875
0.128	347.2205810546875
0.134	349.2320251464844
0.139	351.2550964355469
0.145	345.220703125
0.151	349.2320251464844
0.157	349.2320251464844
0.163	345.220703125
0.168	349.2320251464844
0.174	351.2550964355469
0.18	351.2550964355469
0.18600000000000003	345.220703125
0.192	351.2550964355469
0.19699999999999998	347.2205810546875
0.203	351.2550964355469
0.209	345.220703125
0.215	349.2320251464844
0.221	351.2550964355469
0.226	347.2205810546875
0.23199999999999998	351.2550964355469
0.23800000000000002	347.2205810546875
0.244	351.2550964355469
0.25	351.2550964355469
0.255	347.2205810546875
0.261	349.2320251464844
0.267	351.2550964355469
0.273	349.2320251464844
0.27899999999999997	351.2550964355469
0.284	349.2320251464844
0.29	349.2320251464844
0.29600000000000004	353.2899475097656
0.302	351.2550964355469
0.308	345.220703125
0.313	353.2899475097656
0.319	351.2550964355469
0.325	347.2205810546875
0.331	351.2550964355469
0.337	349.2320251464844
0.342	349.2320251464844
0.348	351.2550964355469
0.354	349.2320251464844
0.36	351.2550964355469
0.366	353.2899475097656
0.37200000000000005	351.2550964355469
0.377	353.2899475097656
0.38299999999999995	351.2550964355469
0.389	347.2205810546875
0.395	349.2320251464844
0.401	349.2320251464844
0.406	351.2550964355469
0.41200000000000003	349.2320251464844
0.418	349.2320251464844
0.424	349.2320251464844
0.43	349.2320251464844
0.435	349.2320251464844
0.441	351.2550964355469
0.447	349.2320251464844
0.45299999999999996	351.2550964355469
0.45899999999999996	351.2550964355469
0.46399999999999997	351.2550964355469
0.47	347.2205810546875
0.47600000000000003	351.2550964355469
0.48200000000000004	349.2320251464844
0.488	349.2320251464844
0.493	351.2550964355469
0.499	349.2320251464844
0.505	349.2320251464844
0.511	347.2205810546875
0.517	351.2550964355469
0.522	349.2320251464844
0.528	353.2899475097656
0.534	347.2205810546875
0.54	349.2320251464844
0.546	349.2320251464844
0.551	357.39495849609375
0.557	351.2550964355469
0.563	349.2320251464844
0.569	361.5477294921875
0.575	351.2550964355469
0.58	351.2550964355469
0.586	353.2899475097656
0.5920000000000001	349.2320251464844
0.598	349.2320251464844
0.604	345.220703125
0.61	351.2550964355469
0.615	347.2205810546875
0.621	347.2205810546875
0.627	349.2320251464844
0.633	347.2205810546875
0.639	343.2323913574219
0.644	505.4338684082031
0.65	491.0450744628906
0.6559999999999999	493.8896484375
0.662	523.258056640625
0.6679999999999999	517.2478637695312
0.6729999999999999	520.2442626953125
0.679	520.2442626953125
0.685	523.258056640625
0.691	520.2442626953125
0.6970000000000001	526.2892456054688
0.7020000000000001	517.2478637695312
0.708	520.2442626953125
0.7140000000000001	520.2442626953125
0.72	523.258056640625
0.726	517.2478637695312
0.731	517.2478637695312
0.737	520.2442626953125
0.743	520.2442626953125
0.7490000000000001	520.2442626953125
0.755	520.2442626953125
0.76	523.258056640625
0.7659999999999999	517.2478637695312
0.772	520.2442626953125
0.778	514.2687377929688
0.784	520.2442626953125
0.789	523.258056640625
0.795	517.2478637695312
0.8009999999999999	523.258056640625
0.807	520.2442626953125
0.813	523.258056640625
0.8190000000000001	523.258056640625
0.8240000000000001	523.258056640625
0.83	523.258056640625
0.836	520.2442626953125
0.8420000000000001	526.2892456054688
0.848	514.2687377929688
0.853	0.0
0.8590000000000001	0.0
0.865	0.0
0.871	0.0
0.877	0.0
0.882	0.0
0.888	0.0
0.894	0.0
0.9	0.0
0.9059999999999999	0.0
0.9109999999999999	0.0
0.917	0.0
0.9229999999999999	0.0
0.929	0.0
0.935	0.0
0.94	0.0
0.946	0.0
0.9520000000000001	0.0
0.958	0.0
0.9640000000000001	0.0
0.9690000000000001	246.94381713867188
0.975	245.5215301513672
0.981	227.7601776123047
0.987	237.15809631347656
0.993	234.43411254882812
0.998	231.7413787841797
1.004	239.9137725830078
1.01	233.0838623046875
1.016	225.14410400390625
1.022	217.47483825683594
1.0270000000000001	217.47483825683594
1.033	226.44837951660156
1.0390000000000001	231.7413787841797
1.045	233.0838623046875
1.051	230.40664672851562
1.057	251.26034545898438
1.062	242.70144653320312
1.068	251.26034545898438
1.074	248.37437438964844
1.08	257.1333312988281
1.0859999999999999	245.5215301513672
1.091	235.79217529296875
1.097	0.0
1.103	314.74530029296875
1.109	343.2323913574219
1.115	355.3365173339844
1.12	345.220703125
1.126	343.2323913574219
1.1320000000000001	353.2899475097656
1.138	343.2323913574219
1.1440000000000001	351.2550964355469
1.149	345.220703125
1.155	353.2899475097656
1.161	345.220703125
1.167	349.2320251464844
1.173	349.2320251464844
1.178	349.2320251464844
1.1840000000000002	347.2205810546875
1.19	347.2205810546875
1.196	349.2320251464844
1.202	349.2320251464844
1.207	347.2205810546875
1.213	349.2320251464844
1.219	347.2205810546875
1.225	351.2550964355469
1.2309999999999999	349.2320251464844
1.236	349.2320251464844
1.242	347.2205810546875
1.248	349.2320251464844
1.254	357.39495849609375
1.26	347.2205810546875
1.265	351.2550964355469
1.271	347.2205810546875
1.2770000000000001	351.2550964355469
1.2830000000000001	345.220703125
1.2890000000000001	351.2550964355469
1.295	349.2320251464844
1.3	347.2205810546875
1.306	351.2550964355469
1.3119999999999998	347.2205810546875
1.318	349.2320251464844
1.324	351.2550964355469
1.329	347.2205810546875
1.335	351.2550964355469
1.341	351.2550964355469
1.347	351.2550964355469
1.3530000000000002	349.2320251464844
1.358	351.2550964355469
1.364	349.2320251464844
1.37	351.2550964355469
1.376	349.2320251464844
1.382	351.2550964355469
1.3869999999999998	347.2205810546875
1.393	353.2899475097656
1.399	355.3365173339844
1.405	351.2550964355469
1.411	345.220703125
1.416	349.2320251464844
1.422	347.2205810546875
1.4280000000000002	341.2555236816406
1.4340000000000002	351.2550964355469
1.44	347.2205810546875
1.445	347.2205810546875
1.4509999999999998	351.2550964355469
1.4569999999999999	351.2550964355469
1.463	347.2205810546875
1.469	349.2320251464844
1.474	347.2205810546875
1.48	351.2550964355469
1.486	349.2320251464844
1.492	349.2320251464844
1.4980000000000002	349.2320251464844
1.5030000000000001	351.2550964355469
1.5090000000000001	349.2320251464844
1.515	349.2320251464844
1.521	353.2899475097656
1.527	347.2205810546875
1.5330000000000001	351.2550964355469
1.538	357.39495849609375
1.544	337.3358154296875
1.55	339.2900085449219
1.556	347.2205810546875
1.5619999999999998	349.2320251464844
1.567	351.2550964355469
1.5730000000000002	353.2899475097656
1.579	347.2205810546875
1.585	351.2550964355469
1.591	351.2550964355469
1.5959999999999999	347.2205810546875
1.6019999999999999	329.6310119628906
1.608	345.220703125
1.614	351.2550964355469
1.62	337.3358154296875
1.625	351.2550964355469
1.631	359.4653625488281
1.6369999999999998	349.2320251464844
1.643	349.2320251464844
1.649	349.2320251464844
1.6540000000000001	359.4653625488281
1.66	349.2320251464844
1.666	349.2320251464844
1.672	351.2550964355469
1.6780000000000002	349.2320251464844
1.683	347.2205810546875
1.689	347.2205810546875
1.695	347.2205810546875
1.7009999999999998	347.2205810546875
1.7069999999999999	353.2899475097656
1.712	349.2320251464844
1.7180000000000002	349.2320251464844
1.724	351.2550964355469
1.73	349.2320251464844
1.736	347.2205810546875
1.7409999999999999	351.2550964355469
1.7469999999999999	369.99853515625
1.7530000000000001	349.2320251464844
1.7590000000000001	327.73248291015625
1.765	359.4653625488281
1.771	337.3358154296875
1.776	343.2323913574219
1.7819999999999998	351.2550964355469
1.788	349.2320251464844
1.794	335.3929138183594
1.8	351.2550964355469
1.805	347.2205810546875
1.811	349.2320251464844
1.817	345.220703125
1.8230000000000002	353.2899475097656
1.829	345.220703125
1.834	353.2899475097656
1.84	327.73248291015625
1.8459999999999999	318.4024963378906
1.8519999999999999	295.36883544921875
1.858	285.3074645996094
1.8630000000000002	295.36883544921875
1.869	322.1021728515625
1.875	343.2323913574219
1.881	351.2550964355469
1.8869999999999998	353.2899475097656
1.892	365.74871826171875
1.8980000000000001	357.39495849609375
1.9040000000000001	355.3365173339844
1.91	349.2320251464844
1.916	357.39495849609375
1.921	351.2550964355469
1.9269999999999998	347.2205810546875
1.933	351.2550964355469
1.939	349.2320251464844
1.945	345.220703125
1.95	347.2205810546875
1.956	345.220703125
1.962	347.2205810546875
1.9680000000000002	325.8448486328125
1.974	345.220703125
1.98	347.2205810546875
1.985	351.2550964355469
1.9909999999999999	349.2320251464844
1.9969999999999999	341.2555236816406
2.003	320.24700927734375
2.009	343.2323913574219
2.0140000000000002	347.2205810546875
2.02	347.2205810546875
2.026	345.220703125
2.032	347.2205810546875
2.0380000000000003	345.220703125
2.043	343.2323913574219
2.049	347.2205810546875
2.055	345.220703125
2.061	351.2550964355469
2.0669999999999997	351.2550964355469
2.072	353.2899475097656
2.0780000000000003	341.2555236816406
2.084	347.2205810546875
2.09	347.2205810546875
2.096	349.2320251464844
2.101	347.2205810546875
2.1069999999999998	0.0
2.113	0.0
2.119	0.0
2.125	0.0
2.13	0.0
2.136	0.0
2.142	0.0
2.148	0.0
2.154	245.5215301513672
2.1590000000000003	239.9137725830078
2.165	246.94381713867188
2.171	238.53195190429688
2.177	233.0838623046875
2.1830000000000003	235.79217529296875
2.188	254.17987060546875
2.194	257.1333312988281
2.2	260.1210632324219
2.206	261.6279602050781
2.2119999999999997	270.8542785644531
2.218	282.0304260253906
2.2230000000000003	282.0304260253906
2.229	277.1852722167969
2.235	258.6228942871094
2.241	248.37437438964844
2.247	237.15809631347656
2.252	241.30357360839844
2.258	225.14410400390625
2.2640000000000002	210.06680297851562
2.27	211.28370666503906
2.276	210.06680297851562
2.281	223.8473663330078
2.287	239.9137725830078
2.293	188.23226928710938
2.299	176.6442413330078
2.305	0.0
2.31	0.0
2.316	0.0
2.322	0.0
2.3280000000000003	0.0
2.334	0.0
2.339	0.0
2.345	0.0
2.351	0.0
2.3569999999999998	0.0
2.363	0.0
2.3680000000000003	0.0
2.374	0.0
2.38	0.0
2.386	0.0
2.392	0.0
2.397	0.0
2.403	0.0
2.4090000000000003	0.0
2.415	0.0
2.421	0.0
2.426	0.0
2.432	0.0
2.438	0.0
2.444	0.0
2.45	0.0
2.456	0.0
2.461	0.0
2.467	0.0
2.4730000000000003	0.0
2.479	0.0
2.485	0.0
2.49	347.2205810546875
2.496	349.2320251464844
2.502	351.2550964355469
2.508	351.2550964355469
2.5140000000000002	361.5477294921875
2.519	351.2550964355469
2.525	335.3929138183594
2.531	333.4611511230469
2.537	357.39495849609375
2.543	341.2555236816406
2.548	353.2899475097656
2.5540000000000003	341.2555236816406
2.56	353.2899475097656
2.5660000000000003	345.220703125
2.572	357.39495849609375
2.577	343.2323913574219
2.583	357.39495849609375
2.589	349.2320251464844
2.595	351.2550964355469
2.6010000000000004	351.2550964355469
2.6060000000000003	337.3358154296875
2.612	359.4653625488281
2.6180000000000003	347.2205810546875
2.6239999999999997	331.5405578613281
2.63	345.220703125
2.635	341.2555236816406
2.641	347.2205810546875
2.647	353.2899475097656
2.653	345.220703125
2.659	333.4611511230469
2.6639999999999997	349.2320251464844
2.67	345.220703125
2.676	349.2320251464844
2.682	347.2205810546875
2.688	345.220703125
2.694	347.2205810546875
2.699	355.3365173339844
2.705	343.2323913574219
2.7110000000000003	325.8448486328125
2.717	277.1852722167969
2.7230000000000003	396.5548095703125
2.728	420.13531494140625
2.734	408.1748046875
2.74	385.2655944824219
2.7460000000000004	389.7421875
2.752	385.2655944824219
2.7569999999999997	376.4660339355469
2.763	355.3365173339844
2.7689999999999997	359.4653625488281
2.775	355.3365173339844
2.781	359.4653625488281
2.786	333.4611511230469
2.792	351.2550964355469
2.798	339.2900085449219
2.804	353.2899475097656
2.81	345.220703125
2.815	353.2899475097656
2.821	345.220703125
2.827	327.73248291015625
2.833	347.2205810546875
2.839	351.2550964355469
2.844	351.2550964355469
2.85	347.2205810546875
2.8560000000000003	341.2555236816406
2.862	355.3365173339844
2.8680000000000003	347.2205810546875
2.873	325.8448486328125
2.8789999999999996	323.9681091308594
2.885	304.0238952636719
2.891	288.6225891113281
2.897	286.9602355957031
2.9019999999999997	283.6641845703125
2.908	277.1852722167969
2.9139999999999997	280.4060363769531
2.92	288.6225891113281
2.926	293.6676330566406
2.932	295.36883544921875
2.937	297.0799255371094
2.943	290.2945861816406
2.949	275.5887756347656
2.955	261.6279602050781
2.9610000000000003	260.1210632324219
2.966	263.1435852050781
2.972	260.1210632324219
2.978	260.1210632324219
2.984	264.6679382324219
2.99	391.99993896484375
2.995	391.99993896484375
3.0010000000000003	394.27081298828125
3.0069999999999997	369.99853515625
3.013	387.4974365234375
3.0189999999999997	396.5548095703125
3.0239999999999996	391.99993896484375
3.03	398.8520202636719
3.036	394.27081298828125
3.042	387.4974365234375
3.048	403.4864807128906
3.053	391.99993896484375
3.0589999999999997	374.2977600097656
3.065	594.1622314453125
3.071	587.3377075195312
3.077	583.954833984375
3.082	587.3377075195312
3.088	590.7401123046875
3.094	580.591552734375
3.1	587.3377075195312
3.1060000000000003	587.3377075195312
3.111	583.954833984375
3.117	587.3377075195312
3.123	583.954833984375
3.1289999999999996	587.3377075195312
3.135	583.954833984375
3.14	583.954833984375
3.1460000000000004	583.954833984375
3.1519999999999997	583.954833984375
3.158	583.954833984375
3.1639999999999997	583.954833984375
3.17	580.591552734375
3.175	583.954833984375
3.181	583.954833984375
3.187	587.3377075195312
3.193	583.954833984375
3.199	583.954833984375
3.2039999999999997	587.3377075195312
3.21	583.954833984375
3.216	583.954833984375
3.222	587.3377075195312
3.228	573.9227905273438
3.233	590.7401123046875
3.239	587.3377075195312
3.245	597.6041870117188
3.2510000000000003	590.7401123046875
3.2569999999999997	583.954833984375
3.262	560.8143310546875
3.2680000000000002	517.2478637695312
3.2739999999999996	526.2892456054688
3.28	523.258056640625
3.286	523.258056640625
3.2910000000000004	520.2442626953125
3.2969999999999997	520.2442626953125
3.303	523.258056640625
3.3089999999999997	520.2442626953125
3.315	520.2442626953125
3.32	523.258056640625
3.326	526.2892456054688
3.332	520.2442626953125
3.338	505.4338684082031
3.344	517.2478637695312
3.3489999999999998	0.0
3.355	353.2899475097656
3.361	345.220703125
3.367	345.220703125
3.373	353.2899475097656
3.3789999999999996	351.2550964355469
3.384	329.6310119628906
3.39	309.3381652832031
3.3960000000000004	309.3381652832031
3.4019999999999997	316.5686340332031
3.408	307.5564880371094
3.4130000000000003	471.5862731933594
3.4189999999999996	468.8700866699219
3.425	466.16961669921875
3.431	471.5862731933594
3.437	460.81512451171875
3.4419999999999997	463.4846496582031
3.448	468.8700866699219
3.4539999999999997	463.4846496582031
3.46	466.16961669921875
3.466	468.8700866699219
3.471	468.8700866699219
3.477	466.16961669921875
3.483	466.16961669921875
3.489	458.1610107421875
3.495	468.8700866699219
3.5	463.4846496582031
3.5060000000000002	466.16961669921875
3.512	468.8700866699219
3.5180000000000002	466.16961669921875
3.5239999999999996	466.16961669921875
3.529	468.8700866699219
3.535	0.0
3.5410000000000004	0.0
3.5469999999999997	0.0
3.553	0.0
3.5580000000000003	0.0
3.5639999999999996	0.0
3.57	0.0
3.576	0.0
3.582	0.0
3.5869999999999997	0.0
3.593	0.0
3.5989999999999998	0.0
3.605	0.0
3.611	0.0
3.617	0.0
3.622	0.0
3.628	0.0
3.634	0.0
3.64	0.0
3.6460000000000004	0.0
3.6510000000000002	0.0
3.657	0.0
3.6630000000000003	0.0
3.6689999999999996	0.0
3.675	0.0
3.68	0.0
3.6860000000000004	0.0
3.6919999999999997	0.0
3.698	285.3074645996094
3.7039999999999997	288.6225891113281
3.7089999999999996	314.74530029296875
3.715	298.8009033203125
3.721	291.9762268066406
3.727	304.0238952636719
3.733	297.0799255371094
3.738	311.1301574707031
3.7439999999999998	309.3381652832031
3.75	314.74530029296875
3.7560000000000002	314.74530029296875
3.762	325.8448486328125
3.767	325.8448486328125
3.773	316.5686340332031
3.779	316.5686340332031
3.785	314.74530029296875
3.7910000000000004	323.9681091308594
3.7960000000000003	283.6641845703125
3.802	290.2945861816406
3.8080000000000003	304.0238952636719
3.8139999999999996	297.0799255371094
3.82	283.6641845703125
3.825	285.3074645996094
3.8310000000000004	285.3074645996094
3.8369999999999997	305.7850646972656
3.843	293.6676330566406
3.8489999999999998	286.9602355957031
3.855	290.2945861816406
3.86	305.7850646972656
3.866	320.24700927734375
3.872	337.3358154296875
3.878	331.5405578613281
3.884	329.6310119628906
3.889	314.74530029296875
3.895	327.73248291015625
3.9010000000000002	323.9681091308594
3.907	353.2899475097656
3.9130000000000003	347.2205810546875
3.918	339.2900085449219
3.924	345.220703125
3.93	345.220703125
3.9360000000000004	339.2900085449219
3.9419999999999997	333.4611511230469
3.947	347.2205810546875
3.9530000000000003	331.5405578613281
3.9589999999999996	333.4611511230469
3.965	339.2900085449219
3.971	0.0
3.9760000000000004	0.0
3.9819999999999998	0.0
3.988	0.0
3.9939999999999998	0.0
4.0	0.0
4.005	0.0
4.011	0.0
4.0169999999999995	0.0
4.023	0.0
4.029	0.0
4.034	0.0
4.04	0.0
4.046	0.0
4.052	0.0
4.058	0.0
4.063	0.0
4.069	0.0
4.075	380.84039306640625
4.081	391.99993896484375
4.087	387.4974365234375
4.093	383.0466003417969
4.098	374.2977600097656
4.104	398.8520202636719
4.11	385.2655944824219
4.1160000000000005	396.5548095703125
4.122	363.64215087890625
4.127	355.3365173339844
4.133	361.5477294921875
4.138999999999999	341.2555236816406
4.145	361.5477294921875
4.151	347.2205810546875
4.156000000000001	367.8675231933594
4.162	391.99993896484375
4.168	389.7421875
4.1739999999999995	396.5548095703125
4.18	391.99993896484375
4.185	391.99993896484375
4.191	391.99993896484375
4.197	396.5548095703125
4.203	394.27081298828125
4.209	391.99993896484375
4.2139999999999995	394.27081298828125
4.22	389.7421875
4.226	391.99993896484375
4.232	394.27081298828125
4.238	389.7421875
4.243	391.99993896484375
4.249	385.2655944824219
4.255	387.4974365234375
4.261	389.7421875
4.2669999999999995	0.0
4.272	0.0
4.2780000000000005	0.0
4.284	0.0
4.29	0.0
4.296	0.0
4.301	0.0
4.3069999999999995	0.0
4.313	0.0
4.319	0.0
4.325	0.0
4.331	0.0
4.336	0.0
4.342	0.0
4.348	0.0
4.354	0.0
4.36	0.0
4.365	0.0
4.371	0.0
4.377	0.0
4.383	0.0
4.388999999999999	0.0
4.394	0.0
4.4	0.0
4.406000000000001	0.0
4.412	0.0
4.418	0.0
4.423	0.0
4.428999999999999	0.0
4.435	0.0
4.441	0.0
4.447	0.0
4.452	0.0
4.458	0.0
4.4639999999999995	0.0
4.47	0.0
4.476	0.0
4.481	0.0
4.487	0.0
4.493	0.0
4.499	0.0
4.505	0.0
4.51	0.0
4.516	0.0
4.522	0.0
4.5280000000000005	0.0
4.534	0.0
4.54	0.0
4.545	0.0
4.551	0.0
4.5569999999999995	0.0
4.563	0.0
4.569	0.0
4.574	0.0
4.58	0.0
4.586	0.0
4.592	0.0
4.598	0.0
4.603	0.0
4.609	0.0
4.615	0.0
4.621	0.0
4.627	0.0
4.632	0.0
4.638	0.0
4.644	0.0
4.65	0.0
4.656000000000001	0.0
4.6610000000000005	0.0
4.667	0.0
4.673	0.0
4.678999999999999	0.0
4.685	0.0
4.69	0.0
4.696000000000001	0.0
4.702	0.0
4.708	0.0
4.7139999999999995	0.0
4.718999999999999	0.0
4.725	0.0
4.731	0.0
4.737	0.0
4.743	0.0
4.748	0.0
4.754	0.0
4.76	0.0
4.766	0.0
4.772	0.0
4.7780000000000005	0.0
4.783	0.0
4.789	0.0
4.795	0.0
4.801	0.0
4.8069999999999995	0.0
4.812	0.0
4.8180000000000005	0.0
4.824	0.0
4.83	0.0
4.836	0.0
4.841	0.0
4.8469999999999995	0.0
4.853	0.0
4.859	0.0
4.865	0.0
4.87	0.0
4.876	0.0
4.882	0.0
4.888	0.0
4.894	0.0
4.899	0.0
4.905	0.0
4.9110000000000005	0.0
4.917	0.0
4.923	0.0
4.928	0.0
4.934	0.0
4.94	0.0
4.946000000000001	0.0
4.952	0.0
4.957	0.0
4.963	0.0
4.968999999999999	0.0
4.975	0.0
4.981	0.0
4.986000000000001	0.0
4.992	0.0
4.998	0.0
5.004	0.0
5.01	0.0
5.016	0.0
5.021	0.0
5.027	0.0
5.033	0.0
5.039	0.0
5.045	0.0
5.05	0.0
5.056	0.0
5.062	0.0
5.0680000000000005	0.0
5.074	0.0
5.079	0.0
5.085	0.0
5.091	0.0
5.0969999999999995	0.0
5.103	0.0
5.1080000000000005	0.0
5.114	0.0
5.12	0.0
5.126	0.0
5.132000000000001	0.0
5.1370000000000005	0.0
5.143	0.0
5.149	0.0
5.155	694.4439697265625
5.1610000000000005	702.5130615234375
5.166	694.4439697265625
5.172000000000001	698.4669189453125
5.178	702.5130615234375
5.184	690.4442138671875
5.19	698.4669189453125
5.195	694.4439697265625
5.2010000000000005	694.4439697265625
5.207000000000001	698.4669189453125
5.212999999999999	690.4442138671875
5.218999999999999	698.4669189453125
5.224	694.4439697265625
5.23	694.4439697265625
5.236000000000001	694.4439697265625
5.242000000000001	690.4442138671875
5.247999999999999	694.4439697265625
5.254	698.4669189453125
5.2589999999999995	698.4669189453125
5.265	698.4669189453125
5.271	698.4669189453125
5.277	698.4669189453125
5.2829999999999995	698.4669189453125
5.287999999999999	698.4669189453125
5.294	702.5130615234375
5.3	698.4669189453125
5.306	702.5130615234375
5.312	698.4669189453125
5.317	690.4442138671875
5.3229999999999995	698.4669189453125
5.329	698.4669189453125
5.335	694.4439697265625
5.341	694.4439697265625
5.346	694.4439697265625
5.352	694.4439697265625
5.358	694.4439697265625
5.364	694.4439697265625
5.37	694.4439697265625
5.375	698.4669189453125
5.381	694.4439697265625
5.3870000000000005	694.4439697265625
5.393	702.5130615234375
5.399	690.4442138671875
5.404	694.4439697265625
5.41	698.4669189453125
5.416	690.4442138671875
5.422000000000001	698.4669189453125
5.428	698.4669189453125
5.433	694.4439697265625
5.439	694.4439697265625
5.445	682.5137939453125
5.4510000000000005	690.4442138671875
5.457000000000001	698.4669189453125
5.462000000000001	698.4669189453125
5.468	690.4442138671875
5.474	694.4439697265625
5.48	694.4439697265625
5.486000000000001	698.4669189453125
5.492000000000001	702.5130615234375
5.497000000000001	690.4442138671875
5.502999999999999	694.4439697265625
5.5089999999999995	322.1021728515625
5.515	343.2323913574219
5.521	349.2320251464844
5.526	351.2550964355469
5.532	343.2323913574219
5.537999999999999	280.4060363769531
5.544	285.3074645996094
5.55	275.5887756347656
5.555	275.5887756347656
5.561	261.6279602050781
5.567	274.0014953613281
5.5729999999999995	269.2942810058594
5.579	275.5887756347656
5.584	278.7909851074219
5.59	272.42333984375
5.596	295.36883544921875
5.602	285.3074645996094
5.608	280.4060363769531
5.6129999999999995	280.4060363769531
5.619	0.0
5.625	0.0
5.631	0.0
5.6370000000000005	0.0
5.642	0.0
5.648	0.0
5.654	0.0
5.66	0.0
5.666	0.0
5.671	0.0
5.6770000000000005	0.0
5.683	0.0
5.689	0.0
5.695	0.0
5.7	0.0
5.706	0.0
5.712000000000001	0.0
5.718	0.0
5.724	0.0
5.73	0.0
5.735	0.0
5.7410000000000005	0.0
5.747000000000001	0.0
5.752999999999999	0.0
5.7589999999999995	0.0
5.763999999999999	0.0
5.77	0.0
5.776	0.0
5.782	0.0
5.787999999999999	239.9137725830078
5.792999999999999	230.40664672851562
5.7989999999999995	234.43411254882812
5.805	231.7413787841797
5.811	229.07958984375
5.817	237.15809631347656
5.822	234.43411254882812
5.827999999999999	231.7413787841797
5.834	251.26034545898438
5.84	260.1210632324219
5.846	251.26034545898438
5.851	248.37437438964844
5.857	245.5215301513672
5.8629999999999995	245.5215301513672
5.869	234.43411254882812
5.875	234.43411254882812
5.88	233.0838623046875
5.886	238.53195190429688
5.892	235.79217529296875
5.898	615.115478515625
5.904	625.8675537109375
5.909	618.6788330078125
5.915	622.2628173828125
5.921	622.2628173828125
5.9270000000000005	618.6788330078125
5.933	622.2628173828125
5.939	615.115478515625
5.944	618.6788330078125
5.95	618.6788330078125
5.956	622.2628173828125
5.962000000000001	615.115478515625
5.968	618.6788330078125
5.973	622.2628173828125
5.979	618.6788330078125
5.985	618.6788330078125
5.9910000000000005	615.115478515625
5.997000000000001	618.6788330078125
6.002000000000001	615.115478515625
6.007999999999999	622.2628173828125
6.013999999999999	618.6788330078125
6.02	622.2628173828125
6.026	622.2628173828125
6.031000000000001	618.6788330078125
6.037000000000001	622.2628173828125
6.042999999999999	618.6788330078125
6.0489999999999995	0.0
6.055	0.0
6.06	0.0
6.066	686.467529296875
6.072	702.5130615234375
6.077999999999999	686.467529296875
6.084	698.4669189453125
6.0889999999999995	702.5130615234375
6.095	694.4439697265625
6.101	698.4669189453125
6.107	694.4439697265625
6.1129999999999995	694.4439697265625
6.117999999999999	694.4439697265625
6.124	694.4439697265625
6.13	694.4439697265625
6.136	694.4439697265625
6.142	690.4442138671875
6.147	690.4442138671875
6.153	694.4439697265625
6.159	698.4669189453125
6.165	694.4439697265625
6.171	698.4669189453125
6.1770000000000005	698.4669189453125
6.182	698.4669189453125
6.188	694.4439697265625
6.194	702.5130615234375
6.2	698.4669189453125
6.206	710.6759643554688
6.211	706.5827026367188
6.2170000000000005	686.467529296875
6.223	694.4439697265625
6.229	694.4439697265625
6.235	698.4669189453125
6.24	694.4439697265625
6.246	690.4442138671875
6.252000000000001	694.4439697265625
6.257999999999999	690.4442138671875
6.263999999999999	698.4669189453125
6.269	694.4439697265625
6.275	698.4669189453125
6.281000000000001	694.4439697265625
6.287000000000001	694.4439697265625
6.292999999999999	698.4669189453125
6.297999999999999	698.4669189453125
6.303999999999999	694.4439697265625
6.31	698.4669189453125
6.316	690.4442138671875
6.322	698.4669189453125
6.327000000000001	694.4439697265625
6.332999999999999	694.4439697265625
6.3389999999999995	694.4439697265625
6.345	694.4439697265625
6.351	694.4439697265625
6.356	690.4442138671875
6.362	690.4442138671875
6.367999999999999	694.4439697265625
6.374	694.4439697265625
6.38	694.4439697265625
6.385	690.4442138671875
6.391	723.098388671875
6.397	784.0030517578125
6.403	784.0030517578125
6.409	784.0030517578125
6.415	784.0030517578125
6.42	784.0030517578125
6.426	784.0030517578125
6.432	784.0030517578125
6.438	784.0030517578125
6.444	784.0030517578125
6.449	784.0030517578125
6.455	779.487548828125
6.461	788.5447998046875
6.4670000000000005	779.487548828125
6.473	793.11279296875
6.478	774.9979858398438
6.484	788.5447998046875
6.49	770.5343017578125
6.496	788.5447998046875
6.502000000000001	784.0030517578125
6.507000000000001	784.0030517578125
6.513	788.5447998046875
6.519	784.0030517578125
6.525	793.11279296875
6.531000000000001	784.0030517578125
6.5360000000000005	793.11279296875
6.542000000000001	784.0030517578125
6.547999999999999	779.487548828125
6.553999999999999	788.5447998046875
6.56	784.0030517578125
6.565	793.11279296875
6.571000000000001	779.487548828125
6.577000000000001	788.5447998046875
6.582999999999999	784.0030517578125
6.5889999999999995	779.487548828125
6.593999999999999	793.11279296875
6.6	788.5447998046875
6.606	784.0030517578125
6.612	788.5447998046875
6.617999999999999	788.5447998046875
6.622999999999999	784.0030517578125
6.629	788.5447998046875
6.635	784.0030517578125
6.641	788.5447998046875
6.647	761.6839599609375
6.653	811.6510620117188
6.6579999999999995	779.487548828125
6.664	797.707275390625
6.67	779.487548828125
6.676	0.0
6.682	0.0
6.687	0.0
6.693	0.0
6.699	0.0
6.705	0.0
6.711	0.0
6.716	0.0
6.722	0.0
6.728	0.0
6.734	0.0
6.74	0.0
6.745	0.0
6.751	0.0
6.757000000000001	0.0
6.763	0.0
6.769	0.0
6.774	0.0
6.78	0.0
6.7860000000000005	0.0
6.792000000000001	0.0
6.797999999999999	0.0
6.803	0.0
6.809	0.0
6.815	0.0
6.821000000000001	0.0
6.827000000000001	0.0
6.832000000000001	0.0
6.837999999999999	0.0
6.843999999999999	0.0
6.85	0.0
6.856	0.0
6.861000000000001	0.0
6.867000000000001	0.0
6.872999999999999	0.0
6.879	0.0
6.885	0.0
6.891	0.0
6.896	0.0
6.902	0.0
6.9079999999999995	0.0
6.914	0.0
6.92	0.0
6.925	0.0
6.931	0.0
6.937	0.0
6.943	0.0
6.949	0.0
6.954	0.0
6.96	0.0
6.966	0.0
6.972	309.3381652832031
6.978	290.2945861816406
6.983	290.2945861816406
6.989	295.36883544921875
6.995	295.36883544921875
7.001	285.3074645996094
7.007000000000001	264.6679382324219
7.0120000000000005	267.7432556152344
7.018	272.42333984375
7.024	258.6228942871094
7.03	248.37437438964844
7.0360000000000005	235.79217529296875
7.041	233.0838623046875
7.047000000000001	234.43411254882812
7.053	229.07958984375
7.059	239.9137725830078
7.065	248.37437438964844
7.07	231.7413787841797
7.0760000000000005	234.43411254882812
7.082000000000001	233.0838623046875
7.087999999999999	237.15809631347656
7.093999999999999	235.79217529296875
7.1	235.79217529296875
7.105	234.43411254882812
7.111000000000001	234.43411254882812
7.117000000000001	235.79217529296875
7.122999999999999	234.43411254882812
7.129	235.79217529296875
7.1339999999999995	234.43411254882812
7.14	233.0838623046875
7.146	234.43411254882812
7.152	234.43411254882812
7.1579999999999995	0.0
7.162999999999999	0.0
7.169	0.0
7.175	0.0
7.181	0.0
7.187	0.0
7.192	0.0
7.1979999999999995	0.0
7.204	0.0
7.21	0.0
7.216	0.0
7.221	0.0
7.227	0.0
7.233	0.0
7.239	0.0
7.245	0.0
7.25	0.0
7.256	0.0
7.2620000000000005	0.0
7.268	0.0
7.274	0.0
7.279	0.0
7.285	0.0
7.291	0.0
7.297000000000001	285.3074645996094
7.303	309.3381652832031
7.308	311.1301574707031
7.314	311.1301574707031
7.32	307.5564880371094
7.3260000000000005	311.1301574707031
7.332000000000001	309.3381652832031
7.337999999999999	311.1301574707031
7.343	311.1301574707031
7.349	309.3381652832031
7.355	309.3381652832031
7.361000000000001	305.7850646972656
7.367000000000001	309.3381652832031
7.372000000000001	309.3381652832031
7.377999999999999	312.9324951171875
7.3839999999999995	309.3381652832031
7.39	318.4024963378906
7.396	309.3381652832031
7.401	312.9324951171875
7.407	302.2728271484375
7.412999999999999	280.4060363769531
7.419	304.0238952636719
7.425	312.9324951171875
7.43	309.3381652832031
7.436	311.1301574707031
7.442	172.60964965820312
7.4479999999999995	177.66754150390625
7.454	177.66754150390625
7.459	190.41943359375
7.465	191.52252197265625
7.471	189.32269287109375
7.477	191.52252197265625
7.483	190.41943359375
7.4879999999999995	197.1345977783203
7.494	204.08657836914062
7.5	208.8568878173828
7.506	205.2688446044922
7.5120000000000005	208.8568878173828
7.517	207.65396118164062
7.523	207.65396118164062
7.529	210.06680297851562
7.535	208.8568878173828
7.541	216.22227478027344
7.546	207.65396118164062
7.5520000000000005	204.08657836914062
7.558	207.65396118164062
7.564	204.08657836914062
7.57	206.4579620361328
7.5760000000000005	207.65396118164062
7.581	206.4579620361328
7.587000000000001	200.58045959472656
7.593	199.42520141601562
7.599	210.06680297851562
7.605	205.2688446044922
7.61	202.91110229492188
7.6160000000000005	204.08657836914062
7.622000000000001	208.8568878173828
7.627999999999999	205.2688446044922
7.6339999999999995	210.06680297851562
7.638999999999999	205.2688446044922
7.645	206.4579620361328
7.651	208.8568878173828
7.657	208.8568878173828
7.662999999999999	213.7387237548828
7.667999999999999	206.4579620361328
7.6739999999999995	210.06680297851562
7.68	208.8568878173828
7.686	206.4579620361328
7.692	208.8568878173828
7.697	210.06680297851562
7.702999999999999	208.8568878173828
7.709	208.8568878173828
7.715	208.8568878173828
7.721	206.4579620361328
7.726	207.65396118164062
7.732	225.14410400390625
7.7379999999999995	225.14410400390625
7.744	233.0838623046875
7.75	225.14410400390625
7.755	221.27626037597656
7.761	229.07958984375
7.767	241.30357360839844
7.773	248.37437438964844
7.779	248.37437438964844
7.784	246.94381713867188
7.79	248.37437438964844
7.796	245.5215301513672
7.8020000000000005	246.94381713867188
7.808	233.0838623046875
7.814	231.7413787841797
7.819	229.07958984375
7.825	223.8473663330078
7.831	205.2688446044922
7.837000000000001	210.06680297851562
7.843	205.2688446044922
7.848	205.2688446044922
7.854	221.27626037597656
7.86	220.0017852783203
7.8660000000000005	234.43411254882812
7.872000000000001	241.30357360839844
7.877000000000001	0.0
7.882999999999999	0.0
7.888999999999999	0.0
7.895	0.0
7.901	0.0
7.906000000000001	0.0
7.912000000000001	0.0
7.917999999999999	0.0
7.9239999999999995	0.0
7.93	0.0
7.935	0.0
7.941	0.0
7.947	0.0
7.952999999999999	0.0
7.959	0.0
7.9639999999999995	0.0
7.97	0.0
7.976	0.0
7.982	0.0
7.9879999999999995	0.0
7.992999999999999	0.0
7.999	0.0
8.005	0.0
8.011000000000001	0.0
8.017000000000001	0.0
8.022	0.0
8.027999999999999	0.0
8.033999999999999	0.0
8.04	0.0
8.046	0.0
8.052	0.0
8.057	0.0
8.062999999999999	0.0
8.068999999999999	0.0
8.075	0.0
8.081	0.0
8.086	0.0
8.092	0.0
8.097999999999999	0.0
8.104	0.0
8.11	0.0
8.115	0.0
8.121	0.0
8.127	0.0
8.133	0.0
8.139	0.0
8.144	0.0
8.15	0.0
8.156	0.0
8.162	0.0
8.168	0.0
8.173	0.0
8.179	0.0
8.185	0.0
8.191	0.0
8.197000000000001	0.0
8.202	0.0
8.208	0.0
8.214	0.0
8.22	0.0
8.226	0.0
8.231	257.1333312988281
8.237	263.1435852050781
8.243	264.6679382324219
8.249	258.6228942871094
8.255	260.1210632324219
8.26	261.6279602050781
8.266	282.0304260253906
8.272	304.0238952636719
8.277999999999999	311.1301574707031
8.283999999999999	311.1301574707031
8.29	311.1301574707031
8.295	309.3381652832031
8.301	316.5686340332031
8.307	316.5686340332031
8.312999999999999	314.74530029296875
8.318999999999999	309.3381652832031
8.324	312.9324951171875
8.33	316.5686340332031
8.336	312.9324951171875
8.342	297.0799255371094
8.347999999999999	290.2945861816406
8.353	288.6225891113281
8.359	280.4060363769531
8.365	282.0304260253906
8.371	280.4060363769531
8.377	283.6641845703125
8.382	264.6679382324219
8.388	260.1210632324219
8.394	261.6279602050781
8.4	248.37437438964844
8.406	258.6228942871094
8.411	264.6679382324219
8.417	260.1210632324219
8.423	260.1210632324219
8.429	261.6279602050781
8.435	277.1852722167969
8.44	0.0
8.446	0.0
8.452	0.0
8.458	0.0
8.464	0.0
8.469	0.0
8.475	0.0
8.481	0.0
8.487	0.0
8.493	0.0
8.499	0.0
8.504	0.0
8.51	0.0
8.516	0.0
8.522	0.0
8.527999999999999	0.0
8.533	0.0
8.539	0.0
8.545	0.0
8.551	0.0
8.557	0.0
8.562000000000001	0.0
8.568	0.0
8.574	0.0
8.58	0.0
8.586	0.0
8.591000000000001	0.0
8.597000000000001	0.0
8.603	0.0
8.609	0.0
8.615	0.0
8.62	0.0
8.626	0.0
8.632	0.0
8.638	0.0
8.644	0.0
8.649	0.0
8.655	0.0
8.661	0.0
8.667	0.0
8.673	0.0
8.677999999999999	0.0
8.684	0.0
8.69	0.0
8.696	0.0
8.702	0.0
8.707	0.0
8.713	0.0
8.719	0.0
8.725	0.0
8.731	0.0
8.737	0.0
8.742	0.0
8.748	0.0
8.754	0.0
8.76	0.0
8.766	0.0
8.771	0.0
8.777000000000001	0.0
8.783	0.0
8.789	0.0
8.795	0.0
8.8	0.0
8.806000000000001	0.0
8.812000000000001	0.0
8.818	0.0
8.824	0.0
8.829	0.0
8.835	0.0
8.841000000000001	0.0
8.847000000000001	0.0
8.853	0.0
8.857999999999999	0.0
8.863999999999999	0.0
8.87	0.0
8.876	0.0
8.882	0.0
8.887	0.0
8.892999999999999	0.0
8.899	0.0
8.905	0.0
8.911	0.0
8.916	0.0
8.922	0.0
8.927999999999999	0.0
8.934	0.0
8.94	0.0
8.945	0.0
8.951	0.0
8.957	0.0
8.963	0.0
8.969	0.0
8.975	0.0
8.98	0.0
8.986	0.0
8.992	0.0
8.998	0.0
9.004	0.0
9.009	0.0
9.015	0.0
9.021	0.0
9.027000000000001	0.0
9.033	0.0
9.038	0.0
9.044	0.0
9.05	0.0
9.056000000000001	0.0
9.062000000000001	0.0
9.067	0.0
9.073	0.0
9.079	0.0
9.085	0.0
9.091000000000001	0.0
9.096	0.0
9.102	0.0
9.107999999999999	0.0
9.113999999999999	0.0
9.12	0.0
9.125	0.0
9.131	0.0
9.137	0.0
9.142999999999999	0.0
9.149	0.0
9.154	0.0
9.16	0.0
9.166	0.0
9.172	0.0
9.177999999999999	0.0
9.183	0.0
9.189	0.0
9.195	0.0
9.201	0.0
9.207	0.0
9.213	0.0
9.218	0.0
9.224	0.0
9.23	0.0
9.236	0.0
9.242	0.0
9.247	0.0
9.253	0.0
9.259	0.0
9.265	0.0
9.271	0.0
9.276	0.0
9.282	0.0
9.288	0.0
9.294	0.0
9.3	0.0
9.305	0.0
9.311	0.0
9.317	0.0
9.323	0.0
9.329	0.0
9.334	0.0
9.34	0.0
9.346	0.0
9.352	0.0
9.357999999999999	0.0
9.363	0.0
9.369	0.0
9.375	0.0
9.381	0.0
9.387	0.0
9.392000000000001	0.0
9.398	0.0
9.404	0.0
9.41	0.0
9.416	0.0
9.421	0.0
9.427	0.0
9.433	0.0
9.439	0.0
9.445	0.0
9.451	0.0
9.456	0.0
9.462	0.0
9.468	0.0
9.474	0.0
9.48	0.0
9.485	0.0
9.491	0.0
9.497	0.0
9.503	0.0
9.509	0.0
9.514	0.0
9.52	0.0
9.526	0.0
9.532	0.0
9.538	385.2655944824219
9.543	403.4864807128906
9.549	396.5548095703125
9.555	378.64691162109375
9.561	385.2655944824219
9.567	389.7421875
9.572000000000001	412.9176025390625
9.578	427.47918701171875
9.584	434.9514465332031
9.59	452.8985900878906
9.596	415.30963134765625
9.601	387.4974365234375
9.607000000000001	398.8520202636719
9.613	387.4974365234375
9.619	412.9176025390625
9.625	401.1625671386719
9.63	391.99993896484375
9.636000000000001	391.99993896484375
9.642000000000001	410.5393371582031
9.648	0.0
9.654	0.0
9.66	0.0
9.665	0.0
9.671	0.0
9.677	0.0
9.683	0.0
9.689	0.0
9.693999999999999	230.40664672851562
9.7	239.9137725830078
9.706	244.107421875
9.712	245.5215301513672
9.718	252.71588134765625
9.722999999999999	258.6228942871094
9.729	249.8131866455078
9.735	257.1333312988281
9.741	274.0014953613281
9.747	261.6279602050781
9.752	260.1210632324219
9.758	267.7432556152344
9.764	249.8131866455078
9.77	263.1435852050781
9.776	266.201171875
9.781	278.7909851074219
9.787	257.1333312988281
9.793	274.0014953613281
9.799	274.0014953613281
9.805	257.1333312988281
9.81	260.1210632324219
9.816	258.6228942871094
9.822000000000001	261.6279602050781
9.828	267.7432556152344
9.834	248.37437438964844
9.839	229.07958984375
9.845	239.9137725830078
9.851	255.65234375
9.857000000000001	249.8131866455078
9.863	269.2942810058594
9.868	257.1333312988281
9.874	264.6679382324219
9.88	275.5887756347656
9.886000000000001	258.6228942871094
9.892000000000001	264.6679382324219
9.898	266.201171875
9.902999999999999	258.6228942871094
9.908999999999999	263.1435852050781
9.915	264.6679382324219
9.921	263.1435852050781
9.927	275.5887756347656
9.932	275.5887756347656
9.937999999999999	285.3074645996094
9.943999999999999	290.2945861816406
9.95	280.4060363769531
9.956	274.0014953613281
9.961	280.4060363769531
9.967	305.7850646972656
9.972999999999999	304.0238952636719
9.979	295.36883544921875
9.985	0.0
9.99	0.0
9.996	0.0
10.002	0.0
10.008	0.0
10.014	0.0
10.019	0.0
10.025	0.0
10.031	0.0
10.037	0.0
10.043	0.0
10.048	0.0
10.054	0.0
10.06	0.0
10.066	0.0
10.072000000000001	0.0
10.077	0.0
10.083	0.0
10.089	0.0
10.095	0.0
10.101	0.0
10.106	0.0
10.112	0.0
10.118	0.0
10.124	0.0
10.13	0.0
10.136000000000001	0.0
10.141	0.0
10.147	0.0
10.152999999999999	0.0
10.158999999999999	0.0
10.165	0.0
10.17	0.0
10.176	0.0
10.182	0.0
10.187999999999999	0.0
10.193999999999999	0.0
10.199	0.0
10.205	0.0
10.211	0.0
10.217	0.0
10.222999999999999	0.0
10.228	0.0
10.234	0.0
10.24	0.0
10.245999999999999	0.0
10.252	0.0
10.257	0.0
10.263	0.0
10.269	0.0
10.275	0.0
10.280999999999999	0.0
10.286	0.0
10.292	0.0
10.298	0.0
10.304	0.0
10.31	0.0
10.315	0.0
10.321	0.0
10.327	0.0
10.333	0.0
10.339	0.0
10.344000000000001	0.0
10.35	0.0
10.356	0.0
10.362	0.0
10.368	0.0
10.374	0.0
10.379000000000001	0.0
10.385	0.0
10.390999999999998	0.0
10.397	312.9324951171875
10.402999999999999	290.2945861816406
10.408	280.4060363769531
10.414000000000001	282.0304260253906
10.42	260.1210632324219
10.425999999999998	264.6679382324219
10.432	255.65234375
10.437000000000001	267.7432556152344
10.443	260.1210632324219
10.449000000000002	254.17987060546875
10.455	258.6228942871094
10.460999999999999	251.26034545898438
10.466	254.17987060546875
10.472000000000001	264.6679382324219
10.478	261.6279602050781
10.484000000000002	244.107421875
10.49	260.1210632324219
10.495	264.6679382324219
10.501	258.6228942871094
10.507	267.7432556152344
10.513	269.2942810058594
10.519	266.201171875
10.524000000000001	260.1210632324219
10.53	275.5887756347656
10.536	261.6279602050781
10.542	254.17987060546875
10.548	245.5215301513672
10.552999999999999	241.30357360839844
10.559000000000001	0.0
10.565	0.0
10.571	0.0
10.577	0.0
10.582	0.0
10.588	0.0
10.594000000000001	0.0
10.6	0.0
10.606	0.0
10.612	0.0
10.617	0.0
10.623	0.0
10.629000000000001	0.0
10.635	0.0
10.640999999999998	0.0
10.645999999999999	0.0
10.652000000000001	0.0
10.658	0.0
10.664000000000001	0.0
10.67	0.0
10.675	0.0
10.681	0.0
10.687000000000001	0.0
10.693	0.0
10.699000000000002	0.0
10.704	0.0
10.71	0.0
10.716	0.0
10.722000000000001	0.0
10.728	0.0
10.732999999999999	0.0
10.739	0.0
10.745	0.0
10.751	0.0
10.757	0.0
10.762	0.0
10.767999999999999	0.0
10.774000000000001	0.0
10.78	0.0
10.786	0.0
10.790999999999999	0.0
10.797	0.0
10.802999999999999	0.0
10.809000000000001	0.0
10.815	0.0
10.82	0.0
10.825999999999999	0.0
10.832	0.0
10.838	0.0
10.844000000000001	0.0
10.85	0.0
10.855	0.0
10.860999999999999	0.0
10.867	0.0
10.873	0.0
10.879000000000001	0.0
10.884	0.0
10.89	0.0
10.895999999999999	0.0
10.902000000000001	0.0
10.908	0.0
10.913	0.0
10.919	0.0
10.925	0.0
10.931	0.0
10.937000000000001	0.0
10.942	0.0
10.948	0.0
10.954	0.0
10.96	0.0
10.966	0.0
10.970999999999998	0.0
10.977	0.0
10.982999999999999	0.0
10.989	0.0
10.995	0.0
11.0	0.0
11.005999999999998	0.0
11.012	0.0
11.017999999999999	0.0
11.024000000000001	0.0
11.029000000000002	0.0
11.035	0.0
11.040999999999999	0.0
11.047	0.0
11.052999999999999	0.0
11.059000000000001	0.0
11.064	0.0
11.07	0.0
11.075999999999999	0.0
11.082	0.0
11.088	0.0
11.093	0.0
11.099	0.0
11.105	0.0
11.110999999999999	0.0
11.117	0.0
11.122	0.0
11.128	0.0
11.134	0.0
11.14	0.0
11.145999999999999	0.0
11.151	0.0
11.157	0.0
11.163	0.0
11.169	0.0
11.175	0.0
11.18	0.0
11.186	0.0
11.192	0.0
11.198	0.0
11.204	0.0
11.209000000000001	0.0
11.215	0.0
11.220999999999998	0.0
11.227	0.0
11.232999999999999	0.0
11.238	0.0
11.244000000000002	0.0
11.25	0.0
11.255999999999998	0.0
11.262	0.0
11.267000000000001	0.0
11.273	0.0
11.279000000000002	0.0
11.285	0.0
11.290999999999999	0.0
11.297	0.0
11.302	0.0
11.308	186.07022094726562
11.314	171.61549377441406
11.32	167.69577026367188
11.325999999999999	167.69577026367188
11.331	167.69577026367188
11.337	167.69577026367188
11.343	168.66722106933594
11.349	178.69676208496094
11.355	167.69577026367188
11.36	167.69577026367188
11.366	164.81484985351562
11.372	166.72988891601562
11.378	166.72988891601562
11.384	166.72988891601562
11.389000000000001	166.72988891601562
11.395	167.69577026367188
11.401	166.72988891601562
11.407	166.72988891601562
11.413	168.66722106933594
11.418	167.69577026367188
11.424000000000001	167.69577026367188
11.43	167.69577026367188
11.436	165.7696075439453
11.442	157.3720245361328
11.447000000000001	162.92176818847656
11.453	163.86557006835938
11.459000000000001	174.6153106689453
11.465	166.72988891601562
11.470999999999998	155.564453125
11.475999999999999	147.683837890625
11.482000000000001	146.83323669433594
11.488	156.4656219482422
11.494000000000002	147.683837890625
11.5	150.26531982421875
11.505	146.83323669433594
11.511	157.3720245361328
11.517000000000001	168.66722106933594
11.523	169.64431762695312
11.529000000000002	169.64431762695312
11.535	166.72988891601562
11.54	170.62705993652344
11.546	170.62705993652344
11.552	174.6153106689453
11.558	169.64431762695312
11.564	174.6153106689453
11.569	174.6153106689453
11.575	165.7696075439453
11.581	174.6153106689453
11.587	180.77313232421875
11.593	170.62705993652344
11.597999999999999	176.6442413330078
11.604000000000001	176.6442413330078
11.61	175.62684631347656
11.616	173.6095733642578
11.622	159.2006072998047
11.627	165.7696075439453
11.633	174.6153106689453
11.639000000000001	172.60964965820312
11.645	177.66754150390625
11.651	174.6153106689453
11.655999999999999	186.07022094726562
11.662	248.37437438964844
11.668	235.79217529296875
11.674000000000001	220.0017852783203
11.68	222.55809020996094
11.685	235.79217529296875
11.690999999999999	229.07958984375
11.697000000000001	227.7601776123047
11.703	229.07958984375
11.709000000000001	234.43411254882812
11.714	234.43411254882812
11.72	227.7601776123047
11.725999999999999	223.8473663330078
11.732000000000001	220.0017852783203
11.738	239.9137725830078
11.743	0.0
11.749	0.0
11.755	255.65234375
11.761	237.15809631347656
11.767000000000001	234.43411254882812
11.773	304.0238952636719
11.777999999999999	293.6676330566406
11.784	302.2728271484375
11.79	314.74530029296875
11.796	312.9324951171875
11.802	304.0238952636719
11.807	309.3381652832031
11.812999999999999	311.1301574707031
11.819	311.1301574707031
11.825	309.3381652832031
11.831	309.3381652832031
11.835999999999999	311.1301574707031
11.842	318.4024963378906
11.847999999999999	305.7850646972656
11.854000000000001	314.74530029296875
11.86	309.3381652832031
11.865	311.1301574707031
11.870999999999999	314.74530029296875
11.877	309.3381652832031
11.883	312.9324951171875
11.889000000000001	316.5686340332031
11.894	309.3381652832031
11.9	302.2728271484375
11.905999999999999	312.9324951171875
11.912	311.1301574707031
11.918	318.4024963378906
11.923	241.30357360839844
11.929	0.0
11.935	0.0
11.940999999999999	0.0
11.947000000000001	0.0
11.952	0.0
11.958	0.0
11.964	0.0
11.97	0.0
11.975999999999999	0.0
11.981	0.0
11.987	0.0
11.993	0.0
11.999	0.0
12.005	0.0
12.011	0.0
12.015999999999998	0.0
12.022	0.0
12.027999999999999	0.0
12.034	0.0
12.04	0.0
12.045	0.0
12.050999999999998	0.0
12.057	0.0
12.062999999999999	249.8131866455078
12.069	257.1333312988281
12.074000000000002	257.1333312988281
12.08	249.8131866455078
12.085999999999999	261.6279602050781
12.092	255.65234375
12.097999999999999	258.6228942871094
12.103	261.6279602050781
12.109000000000002	260.1210632324219
12.115	258.6228942871094
12.120999999999999	255.65234375
12.127	260.1210632324219
12.132	260.1210632324219
12.138	260.1210632324219
12.144	260.1210632324219
12.15	261.6279602050781
12.155999999999999	260.1210632324219
12.161	261.6279602050781
12.167	257.1333312988281
12.173	254.17987060546875
12.179	258.6228942871094
12.185	263.1435852050781
12.19	258.6228942871094
12.196	258.6228942871094
12.202	258.6228942871094
12.208	261.6279602050781
12.214	260.1210632324219
12.22	264.6679382324219
12.225	261.6279602050781
12.231	261.6279602050781
12.237	249.8131866455078
12.243	260.1210632324219
12.249	255.65234375
12.254000000000001	260.1210632324219
12.26	257.1333312988281
12.265999999999998	260.1210632324219
12.272	254.17987060546875
12.277999999999999	264.6679382324219
12.283	258.6228942871094
12.289000000000001	278.7909851074219
12.295	258.6228942871094
12.300999999999998	255.65234375
12.307	267.7432556152344
12.312000000000001	270.8542785644531
12.318	260.1210632324219
12.324000000000002	261.6279602050781
12.33	267.7432556152344
12.335999999999999	257.1333312988281
12.341	257.1333312988281
12.347000000000001	277.1852722167969
12.353	267.7432556152344
12.359000000000002	283.6641845703125
12.365	293.6676330566406
12.37	285.3074645996094
12.376	286.9602355957031
12.382	280.4060363769531
12.388	261.6279602050781
12.394	261.6279602050781
12.399000000000001	258.6228942871094
12.405	260.1210632324219
12.411	263.1435852050781
12.417	257.1333312988281
12.423	257.1333312988281
12.427999999999999	261.6279602050781
12.434000000000001	258.6228942871094
12.44	269.2942810058594
12.446	260.1210632324219
12.452	258.6228942871094
12.458	280.4060363769531
12.463	252.71588134765625
12.469000000000001	263.1435852050781
12.475	258.6228942871094
12.481	264.6679382324219
12.487	260.1210632324219
12.492	255.65234375
12.498	241.30357360839844
12.504000000000001	257.1333312988281
12.51	258.6228942871094
12.515999999999998	264.6679382324219
12.520999999999999	258.6228942871094
12.527000000000001	261.6279602050781
12.533	258.6228942871094
12.539000000000001	261.6279602050781
12.545	260.1210632324219
12.55	261.6279602050781
12.556	264.6679382324219
12.562000000000001	261.6279602050781
12.568	260.1210632324219
12.574000000000002	263.1435852050781
12.579	261.6279602050781
12.585	260.1210632324219
12.591	261.6279602050781
12.597000000000001	266.201171875
12.603	255.65234375
12.607999999999999	261.6279602050781
12.614	263.1435852050781
12.62	246.94381713867188
12.626	267.7432556152344
12.632	257.1333312988281
12.637	263.1435852050781
12.642999999999999	218.7346649169922
12.649000000000001	230.40664672851562
12.655	231.7413787841797
12.661	214.97691345214844
12.665999999999999	0.0
12.672	0.0
12.677999999999999	0.0
12.684000000000001	0.0
12.69	0.0
12.696	0.0
12.700999999999999	0.0
12.707	0.0
12.713	0.0
12.719000000000001	0.0
12.725	0.0
12.73	0.0
12.735999999999999	0.0
12.742	0.0
12.748	0.0
12.754000000000001	0.0
12.759	0.0
12.765	0.0
12.770999999999999	0.0
12.777000000000001	0.0
12.783	0.0
12.788	0.0
12.794	0.0
12.8	0.0
12.806	0.0
12.812000000000001	0.0
12.817	0.0
12.823	0.0
12.829	0.0
12.835	0.0
12.841	0.0
12.845999999999998	0.0
12.852	0.0
12.857999999999999	0.0
12.864	0.0
12.87	0.0
12.875	0.0
12.880999999999998	0.0
12.887	0.0
12.892999999999999	0.0
12.899000000000001	0.0
12.904000000000002	0.0
12.91	0.0
12.915999999999999	0.0
12.922	0.0
12.927999999999999	541.7108154296875
12.934000000000001	551.1798095703125
12.939	554.372802734375
12.945	551.1798095703125
12.950999999999999	560.8143310546875
12.957	544.8489379882812
12.963	554.372802734375
12.968	551.1798095703125
12.974	548.0051879882812
12.98	554.372802734375
12.985999999999999	564.0631103515625
12.992	554.372802734375
12.997	557.584228515625
13.003	564.0631103515625
13.009	590.7401123046875
13.015	577.2474975585938
13.020999999999999	577.2474975585938
13.026	587.3377075195312
13.032	580.591552734375
13.038	583.954833984375
13.044	580.591552734375
13.05	583.954833984375
13.055	587.3377075195312
13.061	583.954833984375
13.067	587.3377075195312
13.073	583.954833984375
13.079	583.954833984375
13.084000000000001	583.954833984375
13.09	577.2474975585938
13.095999999999998	577.2474975585938
13.102	583.954833984375
13.107999999999999	587.3377075195312
13.113	587.3377075195312
13.119000000000002	587.3377075195312
13.125	587.3377075195312
13.130999999999998	587.3377075195312
13.137	583.954833984375
13.142000000000001	587.3377075195312
13.148	587.3377075195312
13.154000000000002	580.591552734375
13.16	587.3377075195312
13.165999999999999	587.3377075195312
13.172	587.3377075195312
13.177	583.954833984375
13.183	580.591552734375
13.189	583.954833984375
13.195	587.3377075195312
13.200999999999999	587.3377075195312
13.206	587.3377075195312
13.212	583.954833984375
13.218	587.3377075195312
13.224	583.954833984375
13.23	590.7401123046875
13.235	587.3377075195312
13.241	587.3377075195312
13.247	583.954833984375
13.253	590.7401123046875
13.259	583.954833984375
13.264000000000001	580.591552734375
13.27	583.954833984375
13.276	594.1622314453125
13.282	573.9227905273438
13.288	590.7401123046875
13.293	573.9227905273438
13.299000000000001	580.591552734375
13.305	590.7401123046875
13.311	583.954833984375
13.317	587.3377075195312
13.322000000000001	583.954833984375
13.328	583.954833984375
13.334000000000001	583.954833984375
13.34	580.591552734375
13.345999999999998	583.954833984375
13.350999999999999	583.954833984375
13.357000000000001	580.591552734375
13.363	590.7401123046875
13.369000000000002	587.3377075195312
13.375	590.7401123046875
13.38	587.3377075195312
13.386	580.591552734375
13.392000000000001	594.1622314453125
13.398	590.7401123046875
13.404000000000002	587.3377075195312
13.41	551.1798095703125
13.415	564.0631103515625
13.421	590.7401123046875
13.427	567.3306884765625
13.433	573.9227905273438
13.439	590.7401123046875
13.444	564.0631103515625
13.45	583.954833984375
13.456	587.3377075195312
13.462	573.9227905273438
13.468	587.3377075195312
13.472999999999999	594.1622314453125
13.479000000000001	590.7401123046875
13.485	567.3306884765625
13.491	583.954833984375
13.497	567.3306884765625
13.502	597.6041870117188
13.508	594.1622314453125
13.514000000000001	590.7401123046875
13.52	580.591552734375
13.526	577.2474975585938
13.530999999999999	590.7401123046875
13.537	580.591552734375
13.543	590.7401123046875
13.549000000000001	580.591552734375
13.555	573.9227905273438
13.56	590.7401123046875
13.565999999999999	580.591552734375
13.572000000000001	590.7401123046875
13.578	587.3377075195312
13.584000000000001	590.7401123046875
13.589	590.7401123046875
13.595	587.3377075195312
13.600999999999999	587.3377075195312
13.607000000000001	587.3377075195312
13.613	580.591552734375
13.619000000000002	590.7401123046875
13.624	590.7401123046875
13.63	580.591552734375
13.636	590.7401123046875
13.642000000000001	590.7401123046875
13.648	587.3377075195312
13.652999999999999	580.591552734375
13.659	580.591552734375
13.665	235.79217529296875
13.671	0.0
13.677	0.0
13.682	0.0
13.687999999999999	0.0
13.694	0.0
13.7	0.0
13.706	0.0
13.710999999999999	0.0
13.717	0.0
13.722999999999999	0.0
13.729000000000001	0.0
13.735	0.0
13.74	0.0
13.745999999999999	252.71588134765625
13.752	235.79217529296875
13.758	235.79217529296875
13.764000000000001	241.30357360839844
13.769	234.43411254882812
13.775	227.7601776123047
13.780999999999999	231.7413787841797
13.787	235.79217529296875
13.793	230.40664672851562
13.798	230.40664672851562
13.804	237.15809631347656
13.81	231.7413787841797
13.815999999999999	222.55809020996094
13.822000000000001	235.79217529296875
13.827	230.40664672851562
13.833	239.9137725830078
13.839	231.7413787841797
13.845	244.107421875
13.850999999999999	249.8131866455078
13.857000000000001	269.2942810058594
13.862	283.6641845703125
13.868	277.1852722167969
13.874	278.7909851074219
13.88	275.5887756347656
13.886	275.5887756347656
13.890999999999998	275.5887756347656
13.897	275.5887756347656
13.902999999999999	274.0014953613281
13.909	257.1333312988281
13.915	263.1435852050781
13.92	274.0014953613281
13.925999999999998	272.42333984375
13.932	277.1852722167969
13.937999999999999	270.8542785644531
13.944	272.42333984375
13.949000000000002	258.6228942871094
13.955	260.1210632324219
13.960999999999999	260.1210632324219
13.967	258.6228942871094
13.972999999999999	263.1435852050781
13.978	275.5887756347656
13.984000000000002	260.1210632324219
13.99	267.7432556152344
13.995999999999999	260.1210632324219
14.002	257.1333312988281
14.007	266.201171875
14.013	261.6279602050781
14.019	261.6279602050781
14.025	278.7909851074219
14.030999999999999	302.2728271484375
14.036	307.5564880371094
14.042	318.4024963378906
14.048	314.74530029296875
14.054	307.5564880371094
14.06	316.5686340332031
14.065	311.1301574707031
14.071	320.24700927734375
14.077	316.5686340332031
14.083	322.1021728515625
14.089	0.0
14.095	0.0
14.1	0.0
14.106	0.0
14.112	0.0
14.118	0.0
14.124	0.0
14.129000000000001	0.0
14.135	0.0
14.140999999999998	0.0
14.147	0.0
14.152999999999999	0.0
14.158	0.0
14.164000000000001	0.0
14.17	0.0
14.175999999999998	0.0
14.182	0.0
14.187000000000001	0.0
14.193	0.0
14.199000000000002	0.0
14.205	0.0
14.210999999999999	0.0
14.216	468.8700866699219
14.222000000000001	468.8700866699219
14.228	458.1610107421875
14.234000000000002	463.4846496582031
14.24	466.16961669921875
14.245	455.5221862792969
14.251	466.16961669921875
14.257	466.16961669921875
14.263	488.216796875
14.269	466.16961669921875
14.274000000000001	466.16961669921875
14.28	463.4846496582031
14.286	466.16961669921875
14.292	468.8700866699219
14.298	477.06585693359375
14.302999999999999	463.4846496582031
14.309000000000001	485.4048767089844
14.315	485.4048767089844
14.321	466.16961669921875
14.327	479.8294982910156
14.333	471.5862731933594
14.338	458.1610107421875
14.344000000000001	466.16961669921875
14.35	468.8700866699219
14.356	463.4846496582031
14.362	474.3181457519531
14.367	466.16961669921875
14.373	463.4846496582031
14.379000000000001	474.3181457519531
14.385	437.4710998535156
14.390999999999998	403.4864807128906
14.395999999999999	425.01708984375
14.402000000000001	410.5393371582031
14.408	417.7154846191406
14.414000000000001	405.8238830566406
14.42	442.5543212890625
14.425	0.0
14.431	0.0
14.437000000000001	0.0
14.443	0.0
14.449000000000002	0.0
14.454	0.0
14.46	0.0
14.466	0.0
14.472000000000001	0.0
14.478	0.0
14.482999999999999	0.0
14.489	0.0
14.495	0.0
14.501	0.0
14.507	0.0
14.512	0.0
14.517999999999999	0.0
14.524000000000001	0.0
14.53	0.0
14.536	0.0
14.540999999999999	0.0
14.547	0.0
14.552999999999999	0.0
14.559000000000001	0.0
14.565	0.0
14.571	0.0
14.575999999999999	0.0
14.582	0.0
14.588	0.0
14.594000000000001	0.0
14.6	0.0
14.605	0.0
14.610999999999999	0.0
14.617	0.0
14.623	0.0
14.629000000000001	0.0
14.634	0.0
14.64	396.5548095703125
14.645999999999999	365.74871826171875
14.652000000000001	355.3365173339844
14.658	337.3358154296875
14.663	333.4611511230469
14.669	329.6310119628906
14.675	320.24700927734375
14.681	295.36883544921875
14.687000000000001	311.1301574707031
14.692	302.2728271484375
14.698	297.0799255371094
14.704	293.6676330566406
14.71	286.9602355957031
14.716	300.5318298339844
14.720999999999998	298.8009033203125
14.727	298.8009033203125
14.732999999999999	290.2945861816406
14.739	293.6676330566406
14.745	277.1852722167969
14.75	293.6676330566406
14.755999999999998	298.8009033203125
14.762	316.5686340332031
14.767999999999999	309.3381652832031
14.774000000000001	311.1301574707031
14.78	295.36883544921875
14.785	270.8542785644531
14.790999999999999	341.2555236816406
14.797	345.220703125
14.802999999999999	343.2323913574219
14.809000000000001	331.5405578613281
14.814	335.3929138183594
14.82	335.3929138183594
14.825999999999999	335.3929138183594
14.832	331.5405578613281
14.838	331.5405578613281
14.843	323.9681091308594
14.849	318.4024963378906
14.855	325.8448486328125
14.860999999999999	339.2900085449219
14.867	357.39495849609375
14.872	389.7421875
14.878	396.5548095703125
14.884	389.7421875
14.89	396.5548095703125
14.895999999999999	389.7421875
14.901	374.2977600097656
14.907	387.4974365234375
14.913	394.27081298828125
14.919	391.99993896484375
14.925	372.1419372558594
14.93	255.65234375
14.936	331.5405578613281
14.942	341.2555236816406
14.948	365.74871826171875
14.954	347.2205810546875
14.959000000000001	359.4653625488281
14.965	385.2655944824219
14.970999999999998	403.4864807128906
14.977	378.64691162109375
14.982999999999999	385.2655944824219
14.988	387.4974365234375
14.994000000000002	376.4660339355469
15.0	385.2655944824219
15.005999999999998	394.27081298828125
15.012	383.0466003417969
15.017999999999999	394.27081298828125
15.023	403.4864807128906
15.029000000000002	389.7421875
15.035	391.99993896484375
15.040999999999999	372.1419372558594
15.047	389.7421875
15.052	383.0466003417969
15.058	396.5548095703125
15.064	376.4660339355469
15.07	391.99993896484375
15.075999999999999	380.84039306640625
15.081	378.64691162109375
15.087	398.8520202636719
15.093	391.99993896484375
15.099	405.8238830566406
15.105	394.27081298828125
15.11	398.8520202636719
15.116	394.27081298828125
15.122	391.99993896484375
15.128	378.64691162109375
15.134	349.2320251464844
15.139000000000001	349.2320251464844
15.145	351.2550964355469
15.151	337.3358154296875
15.157	351.2550964355469
15.163	339.2900085449219
15.168	337.3358154296875
15.174000000000001	316.5686340332031
15.18	0.0
15.186	0.0
15.192	0.0
15.197000000000001	0.0
15.203	0.0
15.209000000000001	0.0
15.215	0.0
15.220999999999998	0.0
15.225999999999999	0.0
15.232000000000001	0.0
15.238	0.0
15.244000000000002	0.0
15.25	0.0
15.255999999999998	0.0
15.261	0.0
15.267000000000001	0.0
15.273	0.0
15.279000000000002	0.0
15.285	0.0
15.29	0.0
15.296	0.0
15.302	0.0
15.308	0.0
15.314	0.0
15.319	0.0
15.325	0.0
15.331	0.0
15.337	0.0
15.343	0.0
15.347999999999999	0.0
15.354000000000001	0.0
15.36	0.0
15.366	0.0
15.372	0.0
15.377	0.0
15.383	0.0
15.389000000000001	0.0
15.395	0.0
15.401	0.0
15.405999999999999	0.0
15.412	0.0
15.418	0.0
15.424000000000001	0.0
15.43	0.0
15.435	0.0
15.440999999999999	0.0
15.447000000000001	0.0
15.453	0.0
15.459000000000001	0.0
15.464	0.0
15.47	0.0
15.475999999999999	0.0
15.482000000000001	0.0
15.488	0.0
15.494000000000002	0.0
15.499	0.0
15.505	0.0
15.511	0.0
15.517000000000001	0.0
15.523	0.0
15.527999999999999	0.0
15.534	0.0
15.54	0.0
15.546	0.0
15.552	0.0
15.557	0.0
15.562999999999999	0.0
15.569	0.0
15.575	0.0
15.581	0.0
15.585999999999999	0.0
15.592	0.0
15.597999999999999	0.0
15.604000000000001	0.0
15.61	0.0
15.615	0.0
15.620999999999999	0.0
15.627	0.0
15.633	0.0
15.639000000000001	0.0
15.644	0.0
15.65	0.0
15.655999999999999	0.0
15.662	0.0
15.668	0.0
15.673	0.0
15.679	0.0
15.685	0.0
15.690999999999999	0.0
15.697000000000001	0.0
15.702	0.0
15.708	0.0
15.714	0.0
15.72	347.2205810546875
15.725999999999999	333.4611511230469
15.732000000000001	329.6310119628906
15.737	355.3365173339844
15.743	349.2320251464844
15.749	343.2323913574219
15.755	337.3358154296875
15.761	327.73248291015625
15.765999999999998	347.2205810546875
15.772	320.24700927734375
15.777999999999999	329.6310119628906
15.784	327.73248291015625
15.79	331.5405578613281
15.795	325.8448486328125
15.800999999999998	322.1021728515625
15.807	323.9681091308594
15.812999999999999	309.3381652832031
15.819	293.6676330566406
15.824000000000002	304.0238952636719
15.83	293.6676330566406
15.835999999999999	288.6225891113281
15.842	295.36883544921875
15.847999999999999	0.0
15.853	0.0
15.859000000000002	0.0
15.865	0.0
15.870999999999999	0.0
15.877	0.0
15.882	0.0
15.888	0.0
15.894	0.0
15.9	0.0
15.905999999999999	0.0
15.911	0.0
15.917	0.0
15.923	0.0
15.929	0.0
15.935	0.0
15.94	0.0
15.946	0.0
15.952	0.0
15.958	0.0
15.964	0.0
15.97	0.0
15.975	345.220703125
15.981	343.2323913574219
15.987	333.4611511230469
15.993	333.4611511230469
15.999	333.4611511230469
16.004	337.3358154296875
16.01	333.4611511230469
16.016	345.220703125
16.022000000000002	333.4611511230469
16.028	335.3929138183594
16.033	335.3929138183594
16.039	335.3929138183594
16.045	337.3358154296875
16.051	337.3358154296875
16.057000000000002	339.2900085449219
16.062	331.5405578613281
16.067999999999998	337.3358154296875
16.074	322.1021728515625
16.08	316.5686340332031
16.086	312.9324951171875
16.090999999999998	320.24700927734375
16.097	333.4611511230469
16.102999999999998	347.2205810546875
16.109	339.2900085449219
16.115	345.220703125
16.12	341.2555236816406
16.125999999999998	347.2205810546875
16.132	345.220703125
16.137999999999998	343.2323913574219
16.144000000000002	339.2900085449219
16.149	349.2320251464844
16.155	337.3358154296875
16.160999999999998	335.3929138183594
16.167	327.73248291015625
16.173	329.6310119628906
16.179000000000002	333.4611511230469
16.184	0.0
16.19	0.0
16.195999999999998	0.0
16.202	0.0
16.208	0.0
16.213	0.0
16.219	0.0
16.225	0.0
16.230999999999998	0.0
16.237000000000002	0.0
16.242	0.0
16.248	514.2687377929688
16.254	485.4048767089844
16.26	455.5221862792969
16.266	482.609130859375
16.271	466.16961669921875
16.277	466.16961669921875
16.283	466.16961669921875
16.289	466.16961669921875
16.295	447.6965637207031
16.3	474.3181457519531
16.305999999999997	460.81512451171875
16.312	466.16961669921875
16.317999999999998	471.5862731933594
16.324	468.8700866699219
16.329	463.4846496582031
16.335	468.8700866699219
16.340999999999998	463.4846496582031
16.347	468.8700866699219
16.352999999999998	463.4846496582031
16.358	463.4846496582031
16.364	466.16961669921875
16.37	463.4846496582031
16.375999999999998	468.8700866699219
16.382	466.16961669921875
16.387	485.4048767089844
16.393	463.4846496582031
16.399	460.81512451171875
16.405	514.2687377929688
16.410999999999998	532.4044799804688
16.417	526.2892456054688
16.422	514.2687377929688
16.428	520.2442626953125
16.434	523.258056640625
16.44	520.2442626953125
16.445999999999998	523.258056640625
16.451	523.258056640625
16.457	517.2478637695312
16.463	526.2892456054688
16.469	520.2442626953125
16.475	520.2442626953125
16.48	523.258056640625
16.486	517.2478637695312
16.492	523.258056640625
16.498	520.2442626953125
16.504	520.2442626953125
16.509	520.2442626953125
16.515	520.2442626953125
16.521	520.2442626953125
16.527	517.2478637695312
16.533	520.2442626953125
16.538	517.2478637695312
16.544	520.2442626953125
16.55	526.2892456054688
16.555999999999997	0.0
16.562	151.13580322265625
16.567	148.5393524169922
16.573	149.39984130859375
16.579	145.98751831054688
16.585	341.2555236816406
16.590999999999998	349.2320251464844
16.596	345.220703125
16.602	351.2550964355469
16.608	341.2555236816406
16.614	349.2320251464844
16.62	347.2205810546875
16.625	341.2555236816406
16.631	349.2320251464844
16.637	347.2205810546875
16.643	349.2320251464844
16.649	345.220703125
16.655	345.220703125
16.66	345.220703125
16.666	327.73248291015625
16.672	314.74530029296875
16.678	311.1301574707031
16.684	307.5564880371094
16.689	311.1301574707031
16.695	309.3381652832031
16.701	314.74530029296875
16.707	333.4611511230469
16.713	349.2320251464844
16.718	345.220703125
16.724	349.2320251464844
16.73	347.2205810546875
16.736	337.3358154296875
16.742	345.220703125
16.747	359.4653625488281
16.753	357.39495849609375
16.759	351.2550964355469
16.765	345.220703125
16.771	349.2320251464844
16.776	323.9681091308594
16.782	320.24700927734375
16.788	327.73248291015625
16.794	357.39495849609375
16.8	353.2899475097656
16.805	345.220703125
16.811	349.2320251464844
16.817	337.3358154296875
16.823	349.2320251464844
16.829	329.6310119628906
16.834	0.0
16.84	0.0
16.846	0.0
16.852	0.0
16.858	0.0
16.863	0.0
16.869	0.0
16.875	0.0
16.881	0.0
16.887	0.0
16.893	0.0
16.898	0.0
16.904	0.0
16.91	0.0
16.916	0.0
16.922	0.0
16.927	0.0
16.933	0.0
16.939	0.0
16.945	0.0
16.951	0.0
16.956	0.0
16.962	0.0
16.968	0.0
16.974	0.0
16.98	0.0
16.985	0.0
16.991	0.0
16.997	261.6279602050781
17.003	258.6228942871094
17.009	261.6279602050781
17.014	260.1210632324219
17.02	260.1210632324219
17.026	261.6279602050781
17.032	260.1210632324219
17.038	263.1435852050781
17.043	261.6279602050781
17.049	263.1435852050781
17.055	257.1333312988281
17.061	260.1210632324219
17.067	254.17987060546875
17.072	266.201171875
17.078	258.6228942871094
17.084	258.6228942871094
17.09	264.6679382324219
17.096	261.6279602050781
17.101	263.1435852050781
17.107	258.6228942871094
17.113	239.9137725830078
17.119	238.53195190429688
17.125	225.14410400390625
17.131	223.8473663330078
17.136	231.7413787841797
17.142	239.9137725830078
17.148	248.37437438964844
17.154	248.37437438964844
17.16	257.1333312988281
17.165	246.94381713867188
17.171	258.6228942871094
17.177	277.1852722167969
17.183	283.6641845703125
17.189	278.7909851074219
17.194000000000003	293.6676330566406
17.2	288.6225891113281
17.206	280.4060363769531
17.212	280.4060363769531
17.218	258.6228942871094
17.223	258.6228942871094
17.229	258.6228942871094
17.235	261.6279602050781
17.241	241.30357360839844
17.247	231.7413787841797
17.252	251.26034545898438
17.258	272.42333984375
17.264	260.1210632324219
17.27	261.6279602050781
17.276	261.6279602050781
17.281	263.1435852050781
17.287	260.1210632324219
17.293	264.6679382324219
17.299	260.1210632324219
17.305	0.0
17.31	0.0
17.316	0.0
17.322	0.0
17.328	0.0
17.334	0.0
17.34	0.0
17.345	0.0
17.351	0.0
17.357	0.0
17.363	0.0
17.369	0.0
17.374000000000002	0.0
17.38	0.0
17.386	0.0
17.392	0.0
17.398	0.0
17.403	0.0
17.409000000000002	0.0
17.415	0.0
17.421	0.0
17.427	0.0
17.432000000000002	0.0
17.438	0.0
17.444000000000003	263.1435852050781
17.45	270.8542785644531
17.456	275.5887756347656
17.461	263.1435852050781
17.467	261.6279602050781
17.473	261.6279602050781
17.479	249.8131866455078
17.485	263.1435852050781
17.49	258.6228942871094
17.496	263.1435852050781
17.502	267.7432556152344
17.508	261.6279602050781
17.514	255.65234375
17.519000000000002	257.1333312988281
17.525	260.1210632324219
17.531	280.4060363769531
17.537	286.9602355957031
17.543	275.5887756347656
17.548	261.6279602050781
17.554000000000002	277.1852722167969
17.56	257.1333312988281
17.566	261.6279602050781
17.572	0.0
17.578	0.0
17.583	0.0
17.589000000000002	0.0
17.595	0.0
17.601	0.0
17.607	0.0
17.612000000000002	0.0
17.618	0.0
17.624000000000002	0.0
17.63	0.0
17.636	0.0
17.641	0.0
17.647000000000002	0.0
17.653	0.0
17.659000000000002	0.0
17.665	0.0
17.67	0.0
17.676	0.0
17.682000000000002	0.0
17.688	0.0
17.694000000000003	0.0
17.699	0.0
17.705	0.0
17.711	0.0
17.717	0.0
17.723	0.0
17.727999999999998	0.0
17.734	0.0
17.74	0.0
17.746	0.0
17.752	0.0
17.757	0.0
17.762999999999998	0.0
17.769000000000002	0.0
17.775	0.0
17.781	0.0
17.785999999999998	0.0
17.792	0.0
17.798	0.0
17.804000000000002	0.0
17.81	0.0
17.816	0.0
17.820999999999998	0.0
17.827	0.0
17.833	0.0
17.839000000000002	0.0
17.845	0.0
17.85	0.0
17.855999999999998	0.0
17.862000000000002	0.0
17.868	0.0
17.874000000000002	0.0
17.879	0.0
17.885	0.0
17.891	0.0
17.897000000000002	0.0
17.903	0.0
17.908	0.0
17.914	0.0
17.92	0.0
17.926	0.0
17.932000000000002	0.0
17.937	0.0
17.942999999999998	0.0
17.949	0.0
17.955	0.0
17.961	0.0
17.965999999999998	0.0
17.972	238.53195190429688
17.977999999999998	234.43411254882812
17.984	233.0838623046875
17.99	235.79217529296875
17.995	255.65234375
18.000999999999998	267.7432556152344
18.007	267.7432556152344
18.012999999999998	254.17987060546875
18.019000000000002	257.1333312988281
18.024	249.8131866455078
18.03	258.6228942871094
18.035999999999998	254.17987060546875
18.042	257.1333312988281
18.048	255.65234375
18.054000000000002	261.6279602050781
18.059	283.6641845703125
18.065	267.7432556152344
18.070999999999998	272.42333984375
18.077	270.8542785644531
18.083	264.6679382324219
18.088	0.0
18.094	0.0
18.1	0.0
18.105999999999998	0.0
18.112000000000002	0.0
18.117	0.0
18.123	0.0
18.129	0.0
18.135	0.0
18.141	0.0
18.146	0.0
18.152	0.0
18.158	0.0
18.164	0.0
18.17	0.0
18.175	0.0
18.180999999999997	0.0
18.187	282.0304260253906
18.192999999999998	293.6676330566406
18.199	297.0799255371094
18.204	300.5318298339844
18.21	295.36883544921875
18.215999999999998	300.5318298339844
18.222	282.0304260253906
18.227999999999998	274.0014953613281
18.233	290.2945861816406
18.239	297.0799255371094
18.245	288.6225891113281
18.250999999999998	283.6641845703125
18.257	261.6279602050781
18.262	261.6279602050781
18.268	274.0014953613281
18.274	263.1435852050781
18.28	264.6679382324219
18.285999999999998	258.6228942871094
18.292	260.1210632324219
18.297	249.8131866455078
18.303	251.26034545898438
18.309	263.1435852050781
18.315	261.6279602050781
18.320999999999998	0.0
18.326	322.1021728515625
18.332	347.2205810546875
18.338	337.3358154296875
18.344	323.9681091308594
18.35	325.8448486328125
18.355	318.4024963378906
18.361	314.74530029296875
18.367	335.3929138183594
18.373	333.4611511230469
18.379	322.1021728515625
18.384	295.36883544921875
18.39	290.2945861816406
18.396	269.2942810058594
18.402	270.8542785644531
18.408	261.6279602050781
18.413	248.37437438964844
18.419	238.53195190429688
18.425	226.44837951660156
18.430999999999997	231.7413787841797
18.437	234.43411254882812
18.442	226.44837951660156
18.448	234.43411254882812
18.454	233.0838623046875
18.46	235.79217529296875
18.465999999999998	241.30357360839844
18.471	233.0838623046875
18.477	231.7413787841797
18.483	223.8473663330078
18.489	235.79217529296875
18.495	218.7346649169922
18.5	223.8473663330078
18.506	227.7601776123047
18.512	230.40664672851562
18.518	235.79217529296875
18.524	225.14410400390625
18.53	230.40664672851562
18.535	217.47483825683594
18.541	214.97691345214844
18.547	223.8473663330078
18.553	218.7346649169922
18.559	235.79217529296875
18.564	246.94381713867188
18.57	260.1210632324219
18.576	260.1210632324219
18.582	258.6228942871094
18.588	274.0014953613281
18.593	269.2942810058594
18.599	266.201171875
18.605	252.71588134765625
18.611	252.71588134765625
18.617	254.17987060546875
18.622	254.17987060546875
18.628	261.6279602050781
18.634	267.7432556152344
18.64	251.26034545898438
18.646	244.107421875
18.651	242.70144653320312
18.657	255.65234375
18.663	242.70144653320312
18.669	244.107421875
18.675	254.17987060546875
18.68	270.8542785644531
18.686	270.8542785644531
18.692	0.0
18.698	0.0
18.704	0.0
18.709	0.0
18.715	0.0
18.721	0.0
18.727	0.0
18.733	0.0
18.739	0.0
18.744	0.0
18.75	0.0
18.756	0.0
18.762	0.0
18.768	0.0
18.773	0.0
18.779	0.0
18.785	0.0
18.791	248.37437438964844
18.797	255.65234375
18.802	260.1210632324219
18.808	261.6279602050781
18.814	244.107421875
18.82	266.201171875
18.826	260.1210632324219
18.831	266.201171875
18.837	264.6679382324219
18.843	260.1210632324219
18.849	267.7432556152344
18.855	261.6279602050781
18.86	246.94381713867188
18.866	263.1435852050781
18.872	248.37437438964844
18.878	258.6228942871094
18.884	255.65234375
18.889	258.6228942871094
18.895	261.6279602050781
18.901	252.71588134765625
18.907	242.70144653320312
18.913	248.37437438964844
18.918	252.71588134765625
18.924	235.79217529296875
18.93	234.43411254882812
18.936	234.43411254882812
18.942	235.79217529296875
18.947	245.5215301513672
18.953	245.5215301513672
18.959	248.37437438964844
18.965	237.15809631347656
18.971	237.15809631347656
18.977	230.40664672851562
18.982	237.15809631347656
18.988	234.43411254882812
18.994	235.79217529296875
19.0	235.79217529296875
19.006	222.55809020996094
19.011	241.30357360839844
19.017	239.9137725830078
19.023	230.40664672851562
19.029	246.94381713867188
19.035	235.79217529296875
19.04	233.0838623046875
19.046	234.43411254882812
19.052	235.79217529296875
19.058	225.14410400390625
19.064	245.5215301513672
19.069000000000003	237.15809631347656
19.075	231.7413787841797
19.081	234.43411254882812
19.087	227.7601776123047
19.093	229.07958984375
19.098	242.70144653320312
19.104	245.5215301513672
19.11	239.9137725830078
19.116	237.15809631347656
19.122	220.0017852783203
19.127	229.07958984375
19.133	242.70144653320312
19.139	231.7413787841797
19.145	218.7346649169922
19.151	237.15809631347656
19.156	217.47483825683594
19.162	0.0
19.168	0.0
19.174	0.0
19.18	0.0
19.185	0.0
19.191	0.0
19.197	0.0
19.203	0.0
19.209	0.0
19.215	0.0
19.22	0.0
19.226	0.0
19.232	0.0
