0.0	0.0
0.006	0.0
0.012	0.0
0.017	0.0
0.023	0.0
0.028999999999999998	91.96613311767578
0.035	99.71219635009766
0.040999999999999995	100.87080383300781
0.046	102.04287719726562
0.052000000000000005	97.99919128417969
0.057999999999999996	100.28982543945312
0.064	100.87080383300781
0.07	108.1106948852539
0.075	105.64142608642578
0.081	107.4880142211914
0.087	104.42802429199219
0.09300000000000001	106.25340270996094
0.099	110.6376724243164
0.10400000000000001	106.25340270996094
0.11	107.4880142211914
0.11599999999999999	110.6376724243164
0.122	110.6376724243164
0.128	102.04287719726562
0.134	106.25340270996094
0.139	102.63400268554688
0.145	97.43475341796875
0.151	100.28982543945312
0.157	100.87080383300781
0.163	103.8265609741211
0.168	107.4880142211914
0.174	108.73697662353516
0.18	111.27859497070312
0.18600000000000003	112.57159423828125
0.192	107.4880142211914
0.19699999999999998	110.6376724243164
0.203	105.64142608642578
0.209	99.13789367675781
0.215	96.31562042236328
0.221	93.57367706298828
0.226	93.03473663330078
0.23199999999999998	87.81306457519531
0.23800000000000002	89.86560821533203
0.244	85.8073959350586
0.25	88.83340454101562
0.255	96.31562042236328
0.261	98.56690216064453
0.267	98.56690216064453
0.273	99.13789367675781
0.27899999999999997	97.43475341796875
0.284	93.03473663330078
0.29	124.90608215332031
0.29600000000000004	120.65129852294922
0.302	120.65129852294922
0.308	114.53933715820312
0.313	116.54145812988281
0.319	120.65129852294922
0.325	122.76026916503906
0.331	123.4714126586914
0.337	120.65129852294922
0.342	124.90608215332031
0.348	132.33343505859375
0.354	125.6296615600586
0.36	126.35742950439453
0.366	125.6296615600586
0.37200000000000005	120.65129852294922
0.377	122.76026916503906
0.38299999999999995	127.08941650390625
0.389	124.18667602539062
0.395	115.8702163696289
0.401	119.95640563964844
0.406	122.76026916503906
0.41200000000000003	119.95640563964844
0.418	116.54145812988281
0.424	117.89561462402344
0.43	123.4714126586914
0.435	131.5712432861328
0.441	128.56613159179688
0.447	125.6296615600586
0.45299999999999996	119.95640563964844
0.45899999999999996	117.89561462402344
0.46399999999999997	119.26548767089844
0.47	111.92323303222656
0.47600000000000003	105.03297424316406
0.48200000000000004	106.86893463134766
0.488	110.6376724243164
0.493	116.54145812988281
0.499	124.90608215332031
0.505	118.57857513427734
0.511	113.2237319946289
0.517	111.92323303222656
0.522	112.57159423828125
0.528	106.25340270996094
0.534	103.22856140136719
0.54	104.42802429199219
0.546	0.0
0.551	0.0
0.557	0.0
0.563	0.0
0.569	0.0
0.575	0.0
0.58	0.0
0.586	0.0
0.5920000000000001	0.0
0.598	0.0
0.604	0.0
0.61	0.0
0.615	0.0
0.621	0.0
0.627	0.0
0.633	0.0
0.639	0.0
0.644	0.0
0.65	0.0
0.6559999999999999	0.0
0.662	0.0
0.6679999999999999	0.0
0.6729999999999999	0.0
0.679	0.0
0.685	0.0
0.691	0.0
0.6970000000000001	0.0
0.7020000000000001	0.0
0.708	0.0
0.7140000000000001	0.0
0.72	0.0
0.726	0.0
0.731	0.0
0.737	0.0
0.743	0.0
0.7490000000000001	0.0
0.755	0.0
0.76	0.0
0.7659999999999999	0.0
0.772	0.0
0.778	0.0
0.784	0.0
0.789	0.0
0.795	0.0
0.8009999999999999	0.0
0.807	0.0
0.813	0.0
0.8190000000000001	0.0
0.8240000000000001	0.0
0.83	0.0
0.836	0.0
0.8420000000000001	0.0
0.848	0.0
0.853	0.0
0.8590000000000001	0.0
0.865	0.0
0.871	0.0
0.877	0.0
0.882	0.0
0.888	0.0
0.894	0.0
0.9	0.0
0.9059999999999999	0.0
0.9109999999999999	0.0
0.917	0.0
0.9229999999999999	0.0
0.929	0.0
0.935	0.0
0.94	0.0
0.946	0.0
0.9520000000000001	0.0
0.958	0.0
0.9640000000000001	0.0
0.9690000000000001	0.0
0.975	0.0
0.981	0.0
0.987	0.0
0.993	0.0
0.998	0.0
1.004	0.0
1.01	0.0
1.016	0.0
1.022	0.0
1.0270000000000001	0.0
1.033	0.0
1.0390000000000001	0.0
1.045	0.0
1.051	0.0
1.057	0.0
1.062	0.0
1.068	0.0
1.074	0.0
1.08	0.0
1.0859999999999999	0.0
1.091	0.0
1.097	0.0
1.103	0.0
1.109	0.0
1.115	0.0
1.12	0.0
1.126	0.0
1.1320000000000001	0.0
1.138	0.0
1.1440000000000001	0.0
1.149	0.0
1.155	0.0
1.161	0.0
1.167	0.0
1.173	0.0
1.178	0.0
1.1840000000000002	0.0
1.19	0.0
1.196	0.0
1.202	0.0
1.207	0.0
1.213	0.0
1.219	0.0
1.225	0.0
1.2309999999999999	0.0
1.236	0.0
1.242	0.0
1.248	0.0
1.254	0.0
1.26	0.0
1.265	0.0
1.271	0.0
1.2770000000000001	0.0
1.2830000000000001	0.0
1.2890000000000001	0.0
1.295	0.0
1.3	0.0
1.306	0.0
1.3119999999999998	0.0
1.318	0.0
1.324	0.0
1.329	0.0
1.335	0.0
1.341	0.0
1.347	0.0
1.3530000000000002	0.0
1.358	0.0
1.364	0.0
1.37	0.0
1.376	0.0
1.382	0.0
1.3869999999999998	0.0
1.393	0.0
1.399	0.0
1.405	0.0
1.411	0.0
1.416	0.0
1.422	0.0
1.4280000000000002	0.0
1.4340000000000002	0.0
1.44	0.0
1.445	0.0
1.4509999999999998	0.0
1.4569999999999999	0.0
1.463	0.0
1.469	0.0
1.474	0.0
1.48	0.0
1.486	0.0
1.492	0.0
1.4980000000000002	0.0
1.5030000000000001	0.0
1.5090000000000001	0.0
1.515	0.0
1.521	0.0
1.527	0.0
1.5330000000000001	0.0
1.538	0.0
1.544	0.0
1.55	0.0
1.556	0.0
1.5619999999999998	0.0
1.567	0.0
1.5730000000000002	0.0
1.579	0.0
1.585	0.0
1.591	0.0
1.5959999999999999	0.0
1.6019999999999999	0.0
1.608	0.0
1.614	0.0
1.62	0.0
1.625	0.0
1.631	0.0
1.6369999999999998	0.0
1.643	0.0
1.649	0.0
1.6540000000000001	0.0
1.66	0.0
1.666	0.0
1.672	0.0
1.6780000000000002	0.0
1.683	0.0
1.689	0.0
1.695	0.0
1.7009999999999998	0.0
1.7069999999999999	0.0
1.712	0.0
1.7180000000000002	0.0
1.724	192.6320037841797
1.73	195.99917602539062
1.736	198.27658081054688
1.7409999999999999	193.7479248046875
1.7469999999999999	197.1345977783203
1.7530000000000001	199.42520141601562
1.7590000000000001	192.6320037841797
1.765	193.7479248046875
1.771	198.27658081054688
1.776	194.87030029296875
1.7819999999999998	197.1345977783203
1.788	197.1345977783203
1.794	194.87030029296875
1.8	197.1345977783203
1.805	194.87030029296875
1.811	195.99917602539062
1.817	201.742431640625
1.8230000000000002	193.7479248046875
1.829	191.52252197265625
1.834	193.7479248046875
1.84	194.87030029296875
1.8459999999999999	198.27658081054688
1.8519999999999999	181.82034301757812
1.858	194.87030029296875
1.8630000000000002	194.87030029296875
1.869	178.69676208496094
1.875	175.62684631347656
1.881	164.81484985351562
1.8869999999999998	0.0
1.892	0.0
1.8980000000000001	0.0
1.9040000000000001	0.0
1.91	0.0
1.916	0.0
1.921	0.0
1.9269999999999998	0.0
1.933	0.0
1.939	0.0
1.945	0.0
1.95	0.0
1.956	0.0
1.962	0.0
1.9680000000000002	0.0
1.974	295.36883544921875
1.98	293.6676330566406
1.985	291.9762268066406
1.9909999999999999	293.6676330566406
1.9969999999999999	297.0799255371094
2.003	291.9762268066406
2.009	295.36883544921875
2.0140000000000002	295.36883544921875
2.02	293.6676330566406
2.026	295.36883544921875
2.032	293.6676330566406
2.0380000000000003	293.6676330566406
2.043	295.36883544921875
2.049	285.3074645996094
2.055	295.36883544921875
2.061	295.36883544921875
2.0669999999999997	291.9762268066406
2.072	293.6676330566406
2.0780000000000003	293.6676330566406
2.084	291.9762268066406
2.09	291.9762268066406
2.096	291.9762268066406
2.101	293.6676330566406
2.1069999999999998	291.9762268066406
2.113	291.9762268066406
2.119	297.0799255371094
2.125	526.2892456054688
2.13	514.2687377929688
2.136	529.3380126953125
2.142	520.2442626953125
2.148	511.3067321777344
2.154	529.3380126953125
2.1590000000000003	520.2442626953125
2.165	514.2687377929688
2.171	523.258056640625
2.177	526.2892456054688
2.1830000000000003	517.2478637695312
2.188	520.2442626953125
2.194	520.2442626953125
2.2	520.2442626953125
2.206	520.2442626953125
2.2119999999999997	520.2442626953125
2.218	520.2442626953125
2.2230000000000003	520.2442626953125
2.229	523.258056640625
2.235	520.2442626953125
2.241	520.2442626953125
2.247	514.2687377929688
2.252	520.2442626953125
2.258	520.2442626953125
2.2640000000000002	517.2478637695312
2.27	526.2892456054688
2.276	523.258056640625
2.281	523.258056640625
2.287	523.258056640625
2.293	526.2892456054688
2.299	517.2478637695312
2.305	0.0
2.31	0.0
2.316	0.0
2.322	0.0
2.3280000000000003	0.0
2.334	0.0
2.339	0.0
2.345	0.0
2.351	0.0
2.3569999999999998	0.0
2.363	0.0
2.3680000000000003	0.0
2.374	0.0
2.38	0.0
2.386	0.0
2.392	0.0
2.397	0.0
2.403	0.0
2.4090000000000003	0.0
2.415	0.0
2.421	0.0
2.426	0.0
2.432	0.0
2.438	0.0
2.444	0.0
2.45	0.0
2.456	0.0
2.461	0.0
2.467	0.0
2.4730000000000003	0.0
2.479	0.0
2.485	0.0
2.49	0.0
2.496	0.0
2.502	0.0
2.508	0.0
2.5140000000000002	0.0
2.519	0.0
2.525	0.0
2.531	0.0
2.537	0.0
2.543	0.0
2.548	0.0
2.5540000000000003	0.0
2.56	0.0
2.5660000000000003	0.0
2.572	0.0
2.577	0.0
2.583	0.0
2.589	0.0
2.595	0.0
2.6010000000000004	0.0
2.6060000000000003	0.0
2.612	0.0
2.6180000000000003	0.0
2.6239999999999997	0.0
2.63	0.0
2.635	0.0
2.641	0.0
2.647	0.0
2.653	0.0
2.659	0.0
2.6639999999999997	0.0
2.67	0.0
2.676	0.0
2.682	0.0
2.688	0.0
2.694	0.0
2.699	0.0
2.705	0.0
2.7110000000000003	0.0
2.717	0.0
2.7230000000000003	280.4060363769531
2.728	269.2942810058594
2.734	254.17987060546875
2.74	255.65234375
2.7460000000000004	263.1435852050781
2.752	252.71588134765625
2.7569999999999997	260.1210632324219
2.763	249.8131866455078
2.7689999999999997	257.1333312988281
2.775	257.1333312988281
2.781	264.6679382324219
2.786	260.1210632324219
2.792	258.6228942871094
2.798	255.65234375
2.804	258.6228942871094
2.81	255.65234375
2.815	255.65234375
2.821	257.1333312988281
2.827	258.6228942871094
2.833	257.1333312988281
2.839	248.37437438964844
2.844	244.107421875
2.85	260.1210632324219
2.8560000000000003	257.1333312988281
2.862	264.6679382324219
2.8680000000000003	0.0
2.873	0.0
2.8789999999999996	0.0
2.885	0.0
2.891	0.0
2.897	0.0
2.9019999999999997	0.0
2.908	0.0
2.9139999999999997	0.0
2.92	0.0
2.926	0.0
2.932	0.0
2.937	0.0
2.943	0.0
2.949	0.0
2.955	0.0
2.9610000000000003	0.0
2.966	0.0
2.972	0.0
2.978	0.0
2.984	0.0
2.99	0.0
2.995	0.0
3.0010000000000003	0.0
3.0069999999999997	0.0
3.013	0.0
3.0189999999999997	0.0
3.0239999999999996	0.0
3.03	0.0
3.036	0.0
3.042	471.5862731933594
3.048	466.16961669921875
3.053	471.5862731933594
3.0589999999999997	466.16961669921875
3.065	466.16961669921875
3.071	471.5862731933594
3.077	463.4846496582031
3.082	466.16961669921875
3.088	466.16961669921875
3.094	460.81512451171875
3.1	468.8700866699219
3.1060000000000003	466.16961669921875
3.111	463.4846496582031
3.117	466.16961669921875
3.123	466.16961669921875
3.1289999999999996	468.8700866699219
3.135	466.16961669921875
3.14	466.16961669921875
3.1460000000000004	468.8700866699219
3.1519999999999997	463.4846496582031
3.158	0.0
3.1639999999999997	0.0
3.17	0.0
3.175	0.0
3.181	0.0
3.187	0.0
3.193	0.0
3.199	0.0
3.2039999999999997	0.0
3.21	0.0
3.216	0.0
3.222	0.0
3.228	0.0
3.233	0.0
3.239	0.0
3.245	0.0
3.2510000000000003	0.0
3.2569999999999997	0.0
3.262	0.0
3.2680000000000002	0.0
3.2739999999999996	0.0
3.28	0.0
3.286	0.0
3.2910000000000004	0.0
3.2969999999999997	0.0
3.303	0.0
3.3089999999999997	526.2892456054688
3.315	517.2478637695312
3.32	520.2442626953125
3.326	523.258056640625
3.332	529.3380126953125
3.338	520.2442626953125
3.344	529.3380126953125
3.3489999999999998	526.2892456054688
3.355	520.2442626953125
3.361	520.2442626953125
3.367	523.258056640625
3.373	520.2442626953125
3.3789999999999996	520.2442626953125
3.384	520.2442626953125
3.39	523.258056640625
3.3960000000000004	523.258056640625
3.4019999999999997	520.2442626953125
3.408	520.2442626953125
3.4130000000000003	523.258056640625
3.4189999999999996	520.2442626953125
3.425	520.2442626953125
3.431	517.2478637695312
3.437	517.2478637695312
3.4419999999999997	514.2687377929688
3.448	523.258056640625
3.4539999999999997	520.2442626953125
3.46	520.2442626953125
3.466	520.2442626953125
3.471	523.258056640625
3.477	523.258056640625
3.483	520.2442626953125
3.489	523.258056640625
3.495	520.2442626953125
3.5	520.2442626953125
3.5060000000000002	529.3380126953125
3.512	526.2892456054688
3.5180000000000002	520.2442626953125
3.5239999999999996	520.2442626953125
3.529	517.2478637695312
3.535	514.2687377929688
3.5410000000000004	523.258056640625
3.5469999999999997	517.2478637695312
3.553	517.2478637695312
3.5580000000000003	523.258056640625
3.5639999999999996	520.2442626953125
3.57	517.2478637695312
3.576	526.2892456054688
3.582	520.2442626953125
3.5869999999999997	526.2892456054688
3.593	526.2892456054688
3.5989999999999998	523.258056640625
3.605	520.2442626953125
3.611	523.258056640625
3.617	523.258056640625
3.622	520.2442626953125
3.628	520.2442626953125
3.634	532.4044799804688
3.64	511.3067321777344
3.6460000000000004	532.4044799804688
3.6510000000000002	517.2478637695312
3.657	520.2442626953125
3.6630000000000003	523.258056640625
3.6689999999999996	520.2442626953125
3.675	523.258056640625
3.68	526.2892456054688
3.6860000000000004	517.2478637695312
3.6919999999999997	526.2892456054688
3.698	520.2442626953125
3.7039999999999997	520.2442626953125
3.7089999999999996	514.2687377929688
3.715	517.2478637695312
3.721	520.2442626953125
3.727	514.2687377929688
3.733	517.2478637695312
3.738	523.258056640625
3.7439999999999998	523.258056640625
3.75	517.2478637695312
3.7560000000000002	529.3380126953125
3.762	523.258056640625
3.767	514.2687377929688
3.773	514.2687377929688
3.779	529.3380126953125
3.785	511.3067321777344
3.7910000000000004	517.2478637695312
3.7960000000000003	535.4887084960938
3.802	517.2478637695312
3.8080000000000003	520.2442626953125
3.8139999999999996	523.258056640625
3.82	526.2892456054688
3.825	514.2687377929688
3.8310000000000004	520.2442626953125
3.8369999999999997	526.2892456054688
3.843	535.4887084960938
3.8489999999999998	508.36181640625
3.855	532.4044799804688
3.86	529.3380126953125
3.866	517.2478637695312
3.872	526.2892456054688
3.878	532.4044799804688
3.884	520.2442626953125
3.889	541.7108154296875
3.895	523.258056640625
3.9010000000000002	523.258056640625
3.907	526.2892456054688
3.9130000000000003	0.0
3.918	0.0
3.924	0.0
3.93	0.0
3.9360000000000004	580.591552734375
3.9419999999999997	583.954833984375
3.947	573.9227905273438
3.9530000000000003	583.954833984375
3.9589999999999996	590.7401123046875
3.965	580.591552734375
3.971	587.3377075195312
3.9760000000000004	587.3377075195312
3.9819999999999998	580.591552734375
3.988	580.591552734375
3.9939999999999998	583.954833984375
4.0	583.954833984375
4.005	587.3377075195312
4.011	587.3377075195312
4.0169999999999995	583.954833984375
4.023	583.954833984375
4.029	577.2474975585938
4.034	580.591552734375
4.04	583.954833984375
4.046	583.954833984375
4.052	587.3377075195312
4.058	590.7401123046875
4.063	580.591552734375
4.069	587.3377075195312
4.075	580.591552734375
4.081	587.3377075195312
4.087	587.3377075195312
4.093	583.954833984375
4.098	587.3377075195312
4.104	587.3377075195312
4.11	587.3377075195312
4.1160000000000005	580.591552734375
4.122	587.3377075195312
4.127	583.954833984375
4.133	590.7401123046875
4.138999999999999	590.7401123046875
4.145	587.3377075195312
4.151	587.3377075195312
4.156000000000001	583.954833984375
4.162	580.591552734375
4.168	580.591552734375
4.1739999999999995	587.3377075195312
4.18	587.3377075195312
4.185	583.954833984375
4.191	590.7401123046875
4.197	583.954833984375
4.203	583.954833984375
4.209	583.954833984375
4.2139999999999995	590.7401123046875
4.22	597.6041870117188
4.226	587.3377075195312
4.232	583.954833984375
4.238	580.591552734375
4.243	583.954833984375
4.249	590.7401123046875
4.255	587.3377075195312
4.261	587.3377075195312
4.2669999999999995	583.954833984375
4.272	583.954833984375
4.2780000000000005	580.591552734375
4.284	583.954833984375
4.29	577.2474975585938
4.296	597.6041870117188
4.301	583.954833984375
4.3069999999999995	587.3377075195312
4.313	587.3377075195312
4.319	583.954833984375
4.325	583.954833984375
4.331	587.3377075195312
4.336	587.3377075195312
4.342	590.7401123046875
4.348	587.3377075195312
4.354	587.3377075195312
4.36	580.591552734375
4.365	587.3377075195312
4.371	590.7401123046875
4.377	587.3377075195312
4.383	587.3377075195312
4.388999999999999	594.1622314453125
4.394	587.3377075195312
4.4	583.954833984375
4.406000000000001	590.7401123046875
4.412	587.3377075195312
4.418	587.3377075195312
4.423	590.7401123046875
4.428999999999999	597.6041870117188
4.435	587.3377075195312
4.441	583.954833984375
4.447	587.3377075195312
4.452	583.954833984375
4.458	583.954833984375
4.4639999999999995	587.3377075195312
4.47	590.7401123046875
4.476	587.3377075195312
4.481	590.7401123046875
4.487	583.954833984375
4.493	583.954833984375
4.499	587.3377075195312
4.505	583.954833984375
4.51	580.591552734375
4.516	587.3377075195312
4.522	587.3377075195312
4.5280000000000005	583.954833984375
4.534	587.3377075195312
4.54	587.3377075195312
4.545	580.591552734375
4.551	583.954833984375
4.5569999999999995	587.3377075195312
4.563	594.1622314453125
4.569	587.3377075195312
4.574	590.7401123046875
4.58	590.7401123046875
4.586	587.3377075195312
4.592	587.3377075195312
4.598	590.7401123046875
4.603	0.0
4.609	0.0
4.615	0.0
4.621	0.0
4.627	0.0
4.632	0.0
4.638	0.0
4.644	0.0
4.65	0.0
4.656000000000001	0.0
4.6610000000000005	0.0
4.667	0.0
4.673	0.0
4.678999999999999	0.0
4.685	0.0
4.69	0.0
4.696000000000001	0.0
4.702	0.0
4.708	0.0
4.7139999999999995	0.0
4.718999999999999	0.0
4.725	0.0
4.731	0.0
4.737	0.0
4.743	0.0
4.748	0.0
4.754	0.0
4.76	0.0
4.766	0.0
4.772	0.0
4.7780000000000005	0.0
4.783	0.0
4.789	0.0
4.795	0.0
4.801	0.0
4.8069999999999995	0.0
4.812	0.0
4.8180000000000005	0.0
4.824	0.0
4.83	0.0
4.836	0.0
4.841	0.0
4.8469999999999995	0.0
4.853	0.0
4.859	0.0
4.865	0.0
4.87	0.0
4.876	0.0
4.882	0.0
4.888	0.0
4.894	0.0
4.899	0.0
4.905	0.0
4.9110000000000005	0.0
4.917	0.0
4.923	0.0
4.928	0.0
4.934	0.0
4.94	0.0
4.946000000000001	0.0
4.952	0.0
4.957	0.0
4.963	0.0
4.968999999999999	0.0
4.975	0.0
4.981	0.0
4.986000000000001	0.0
4.992	0.0
4.998	0.0
5.004	0.0
5.01	0.0
5.016	0.0
5.021	0.0
5.027	0.0
5.033	0.0
5.039	0.0
5.045	0.0
5.05	0.0
5.056	0.0
5.062	0.0
5.0680000000000005	0.0
5.074	0.0
5.079	0.0
5.085	0.0
5.091	0.0
5.0969999999999995	0.0
5.103	0.0
5.1080000000000005	0.0
5.114	0.0
5.12	295.36883544921875
5.126	322.1021728515625
5.132000000000001	318.4024963378906
5.1370000000000005	312.9324951171875
5.143	311.1301574707031
5.149	293.6676330566406
5.155	297.0799255371094
5.1610000000000005	305.7850646972656
5.166	280.4060363769531
5.172000000000001	305.7850646972656
5.178	300.5318298339844
5.184	300.5318298339844
5.19	291.9762268066406
5.195	298.8009033203125
5.2010000000000005	291.9762268066406
5.207000000000001	298.8009033203125
5.212999999999999	307.5564880371094
5.218999999999999	295.36883544921875
5.224	288.6225891113281
5.23	288.6225891113281
5.236000000000001	298.8009033203125
5.242000000000001	305.7850646972656
5.247999999999999	307.5564880371094
5.254	304.0238952636719
5.2589999999999995	304.0238952636719
5.265	291.9762268066406
5.271	293.6676330566406
5.277	312.9324951171875
5.2829999999999995	290.2945861816406
5.287999999999999	288.6225891113281
5.294	305.7850646972656
5.3	293.6676330566406
5.306	286.9602355957031
5.312	293.6676330566406
5.317	298.8009033203125
5.3229999999999995	293.6676330566406
5.329	291.9762268066406
5.335	295.36883544921875
5.341	291.9762268066406
5.346	270.8542785644531
5.352	269.2942810058594
5.358	254.17987060546875
5.364	249.8131866455078
5.37	260.1210632324219
5.375	267.7432556152344
5.381	261.6279602050781
5.3870000000000005	264.6679382324219
5.393	266.201171875
5.399	261.6279602050781
5.404	241.30357360839844
5.41	254.17987060546875
5.416	802.328369140625
5.422000000000001	766.0963134765625
5.428	784.0030517578125
5.433	779.487548828125
5.439	774.9979858398438
5.445	788.5447998046875
5.4510000000000005	779.487548828125
5.457000000000001	784.0030517578125
5.462000000000001	784.0030517578125
5.468	784.0030517578125
5.474	779.487548828125
5.48	784.0030517578125
5.486000000000001	784.0030517578125
5.492000000000001	784.0030517578125
5.497000000000001	784.0030517578125
5.502999999999999	784.0030517578125
5.5089999999999995	784.0030517578125
5.515	784.0030517578125
5.521	784.0030517578125
5.526	784.0030517578125
5.532	784.0030517578125
5.537999999999999	784.0030517578125
5.544	784.0030517578125
5.55	788.5447998046875
5.555	784.0030517578125
5.561	788.5447998046875
5.567	779.487548828125
5.5729999999999995	788.5447998046875
5.579	784.0030517578125
5.584	788.5447998046875
5.59	784.0030517578125
5.596	784.0030517578125
5.602	788.5447998046875
5.608	784.0030517578125
5.6129999999999995	788.5447998046875
5.619	784.0030517578125
5.625	784.0030517578125
5.631	788.5447998046875
5.6370000000000005	784.0030517578125
5.642	770.5343017578125
5.648	774.9979858398438
5.654	797.707275390625
5.66	850.03759765625
5.666	816.3529052734375
5.671	797.707275390625
5.6770000000000005	806.9762573242188
5.683	784.0030517578125
5.689	797.707275390625
5.695	835.4343872070312
5.7	874.9457397460938
5.706	880.0142822265625
5.712000000000001	874.9457397460938
5.718	874.9457397460938
5.724	885.1121826171875
5.73	880.0142822265625
5.735	880.0142822265625
5.7410000000000005	880.0142822265625
5.747000000000001	880.0142822265625
5.752999999999999	880.0142822265625
5.7589999999999995	880.0142822265625
5.763999999999999	880.0142822265625
5.77	880.0142822265625
5.776	885.1121826171875
5.782	880.0142822265625
5.787999999999999	880.0142822265625
5.792999999999999	880.0142822265625
5.7989999999999995	880.0142822265625
5.805	880.0142822265625
5.811	885.1121826171875
5.817	880.0142822265625
5.822	885.1121826171875
5.827999999999999	880.0142822265625
5.834	885.1121826171875
5.84	874.9457397460938
5.846	880.0142822265625
5.851	880.0142822265625
5.857	880.0142822265625
5.8629999999999995	880.0142822265625
5.869	885.1121826171875
5.875	0.0
5.88	0.0
5.886	0.0
5.892	0.0
5.898	0.0
5.904	0.0
5.909	0.0
5.915	0.0
5.921	0.0
5.9270000000000005	0.0
5.933	0.0
5.939	0.0
5.944	0.0
5.95	0.0
5.956	0.0
5.962000000000001	0.0
5.968	0.0
5.973	0.0
5.979	0.0
5.985	0.0
5.9910000000000005	0.0
5.997000000000001	0.0
6.002000000000001	0.0
6.007999999999999	0.0
6.013999999999999	0.0
6.02	0.0
6.026	0.0
6.031000000000001	0.0
6.037000000000001	0.0
6.042999999999999	0.0
6.0489999999999995	0.0
6.055	0.0
6.06	0.0
6.066	0.0
6.072	0.0
6.077999999999999	0.0
6.084	0.0
6.0889999999999995	0.0
6.095	0.0
6.101	0.0
6.107	0.0
6.1129999999999995	0.0
6.117999999999999	0.0
6.124	0.0
6.13	0.0
6.136	0.0
6.142	0.0
6.147	0.0
6.153	0.0
6.159	0.0
6.165	0.0
6.171	0.0
6.1770000000000005	0.0
6.182	0.0
6.188	0.0
6.194	0.0
6.2	0.0
6.206	0.0
6.211	0.0
6.2170000000000005	0.0
6.223	0.0
6.229	0.0
6.235	0.0
6.24	0.0
6.246	0.0
6.252000000000001	0.0
6.257999999999999	0.0
6.263999999999999	0.0
6.269	0.0
6.275	0.0
6.281000000000001	0.0
6.287000000000001	0.0
6.292999999999999	0.0
6.297999999999999	0.0
6.303999999999999	0.0
6.31	0.0
6.316	0.0
6.322	0.0
6.327000000000001	0.0
6.332999999999999	0.0
6.3389999999999995	0.0
6.345	0.0
6.351	0.0
6.356	0.0
6.362	0.0
6.367999999999999	0.0
6.374	0.0
6.38	0.0
6.385	0.0
6.391	0.0
6.397	0.0
6.403	0.0
6.409	0.0
6.415	0.0
6.42	0.0
6.426	0.0
6.432	0.0
6.438	0.0
6.444	0.0
6.449	0.0
6.455	0.0
6.461	0.0
6.4670000000000005	0.0
6.473	0.0
6.478	0.0
6.484	0.0
6.49	0.0
6.496	0.0
6.502000000000001	0.0
6.507000000000001	0.0
6.513	0.0
6.519	0.0
6.525	0.0
6.531000000000001	0.0
6.5360000000000005	0.0
6.542000000000001	0.0
6.547999999999999	0.0
6.553999999999999	0.0
6.56	0.0
6.565	0.0
6.571000000000001	0.0
6.577000000000001	0.0
6.582999999999999	0.0
6.5889999999999995	0.0
6.593999999999999	0.0
6.6	0.0
6.606	0.0
6.612	0.0
6.617999999999999	0.0
6.622999999999999	0.0
6.629	0.0
6.635	0.0
6.641	0.0
6.647	0.0
6.653	0.0
6.6579999999999995	0.0
6.664	0.0
6.67	0.0
6.676	0.0
6.682	0.0
6.687	0.0
6.693	0.0
6.699	0.0
6.705	0.0
6.711	0.0
6.716	0.0
6.722	0.0
6.728	0.0
6.734	0.0
6.74	0.0
6.745	0.0
6.751	0.0
6.757000000000001	0.0
6.763	0.0
6.769	0.0
6.774	0.0
6.78	0.0
6.7860000000000005	0.0
6.792000000000001	0.0
6.797999999999999	0.0
6.803	0.0
6.809	0.0
6.815	0.0
6.821000000000001	770.5343017578125
6.827000000000001	793.11279296875
6.832000000000001	779.487548828125
6.837999999999999	784.0030517578125
6.843999999999999	784.0030517578125
6.85	784.0030517578125
6.856	784.0030517578125
6.861000000000001	788.5447998046875
6.867000000000001	779.487548828125
6.872999999999999	788.5447998046875
6.879	788.5447998046875
6.885	784.0030517578125
6.891	788.5447998046875
6.896	784.0030517578125
6.902	788.5447998046875
6.9079999999999995	784.0030517578125
6.914	788.5447998046875
6.92	779.487548828125
6.925	784.0030517578125
6.931	779.487548828125
6.937	779.487548828125
6.943	784.0030517578125
6.949	774.9979858398438
6.954	788.5447998046875
6.96	774.9979858398438
6.966	788.5447998046875
6.972	779.487548828125
6.978	784.0030517578125
6.983	784.0030517578125
6.989	784.0030517578125
6.995	784.0030517578125
7.001	788.5447998046875
7.007000000000001	784.0030517578125
7.0120000000000005	793.11279296875
7.018	779.487548828125
7.024	788.5447998046875
7.03	784.0030517578125
7.0360000000000005	788.5447998046875
7.041	784.0030517578125
7.047000000000001	784.0030517578125
7.053	779.487548828125
7.059	774.9979858398438
7.065	793.11279296875
7.07	779.487548828125
7.0760000000000005	774.9979858398438
7.082000000000001	784.0030517578125
7.087999999999999	788.5447998046875
7.093999999999999	779.487548828125
7.1	779.487548828125
7.105	784.0030517578125
7.111000000000001	784.0030517578125
7.117000000000001	788.5447998046875
7.122999999999999	784.0030517578125
7.129	788.5447998046875
7.1339999999999995	784.0030517578125
7.14	788.5447998046875
7.146	784.0030517578125
7.152	788.5447998046875
7.1579999999999995	784.0030517578125
7.162999999999999	788.5447998046875
7.169	788.5447998046875
7.175	793.11279296875
7.181	788.5447998046875
7.187	788.5447998046875
7.192	788.5447998046875
7.1979999999999995	784.0030517578125
7.204	784.0030517578125
7.21	779.487548828125
7.216	774.9979858398438
7.221	0.0
7.227	0.0
7.233	0.0
7.239	0.0
7.245	0.0
7.25	0.0
7.256	0.0
7.2620000000000005	0.0
7.268	0.0
7.274	0.0
7.279	0.0
7.285	0.0
7.291	0.0
7.297000000000001	0.0
7.303	0.0
7.308	0.0
7.314	0.0
7.32	0.0
7.3260000000000005	0.0
7.332000000000001	440.0053405761719
7.337999999999999	440.0053405761719
7.343	434.9514465332031
7.349	434.9514465332031
7.355	445.1180114746094
7.361000000000001	437.4710998535156
7.367000000000001	442.5543212890625
7.372000000000001	455.5221862792969
7.377999999999999	440.0053405761719
7.3839999999999995	471.5862731933594
7.39	442.5543212890625
7.396	447.6965637207031
7.401	440.0053405761719
7.407	442.5543212890625
7.412999999999999	437.4710998535156
7.419	440.0053405761719
7.425	442.5543212890625
7.43	442.5543212890625
7.436	432.4462890625
7.442	440.0053405761719
7.4479999999999995	417.7154846191406
7.454	440.0053405761719
7.459	442.5543212890625
7.465	440.0053405761719
7.471	437.4710998535156
7.477	437.4710998535156
7.483	437.4710998535156
7.4879999999999995	442.5543212890625
7.494	437.4710998535156
7.5	442.5543212890625
7.506	442.5543212890625
7.5120000000000005	437.4710998535156
7.517	445.1180114746094
7.523	0.0
7.529	0.0
7.535	295.36883544921875
7.541	311.1301574707031
7.546	300.5318298339844
7.5520000000000005	290.2945861816406
7.558	305.7850646972656
7.564	291.9762268066406
7.57	293.6676330566406
7.5760000000000005	293.6676330566406
7.581	290.2945861816406
7.587000000000001	295.36883544921875
7.593	291.9762268066406
7.599	293.6676330566406
7.605	290.2945861816406
7.61	290.2945861816406
7.6160000000000005	309.3381652832031
7.622000000000001	327.73248291015625
7.627999999999999	327.73248291015625
7.6339999999999995	353.2899475097656
7.638999999999999	351.2550964355469
7.645	339.2900085449219
7.651	331.5405578613281
7.657	349.2320251464844
7.662999999999999	353.2899475097656
7.667999999999999	349.2320251464844
7.6739999999999995	331.5405578613281
7.68	311.1301574707031
7.686	286.9602355957031
7.692	300.5318298339844
7.697	293.6676330566406
7.702999999999999	295.36883544921875
7.709	297.0799255371094
7.715	272.42333984375
7.721	0.0
7.726	0.0
7.732	0.0
7.7379999999999995	0.0
7.744	0.0
7.75	0.0
7.755	307.5564880371094
7.761	297.0799255371094
7.767	291.9762268066406
7.773	297.0799255371094
7.779	288.6225891113281
7.784	282.0304260253906
7.79	291.9762268066406
7.796	291.9762268066406
7.8020000000000005	297.0799255371094
7.808	291.9762268066406
7.814	285.3074645996094
7.819	283.6641845703125
7.825	290.2945861816406
7.831	291.9762268066406
7.837000000000001	300.5318298339844
7.843	290.2945861816406
7.848	291.9762268066406
7.854	295.36883544921875
7.86	291.9762268066406
7.8660000000000005	293.6676330566406
7.872000000000001	295.36883544921875
7.877000000000001	309.3381652832031
7.882999999999999	290.2945861816406
7.888999999999999	297.0799255371094
7.895	297.0799255371094
7.901	291.9762268066406
7.906000000000001	295.36883544921875
7.912000000000001	295.36883544921875
7.917999999999999	307.5564880371094
7.9239999999999995	293.6676330566406
7.93	295.36883544921875
7.935	290.2945861816406
7.941	307.5564880371094
7.947	293.6676330566406
7.952999999999999	290.2945861816406
7.959	302.2728271484375
7.9639999999999995	311.1301574707031
7.97	298.8009033203125
7.976	290.2945861816406
7.982	295.36883544921875
7.9879999999999995	298.8009033203125
7.992999999999999	311.1301574707031
7.999	327.73248291015625
8.005	318.4024963378906
8.011000000000001	291.9762268066406
8.017000000000001	298.8009033203125
8.022	311.1301574707031
8.027999999999999	311.1301574707031
8.033999999999999	318.4024963378906
8.04	329.6310119628906
8.046	312.9324951171875
8.052	290.2945861816406
8.057	291.9762268066406
8.062999999999999	272.42333984375
8.068999999999999	270.8542785644531
8.075	258.6228942871094
8.081	272.42333984375
8.086	297.0799255371094
8.092	293.6676330566406
8.097999999999999	300.5318298339844
8.104	293.6676330566406
8.11	297.0799255371094
8.115	288.6225891113281
8.121	272.42333984375
8.127	255.65234375
8.133	272.42333984375
8.139	293.6676330566406
8.144	295.36883544921875
8.15	290.2945861816406
8.156	302.2728271484375
8.162	298.8009033203125
8.168	307.5564880371094
8.173	288.6225891113281
8.179	297.0799255371094
8.185	291.9762268066406
8.191	293.6676330566406
8.197000000000001	293.6676330566406
8.202	293.6676330566406
8.208	293.6676330566406
8.214	293.6676330566406
8.22	291.9762268066406
8.226	297.0799255371094
8.231	0.0
8.237	0.0
8.243	0.0
8.249	0.0
8.255	0.0
8.26	0.0
8.266	0.0
8.272	0.0
8.277999999999999	0.0
8.283999999999999	0.0
8.29	0.0
8.295	0.0
8.301	0.0
8.307	0.0
8.312999999999999	0.0
8.318999999999999	0.0
8.324	0.0
8.33	0.0
8.336	0.0
8.342	0.0
8.347999999999999	0.0
8.353	0.0
8.359	0.0
8.365	0.0
8.371	0.0
8.377	0.0
8.382	0.0
8.388	0.0
8.394	0.0
8.4	0.0
8.406	0.0
8.411	0.0
8.417	0.0
8.423	0.0
8.429	0.0
8.435	0.0
8.44	0.0
8.446	0.0
8.452	0.0
8.458	0.0
8.464	0.0
8.469	188.23226928710938
8.475	176.6442413330078
8.481	176.6442413330078
8.487	177.66754150390625
8.493	175.62684631347656
8.499	180.77313232421875
8.504	197.1345977783203
8.51	200.58045959472656
8.516	211.28370666503906
8.522	226.44837951660156
8.527999999999999	221.27626037597656
8.533	222.55809020996094
8.539	220.0017852783203
8.545	223.8473663330078
8.551	217.47483825683594
8.557	225.14410400390625
8.562000000000001	238.53195190429688
8.568	249.8131866455078
8.574	302.2728271484375
8.58	304.0238952636719
8.586	288.6225891113281
8.591000000000001	291.9762268066406
8.597000000000001	297.0799255371094
8.603	425.01708984375
8.609	440.0053405761719
8.615	442.5543212890625
8.62	434.9514465332031
8.626	432.4462890625
8.632	432.4462890625
8.638	442.5543212890625
8.644	440.0053405761719
8.649	437.4710998535156
8.655	434.9514465332031
8.661	437.4710998535156
8.667	440.0053405761719
8.673	440.0053405761719
8.677999999999999	432.4462890625
8.684	445.1180114746094
8.69	437.4710998535156
8.696	452.8985900878906
8.702	440.0053405761719
8.707	450.2900390625
8.713	468.8700866699219
8.719	499.62841796875
8.725	526.2892456054688
8.731	554.372802734375
8.737	532.4044799804688
8.742	493.8896484375
8.748	458.1610107421875
8.754	429.95556640625
8.76	447.6965637207031
8.766	450.2900390625
8.771	437.4710998535156
8.777000000000001	434.9514465332031
8.783	442.5543212890625
8.789	460.81512451171875
8.795	442.5543212890625
8.8	442.5543212890625
8.806000000000001	437.4710998535156
8.812000000000001	445.1180114746094
8.818	442.5543212890625
8.824	442.5543212890625
8.829	440.0053405761719
8.835	437.4710998535156
8.841000000000001	450.2900390625
8.847000000000001	437.4710998535156
8.853	442.5543212890625
8.857999999999999	445.1180114746094
8.863999999999999	440.0053405761719
8.87	452.8985900878906
8.876	437.4710998535156
8.882	442.5543212890625
8.887	440.0053405761719
8.892999999999999	437.4710998535156
8.899	440.0053405761719
8.905	437.4710998535156
8.911	447.6965637207031
8.916	437.4710998535156
8.922	437.4710998535156
8.927999999999999	440.0053405761719
8.934	442.5543212890625
8.94	440.0053405761719
8.945	442.5543212890625
8.951	447.6965637207031
8.957	442.5543212890625
8.963	447.6965637207031
8.969	445.1180114746094
8.975	445.1180114746094
8.98	442.5543212890625
8.986	440.0053405761719
8.992	442.5543212890625
8.998	442.5543212890625
9.004	437.4710998535156
9.009	442.5543212890625
9.015	434.9514465332031
9.021	410.5393371582031
9.027000000000001	440.0053405761719
9.033	415.30963134765625
9.038	311.1301574707031
9.044	320.24700927734375
9.05	297.0799255371094
9.056000000000001	297.0799255371094
9.062000000000001	297.0799255371094
9.067	291.9762268066406
9.073	291.9762268066406
9.079	357.39495849609375
9.085	355.3365173339844
9.091000000000001	355.3365173339844
9.096	380.84039306640625
9.102	378.64691162109375
9.107999999999999	380.84039306640625
9.113999999999999	383.0466003417969
9.12	369.99853515625
9.125	357.39495849609375
9.131	345.220703125
9.137	351.2550964355469
9.142999999999999	329.6310119628906
9.149	329.6310119628906
9.154	329.6310119628906
9.16	312.9324951171875
9.166	300.5318298339844
9.172	291.9762268066406
9.177999999999999	295.36883544921875
9.183	288.6225891113281
9.189	312.9324951171875
9.195	295.36883544921875
9.201	290.2945861816406
9.207	293.6676330566406
9.213	311.1301574707031
9.218	288.6225891113281
9.224	298.8009033203125
9.23	293.6676330566406
9.236	277.1852722167969
9.242	293.6676330566406
9.247	291.9762268066406
9.253	293.6676330566406
9.259	293.6676330566406
9.265	290.2945861816406
9.271	298.8009033203125
9.276	295.36883544921875
9.282	291.9762268066406
9.288	295.36883544921875
9.294	283.6641845703125
9.3	295.36883544921875
9.305	295.36883544921875
9.311	293.6676330566406
9.317	320.24700927734375
9.323	305.7850646972656
9.329	293.6676330566406
9.334	297.0799255371094
9.34	295.36883544921875
9.346	311.1301574707031
9.352	293.6676330566406
9.357999999999999	288.6225891113281
9.363	282.0304260253906
9.369	278.7909851074219
9.375	286.9602355957031
9.381	288.6225891113281
9.387	285.3074645996094
9.392000000000001	293.6676330566406
9.398	291.9762268066406
9.404	297.0799255371094
9.41	293.6676330566406
9.416	291.9762268066406
9.421	304.0238952636719
9.427	318.4024963378906
9.433	325.8448486328125
9.439	325.8448486328125
9.445	339.2900085449219
9.451	329.6310119628906
9.456	316.5686340332031
9.462	320.24700927734375
9.468	320.24700927734375
9.474	325.8448486328125
9.48	335.3929138183594
9.485	333.4611511230469
9.491	314.74530029296875
9.497	323.9681091308594
9.503	335.3929138183594
9.509	0.0
9.514	0.0
9.52	0.0
9.526	0.0
9.532	0.0
9.538	0.0
9.543	0.0
9.549	0.0
9.555	0.0
9.561	0.0
9.567	0.0
9.572000000000001	0.0
9.578	0.0
9.584	0.0
9.59	0.0
9.596	0.0
9.601	0.0
9.607000000000001	0.0
9.613	0.0
9.619	0.0
9.625	0.0
9.63	0.0
9.636000000000001	0.0
9.642000000000001	0.0
9.648	0.0
9.654	0.0
9.66	0.0
9.665	0.0
9.671	0.0
9.677	0.0
9.683	0.0
9.689	0.0
9.693999999999999	0.0
9.7	0.0
9.706	0.0
9.712	0.0
9.718	0.0
9.722999999999999	0.0
9.729	0.0
9.735	0.0
9.741	0.0
9.747	0.0
9.752	0.0
9.758	0.0
9.764	0.0
9.77	0.0
9.776	0.0
9.781	0.0
9.787	0.0
9.793	0.0
9.799	0.0
9.805	0.0
9.81	0.0
9.816	0.0
9.822000000000001	0.0
9.828	0.0
9.834	0.0
9.839	0.0
9.845	0.0
9.851	0.0
9.857000000000001	0.0
9.863	0.0
9.868	0.0
9.874	0.0
9.88	0.0
9.886000000000001	0.0
9.892000000000001	0.0
9.898	0.0
9.902999999999999	0.0
9.908999999999999	0.0
9.915	0.0
9.921	0.0
9.927	0.0
9.932	0.0
9.937999999999999	0.0
9.943999999999999	0.0
9.95	0.0
9.956	0.0
9.961	0.0
9.967	0.0
9.972999999999999	0.0
9.979	0.0
9.985	0.0
9.99	0.0
9.996	0.0
10.002	0.0
10.008	0.0
10.014	0.0
10.019	0.0
10.025	0.0
10.031	0.0
10.037	0.0
10.043	0.0
10.048	0.0
10.054	0.0
10.06	0.0
10.066	0.0
10.072000000000001	0.0
10.077	0.0
10.083	0.0
10.089	0.0
10.095	0.0
10.101	0.0
10.106	0.0
10.112	0.0
10.118	0.0
10.124	0.0
10.13	0.0
10.136000000000001	0.0
10.141	0.0
10.147	0.0
10.152999999999999	0.0
10.158999999999999	0.0
10.165	0.0
10.17	0.0
10.176	0.0
10.182	0.0
10.187999999999999	0.0
10.193999999999999	0.0
10.199	0.0
10.205	0.0
10.211	0.0
10.217	0.0
10.222999999999999	0.0
10.228	0.0
10.234	0.0
10.24	0.0
10.245999999999999	0.0
10.252	0.0
10.257	0.0
10.263	0.0
10.269	0.0
10.275	0.0
10.280999999999999	0.0
10.286	0.0
10.292	0.0
10.298	0.0
10.304	0.0
10.31	0.0
10.315	0.0
10.321	0.0
10.327	0.0
10.333	0.0
10.339	0.0
10.344000000000001	0.0
10.35	0.0
10.356	0.0
10.362	0.0
10.368	0.0
10.374	0.0
10.379000000000001	625.8675537109375
10.385	622.2628173828125
10.390999999999998	622.2628173828125
10.397	622.2628173828125
10.402999999999999	622.2628173828125
10.408	622.2628173828125
10.414000000000001	622.2628173828125
10.42	622.2628173828125
10.425999999999998	618.6788330078125
10.432	622.2628173828125
10.437000000000001	615.115478515625
10.443	622.2628173828125
10.449000000000002	618.6788330078125
10.455	618.6788330078125
10.460999999999999	618.6788330078125
10.466	622.2628173828125
10.472000000000001	618.6788330078125
10.478	618.6788330078125
10.484000000000002	618.6788330078125
10.49	611.5726928710938
10.495	618.6788330078125
10.501	618.6788330078125
10.507	629.4931640625
10.513	0.0
10.519	0.0
10.524000000000001	0.0
10.53	0.0
10.536	0.0
10.542	702.5130615234375
10.548	694.4439697265625
10.552999999999999	698.4669189453125
10.559000000000001	698.4669189453125
10.565	694.4439697265625
10.571	698.4669189453125
10.577	694.4439697265625
10.582	694.4439697265625
10.588	694.4439697265625
10.594000000000001	694.4439697265625
10.6	694.4439697265625
10.606	698.4669189453125
10.612	694.4439697265625
10.617	698.4669189453125
10.623	690.4442138671875
10.629000000000001	694.4439697265625
10.635	694.4439697265625
10.640999999999998	694.4439697265625
10.645999999999999	698.4669189453125
10.652000000000001	694.4439697265625
10.658	698.4669189453125
10.664000000000001	698.4669189453125
10.67	694.4439697265625
10.675	770.5343017578125
10.681	793.11279296875
10.687000000000001	774.9979858398438
10.693	788.5447998046875
10.699000000000002	774.9979858398438
10.704	788.5447998046875
10.71	779.487548828125
10.716	784.0030517578125
10.722000000000001	779.487548828125
10.728	784.0030517578125
10.732999999999999	784.0030517578125
10.739	784.0030517578125
10.745	788.5447998046875
10.751	784.0030517578125
10.757	784.0030517578125
10.762	779.487548828125
10.767999999999999	784.0030517578125
10.774000000000001	779.487548828125
10.78	784.0030517578125
10.786	784.0030517578125
10.790999999999999	784.0030517578125
10.797	788.5447998046875
10.802999999999999	784.0030517578125
10.809000000000001	788.5447998046875
10.815	784.0030517578125
10.82	788.5447998046875
10.825999999999999	774.9979858398438
10.832	784.0030517578125
10.838	784.0030517578125
10.844000000000001	784.0030517578125
10.85	784.0030517578125
10.855	784.0030517578125
10.860999999999999	784.0030517578125
10.867	788.5447998046875
10.873	788.5447998046875
10.879000000000001	784.0030517578125
10.884	784.0030517578125
10.89	784.0030517578125
10.895999999999999	784.0030517578125
10.902000000000001	784.0030517578125
10.908	779.487548828125
10.913	784.0030517578125
10.919	788.5447998046875
10.925	784.0030517578125
10.931	784.0030517578125
10.937000000000001	784.0030517578125
10.942	779.487548828125
10.948	788.5447998046875
10.954	784.0030517578125
10.96	784.0030517578125
10.966	784.0030517578125
10.970999999999998	788.5447998046875
10.977	779.487548828125
10.982999999999999	784.0030517578125
10.989	788.5447998046875
10.995	784.0030517578125
11.0	784.0030517578125
11.005999999999998	788.5447998046875
11.012	784.0030517578125
11.017999999999999	784.0030517578125
11.024000000000001	788.5447998046875
11.029000000000002	788.5447998046875
11.035	793.11279296875
11.040999999999999	784.0030517578125
11.047	788.5447998046875
11.052999999999999	788.5447998046875
11.059000000000001	788.5447998046875
11.064	784.0030517578125
11.07	788.5447998046875
11.075999999999999	784.0030517578125
11.082	784.0030517578125
11.088	0.0
11.093	0.0
11.099	0.0
11.105	0.0
11.110999999999999	864.8961181640625
11.117	869.9063720703125
11.122	880.0142822265625
11.128	880.0142822265625
11.134	874.9457397460938
11.14	880.0142822265625
11.145999999999999	880.0142822265625
11.151	880.0142822265625
11.157	874.9457397460938
11.163	885.1121826171875
11.169	880.0142822265625
11.175	885.1121826171875
11.18	880.0142822265625
11.186	880.0142822265625
11.192	880.0142822265625
11.198	880.0142822265625
11.204	880.0142822265625
11.209000000000001	880.0142822265625
11.215	880.0142822265625
11.220999999999998	885.1121826171875
11.227	885.1121826171875
11.232999999999999	874.9457397460938
11.238	885.1121826171875
11.244000000000002	874.9457397460938
11.25	885.1121826171875
11.255999999999998	880.0142822265625
11.262	874.9457397460938
11.267000000000001	880.0142822265625
11.273	880.0142822265625
11.279000000000002	880.0142822265625
11.285	885.1121826171875
11.290999999999999	880.0142822265625
11.297	874.9457397460938
11.302	0.0
11.308	0.0
11.314	0.0
11.32	0.0
11.325999999999999	0.0
11.331	0.0
11.337	0.0
11.343	0.0
11.349	0.0
11.355	0.0
11.36	0.0
11.366	0.0
11.372	0.0
11.378	0.0
11.384	0.0
11.389000000000001	0.0
11.395	0.0
11.401	0.0
11.407	0.0
11.413	0.0
11.418	0.0
11.424000000000001	0.0
11.43	926.9730224609375
11.436	932.343017578125
11.442	937.7439575195312
11.447000000000001	932.343017578125
11.453	932.343017578125
11.459000000000001	932.343017578125
11.465	932.343017578125
11.470999999999998	932.343017578125
11.475999999999999	932.343017578125
11.482000000000001	932.343017578125
11.488	937.7439575195312
11.494000000000002	932.343017578125
11.5	932.343017578125
11.505	932.343017578125
11.511	932.343017578125
11.517000000000001	932.343017578125
11.523	932.343017578125
11.529000000000002	932.343017578125
11.535	937.7439575195312
11.54	932.343017578125
11.546	932.343017578125
11.552	937.7439575195312
11.558	932.343017578125
11.564	932.343017578125
11.569	932.343017578125
11.575	932.343017578125
11.581	937.7439575195312
11.587	932.343017578125
11.593	932.343017578125
11.597999999999999	932.343017578125
11.604000000000001	926.9730224609375
11.61	932.343017578125
11.616	932.343017578125
11.622	937.7439575195312
11.627	937.7439575195312
11.633	932.343017578125
11.639000000000001	926.9730224609375
11.645	937.7439575195312
11.651	937.7439575195312
11.655999999999999	932.343017578125
11.662	926.9730224609375
11.668	932.343017578125
11.674000000000001	932.343017578125
11.68	937.7439575195312
11.685	937.7439575195312
11.690999999999999	0.0
11.697000000000001	0.0
11.703	0.0
11.709000000000001	0.0
11.714	0.0
11.72	0.0
11.725999999999999	0.0
11.732000000000001	0.0
11.738	0.0
11.743	0.0
11.749	0.0
11.755	0.0
11.761	0.0
11.767000000000001	0.0
11.773	0.0
11.777999999999999	0.0
11.784	0.0
11.79	0.0
11.796	0.0
11.802	0.0
11.807	0.0
11.812999999999999	0.0
11.819	0.0
11.825	0.0
11.831	0.0
11.835999999999999	0.0
11.842	0.0
11.847999999999999	0.0
11.854000000000001	0.0
11.86	0.0
11.865	0.0
11.870999999999999	0.0
11.877	0.0
11.883	0.0
11.889000000000001	0.0
11.894	0.0
11.9	0.0
11.905999999999999	0.0
11.912	0.0
11.918	0.0
11.923	0.0
11.929	0.0
11.935	0.0
11.940999999999999	0.0
11.947000000000001	0.0
11.952	0.0
11.958	0.0
11.964	0.0
11.97	0.0
11.975999999999999	0.0
11.981	0.0
11.987	0.0
11.993	0.0
11.999	0.0
12.005	0.0
12.011	0.0
12.015999999999998	859.9146118164062
12.022	921.634033203125
12.027999999999999	926.9730224609375
12.034	932.343017578125
12.04	932.343017578125
12.045	932.343017578125
12.050999999999998	937.7439575195312
12.057	932.343017578125
12.062999999999999	937.7439575195312
12.069	926.9730224609375
12.074000000000002	932.343017578125
12.08	937.7439575195312
12.085999999999999	937.7439575195312
12.092	932.343017578125
12.097999999999999	932.343017578125
12.103	932.343017578125
12.109000000000002	932.343017578125
12.115	932.343017578125
12.120999999999999	932.343017578125
12.127	932.343017578125
12.132	932.343017578125
12.138	937.7439575195312
12.144	932.343017578125
12.15	943.1763305664062
12.155999999999999	937.7439575195312
12.161	932.343017578125
12.167	937.7439575195312
12.173	932.343017578125
12.179	943.1763305664062
12.185	932.343017578125
12.19	932.343017578125
12.196	937.7439575195312
12.202	926.9730224609375
12.208	932.343017578125
12.214	932.343017578125
12.22	932.343017578125
12.225	937.7439575195312
12.231	932.343017578125
12.237	948.64013671875
12.243	932.343017578125
12.249	937.7439575195312
12.254000000000001	926.9730224609375
12.26	937.7439575195312
12.265999999999998	932.343017578125
12.272	932.343017578125
12.277999999999999	937.7439575195312
12.283	932.343017578125
12.289000000000001	932.343017578125
12.295	937.7439575195312
12.300999999999998	932.343017578125
12.307	932.343017578125
12.312000000000001	916.3258056640625
12.318	954.1355590820312
12.324000000000002	943.1763305664062
12.33	943.1763305664062
12.335999999999999	932.343017578125
12.341	932.343017578125
12.347000000000001	937.7439575195312
12.353	932.343017578125
12.359000000000002	937.7439575195312
12.365	926.9730224609375
12.37	932.343017578125
12.376	937.7439575195312
12.382	932.343017578125
12.388	943.1763305664062
12.394	943.1763305664062
12.399000000000001	926.9730224609375
12.405	266.201171875
12.411	261.6279602050781
12.417	261.6279602050781
12.423	267.7432556152344
12.427999999999999	272.42333984375
12.434000000000001	283.6641845703125
12.44	295.36883544921875
12.446	302.2728271484375
12.452	304.0238952636719
12.458	309.3381652832031
12.463	311.1301574707031
12.469000000000001	331.5405578613281
12.475	318.4024963378906
12.481	302.2728271484375
12.487	282.0304260253906
12.492	277.1852722167969
12.498	258.6228942871094
12.504000000000001	251.26034545898438
12.51	254.17987060546875
12.515999999999998	260.1210632324219
12.520999999999999	257.1333312988281
12.527000000000001	252.71588134765625
12.533	254.17987060546875
12.539000000000001	258.6228942871094
12.545	272.42333984375
12.55	264.6679382324219
12.556	251.26034545898438
12.562000000000001	252.71588134765625
12.568	266.201171875
12.574000000000002	261.6279602050781
12.579	264.6679382324219
12.585	260.1210632324219
12.591	263.1435852050781
12.597000000000001	254.17987060546875
12.603	266.201171875
12.607999999999999	277.1852722167969
12.614	257.1333312988281
12.62	261.6279602050781
12.626	266.201171875
12.632	258.6228942871094
12.637	267.7432556152344
12.642999999999999	275.5887756347656
12.649000000000001	275.5887756347656
12.655	267.7432556152344
12.661	267.7432556152344
12.665999999999999	249.8131866455078
12.672	0.0
12.677999999999999	0.0
12.684000000000001	0.0
12.69	0.0
12.696	0.0
12.700999999999999	0.0
12.707	0.0
12.713	0.0
12.719000000000001	0.0
12.725	0.0
12.73	0.0
12.735999999999999	0.0
12.742	0.0
12.748	0.0
12.754000000000001	0.0
12.759	0.0
12.765	0.0
12.770999999999999	0.0
12.777000000000001	0.0
12.783	0.0
12.788	0.0
12.794	0.0
12.8	0.0
12.806	0.0
12.812000000000001	0.0
12.817	0.0
12.823	0.0
12.829	0.0
12.835	0.0
12.841	0.0
12.845999999999998	0.0
12.852	0.0
12.857999999999999	0.0
12.864	0.0
12.87	0.0
12.875	0.0
12.880999999999998	0.0
12.887	0.0
12.892999999999999	0.0
12.899000000000001	0.0
12.904000000000002	0.0
12.91	0.0
12.915999999999999	0.0
12.922	0.0
12.927999999999999	0.0
12.934000000000001	702.5130615234375
12.939	698.4669189453125
12.945	702.5130615234375
12.950999999999999	698.4669189453125
12.957	694.4439697265625
12.963	698.4669189453125
12.968	694.4439697265625
12.974	694.4439697265625
12.98	694.4439697265625
12.985999999999999	694.4439697265625
12.992	694.4439697265625
12.997	698.4669189453125
13.003	694.4439697265625
13.009	698.4669189453125
13.015	690.4442138671875
13.020999999999999	694.4439697265625
13.026	698.4669189453125
13.032	694.4439697265625
13.038	698.4669189453125
13.044	698.4669189453125
13.05	694.4439697265625
13.055	698.4669189453125
13.061	698.4669189453125
13.067	702.5130615234375
13.073	698.4669189453125
13.079	698.4669189453125
13.084000000000001	702.5130615234375
13.09	694.4439697265625
13.095999999999998	702.5130615234375
13.102	698.4669189453125
13.107999999999999	694.4439697265625
13.113	698.4669189453125
13.119000000000002	694.4439697265625
13.125	690.4442138671875
13.130999999999998	698.4669189453125
13.137	694.4439697265625
13.142000000000001	702.5130615234375
13.148	690.4442138671875
13.154000000000002	698.4669189453125
13.16	698.4669189453125
13.165999999999999	694.4439697265625
13.172	694.4439697265625
13.177	694.4439697265625
13.183	694.4439697265625
13.189	694.4439697265625
13.195	702.5130615234375
13.200999999999999	690.4442138671875
13.206	694.4439697265625
13.212	694.4439697265625
13.218	694.4439697265625
13.224	694.4439697265625
13.23	694.4439697265625
13.235	694.4439697265625
13.241	698.4669189453125
13.247	690.4442138671875
13.253	702.5130615234375
13.259	698.4669189453125
13.264000000000001	694.4439697265625
13.27	702.5130615234375
13.276	694.4439697265625
13.282	694.4439697265625
13.288	698.4669189453125
13.293	698.4669189453125
13.299000000000001	698.4669189453125
13.305	702.5130615234375
13.311	698.4669189453125
13.317	698.4669189453125
13.322000000000001	698.4669189453125
13.328	698.4669189453125
13.334000000000001	702.5130615234375
13.34	702.5130615234375
13.345999999999998	698.4669189453125
13.350999999999999	694.4439697265625
13.357000000000001	710.6759643554688
13.363	706.5827026367188
13.369000000000002	690.4442138671875
13.375	694.4439697265625
13.38	698.4669189453125
13.386	702.5130615234375
13.392000000000001	702.5130615234375
13.398	694.4439697265625
13.404000000000002	694.4439697265625
13.41	698.4669189453125
13.415	690.4442138671875
13.421	698.4669189453125
13.427	698.4669189453125
13.433	690.4442138671875
13.439	698.4669189453125
13.444	694.4439697265625
13.45	694.4439697265625
13.456	690.4442138671875
13.462	698.4669189453125
13.468	694.4439697265625
13.472999999999999	698.4669189453125
13.479000000000001	698.4669189453125
13.485	694.4439697265625
13.491	702.5130615234375
13.497	698.4669189453125
13.502	0.0
13.508	0.0
13.514000000000001	580.591552734375
13.52	590.7401123046875
13.526	587.3377075195312
13.530999999999999	580.591552734375
13.537	583.954833984375
13.543	590.7401123046875
13.549000000000001	580.591552734375
13.555	583.954833984375
13.56	587.3377075195312
13.565999999999999	580.591552734375
13.572000000000001	583.954833984375
13.578	583.954833984375
13.584000000000001	583.954833984375
13.589	583.954833984375
13.595	583.954833984375
13.600999999999999	583.954833984375
13.607000000000001	587.3377075195312
13.613	583.954833984375
13.619000000000002	580.591552734375
13.624	580.591552734375
13.63	573.9227905273438
13.636	583.954833984375
13.642000000000001	583.954833984375
13.648	587.3377075195312
13.652999999999999	587.3377075195312
13.659	583.954833984375
13.665	587.3377075195312
13.671	583.954833984375
13.677	587.3377075195312
13.682	583.954833984375
13.687999999999999	587.3377075195312
13.694	590.7401123046875
13.7	573.9227905273438
13.706	590.7401123046875
13.710999999999999	587.3377075195312
13.717	583.954833984375
13.722999999999999	587.3377075195312
13.729000000000001	587.3377075195312
13.735	583.954833984375
13.74	580.591552734375
13.745999999999999	590.7401123046875
13.752	580.591552734375
13.758	583.954833984375
13.764000000000001	590.7401123046875
13.769	583.954833984375
13.775	587.3377075195312
13.780999999999999	590.7401123046875
13.787	587.3377075195312
13.793	583.954833984375
13.798	587.3377075195312
13.804	583.954833984375
13.81	583.954833984375
13.815999999999999	583.954833984375
13.822000000000001	560.8143310546875
13.827	590.7401123046875
13.833	587.3377075195312
13.839	580.591552734375
13.845	583.954833984375
13.850999999999999	587.3377075195312
13.857000000000001	583.954833984375
13.862	587.3377075195312
13.868	580.591552734375
13.874	577.2474975585938
13.88	590.7401123046875
13.886	577.2474975585938
13.890999999999998	583.954833984375
13.897	590.7401123046875
13.902999999999999	587.3377075195312
13.909	583.954833984375
13.915	590.7401123046875
13.92	583.954833984375
13.925999999999998	583.954833984375
13.932	590.7401123046875
13.937999999999999	583.954833984375
13.944	583.954833984375
13.949000000000002	590.7401123046875
13.955	587.3377075195312
13.960999999999999	560.8143310546875
13.967	604.548095703125
13.972999999999999	594.1622314453125
13.978	577.2474975585938
13.984000000000002	554.372802734375
13.99	594.1622314453125
13.995999999999999	0.0
14.002	0.0
14.007	0.0
14.013	0.0
14.019	0.0
14.025	932.343017578125
14.030999999999999	926.9730224609375
14.036	932.343017578125
14.042	937.7439575195312
14.048	926.9730224609375
14.054	943.1763305664062
14.06	943.1763305664062
14.065	926.9730224609375
14.071	937.7439575195312
14.077	943.1763305664062
14.083	937.7439575195312
14.089	932.343017578125
14.095	937.7439575195312
14.1	937.7439575195312
14.106	932.343017578125
14.112	932.343017578125
14.118	937.7439575195312
14.124	926.9730224609375
14.129000000000001	926.9730224609375
14.135	937.7439575195312
14.140999999999998	943.1763305664062
14.147	926.9730224609375
14.152999999999999	932.343017578125
14.158	267.7432556152344
14.164000000000001	277.1852722167969
14.17	278.7909851074219
14.175999999999998	280.4060363769531
14.182	278.7909851074219
14.187000000000001	278.7909851074219
14.193	255.65234375
14.199000000000002	258.6228942871094
14.205	274.0014953613281
14.210999999999999	272.42333984375
14.216	278.7909851074219
14.222000000000001	270.8542785644531
14.228	285.3074645996094
14.234000000000002	261.6279602050781
14.24	270.8542785644531
14.245	266.201171875
14.251	261.6279602050781
14.257	274.0014953613281
14.263	288.6225891113281
14.269	277.1852722167969
14.274000000000001	285.3074645996094
14.28	274.0014953613281
14.286	272.42333984375
14.292	285.3074645996094
14.298	0.0
14.302999999999999	0.0
14.309000000000001	0.0
14.315	0.0
14.321	0.0
14.327	0.0
14.333	0.0
14.338	0.0
14.344000000000001	0.0
14.35	0.0
14.356	0.0
14.362	0.0
14.367	0.0
14.373	0.0
14.379000000000001	0.0
14.385	0.0
14.390999999999998	0.0
14.395999999999999	0.0
14.402000000000001	0.0
14.408	0.0
14.414000000000001	0.0
14.42	0.0
14.425	0.0
14.431	0.0
14.437000000000001	779.487548828125
14.443	779.487548828125
14.449000000000002	784.0030517578125
14.454	779.487548828125
14.46	784.0030517578125
14.466	784.0030517578125
14.472000000000001	788.5447998046875
14.478	784.0030517578125
14.482999999999999	784.0030517578125
14.489	784.0030517578125
14.495	784.0030517578125
14.501	784.0030517578125
14.507	784.0030517578125
14.512	784.0030517578125
14.517999999999999	784.0030517578125
14.524000000000001	784.0030517578125
14.53	784.0030517578125
14.536	784.0030517578125
14.540999999999999	784.0030517578125
14.547	788.5447998046875
14.552999999999999	784.0030517578125
14.559000000000001	779.487548828125
14.565	788.5447998046875
14.571	779.487548828125
14.575999999999999	784.0030517578125
14.582	784.0030517578125
14.588	784.0030517578125
14.594000000000001	784.0030517578125
14.6	784.0030517578125
14.605	784.0030517578125
14.610999999999999	788.5447998046875
14.617	788.5447998046875
14.623	784.0030517578125
14.629000000000001	788.5447998046875
14.634	784.0030517578125
14.64	784.0030517578125
14.645999999999999	784.0030517578125
14.652000000000001	784.0030517578125
14.658	784.0030517578125
14.663	784.0030517578125
14.669	774.9979858398438
14.675	784.0030517578125
14.681	784.0030517578125
14.687000000000001	779.487548828125
14.692	784.0030517578125
14.698	784.0030517578125
14.704	784.0030517578125
14.71	779.487548828125
14.716	779.487548828125
14.720999999999998	793.11279296875
14.727	784.0030517578125
14.732999999999999	784.0030517578125
14.739	788.5447998046875
14.745	784.0030517578125
14.75	784.0030517578125
14.755999999999998	788.5447998046875
14.762	784.0030517578125
14.767999999999999	784.0030517578125
14.774000000000001	788.5447998046875
14.78	788.5447998046875
14.785	788.5447998046875
14.790999999999999	788.5447998046875
14.797	788.5447998046875
14.802999999999999	784.0030517578125
14.809000000000001	784.0030517578125
14.814	784.0030517578125
14.82	784.0030517578125
14.825999999999999	784.0030517578125
14.832	784.0030517578125
14.838	784.0030517578125
14.843	779.487548828125
14.849	784.0030517578125
14.855	784.0030517578125
14.860999999999999	793.11279296875
14.867	779.487548828125
14.872	774.9979858398438
14.878	784.0030517578125
14.884	784.0030517578125
14.89	779.487548828125
14.895999999999999	779.487548828125
14.901	793.11279296875
14.907	784.0030517578125
14.913	784.0030517578125
14.919	788.5447998046875
14.925	784.0030517578125
14.93	784.0030517578125
14.936	788.5447998046875
14.942	784.0030517578125
14.948	788.5447998046875
14.954	784.0030517578125
14.959000000000001	784.0030517578125
14.965	784.0030517578125
14.970999999999998	784.0030517578125
14.977	261.6279602050781
14.982999999999999	263.1435852050781
14.988	267.7432556152344
14.994000000000002	275.5887756347656
15.0	280.4060363769531
15.005999999999998	293.6676330566406
15.012	277.1852722167969
15.017999999999999	285.3074645996094
15.023	264.6679382324219
15.029000000000002	275.5887756347656
15.035	278.7909851074219
15.040999999999999	278.7909851074219
15.047	277.1852722167969
15.052	278.7909851074219
15.058	278.7909851074219
15.064	274.0014953613281
15.07	277.1852722167969
15.075999999999999	278.7909851074219
15.081	278.7909851074219
15.087	274.0014953613281
15.093	278.7909851074219
15.099	277.1852722167969
15.105	277.1852722167969
15.11	291.9762268066406
15.116	293.6676330566406
15.122	278.7909851074219
15.128	278.7909851074219
15.134	257.1333312988281
15.139000000000001	254.17987060546875
15.145	257.1333312988281
15.151	269.2942810058594
15.157	260.1210632324219
15.163	257.1333312988281
15.168	269.2942810058594
15.174000000000001	261.6279602050781
15.18	239.9137725830078
15.186	0.0
15.192	0.0
15.197000000000001	0.0
15.203	0.0
15.209000000000001	0.0
15.215	0.0
15.220999999999998	0.0
15.225999999999999	0.0
15.232000000000001	0.0
15.238	0.0
15.244000000000002	0.0
15.25	0.0
15.255999999999998	0.0
15.261	0.0
15.267000000000001	0.0
15.273	0.0
15.279000000000002	0.0
15.285	0.0
15.29	0.0
15.296	0.0
15.302	0.0
15.308	0.0
15.314	0.0
15.319	0.0
15.325	0.0
15.331	0.0
15.337	0.0
15.343	0.0
15.347999999999999	0.0
15.354000000000001	0.0
15.36	0.0
15.366	0.0
15.372	0.0
15.377	0.0
15.383	0.0
15.389000000000001	0.0
15.395	0.0
15.401	0.0
15.405999999999999	0.0
15.412	0.0
15.418	0.0
15.424000000000001	0.0
15.43	0.0
15.435	0.0
15.440999999999999	0.0
15.447000000000001	0.0
15.453	0.0
15.459000000000001	0.0
15.464	0.0
15.47	0.0
15.475999999999999	580.591552734375
15.482000000000001	587.3377075195312
15.488	587.3377075195312
15.494000000000002	583.954833984375
15.499	590.7401123046875
15.505	587.3377075195312
15.511	583.954833984375
15.517000000000001	587.3377075195312
15.523	583.954833984375
15.527999999999999	583.954833984375
15.534	587.3377075195312
15.54	580.591552734375
15.546	583.954833984375
15.552	583.954833984375
15.557	583.954833984375
15.562999999999999	587.3377075195312
15.569	583.954833984375
15.575	583.954833984375
15.581	583.954833984375
15.585999999999999	580.591552734375
15.592	580.591552734375
15.597999999999999	583.954833984375
15.604000000000001	583.954833984375
15.61	583.954833984375
15.615	583.954833984375
15.620999999999999	0.0
15.627	0.0
15.633	0.0
15.639000000000001	779.487548828125
15.644	784.0030517578125
15.65	784.0030517578125
15.655999999999999	784.0030517578125
15.662	779.487548828125
15.668	784.0030517578125
15.673	779.487548828125
15.679	784.0030517578125
15.685	784.0030517578125
15.690999999999999	779.487548828125
15.697000000000001	784.0030517578125
15.702	784.0030517578125
15.708	788.5447998046875
15.714	779.487548828125
15.72	788.5447998046875
15.725999999999999	779.487548828125
15.732000000000001	788.5447998046875
15.737	779.487548828125
15.743	788.5447998046875
15.749	779.487548828125
15.755	788.5447998046875
15.761	788.5447998046875
15.765999999999998	784.0030517578125
15.772	774.9979858398438
15.777999999999999	784.0030517578125
15.784	779.487548828125
15.79	784.0030517578125
15.795	784.0030517578125
15.800999999999998	784.0030517578125
15.807	784.0030517578125
15.812999999999999	793.11279296875
15.819	779.487548828125
15.824000000000002	793.11279296875
15.83	779.487548828125
15.835999999999999	788.5447998046875
15.842	784.0030517578125
15.847999999999999	784.0030517578125
15.853	784.0030517578125
15.859000000000002	788.5447998046875
15.865	774.9979858398438
15.870999999999999	797.707275390625
15.877	774.9979858398438
15.882	793.11279296875
15.888	788.5447998046875
15.894	788.5447998046875
15.9	788.5447998046875
15.905999999999999	779.487548828125
15.911	788.5447998046875
15.917	779.487548828125
15.923	788.5447998046875
15.929	779.487548828125
15.935	797.707275390625
15.94	766.0963134765625
15.946	802.328369140625
15.952	757.296875
15.958	694.4439697265625
15.964	698.4669189453125
15.97	694.4439697265625
15.975	694.4439697265625
15.981	694.4439697265625
15.987	694.4439697265625
15.993	694.4439697265625
15.999	694.4439697265625
16.004	694.4439697265625
16.01	690.4442138671875
16.016	686.467529296875
16.022000000000002	702.5130615234375
16.028	698.4669189453125
16.033	698.4669189453125
16.039	702.5130615234375
16.045	698.4669189453125
16.051	698.4669189453125
16.057000000000002	698.4669189453125
16.062	694.4439697265625
16.067999999999998	698.4669189453125
16.074	694.4439697265625
16.08	686.467529296875
16.086	698.4669189453125
16.090999999999998	690.4442138671875
16.097	694.4439697265625
16.102999999999998	702.5130615234375
16.109	694.4439697265625
16.115	694.4439697265625
16.12	698.4669189453125
16.125999999999998	686.467529296875
16.132	690.4442138671875
16.137999999999998	698.4669189453125
16.144000000000002	694.4439697265625
16.149	698.4669189453125
16.155	698.4669189453125
16.160999999999998	694.4439697265625
16.167	694.4439697265625
16.173	702.5130615234375
16.179000000000002	690.4442138671875
16.184	698.4669189453125
16.19	694.4439697265625
16.195999999999998	694.4439697265625
16.202	698.4669189453125
16.208	698.4669189453125
16.213	690.4442138671875
16.219	690.4442138671875
16.225	702.5130615234375
16.230999999999998	694.4439697265625
16.237000000000002	698.4669189453125
16.242	690.4442138671875
16.248	698.4669189453125
16.254	698.4669189453125
16.26	694.4439697265625
16.266	702.5130615234375
16.271	698.4669189453125
16.277	698.4669189453125
16.283	698.4669189453125
16.289	702.5130615234375
16.295	694.4439697265625
16.3	702.5130615234375
16.305999999999997	694.4439697265625
16.312	702.5130615234375
16.317999999999998	698.4669189453125
16.324	702.5130615234375
16.329	698.4669189453125
16.335	702.5130615234375
16.340999999999998	698.4669189453125
16.347	706.5827026367188
16.352999999999998	698.4669189453125
16.358	710.6759643554688
16.364	678.5827026367188
16.37	686.467529296875
16.375999999999998	706.5827026367188
16.382	690.4442138671875
16.387	702.5130615234375
16.393	698.4669189453125
16.399	694.4439697265625
16.405	694.4439697265625
16.410999999999998	706.5827026367188
16.417	690.4442138671875
16.422	702.5130615234375
16.428	694.4439697265625
16.434	698.4669189453125
16.44	698.4669189453125
16.445999999999998	690.4442138671875
16.451	694.4439697265625
16.457	702.5130615234375
16.463	690.4442138671875
16.469	706.5827026367188
16.475	694.4439697265625
16.48	698.4669189453125
16.486	698.4669189453125
16.492	698.4669189453125
16.498	698.4669189453125
16.504	694.4439697265625
16.509	698.4669189453125
16.515	714.7928466796875
16.521	674.6744384765625
16.527	706.5827026367188
16.533	723.098388671875
16.538	710.6759643554688
16.544	718.9336547851562
16.55	698.4669189453125
16.555999999999997	694.4439697265625
16.562	706.5827026367188
16.567	702.5130615234375
16.573	694.4439697265625
16.579	690.4442138671875
16.585	714.7928466796875
16.590999999999998	682.5137939453125
16.596	702.5130615234375
16.602	261.6279602050781
16.608	267.7432556152344
16.614	252.71588134765625
16.62	275.5887756347656
16.625	283.6641845703125
16.631	263.1435852050781
16.637	258.6228942871094
16.643	275.5887756347656
16.649	278.7909851074219
16.655	261.6279602050781
16.66	272.42333984375
16.666	264.6679382324219
16.672	277.1852722167969
16.678	277.1852722167969
16.684	282.0304260253906
16.689	300.5318298339844
16.695	291.9762268066406
16.701	291.9762268066406
16.707	298.8009033203125
16.713	291.9762268066406
16.718	290.2945861816406
16.724	297.0799255371094
16.73	291.9762268066406
16.736	293.6676330566406
16.742	291.9762268066406
16.747	290.2945861816406
16.753	291.9762268066406
16.759	293.6676330566406
16.765	291.9762268066406
16.771	291.9762268066406
16.776	293.6676330566406
16.782	293.6676330566406
16.788	285.3074645996094
16.794	290.2945861816406
16.8	274.0014953613281
16.805	290.2945861816406
16.811	293.6676330566406
16.817	295.36883544921875
16.823	283.6641845703125
16.829	286.9602355957031
16.834	0.0
16.84	0.0
16.846	0.0
16.852	0.0
16.858	0.0
16.863	0.0
16.869	269.2942810058594
16.875	269.2942810058594
16.881	263.1435852050781
16.887	283.6641845703125
16.893	290.2945861816406
16.898	293.6676330566406
16.904	288.6225891113281
16.91	291.9762268066406
16.916	293.6676330566406
16.922	286.9602355957031
16.927	293.6676330566406
16.933	298.8009033203125
16.939	288.6225891113281
16.945	291.9762268066406
16.951	286.9602355957031
16.956	264.6679382324219
16.962	263.1435852050781
16.968	254.17987060546875
16.974	257.1333312988281
16.98	263.1435852050781
16.985	261.6279602050781
16.991	285.3074645996094
16.997	295.36883544921875
17.003	314.74530029296875
17.009	304.0238952636719
17.014	314.74530029296875
17.02	314.74530029296875
17.026	311.1301574707031
17.032	314.74530029296875
17.038	314.74530029296875
17.043	312.9324951171875
17.049	312.9324951171875
17.055	291.9762268066406
17.061	311.1301574707031
17.067	305.7850646972656
17.072	304.0238952636719
17.078	307.5564880371094
17.084	316.5686340332031
17.09	305.7850646972656
17.096	323.9681091308594
17.101	300.5318298339844
17.107	293.6676330566406
17.113	305.7850646972656
17.119	311.1301574707031
17.125	293.6676330566406
17.131	278.7909851074219
17.136	278.7909851074219
17.142	278.7909851074219
17.148	278.7909851074219
17.154	264.6679382324219
17.16	277.1852722167969
17.165	283.6641845703125
17.171	260.1210632324219
17.177	257.1333312988281
17.183	264.6679382324219
17.189	280.4060363769531
17.194000000000003	277.1852722167969
17.2	272.42333984375
17.206	278.7909851074219
17.212	293.6676330566406
17.218	295.36883544921875
17.223	290.2945861816406
17.229	278.7909851074219
17.235	277.1852722167969
17.241	277.1852722167969
17.247	278.7909851074219
17.252	288.6225891113281
17.258	278.7909851074219
17.264	283.6641845703125
17.27	300.5318298339844
17.276	295.36883544921875
17.281	298.8009033203125
17.287	312.9324951171875
17.293	312.9324951171875
17.299	314.74530029296875
17.305	302.2728271484375
17.31	297.0799255371094
17.316	300.5318298339844
17.322	316.5686340332031
17.328	314.74530029296875
17.334	318.4024963378906
17.34	314.74530029296875
17.345	302.2728271484375
17.351	320.24700927734375
17.357	316.5686340332031
17.363	312.9324951171875
17.369	297.0799255371094
17.374000000000002	314.74530029296875
17.38	314.74530029296875
17.386	305.7850646972656
17.392	316.5686340332031
17.398	307.5564880371094
17.403	311.1301574707031
17.409000000000002	322.1021728515625
17.415	347.2205810546875
17.421	345.220703125
17.427	341.2555236816406
17.432000000000002	349.2320251464844
17.438	353.2899475097656
17.444000000000003	343.2323913574219
17.45	0.0
17.456	0.0
17.461	0.0
17.467	0.0
17.473	0.0
17.479	0.0
17.485	0.0
17.49	0.0
17.496	0.0
17.502	0.0
17.508	0.0
17.514	0.0
17.519000000000002	0.0
17.525	0.0
17.531	0.0
17.537	0.0
17.543	0.0
17.548	0.0
17.554000000000002	0.0
17.56	0.0
17.566	0.0
17.572	0.0
17.578	0.0
17.583	0.0
17.589000000000002	0.0
17.595	0.0
17.601	0.0
17.607	0.0
17.612000000000002	0.0
17.618	0.0
17.624000000000002	0.0
17.63	0.0
17.636	0.0
17.641	0.0
17.647000000000002	0.0
17.653	0.0
17.659000000000002	0.0
17.665	0.0
17.67	0.0
17.676	0.0
17.682000000000002	0.0
17.688	0.0
17.694000000000003	0.0
17.699	0.0
17.705	0.0
17.711	0.0
17.717	0.0
17.723	0.0
17.727999999999998	0.0
17.734	0.0
17.74	0.0
17.746	0.0
17.752	0.0
17.757	0.0
17.762999999999998	0.0
17.769000000000002	0.0
17.775	0.0
17.781	0.0
17.785999999999998	0.0
17.792	0.0
17.798	0.0
17.804000000000002	0.0
17.81	0.0
17.816	0.0
17.820999999999998	0.0
17.827	0.0
17.833	246.94381713867188
17.839000000000002	231.7413787841797
17.845	239.9137725830078
17.85	234.43411254882812
17.855999999999998	238.53195190429688
17.862000000000002	260.1210632324219
17.868	280.4060363769531
17.874000000000002	286.9602355957031
17.879	300.5318298339844
17.885	288.6225891113281
17.891	297.0799255371094
17.897000000000002	298.8009033203125
17.903	302.2728271484375
17.908	312.9324951171875
17.914	311.1301574707031
17.92	295.36883544921875
17.926	307.5564880371094
17.932000000000002	316.5686340332031
17.937	297.0799255371094
17.942999999999998	302.2728271484375
17.949	300.5318298339844
17.955	314.74530029296875
17.961	302.2728271484375
17.965999999999998	295.36883544921875
17.972	274.0014953613281
17.977999999999998	272.42333984375
17.984	254.17987060546875
17.99	258.6228942871094
17.995	248.37437438964844
18.000999999999998	244.107421875
18.007	255.65234375
18.012999999999998	251.26034545898438
18.019000000000002	238.53195190429688
18.024	241.30357360839844
18.03	235.79217529296875
18.035999999999998	237.15809631347656
18.042	231.7413787841797
18.048	235.79217529296875
18.054000000000002	235.79217529296875
18.059	229.07958984375
18.065	238.53195190429688
18.070999999999998	0.0
18.077	0.0
18.083	0.0
18.088	0.0
18.094	0.0
18.1	0.0
18.105999999999998	0.0
18.112000000000002	0.0
18.117	0.0
18.123	0.0
18.129	0.0
18.135	0.0
18.141	0.0
18.146	0.0
18.152	0.0
18.158	0.0
18.164	0.0
18.17	0.0
18.175	0.0
18.180999999999997	0.0
18.187	0.0
18.192999999999998	0.0
18.199	0.0
18.204	0.0
18.21	0.0
18.215999999999998	0.0
18.222	0.0
18.227999999999998	0.0
18.233	0.0
18.239	0.0
18.245	0.0
18.250999999999998	0.0
18.257	0.0
18.262	0.0
18.268	0.0
18.274	0.0
18.28	0.0
18.285999999999998	0.0
18.292	0.0
18.297	0.0
18.303	0.0
18.309	0.0
18.315	0.0
18.320999999999998	0.0
18.326	0.0
18.332	0.0
18.338	0.0
18.344	0.0
18.35	0.0
18.355	0.0
18.361	0.0
18.367	0.0
18.373	0.0
18.379	0.0
18.384	0.0
18.39	0.0
18.396	231.7413787841797
18.402	226.44837951660156
18.408	245.5215301513672
18.413	255.65234375
18.419	246.94381713867188
18.425	230.40664672851562
18.430999999999997	234.43411254882812
18.437	229.07958984375
18.442	230.40664672851562
18.448	226.44837951660156
18.454	234.43411254882812
18.46	248.37437438964844
18.465999999999998	260.1210632324219
18.471	260.1210632324219
18.477	260.1210632324219
18.483	278.7909851074219
18.489	275.5887756347656
18.495	280.4060363769531
18.5	277.1852722167969
18.506	261.6279602050781
18.512	248.37437438964844
18.518	0.0
18.524	0.0
18.53	0.0
18.535	0.0
18.541	0.0
18.547	0.0
18.553	0.0
18.559	0.0
18.564	0.0
18.57	0.0
18.576	0.0
18.582	0.0
18.588	0.0
18.593	0.0
18.599	0.0
18.605	0.0
18.611	0.0
18.617	0.0
18.622	0.0
18.628	119.26548767089844
18.634	126.35742950439453
18.64	125.6296615600586
18.646	123.4714126586914
18.651	123.4714126586914
18.657	119.95640563964844
18.663	123.4714126586914
18.669	138.59207153320312
18.675	133.10003662109375
18.68	137.00018310546875
18.686	135.4265899658203
18.692	143.4795379638672
18.698	137.00018310546875
18.704	137.79383850097656
18.709	141.01463317871094
18.715	145.14669799804688
18.721	148.5393524169922
18.727	152.8919219970703
18.733	153.77761840820312
18.739	152.8919219970703
18.744	154.66844177246094
18.75	155.564453125
18.756	148.5393524169922
18.762	145.98751831054688
18.768	148.5393524169922
18.773	147.683837890625
18.779	150.26531982421875
18.785	143.4795379638672
18.791	139.39492797851562
18.797	0.0
18.802	0.0
18.808	0.0
18.814	0.0
18.82	0.0
18.826	0.0
18.831	0.0
18.837	0.0
18.843	0.0
18.849	0.0
18.855	0.0
18.86	0.0
18.866	0.0
18.872	0.0
18.878	0.0
18.884	0.0
18.889	0.0
18.895	0.0
18.901	0.0
18.907	0.0
18.913	0.0
18.918	0.0
18.924	0.0
18.93	0.0
18.936	0.0
18.942	0.0
18.947	0.0
18.953	0.0
18.959	0.0
18.965	0.0
18.971	0.0
18.977	0.0
18.982	0.0
18.988	0.0
18.994	0.0
19.0	0.0
19.006	0.0
19.011	0.0
19.017	0.0
19.023	0.0
19.029	0.0
19.035	0.0
19.04	0.0
19.046	0.0
19.052	0.0
19.058	0.0
19.064	0.0
19.069000000000003	0.0
19.075	0.0
19.081	0.0
19.087	0.0
19.093	0.0
19.098	0.0
19.104	0.0
19.11	0.0
19.116	0.0
19.122	0.0
19.127	0.0
19.133	0.0
19.139	0.0
19.145	0.0
19.151	0.0
19.156	0.0
19.162	0.0
19.168	0.0
19.174	0.0
19.18	0.0
19.185	0.0
19.191	0.0
19.197	0.0
19.203	0.0
19.209	0.0
19.215	0.0
