0.0	0.0
0.006	0.0
0.012	0.0
0.017	0.0
0.023	0.0
0.028999999999999998	0.0
0.035	0.0
0.040999999999999995	0.0
0.046	0.0
0.052000000000000005	0.0
0.057999999999999996	0.0
0.064	0.0
0.07	0.0
0.075	0.0
0.081	0.0
0.087	0.0
0.09300000000000001	0.0
0.099	0.0
0.10400000000000001	0.0
0.11	380.84039306640625
0.11599999999999999	387.4974365234375
0.122	380.84039306640625
0.128	365.74871826171875
0.134	363.64215087890625
0.139	369.99853515625
0.145	357.39495849609375
0.151	339.2900085449219
0.157	347.2205810546875
0.163	343.2323913574219
0.168	339.2900085449219
0.174	343.2323913574219
0.18	320.24700927734375
0.18600000000000003	335.3929138183594
0.192	337.3358154296875
0.19699999999999998	311.1301574707031
0.203	291.9762268066406
0.209	293.6676330566406
0.215	295.36883544921875
0.221	297.0799255371094
0.226	302.2728271484375
0.23199999999999998	291.9762268066406
0.23800000000000002	309.3381652832031
0.244	290.2945861816406
0.25	285.3074645996094
0.255	285.3074645996094
0.261	286.9602355957031
0.267	298.8009033203125
0.273	309.3381652832031
0.27899999999999997	298.8009033203125
0.284	286.9602355957031
0.29	290.2945861816406
0.29600000000000004	277.1852722167969
0.302	290.2945861816406
0.308	288.6225891113281
0.313	285.3074645996094
0.319	285.3074645996094
0.325	288.6225891113281
0.331	286.9602355957031
0.337	293.6676330566406
0.342	293.6676330566406
0.348	307.5564880371094
0.354	333.4611511230469
0.36	333.4611511230469
0.366	318.4024963378906
0.37200000000000005	291.9762268066406
0.377	291.9762268066406
0.38299999999999995	302.2728271484375
0.389	291.9762268066406
0.395	288.6225891113281
0.401	290.2945861816406
0.406	291.9762268066406
0.41200000000000003	300.5318298339844
0.418	0.0
0.424	0.0
0.43	0.0
0.435	0.0
0.441	0.0
0.447	0.0
0.45299999999999996	0.0
0.45899999999999996	0.0
0.46399999999999997	0.0
0.47	0.0
0.47600000000000003	0.0
0.48200000000000004	0.0
0.488	0.0
0.493	0.0
0.499	0.0
0.505	0.0
0.511	0.0
0.517	0.0
0.522	0.0
0.528	0.0
0.534	0.0
0.54	0.0
0.546	0.0
0.551	0.0
0.557	0.0
0.563	0.0
0.569	0.0
0.575	0.0
0.58	0.0
0.586	0.0
0.5920000000000001	0.0
0.598	0.0
0.604	0.0
0.61	0.0
0.615	0.0
0.621	0.0
0.627	0.0
0.633	0.0
0.639	0.0
0.644	0.0
0.65	0.0
0.6559999999999999	0.0
0.662	0.0
0.6679999999999999	0.0
0.6729999999999999	0.0
0.679	0.0
0.685	0.0
0.691	0.0
0.6970000000000001	0.0
0.7020000000000001	0.0
0.708	0.0
0.7140000000000001	0.0
0.72	0.0
0.726	0.0
0.731	0.0
0.737	0.0
0.743	0.0
0.7490000000000001	0.0
0.755	0.0
0.76	0.0
0.7659999999999999	0.0
0.772	0.0
0.778	0.0
0.784	0.0
0.789	0.0
0.795	0.0
0.8009999999999999	0.0
0.807	0.0
0.813	0.0
0.8190000000000001	0.0
0.8240000000000001	0.0
0.83	0.0
0.836	0.0
0.8420000000000001	0.0
0.848	0.0
0.853	0.0
0.8590000000000001	0.0
0.865	0.0
0.871	0.0
0.877	0.0
0.882	0.0
0.888	0.0
0.894	0.0
0.9	0.0
0.9059999999999999	0.0
0.9109999999999999	0.0
0.917	0.0
0.9229999999999999	0.0
0.929	0.0
0.935	0.0
0.94	0.0
0.946	0.0
0.9520000000000001	0.0
0.958	0.0
0.9640000000000001	0.0
0.9690000000000001	266.201171875
0.975	258.6228942871094
0.981	258.6228942871094
0.987	252.71588134765625
0.993	255.65234375
0.998	257.1333312988281
1.004	255.65234375
1.01	244.107421875
1.016	257.1333312988281
1.022	238.53195190429688
1.0270000000000001	251.26034545898438
1.033	249.8131866455078
1.0390000000000001	258.6228942871094
1.045	266.201171875
1.051	258.6228942871094
1.057	252.71588134765625
1.062	246.94381713867188
1.068	244.107421875
1.074	248.37437438964844
1.08	0.0
1.0859999999999999	0.0
1.091	0.0
1.097	0.0
1.103	0.0
1.109	0.0
1.115	0.0
1.12	0.0
1.126	0.0
1.1320000000000001	0.0
1.138	0.0
1.1440000000000001	0.0
1.149	0.0
1.155	0.0
1.161	0.0
1.167	0.0
1.173	0.0
1.178	0.0
1.1840000000000002	0.0
1.19	0.0
1.196	0.0
1.202	0.0
1.207	0.0
1.213	0.0
1.219	0.0
1.225	0.0
1.2309999999999999	0.0
1.236	0.0
1.242	0.0
1.248	0.0
1.254	0.0
1.26	0.0
1.265	0.0
1.271	0.0
1.2770000000000001	0.0
1.2830000000000001	0.0
1.2890000000000001	0.0
1.295	0.0
1.3	0.0
1.306	0.0
1.3119999999999998	0.0
1.318	0.0
1.324	0.0
1.329	0.0
1.335	0.0
1.341	0.0
1.347	0.0
1.3530000000000002	0.0
1.358	357.39495849609375
1.364	347.2205810546875
1.37	337.3358154296875
1.376	322.1021728515625
1.382	325.8448486328125
1.3869999999999998	322.1021728515625
1.393	320.24700927734375
1.399	320.24700927734375
1.405	305.7850646972656
1.411	309.3381652832031
1.416	309.3381652832031
1.422	300.5318298339844
1.4280000000000002	295.36883544921875
1.4340000000000002	304.0238952636719
1.44	293.6676330566406
1.445	293.6676330566406
1.4509999999999998	291.9762268066406
1.4569999999999999	300.5318298339844
1.463	291.9762268066406
1.469	298.8009033203125
1.474	311.1301574707031
1.48	291.9762268066406
1.486	291.9762268066406
1.492	298.8009033203125
1.4980000000000002	297.0799255371094
1.5030000000000001	297.0799255371094
1.5090000000000001	283.6641845703125
1.515	295.36883544921875
1.521	305.7850646972656
1.527	290.2945861816406
1.5330000000000001	286.9602355957031
1.538	300.5318298339844
1.544	293.6676330566406
1.55	288.6225891113281
1.556	280.4060363769531
1.5619999999999998	288.6225891113281
1.567	277.1852722167969
1.5730000000000002	272.42333984375
1.579	291.9762268066406
1.585	312.9324951171875
1.591	302.2728271484375
1.5959999999999999	307.5564880371094
1.6019999999999999	298.8009033203125
1.608	283.6641845703125
1.614	283.6641845703125
1.62	282.0304260253906
1.625	286.9602355957031
1.631	286.9602355957031
1.6369999999999998	291.9762268066406
1.643	290.2945861816406
1.649	0.0
1.6540000000000001	0.0
1.66	0.0
1.666	0.0
1.672	0.0
1.6780000000000002	0.0
1.683	0.0
1.689	0.0
1.695	0.0
1.7009999999999998	0.0
1.7069999999999999	0.0
1.712	0.0
1.7180000000000002	0.0
1.724	0.0
1.73	0.0
1.736	0.0
1.7409999999999999	0.0
1.7469999999999999	0.0
1.7530000000000001	260.1210632324219
1.7590000000000001	238.53195190429688
1.765	225.14410400390625
1.771	225.14410400390625
1.776	226.44837951660156
1.7819999999999998	234.43411254882812
1.788	241.30357360839844
1.794	251.26034545898438
1.8	257.1333312988281
1.805	258.6228942871094
1.811	251.26034545898438
1.817	260.1210632324219
1.8230000000000002	252.71588134765625
1.829	258.6228942871094
1.834	251.26034545898438
1.84	248.37437438964844
1.8459999999999999	251.26034545898438
1.8519999999999999	272.42333984375
1.858	0.0
1.8630000000000002	0.0
1.869	0.0
1.875	0.0
1.881	0.0
1.8869999999999998	0.0
1.892	0.0
1.8980000000000001	0.0
1.9040000000000001	0.0
1.91	0.0
1.916	0.0
1.921	0.0
1.9269999999999998	0.0
1.933	0.0
1.939	206.4579620361328
1.945	217.47483825683594
1.95	229.07958984375
1.956	218.7346649169922
1.962	227.7601776123047
1.9680000000000002	234.43411254882812
1.974	230.40664672851562
1.98	214.97691345214844
1.985	200.58045959472656
1.9909999999999999	195.99917602539062
1.9969999999999999	208.8568878173828
2.003	192.6320037841797
2.009	191.52252197265625
2.0140000000000002	186.07022094726562
2.02	190.41943359375
2.026	201.742431640625
2.032	208.8568878173828
2.0380000000000003	217.47483825683594
2.043	213.7387237548828
2.049	214.97691345214844
2.055	198.27658081054688
2.061	210.06680297851562
2.0669999999999997	218.7346649169922
2.072	216.22227478027344
2.0780000000000003	212.50767517089844
2.084	216.22227478027344
2.09	218.7346649169922
2.096	217.47483825683594
2.101	220.0017852783203
2.1069999999999998	217.47483825683594
2.113	225.14410400390625
2.119	218.7346649169922
2.125	230.40664672851562
2.13	220.0017852783203
2.136	207.65396118164062
2.142	221.27626037597656
2.148	222.55809020996094
2.154	216.22227478027344
2.1590000000000003	211.28370666503906
2.165	213.7387237548828
2.171	201.742431640625
2.177	208.8568878173828
2.1830000000000003	205.2688446044922
2.188	214.97691345214844
2.194	212.50767517089844
2.2	218.7346649169922
2.206	214.97691345214844
2.2119999999999997	216.22227478027344
2.218	211.28370666503906
2.2230000000000003	213.7387237548828
2.229	226.44837951660156
2.235	233.0838623046875
2.241	239.9137725830078
2.247	237.15809631347656
2.252	248.37437438964844
2.258	258.6228942871094
2.2640000000000002	263.1435852050781
2.27	285.3074645996094
2.276	272.42333984375
2.281	427.47918701171875
2.287	415.30963134765625
2.293	437.4710998535156
2.299	474.3181457519531
2.305	359.4653625488281
2.31	333.4611511230469
2.316	349.2320251464844
2.322	343.2323913574219
2.3280000000000003	351.2550964355469
2.334	372.1419372558594
2.339	380.84039306640625
2.345	369.99853515625
2.351	355.3365173339844
2.3569999999999998	359.4653625488281
2.363	359.4653625488281
2.3680000000000003	341.2555236816406
2.374	314.74530029296875
2.38	341.2555236816406
2.386	327.73248291015625
2.392	343.2323913574219
2.397	333.4611511230469
2.403	333.4611511230469
2.4090000000000003	318.4024963378906
2.415	307.5564880371094
2.421	291.9762268066406
2.426	318.4024963378906
2.432	351.2550964355469
2.438	323.9681091308594
2.444	331.5405578613281
2.45	351.2550964355469
2.456	372.1419372558594
2.461	369.99853515625
2.467	345.220703125
2.4730000000000003	339.2900085449219
2.479	355.3365173339844
2.485	378.64691162109375
2.49	353.2899475097656
2.496	333.4611511230469
2.502	329.6310119628906
2.508	327.73248291015625
2.5140000000000002	309.3381652832031
2.519	307.5564880371094
2.525	297.0799255371094
2.531	297.0799255371094
2.537	298.8009033203125
2.543	0.0
2.548	0.0
2.5540000000000003	0.0
2.56	0.0
2.5660000000000003	0.0
2.572	0.0
2.577	0.0
2.583	0.0
2.589	0.0
2.595	0.0
2.6010000000000004	0.0
2.6060000000000003	0.0
2.612	0.0
2.6180000000000003	0.0
2.6239999999999997	0.0
2.63	0.0
2.635	0.0
2.641	0.0
2.647	0.0
2.653	0.0
2.659	0.0
2.6639999999999997	0.0
2.67	0.0
2.676	0.0
2.682	0.0
2.688	0.0
2.694	252.71588134765625
2.699	272.42333984375
2.705	264.6679382324219
2.7110000000000003	264.6679382324219
2.717	257.1333312988281
2.7230000000000003	269.2942810058594
2.728	275.5887756347656
2.734	277.1852722167969
2.74	275.5887756347656
2.7460000000000004	269.2942810058594
2.752	269.2942810058594
2.7569999999999997	269.2942810058594
2.763	261.6279602050781
2.7689999999999997	255.65234375
2.775	263.1435852050781
2.781	275.5887756347656
2.786	263.1435852050781
2.792	277.1852722167969
2.798	278.7909851074219
2.804	295.36883544921875
2.81	295.36883544921875
2.815	318.4024963378906
2.821	323.9681091308594
2.827	349.2320251464844
2.833	343.2323913574219
2.839	331.5405578613281
2.844	331.5405578613281
2.85	335.3929138183594
2.8560000000000003	349.2320251464844
2.862	349.2320251464844
2.8680000000000003	353.2899475097656
2.873	337.3358154296875
2.8789999999999996	349.2320251464844
2.885	359.4653625488281
2.891	357.39495849609375
2.897	355.3365173339844
2.9019999999999997	341.2555236816406
2.908	333.4611511230469
2.9139999999999997	325.8448486328125
2.92	311.1301574707031
2.926	305.7850646972656
2.932	318.4024963378906
2.937	293.6676330566406
2.943	288.6225891113281
2.949	282.0304260253906
2.955	302.2728271484375
2.9610000000000003	314.74530029296875
2.966	318.4024963378906
2.972	329.6310119628906
2.978	320.24700927734375
2.984	322.1021728515625
2.99	320.24700927734375
2.995	300.5318298339844
3.0010000000000003	293.6676330566406
3.0069999999999997	272.42333984375
3.013	270.8542785644531
3.0189999999999997	282.0304260253906
3.0239999999999996	269.2942810058594
3.03	291.9762268066406
3.036	437.4710998535156
3.042	437.4710998535156
3.048	410.5393371582031
3.053	389.7421875
3.0589999999999997	361.5477294921875
3.065	442.5543212890625
3.071	445.1180114746094
3.077	460.81512451171875
3.082	445.1180114746094
3.088	434.9514465332031
3.094	455.5221862792969
3.1	437.4710998535156
3.1060000000000003	447.6965637207031
3.111	466.16961669921875
3.117	434.9514465332031
3.123	474.3181457519531
3.1289999999999996	471.5862731933594
3.135	432.4462890625
3.14	442.5543212890625
3.1460000000000004	450.2900390625
3.1519999999999997	425.01708984375
3.158	442.5543212890625
3.1639999999999997	455.5221862792969
3.17	437.4710998535156
3.175	432.4462890625
3.181	440.0053405761719
3.187	440.0053405761719
3.193	442.5543212890625
3.199	445.1180114746094
3.2039999999999997	445.1180114746094
3.21	408.1748046875
3.216	420.13531494140625
3.222	394.27081298828125
3.228	367.8675231933594
3.233	363.64215087890625
3.239	355.3365173339844
3.245	361.5477294921875
3.2510000000000003	357.39495849609375
3.2569999999999997	365.74871826171875
3.262	345.220703125
3.2680000000000002	335.3929138183594
3.2739999999999996	331.5405578613281
3.28	323.9681091308594
3.286	320.24700927734375
3.2910000000000004	309.3381652832031
3.2969999999999997	291.9762268066406
3.303	293.6676330566406
3.3089999999999997	290.2945861816406
3.315	290.2945861816406
3.32	314.74530029296875
3.326	311.1301574707031
3.332	291.9762268066406
3.338	295.36883544921875
3.344	300.5318298339844
3.3489999999999998	295.36883544921875
3.355	291.9762268066406
3.361	291.9762268066406
3.367	291.9762268066406
3.373	286.9602355957031
3.3789999999999996	0.0
3.384	0.0
3.39	0.0
3.3960000000000004	0.0
3.4019999999999997	0.0
3.408	0.0
3.4130000000000003	0.0
3.4189999999999996	0.0
3.425	0.0
3.431	0.0
3.437	0.0
3.4419999999999997	0.0
3.448	0.0
3.4539999999999997	0.0
3.46	0.0
3.466	0.0
3.471	0.0
3.477	0.0
3.483	0.0
3.489	0.0
3.495	0.0
3.5	0.0
3.5060000000000002	0.0
3.512	0.0
3.5180000000000002	0.0
3.5239999999999996	0.0
3.529	0.0
3.535	0.0
3.5410000000000004	0.0
3.5469999999999997	0.0
3.553	0.0
3.5580000000000003	0.0
3.5639999999999996	0.0
3.57	0.0
3.576	0.0
3.582	0.0
3.5869999999999997	0.0
3.593	0.0
3.5989999999999998	0.0
3.605	0.0
3.611	0.0
3.617	0.0
3.622	0.0
3.628	0.0
3.634	0.0
3.64	0.0
3.6460000000000004	0.0
3.6510000000000002	0.0
3.657	0.0
3.6630000000000003	0.0
3.6689999999999996	0.0
3.675	0.0
3.68	0.0
3.6860000000000004	0.0
3.6919999999999997	0.0
3.698	0.0
3.7039999999999997	0.0
3.7089999999999996	0.0
3.715	0.0
3.721	0.0
3.727	0.0
3.733	0.0
3.738	0.0
3.7439999999999998	0.0
3.75	0.0
3.7560000000000002	0.0
3.762	0.0
3.767	0.0
3.773	0.0
3.779	0.0
3.785	0.0
3.7910000000000004	0.0
3.7960000000000003	0.0
3.802	0.0
3.8080000000000003	0.0
3.8139999999999996	0.0
3.82	0.0
3.825	0.0
3.8310000000000004	0.0
3.8369999999999997	0.0
3.843	0.0
3.8489999999999998	0.0
3.855	0.0
3.86	0.0
3.866	0.0
3.872	0.0
3.878	0.0
3.884	0.0
3.889	0.0
3.895	0.0
3.9010000000000002	0.0
3.907	0.0
3.9130000000000003	0.0
3.918	0.0
3.924	0.0
3.93	0.0
3.9360000000000004	0.0
3.9419999999999997	0.0
3.947	0.0
3.9530000000000003	0.0
3.9589999999999996	0.0
3.965	0.0
3.971	282.0304260253906
3.9760000000000004	283.6641845703125
3.9819999999999998	275.5887756347656
3.988	274.0014953613281
3.9939999999999998	269.2942810058594
4.0	269.2942810058594
4.005	261.6279602050781
4.011	260.1210632324219
4.0169999999999995	249.8131866455078
4.023	244.107421875
4.029	233.0838623046875
4.034	227.7601776123047
4.04	226.44837951660156
4.046	225.14410400390625
4.052	221.27626037597656
4.058	223.8473663330078
4.063	231.7413787841797
4.069	227.7601776123047
4.075	234.43411254882812
4.081	242.70144653320312
4.087	248.37437438964844
4.093	254.17987060546875
4.098	258.6228942871094
4.104	263.1435852050781
4.11	264.6679382324219
4.1160000000000005	264.6679382324219
4.122	254.17987060546875
4.127	246.94381713867188
4.133	246.94381713867188
4.138999999999999	248.37437438964844
4.145	263.1435852050781
4.151	258.6228942871094
4.156000000000001	252.71588134765625
4.162	249.8131866455078
4.168	245.5215301513672
4.1739999999999995	242.70144653320312
4.18	246.94381713867188
4.185	245.5215301513672
4.191	255.65234375
4.197	258.6228942871094
4.203	252.71588134765625
4.209	248.37437438964844
4.2139999999999995	248.37437438964844
4.22	248.37437438964844
4.226	242.70144653320312
4.232	244.107421875
4.238	251.26034545898438
4.243	248.37437438964844
4.249	257.1333312988281
4.255	261.6279602050781
4.261	263.1435852050781
4.2669999999999995	274.0014953613281
4.272	270.8542785644531
4.2780000000000005	269.2942810058594
4.284	272.42333984375
4.29	0.0
4.296	0.0
4.301	0.0
4.3069999999999995	0.0
4.313	345.220703125
4.319	327.73248291015625
4.325	320.24700927734375
4.331	329.6310119628906
4.336	337.3358154296875
4.342	335.3929138183594
4.348	333.4611511230469
4.354	333.4611511230469
4.36	331.5405578613281
4.365	323.9681091308594
4.371	318.4024963378906
4.377	314.74530029296875
4.383	309.3381652832031
4.388999999999999	300.5318298339844
4.394	298.8009033203125
4.4	291.9762268066406
4.406000000000001	290.2945861816406
4.412	291.9762268066406
4.418	291.9762268066406
4.423	286.9602355957031
4.428999999999999	291.9762268066406
4.435	307.5564880371094
4.441	300.5318298339844
4.447	300.5318298339844
4.452	298.8009033203125
4.458	312.9324951171875
4.4639999999999995	318.4024963378906
4.47	314.74530029296875
4.476	307.5564880371094
4.481	323.9681091308594
4.487	333.4611511230469
4.493	331.5405578613281
4.499	325.8448486328125
4.505	314.74530029296875
4.51	290.2945861816406
4.516	302.2728271484375
4.522	278.7909851074219
4.5280000000000005	302.2728271484375
4.534	290.2945861816406
4.54	300.5318298339844
4.545	277.1852722167969
4.551	0.0
4.5569999999999995	0.0
4.563	0.0
4.569	0.0
4.574	0.0
4.58	0.0
4.586	0.0
4.592	0.0
4.598	0.0
4.603	0.0
4.609	0.0
4.615	0.0
4.621	0.0
4.627	0.0
4.632	312.9324951171875
4.638	288.6225891113281
4.644	283.6641845703125
4.65	285.3074645996094
4.656000000000001	290.2945861816406
4.6610000000000005	288.6225891113281
4.667	291.9762268066406
4.673	290.2945861816406
4.678999999999999	297.0799255371094
4.685	311.1301574707031
4.69	300.5318298339844
4.696000000000001	275.5887756347656
4.702	290.2945861816406
4.708	282.0304260253906
4.7139999999999995	300.5318298339844
4.718999999999999	283.6641845703125
4.725	285.3074645996094
4.731	282.0304260253906
4.737	280.4060363769531
4.743	282.0304260253906
4.748	280.4060363769531
4.754	274.0014953613281
4.76	450.2900390625
4.766	474.3181457519531
4.772	488.216796875
4.7780000000000005	502.5227355957031
4.783	505.4338684082031
4.789	520.2442626953125
4.795	514.2687377929688
4.801	514.2687377929688
4.8069999999999995	496.750732421875
4.812	499.62841796875
4.8180000000000005	514.2687377929688
4.824	499.62841796875
4.83	502.5227355957031
4.836	505.4338684082031
4.841	493.8896484375
4.8469999999999995	491.0450744628906
4.853	496.750732421875
4.859	508.36181640625
4.865	517.2478637695312
4.87	499.62841796875
4.876	514.2687377929688
4.882	496.750732421875
4.888	508.36181640625
4.894	508.36181640625
4.899	496.750732421875
4.905	496.750732421875
4.9110000000000005	488.216796875
4.917	514.2687377929688
4.923	496.750732421875
4.928	508.36181640625
4.934	493.8896484375
4.94	499.62841796875
4.946000000000001	496.750732421875
4.952	474.3181457519531
4.957	460.81512451171875
4.963	455.5221862792969
4.968999999999999	420.13531494140625
4.975	437.4710998535156
4.981	452.8985900878906
4.986000000000001	422.56915283203125
4.992	450.2900390625
4.998	468.8700866699219
5.004	466.16961669921875
5.01	432.4462890625
5.016	460.81512451171875
5.021	468.8700866699219
5.027	474.3181457519531
5.033	447.6965637207031
5.039	429.95556640625
5.045	445.1180114746094
5.05	429.95556640625
5.056	420.13531494140625
5.062	417.7154846191406
5.0680000000000005	417.7154846191406
5.074	432.4462890625
5.079	442.5543212890625
5.085	420.13531494140625
5.091	415.30963134765625
5.0969999999999995	420.13531494140625
5.103	427.47918701171875
5.1080000000000005	410.5393371582031
5.114	417.7154846191406
5.12	422.56915283203125
5.126	415.30963134765625
5.132000000000001	450.2900390625
5.1370000000000005	445.1180114746094
5.143	422.56915283203125
5.149	429.95556640625
5.155	440.0053405761719
5.1610000000000005	479.8294982910156
5.166	491.0450744628906
5.172000000000001	477.06585693359375
5.178	479.8294982910156
5.184	479.8294982910156
5.19	466.16961669921875
5.195	471.5862731933594
5.2010000000000005	682.5137939453125
5.207000000000001	663.0838012695312
5.212999999999999	629.4931640625
5.218999999999999	608.0502319335938
5.224	594.1622314453125
5.23	580.591552734375
5.236000000000001	567.3306884765625
5.242000000000001	557.584228515625
5.247999999999999	567.3306884765625
5.254	532.4044799804688
5.2589999999999995	567.3306884765625
5.265	570.6172485351562
5.271	577.2474975585938
5.277	587.3377075195312
5.2829999999999995	601.066162109375
5.287999999999999	622.2628173828125
5.294	674.6744384765625
5.3	690.4442138671875
5.306	0.0
5.312	479.8294982910156
5.317	471.5862731933594
5.3229999999999995	471.5862731933594
5.329	455.5221862792969
5.335	455.5221862792969
5.341	450.2900390625
5.346	477.06585693359375
5.352	471.5862731933594
5.358	488.216796875
5.364	493.8896484375
5.37	493.8896484375
5.375	471.5862731933594
5.381	466.16961669921875
5.3870000000000005	491.0450744628906
5.393	499.62841796875
5.399	502.5227355957031
5.404	508.36181640625
5.41	502.5227355957031
5.416	0.0
5.422000000000001	363.64215087890625
5.428	365.74871826171875
5.433	367.8675231933594
5.439	369.99853515625
5.445	357.39495849609375
5.4510000000000005	365.74871826171875
5.457000000000001	359.4653625488281
5.462000000000001	357.39495849609375
5.468	363.64215087890625
5.474	361.5477294921875
5.48	376.4660339355469
5.486000000000001	363.64215087890625
5.492000000000001	372.1419372558594
5.497000000000001	394.27081298828125
5.502999999999999	380.84039306640625
5.5089999999999995	367.8675231933594
5.515	369.99853515625
5.521	345.220703125
5.526	323.9681091308594
5.532	331.5405578613281
5.537999999999999	335.3929138183594
5.544	359.4653625488281
5.55	357.39495849609375
5.555	343.2323913574219
5.561	329.6310119628906
5.567	320.24700927734375
5.5729999999999995	325.8448486328125
5.579	337.3358154296875
5.584	327.73248291015625
5.59	337.3358154296875
5.596	331.5405578613281
5.602	327.73248291015625
5.608	335.3929138183594
5.6129999999999995	0.0
5.619	0.0
5.625	0.0
5.631	0.0
5.6370000000000005	0.0
5.642	0.0
5.648	0.0
5.654	0.0
5.66	0.0
5.666	0.0
5.671	0.0
5.6770000000000005	0.0
5.683	0.0
5.689	0.0
5.695	0.0
5.7	0.0
5.706	0.0
5.712000000000001	0.0
5.718	0.0
5.724	0.0
5.73	0.0
5.735	0.0
5.7410000000000005	0.0
5.747000000000001	0.0
5.752999999999999	0.0
5.7589999999999995	0.0
5.763999999999999	0.0
5.77	0.0
5.776	0.0
5.782	0.0
5.787999999999999	0.0
5.792999999999999	0.0
5.7989999999999995	0.0
5.805	0.0
5.811	0.0
5.817	0.0
5.822	0.0
5.827999999999999	0.0
5.834	0.0
5.84	0.0
5.846	0.0
5.851	0.0
5.857	0.0
5.8629999999999995	0.0
5.869	0.0
5.875	0.0
5.88	0.0
5.886	0.0
5.892	0.0
5.898	0.0
5.904	0.0
5.909	0.0
5.915	0.0
5.921	0.0
5.9270000000000005	0.0
5.933	0.0
5.939	0.0
5.944	0.0
5.95	0.0
5.956	0.0
5.962000000000001	0.0
5.968	0.0
5.973	0.0
5.979	0.0
5.985	0.0
5.9910000000000005	0.0
5.997000000000001	0.0
6.002000000000001	0.0
6.007999999999999	0.0
6.013999999999999	0.0
6.02	0.0
6.026	0.0
6.031000000000001	0.0
6.037000000000001	0.0
6.042999999999999	0.0
6.0489999999999995	0.0
6.055	0.0
6.06	0.0
6.066	0.0
6.072	0.0
6.077999999999999	0.0
6.084	0.0
6.0889999999999995	0.0
6.095	0.0
6.101	0.0
6.107	0.0
6.1129999999999995	0.0
6.117999999999999	0.0
6.124	0.0
6.13	0.0
6.136	0.0
6.142	0.0
6.147	0.0
6.153	0.0
6.159	0.0
6.165	0.0
6.171	0.0
6.1770000000000005	0.0
6.182	0.0
6.188	0.0
6.194	0.0
6.2	0.0
6.206	0.0
6.211	0.0
6.2170000000000005	0.0
6.223	0.0
6.229	0.0
6.235	0.0
6.24	0.0
6.246	0.0
6.252000000000001	0.0
6.257999999999999	0.0
6.263999999999999	0.0
6.269	0.0
6.275	0.0
6.281000000000001	0.0
6.287000000000001	0.0
6.292999999999999	177.66754150390625
6.297999999999999	173.6095733642578
6.303999999999999	176.6442413330078
6.31	180.77313232421875
6.316	182.87362670898438
6.322	179.73194885253906
6.327000000000001	181.82034301757812
6.332999999999999	176.6442413330078
6.3389999999999995	173.6095733642578
6.345	171.61549377441406
6.351	499.62841796875
6.356	511.3067321777344
6.362	485.4048767089844
6.367999999999999	485.4048767089844
6.374	447.6965637207031
6.38	445.1180114746094
6.385	458.1610107421875
6.391	479.8294982910156
6.397	445.1180114746094
6.403	482.609130859375
6.409	471.5862731933594
6.415	434.9514465332031
6.42	401.1625671386719
6.426	405.8238830566406
6.432	403.4864807128906
6.438	417.7154846191406
6.444	405.8238830566406
6.449	403.4864807128906
6.455	401.1625671386719
6.461	420.13531494140625
6.4670000000000005	394.27081298828125
6.473	396.5548095703125
6.478	389.7421875
6.484	396.5548095703125
6.49	396.5548095703125
6.496	369.99853515625
6.502000000000001	365.74871826171875
6.507000000000001	372.1419372558594
6.513	365.74871826171875
6.519	372.1419372558594
6.525	374.2977600097656
6.531000000000001	365.74871826171875
6.5360000000000005	380.84039306640625
6.542000000000001	378.64691162109375
6.547999999999999	380.84039306640625
6.553999999999999	389.7421875
6.56	376.4660339355469
6.565	378.64691162109375
6.571000000000001	376.4660339355469
6.577000000000001	369.99853515625
6.582999999999999	367.8675231933594
6.5889999999999995	394.27081298828125
6.593999999999999	396.5548095703125
6.6	389.7421875
6.606	369.99853515625
6.612	394.27081298828125
6.617999999999999	401.1625671386719
6.622999999999999	401.1625671386719
6.629	415.30963134765625
6.635	401.1625671386719
6.641	425.01708984375
6.647	425.01708984375
6.653	422.56915283203125
6.6579999999999995	425.01708984375
6.664	412.9176025390625
6.67	412.9176025390625
6.676	415.30963134765625
6.682	417.7154846191406
6.687	420.13531494140625
6.693	412.9176025390625
6.699	412.9176025390625
6.705	417.7154846191406
6.711	417.7154846191406
6.716	417.7154846191406
6.722	422.56915283203125
6.728	412.9176025390625
6.734	417.7154846191406
6.74	412.9176025390625
6.745	403.4864807128906
6.751	425.01708984375
6.757000000000001	420.13531494140625
6.763	420.13531494140625
6.769	437.4710998535156
6.774	468.8700866699219
6.78	463.4846496582031
6.7860000000000005	427.47918701171875
6.792000000000001	460.81512451171875
6.797999999999999	0.0
6.803	450.2900390625
6.809	450.2900390625
6.815	427.47918701171875
6.821000000000001	447.6965637207031
6.827000000000001	437.4710998535156
6.832000000000001	452.8985900878906
6.837999999999999	455.5221862792969
6.843999999999999	468.8700866699219
6.85	474.3181457519531
6.856	479.8294982910156
6.861000000000001	482.609130859375
6.867000000000001	468.8700866699219
6.872999999999999	471.5862731933594
6.879	479.8294982910156
6.885	471.5862731933594
6.891	466.16961669921875
6.896	463.4846496582031
6.902	458.1610107421875
6.9079999999999995	447.6965637207031
6.914	447.6965637207031
6.92	447.6965637207031
6.925	437.4710998535156
6.931	440.0053405761719
6.937	450.2900390625
6.943	458.1610107421875
6.949	422.56915283203125
6.954	445.1180114746094
6.96	445.1180114746094
6.966	458.1610107421875
6.972	434.9514465332031
6.978	432.4462890625
6.983	445.1180114746094
6.989	442.5543212890625
6.995	452.8985900878906
7.001	445.1180114746094
7.007000000000001	425.01708984375
7.0120000000000005	0.0
7.018	0.0
7.024	0.0
7.03	0.0
7.0360000000000005	0.0
7.041	0.0
7.047000000000001	0.0
7.053	0.0
7.059	246.94381713867188
7.065	248.37437438964844
7.07	248.37437438964844
7.0760000000000005	248.37437438964844
7.082000000000001	248.37437438964844
7.087999999999999	249.8131866455078
7.093999999999999	245.5215301513672
7.1	241.30357360839844
7.105	249.8131866455078
7.111000000000001	245.5215301513672
7.117000000000001	239.9137725830078
7.122999999999999	238.53195190429688
7.129	246.94381713867188
7.1339999999999995	246.94381713867188
7.14	246.94381713867188
7.146	246.94381713867188
7.152	251.26034545898438
7.1579999999999995	251.26034545898438
7.162999999999999	260.1210632324219
7.169	258.6228942871094
7.175	266.201171875
7.181	277.1852722167969
7.187	278.7909851074219
7.192	304.0238952636719
7.1979999999999995	320.24700927734375
7.204	0.0
7.21	0.0
7.216	0.0
7.221	0.0
7.227	0.0
7.233	0.0
7.239	0.0
7.245	0.0
7.25	0.0
7.256	0.0
7.2620000000000005	0.0
7.268	0.0
7.274	0.0
7.279	0.0
7.285	0.0
7.291	0.0
7.297000000000001	0.0
7.303	0.0
7.308	0.0
7.314	0.0
7.32	0.0
7.3260000000000005	0.0
7.332000000000001	300.5318298339844
7.337999999999999	304.0238952636719
7.343	307.5564880371094
7.349	300.5318298339844
7.355	304.0238952636719
7.361000000000001	304.0238952636719
7.367000000000001	298.8009033203125
7.372000000000001	302.2728271484375
7.377999999999999	316.5686340332031
7.3839999999999995	322.1021728515625
7.39	325.8448486328125
7.396	318.4024963378906
7.401	307.5564880371094
7.407	309.3381652832031
7.412999999999999	305.7850646972656
7.419	304.0238952636719
7.425	305.7850646972656
7.43	300.5318298339844
7.436	0.0
7.442	0.0
7.4479999999999995	0.0
7.454	0.0
7.459	0.0
7.465	0.0
7.471	0.0
7.477	0.0
7.483	0.0
7.4879999999999995	0.0
7.494	0.0
7.5	0.0
7.506	0.0
7.5120000000000005	0.0
7.517	0.0
7.523	0.0
7.529	0.0
7.535	0.0
7.541	0.0
7.546	0.0
7.5520000000000005	0.0
7.558	0.0
7.564	0.0
7.57	0.0
7.5760000000000005	0.0
7.581	0.0
7.587000000000001	0.0
7.593	0.0
7.599	0.0
7.605	0.0
7.61	0.0
7.6160000000000005	0.0
7.622000000000001	0.0
7.627999999999999	0.0
7.6339999999999995	0.0
7.638999999999999	0.0
7.645	0.0
7.651	291.9762268066406
7.657	295.36883544921875
7.662999999999999	295.36883544921875
7.667999999999999	288.6225891113281
7.6739999999999995	295.36883544921875
7.68	285.3074645996094
7.686	282.0304260253906
7.692	285.3074645996094
7.697	288.6225891113281
7.702999999999999	285.3074645996094
7.709	291.9762268066406
7.715	290.2945861816406
7.721	288.6225891113281
7.726	290.2945861816406
7.732	293.6676330566406
7.7379999999999995	298.8009033203125
7.744	298.8009033203125
7.75	285.3074645996094
7.755	278.7909851074219
7.761	295.36883544921875
7.767	280.4060363769531
7.773	290.2945861816406
7.779	293.6676330566406
7.784	291.9762268066406
7.79	312.9324951171875
7.796	322.1021728515625
7.8020000000000005	311.1301574707031
7.808	312.9324951171875
7.814	305.7850646972656
7.819	309.3381652832031
7.825	311.1301574707031
7.831	305.7850646972656
7.837000000000001	300.5318298339844
7.843	309.3381652832031
7.848	309.3381652832031
7.854	297.0799255371094
7.86	307.5564880371094
7.8660000000000005	305.7850646972656
7.872000000000001	304.0238952636719
7.877000000000001	300.5318298339844
7.882999999999999	311.1301574707031
7.888999999999999	316.5686340332031
7.895	316.5686340332031
7.901	318.4024963378906
7.906000000000001	327.73248291015625
7.912000000000001	347.2205810546875
7.917999999999999	323.9681091308594
7.9239999999999995	329.6310119628906
7.93	347.2205810546875
7.935	329.6310119628906
7.941	316.5686340332031
7.947	329.6310119628906
7.952999999999999	329.6310119628906
7.959	329.6310119628906
7.9639999999999995	323.9681091308594
7.97	316.5686340332031
7.976	304.0238952636719
7.982	309.3381652832031
7.9879999999999995	295.36883544921875
7.992999999999999	297.0799255371094
7.999	309.3381652832031
8.005	311.1301574707031
8.011000000000001	302.2728271484375
8.017000000000001	304.0238952636719
8.022	297.0799255371094
8.027999999999999	288.6225891113281
8.033999999999999	300.5318298339844
8.04	304.0238952636719
8.046	290.2945861816406
8.052	283.6641845703125
8.057	286.9602355957031
8.062999999999999	277.1852722167969
8.068999999999999	274.0014953613281
8.075	288.6225891113281
8.081	285.3074645996094
8.086	278.7909851074219
8.092	290.2945861816406
8.097999999999999	291.9762268066406
8.104	288.6225891113281
8.11	277.1852722167969
8.115	283.6641845703125
8.121	282.0304260253906
8.127	282.0304260253906
8.133	278.7909851074219
8.139	282.0304260253906
8.144	290.2945861816406
8.15	288.6225891113281
8.156	283.6641845703125
8.162	295.36883544921875
8.168	305.7850646972656
8.173	325.8448486328125
8.179	323.9681091308594
8.185	311.1301574707031
8.191	298.8009033203125
8.197000000000001	293.6676330566406
8.202	300.5318298339844
8.208	300.5318298339844
8.214	300.5318298339844
8.22	298.8009033203125
8.226	298.8009033203125
8.231	297.0799255371094
8.237	298.8009033203125
8.243	302.2728271484375
8.249	291.9762268066406
8.255	302.2728271484375
8.26	295.36883544921875
8.266	291.9762268066406
8.272	298.8009033203125
8.277999999999999	297.0799255371094
8.283999999999999	302.2728271484375
8.29	302.2728271484375
8.295	302.2728271484375
8.301	305.7850646972656
8.307	305.7850646972656
8.312999999999999	300.5318298339844
8.318999999999999	311.1301574707031
8.324	333.4611511230469
8.33	323.9681091308594
8.336	337.3358154296875
8.342	329.6310119628906
8.347999999999999	314.74530029296875
8.353	298.8009033203125
8.359	302.2728271484375
8.365	297.0799255371094
8.371	302.2728271484375
8.377	302.2728271484375
8.382	286.9602355957031
8.388	298.8009033203125
8.394	312.9324951171875
8.4	309.3381652832031
8.406	331.5405578613281
8.411	327.73248291015625
8.417	314.74530029296875
8.423	304.0238952636719
8.429	290.2945861816406
8.435	288.6225891113281
8.44	297.0799255371094
8.446	293.6676330566406
8.452	295.36883544921875
8.458	297.0799255371094
8.464	293.6676330566406
8.469	297.0799255371094
8.475	295.36883544921875
8.481	297.0799255371094
8.487	297.0799255371094
8.493	295.36883544921875
8.499	295.36883544921875
8.504	295.36883544921875
8.51	291.9762268066406
8.516	286.9602355957031
8.522	283.6641845703125
8.527999999999999	291.9762268066406
8.533	290.2945861816406
8.539	293.6676330566406
8.545	304.0238952636719
8.551	312.9324951171875
8.557	333.4611511230469
8.562000000000001	333.4611511230469
8.568	327.73248291015625
8.574	339.2900085449219
8.58	361.5477294921875
8.586	353.2899475097656
8.591000000000001	329.6310119628906
8.597000000000001	327.73248291015625
8.603	327.73248291015625
8.609	302.2728271484375
8.615	297.0799255371094
8.62	293.6676330566406
8.626	297.0799255371094
8.632	298.8009033203125
8.638	295.36883544921875
8.644	298.8009033203125
8.649	290.2945861816406
8.655	300.5318298339844
8.661	286.9602355957031
8.667	298.8009033203125
8.673	298.8009033203125
8.677999999999999	302.2728271484375
8.684	295.36883544921875
8.69	291.9762268066406
8.696	288.6225891113281
8.702	297.0799255371094
8.707	286.9602355957031
8.713	295.36883544921875
8.719	298.8009033203125
8.725	297.0799255371094
8.731	323.9681091308594
8.737	0.0
8.742	0.0
8.748	0.0
8.754	0.0
8.76	0.0
8.766	0.0
8.771	0.0
8.777000000000001	0.0
8.783	0.0
8.789	0.0
8.795	0.0
8.8	0.0
8.806000000000001	0.0
8.812000000000001	0.0
8.818	0.0
8.824	0.0
8.829	0.0
8.835	0.0
8.841000000000001	0.0
8.847000000000001	0.0
8.853	0.0
8.857999999999999	0.0
8.863999999999999	0.0
8.87	0.0
8.876	0.0
8.882	0.0
8.887	0.0
8.892999999999999	0.0
8.899	0.0
8.905	0.0
8.911	0.0
8.916	0.0
8.922	0.0
8.927999999999999	374.2977600097656
8.934	343.2323913574219
8.94	323.9681091308594
8.945	320.24700927734375
8.951	311.1301574707031
8.957	304.0238952636719
8.963	280.4060363769531
8.969	282.0304260253906
8.975	280.4060363769531
8.98	275.5887756347656
8.986	290.2945861816406
8.992	312.9324951171875
8.998	311.1301574707031
9.004	311.1301574707031
9.009	318.4024963378906
9.015	327.73248291015625
9.021	329.6310119628906
9.027000000000001	331.5405578613281
9.033	331.5405578613281
9.038	327.73248291015625
9.044	327.73248291015625
9.05	320.24700927734375
9.056000000000001	0.0
9.062000000000001	0.0
9.067	0.0
9.073	0.0
9.079	0.0
9.085	0.0
9.091000000000001	0.0
9.096	0.0
9.102	0.0
9.107999999999999	0.0
9.113999999999999	0.0
9.12	0.0
9.125	0.0
9.131	0.0
9.137	0.0
9.142999999999999	0.0
9.149	0.0
9.154	0.0
9.16	323.9681091308594
9.166	327.73248291015625
9.172	331.5405578613281
9.177999999999999	335.3929138183594
9.183	331.5405578613281
9.189	335.3929138183594
9.195	329.6310119628906
9.201	327.73248291015625
9.207	323.9681091308594
9.213	316.5686340332031
9.218	312.9324951171875
9.224	305.7850646972656
9.23	297.0799255371094
9.236	298.8009033203125
9.242	290.2945861816406
9.247	291.9762268066406
9.253	286.9602355957031
9.259	288.6225891113281
9.265	286.9602355957031
9.271	286.9602355957031
9.276	288.6225891113281
9.282	290.2945861816406
9.288	295.36883544921875
9.294	297.0799255371094
9.3	297.0799255371094
9.305	297.0799255371094
9.311	295.36883544921875
9.317	286.9602355957031
9.323	283.6641845703125
9.329	266.201171875
9.334	255.65234375
9.34	260.1210632324219
9.346	242.70144653320312
9.352	0.0
9.357999999999999	0.0
9.363	0.0
9.369	0.0
9.375	0.0
9.381	0.0
9.387	0.0
9.392000000000001	0.0
9.398	0.0
9.404	0.0
9.41	0.0
9.416	0.0
9.421	0.0
9.427	0.0
9.433	0.0
9.439	0.0
9.445	0.0
9.451	0.0
9.456	0.0
9.462	0.0
9.468	0.0
9.474	0.0
9.48	0.0
9.485	0.0
9.491	0.0
9.497	0.0
9.503	0.0
9.509	0.0
9.514	0.0
9.52	0.0
9.526	0.0
9.532	0.0
9.538	0.0
9.543	0.0
9.549	0.0
9.555	0.0
9.561	0.0
9.567	0.0
9.572000000000001	0.0
9.578	0.0
9.584	0.0
9.59	0.0
9.596	0.0
9.601	0.0
9.607000000000001	0.0
9.613	0.0
9.619	0.0
9.625	0.0
9.63	0.0
9.636000000000001	0.0
9.642000000000001	0.0
9.648	0.0
9.654	0.0
9.66	0.0
9.665	0.0
9.671	0.0
9.677	0.0
9.683	0.0
9.689	0.0
9.693999999999999	0.0
9.7	0.0
9.706	0.0
9.712	0.0
9.718	0.0
9.722999999999999	0.0
9.729	0.0
9.735	0.0
9.741	0.0
9.747	0.0
9.752	0.0
9.758	0.0
9.764	0.0
9.77	0.0
9.776	0.0
9.781	0.0
9.787	0.0
9.793	0.0
9.799	0.0
9.805	0.0
9.81	0.0
9.816	0.0
9.822000000000001	0.0
9.828	0.0
9.834	0.0
9.839	0.0
9.845	0.0
9.851	0.0
9.857000000000001	0.0
9.863	0.0
9.868	0.0
9.874	0.0
9.88	0.0
9.886000000000001	0.0
9.892000000000001	0.0
9.898	0.0
9.902999999999999	0.0
9.908999999999999	0.0
9.915	0.0
9.921	0.0
9.927	0.0
9.932	0.0
9.937999999999999	0.0
9.943999999999999	460.81512451171875
9.95	477.06585693359375
9.956	493.8896484375
9.961	514.2687377929688
9.967	538.5906982421875
9.972999999999999	535.4887084960938
9.979	551.1798095703125
9.985	567.3306884765625
9.99	557.584228515625
9.996	554.372802734375
10.002	567.3306884765625
10.008	548.0051879882812
10.014	538.5906982421875
10.019	544.8489379882812
10.025	529.3380126953125
10.031	514.2687377929688
10.037	499.62841796875
10.043	488.216796875
10.048	474.3181457519531
10.054	463.4846496582031
10.06	468.8700866699219
10.066	466.16961669921875
10.072000000000001	458.1610107421875
10.077	447.6965637207031
10.083	450.2900390625
10.089	471.5862731933594
10.095	471.5862731933594
10.101	466.16961669921875
10.106	471.5862731933594
10.112	477.06585693359375
10.118	485.4048767089844
10.124	499.62841796875
10.13	505.4338684082031
10.136000000000001	514.2687377929688
10.141	526.2892456054688
10.147	535.4887084960938
10.152999999999999	548.0051879882812
10.158999999999999	551.1798095703125
10.165	560.8143310546875
10.17	560.8143310546875
10.176	560.8143310546875
10.182	554.372802734375
10.187999999999999	548.0051879882812
10.193999999999999	551.1798095703125
10.199	526.2892456054688
10.205	520.2442626953125
10.211	508.36181640625
10.217	496.750732421875
10.222999999999999	488.216796875
10.228	474.3181457519531
10.234	471.5862731933594
10.24	432.4462890625
10.245999999999999	450.2900390625
10.252	452.8985900878906
10.257	452.8985900878906
10.263	460.81512451171875
10.269	463.4846496582031
10.275	471.5862731933594
10.280999999999999	479.8294982910156
10.286	485.4048767089844
10.292	496.750732421875
10.298	511.3067321777344
10.304	517.2478637695312
10.31	529.3380126953125
10.315	551.1798095703125
10.321	548.0051879882812
10.327	544.8489379882812
10.333	567.3306884765625
10.339	548.0051879882812
10.344000000000001	557.584228515625
10.35	551.1798095703125
10.356	541.7108154296875
10.362	535.4887084960938
10.368	526.2892456054688
10.374	511.3067321777344
10.379000000000001	502.5227355957031
10.385	493.8896484375
10.390999999999998	479.8294982910156
10.397	474.3181457519531
10.402999999999999	474.3181457519531
10.408	458.1610107421875
10.414000000000001	460.81512451171875
10.42	447.6965637207031
10.425999999999998	442.5543212890625
10.432	471.5862731933594
10.437000000000001	479.8294982910156
10.443	485.4048767089844
10.449000000000002	502.5227355957031
10.455	514.2687377929688
10.460999999999999	517.2478637695312
10.466	526.2892456054688
10.472000000000001	538.5906982421875
10.478	544.8489379882812
10.484000000000002	557.584228515625
10.49	554.372802734375
10.495	554.372802734375
10.501	560.8143310546875
10.507	532.4044799804688
10.513	535.4887084960938
10.519	520.2442626953125
10.524000000000001	511.3067321777344
10.53	0.0
10.536	0.0
10.542	0.0
10.548	216.22227478027344
10.552999999999999	212.50767517089844
10.559000000000001	222.55809020996094
10.565	208.8568878173828
10.571	212.50767517089844
10.577	198.27658081054688
10.582	210.06680297851562
10.588	205.2688446044922
10.594000000000001	206.4579620361328
10.6	202.91110229492188
10.606	208.8568878173828
10.612	205.2688446044922
10.617	214.97691345214844
10.623	225.14410400390625
10.629000000000001	226.44837951660156
10.635	229.07958984375
10.640999999999998	233.0838623046875
10.645999999999999	249.8131866455078
10.652000000000001	249.8131866455078
10.658	241.30357360839844
10.664000000000001	260.1210632324219
10.67	245.5215301513672
10.675	246.94381713867188
10.681	242.70144653320312
10.687000000000001	237.15809631347656
10.693	227.7601776123047
10.699000000000002	233.0838623046875
10.704	231.7413787841797
10.71	235.79217529296875
10.716	233.0838623046875
10.722000000000001	244.107421875
10.728	229.07958984375
10.732999999999999	222.55809020996094
10.739	223.8473663330078
10.745	220.0017852783203
10.751	218.7346649169922
10.757	238.53195190429688
10.762	238.53195190429688
10.767999999999999	471.5862731933594
10.774000000000001	488.216796875
10.78	499.62841796875
10.786	505.4338684082031
10.790999999999999	526.2892456054688
10.797	541.7108154296875
10.802999999999999	564.0631103515625
10.809000000000001	551.1798095703125
10.815	567.3306884765625
10.82	560.8143310546875
10.825999999999999	551.1798095703125
10.832	564.0631103515625
10.838	544.8489379882812
10.844000000000001	544.8489379882812
10.85	538.5906982421875
10.855	529.3380126953125
10.860999999999999	535.4887084960938
10.867	514.2687377929688
10.873	505.4338684082031
10.879000000000001	523.258056640625
10.884	505.4338684082031
10.89	520.2442626953125
10.895999999999999	511.3067321777344
10.902000000000001	514.2687377929688
10.908	532.4044799804688
10.913	517.2478637695312
10.919	538.5906982421875
10.925	544.8489379882812
10.931	560.8143310546875
10.937000000000001	577.2474975585938
10.942	597.6041870117188
10.948	587.3377075195312
10.954	597.6041870117188
10.96	622.2628173828125
10.966	601.066162109375
10.970999999999998	618.6788330078125
10.977	629.4931640625
10.982999999999999	625.8675537109375
10.989	608.0502319335938
10.995	622.2628173828125
11.0	611.5726928710938
11.005999999999998	604.548095703125
11.012	597.6041870117188
11.017999999999999	583.954833984375
11.024000000000001	580.591552734375
11.029000000000002	587.3377075195312
11.035	564.0631103515625
11.040999999999999	535.4887084960938
11.047	544.8489379882812
11.052999999999999	517.2478637695312
11.059000000000001	529.3380126953125
11.064	505.4338684082031
11.07	520.2442626953125
11.075999999999999	505.4338684082031
11.082	517.2478637695312
11.088	532.4044799804688
11.093	523.258056640625
11.099	535.4887084960938
11.105	544.8489379882812
11.110999999999999	564.0631103515625
11.117	580.591552734375
11.122	587.3377075195312
11.128	583.954833984375
11.134	611.5726928710938
11.14	601.066162109375
11.145999999999999	618.6788330078125
11.151	629.4931640625
11.157	644.2069702148438
11.163	629.4931640625
11.169	622.2628173828125
11.175	636.8075561523438
11.18	625.8675537109375
11.186	615.115478515625
11.192	604.548095703125
11.198	601.066162109375
11.204	583.954833984375
11.209000000000001	564.0631103515625
11.215	551.1798095703125
11.220999999999998	535.4887084960938
11.227	526.2892456054688
11.232999999999999	517.2478637695312
11.238	511.3067321777344
11.244000000000002	511.3067321777344
11.25	508.36181640625
11.255999999999998	514.2687377929688
11.262	520.2442626953125
11.267000000000001	529.3380126953125
11.273	535.4887084960938
11.279000000000002	554.372802734375
11.285	567.3306884765625
11.290999999999999	583.954833984375
11.297	587.3377075195312
11.302	594.1622314453125
11.308	608.0502319335938
11.314	604.548095703125
11.32	608.0502319335938
11.325999999999999	615.115478515625
11.331	590.7401123046875
11.337	597.6041870117188
11.343	573.9227905273438
11.349	541.7108154296875
11.355	535.4887084960938
11.36	520.2442626953125
11.366	482.609130859375
11.372	493.8896484375
11.378	493.8896484375
11.384	508.36181640625
11.389000000000001	491.0450744628906
11.395	496.750732421875
11.401	496.750732421875
11.407	493.8896484375
11.413	532.4044799804688
11.418	551.1798095703125
11.424000000000001	538.5906982421875
11.43	560.8143310546875
11.436	554.372802734375
11.442	557.584228515625
11.447000000000001	564.0631103515625
11.453	564.0631103515625
11.459000000000001	554.372802734375
11.465	554.372802734375
11.470999999999998	544.8489379882812
11.475999999999999	511.3067321777344
11.482000000000001	491.0450744628906
11.488	511.3067321777344
11.494000000000002	505.4338684082031
11.5	493.8896484375
11.505	535.4887084960938
11.511	548.0051879882812
11.517000000000001	538.5906982421875
11.523	557.584228515625
11.529000000000002	541.7108154296875
11.535	560.8143310546875
11.54	567.3306884765625
11.546	570.6172485351562
11.552	564.0631103515625
11.558	583.954833984375
11.564	590.7401123046875
11.569	625.8675537109375
11.575	629.4931640625
11.581	651.6923217773438
11.587	659.2647094726562
11.593	674.6744384765625
11.597999999999999	663.0838012695312
11.604000000000001	682.5137939453125
11.61	663.0838012695312
11.616	678.5827026367188
11.622	659.2647094726562
11.627	663.0838012695312
11.633	640.4966430664062
11.639000000000001	633.1398315429688
11.645	625.8675537109375
11.651	618.6788330078125
11.655999999999999	608.0502319335938
11.662	608.0502319335938
11.668	608.0502319335938
11.674000000000001	604.548095703125
11.68	590.7401123046875
11.685	587.3377075195312
11.690999999999999	587.3377075195312
11.697000000000001	587.3377075195312
11.703	594.1622314453125
11.709000000000001	608.0502319335938
11.714	622.2628173828125
11.72	629.4931640625
11.725999999999999	647.9388427734375
11.732000000000001	659.2647094726562
11.738	682.5137939453125
11.743	686.467529296875
11.749	710.6759643554688
11.755	714.7928466796875
11.761	731.5004272460938
11.767000000000001	731.5004272460938
11.773	727.2872924804688
11.777999999999999	735.7379760742188
11.784	718.9336547851562
11.79	702.5130615234375
11.796	690.4442138671875
11.802	690.4442138671875
11.807	666.925048828125
11.812999999999999	651.6923217773438
11.819	622.2628173828125
11.825	615.115478515625
11.831	618.6788330078125
11.835999999999999	640.4966430664062
11.842	682.5137939453125
11.847999999999999	674.6744384765625
11.854000000000001	666.925048828125
11.86	666.925048828125
11.865	670.7885131835938
11.870999999999999	678.5827026367188
11.877	690.4442138671875
11.883	678.5827026367188
11.889000000000001	622.2628173828125
11.894	651.6923217773438
11.9	0.0
11.905999999999999	710.6759643554688
11.912	714.7928466796875
11.918	702.5130615234375
11.923	678.5827026367188
11.929	686.467529296875
11.935	686.467529296875
11.940999999999999	690.4442138671875
11.947000000000001	690.4442138671875
11.952	710.6759643554688
11.958	663.0838012695312
11.964	655.4675903320312
11.97	636.8075561523438
11.975999999999999	615.115478515625
11.981	604.548095703125
11.987	625.8675537109375
11.993	615.115478515625
11.999	597.6041870117188
12.005	590.7401123046875
12.011	580.591552734375
12.015999999999998	577.2474975585938
12.022	580.591552734375
12.027999999999999	580.591552734375
12.034	587.3377075195312
12.04	597.6041870117188
12.045	601.066162109375
12.050999999999998	425.01708984375
12.057	437.4710998535156
12.062999999999999	445.1180114746094
12.069	463.4846496582031
12.074000000000002	468.8700866699219
12.08	482.609130859375
12.085999999999999	479.8294982910156
12.092	488.216796875
12.097999999999999	485.4048767089844
12.103	482.609130859375
12.109000000000002	482.609130859375
12.115	479.8294982910156
12.120999999999999	468.8700866699219
12.127	466.16961669921875
12.132	458.1610107421875
12.138	458.1610107421875
12.144	447.6965637207031
12.15	440.0053405761719
12.155999999999999	434.9514465332031
12.161	425.01708984375
12.167	425.01708984375
12.173	427.47918701171875
12.179	427.47918701171875
12.185	427.47918701171875
12.19	432.4462890625
12.196	437.4710998535156
12.202	437.4710998535156
12.208	442.5543212890625
12.214	447.6965637207031
12.22	466.16961669921875
12.225	477.06585693359375
12.231	485.4048767089844
12.237	491.0450744628906
12.243	479.8294982910156
12.249	496.750732421875
12.254000000000001	502.5227355957031
12.26	485.4048767089844
12.265999999999998	482.609130859375
12.272	488.216796875
12.277999999999999	468.8700866699219
12.283	452.8985900878906
12.289000000000001	455.5221862792969
12.295	458.1610107421875
12.300999999999998	445.1180114746094
12.307	429.95556640625
12.312000000000001	415.30963134765625
12.318	437.4710998535156
12.324000000000002	429.95556640625
12.33	405.8238830566406
12.335999999999999	425.01708984375
12.341	408.1748046875
12.347000000000001	403.4864807128906
12.353	394.27081298828125
12.359000000000002	415.30963134765625
12.365	445.1180114746094
12.37	460.81512451171875
12.376	491.0450744628906
12.382	499.62841796875
12.388	496.750732421875
12.394	496.750732421875
12.399000000000001	460.81512451171875
12.405	432.4462890625
12.411	452.8985900878906
12.417	491.0450744628906
12.423	485.4048767089844
12.427999999999999	477.06585693359375
12.434000000000001	463.4846496582031
12.44	493.8896484375
12.446	488.216796875
12.452	496.750732421875
12.458	502.5227355957031
12.463	502.5227355957031
12.469000000000001	508.36181640625
12.475	520.2442626953125
12.481	511.3067321777344
12.487	496.750732421875
12.492	496.750732421875
12.498	499.62841796875
12.504000000000001	505.4338684082031
12.51	499.62841796875
12.515999999999998	508.36181640625
12.520999999999999	505.4338684082031
12.527000000000001	488.216796875
12.533	458.1610107421875
12.539000000000001	455.5221862792969
12.545	440.0053405761719
12.55	458.1610107421875
12.556	450.2900390625
12.562000000000001	477.06585693359375
12.568	482.609130859375
12.574000000000002	491.0450744628906
12.579	488.216796875
12.585	499.62841796875
12.591	493.8896484375
12.597000000000001	502.5227355957031
12.603	466.16961669921875
12.607999999999999	496.750732421875
12.614	474.3181457519531
12.62	466.16961669921875
12.626	468.8700866699219
12.632	437.4710998535156
12.637	427.47918701171875
12.642999999999999	427.47918701171875
12.649000000000001	437.4710998535156
12.655	442.5543212890625
12.661	412.9176025390625
12.665999999999999	420.13531494140625
12.672	412.9176025390625
12.677999999999999	425.01708984375
12.684000000000001	445.1180114746094
12.69	429.95556640625
12.696	452.8985900878906
12.700999999999999	417.7154846191406
12.707	445.1180114746094
12.713	447.6965637207031
12.719000000000001	417.7154846191406
12.725	455.5221862792969
12.73	466.16961669921875
12.735999999999999	474.3181457519531
12.742	502.5227355957031
12.748	496.750732421875
12.754000000000001	538.5906982421875
12.759	514.2687377929688
12.765	493.8896484375
12.770999999999999	535.4887084960938
12.777000000000001	511.3067321777344
12.783	505.4338684082031
12.788	493.8896484375
12.794	488.216796875
12.8	468.8700866699219
12.806	471.5862731933594
12.812000000000001	455.5221862792969
12.817	445.1180114746094
12.823	425.01708984375
12.829	394.27081298828125
12.835	412.9176025390625
12.841	410.5393371582031
12.845999999999998	415.30963134765625
12.852	420.13531494140625
12.857999999999999	398.8520202636719
12.864	420.13531494140625
12.87	425.01708984375
12.875	434.9514465332031
12.880999999999998	432.4462890625
12.887	420.13531494140625
12.892999999999999	450.2900390625
12.899000000000001	458.1610107421875
12.904000000000002	466.16961669921875
12.91	468.8700866699219
12.915999999999999	479.8294982910156
12.922	474.3181457519531
12.927999999999999	485.4048767089844
12.934000000000001	491.0450744628906
12.939	485.4048767089844
12.945	471.5862731933594
12.950999999999999	466.16961669921875
12.957	463.4846496582031
12.963	0.0
12.968	0.0
12.974	0.0
12.98	0.0
12.985999999999999	0.0
12.992	0.0
12.997	0.0
13.003	0.0
13.009	0.0
13.015	267.7432556152344
13.020999999999999	288.6225891113281
13.026	297.0799255371094
13.032	305.7850646972656
13.038	320.24700927734375
13.044	329.6310119628906
13.05	343.2323913574219
13.055	372.1419372558594
13.061	345.220703125
13.067	376.4660339355469
13.073	394.27081298828125
13.079	394.27081298828125
13.084000000000001	398.8520202636719
13.09	403.4864807128906
13.095999999999998	403.4864807128906
13.102	398.8520202636719
13.107999999999999	391.99993896484375
13.113	385.2655944824219
13.119000000000002	383.0466003417969
13.125	394.27081298828125
13.130999999999998	394.27081298828125
13.137	401.1625671386719
13.142000000000001	391.99993896484375
13.148	378.64691162109375
13.154000000000002	394.27081298828125
13.16	387.4974365234375
13.165999999999999	374.2977600097656
13.172	369.99853515625
13.177	365.74871826171875
13.183	367.8675231933594
13.189	363.64215087890625
13.195	345.220703125
13.200999999999999	343.2323913574219
13.206	337.3358154296875
13.212	349.2320251464844
13.218	343.2323913574219
13.224	331.5405578613281
13.23	331.5405578613281
13.235	345.220703125
13.241	349.2320251464844
13.247	351.2550964355469
13.253	369.99853515625
13.259	351.2550964355469
13.264000000000001	361.5477294921875
13.27	383.0466003417969
13.276	380.84039306640625
13.282	361.5477294921875
13.288	341.2555236816406
13.293	331.5405578613281
13.299000000000001	331.5405578613281
13.305	327.73248291015625
13.311	331.5405578613281
13.317	323.9681091308594
13.322000000000001	318.4024963378906
13.328	325.8448486328125
13.334000000000001	351.2550964355469
13.34	355.3365173339844
13.345999999999998	369.99853515625
13.350999999999999	349.2320251464844
13.357000000000001	355.3365173339844
13.363	339.2900085449219
13.369000000000002	345.220703125
13.375	341.2555236816406
13.38	341.2555236816406
13.386	369.99853515625
13.392000000000001	385.2655944824219
13.398	396.5548095703125
13.404000000000002	422.56915283203125
13.41	427.47918701171875
13.415	434.9514465332031
13.421	420.13531494140625
13.427	425.01708984375
13.433	420.13531494140625
13.439	427.47918701171875
13.444	429.95556640625
13.45	434.9514465332031
13.456	437.4710998535156
13.462	432.4462890625
13.468	458.1610107421875
13.472999999999999	447.6965637207031
13.479000000000001	482.609130859375
13.485	455.5221862792969
13.491	471.5862731933594
13.497	474.3181457519531
13.502	488.216796875
13.508	477.06585693359375
13.514000000000001	502.5227355957031
13.52	496.750732421875
13.526	491.0450744628906
13.530999999999999	493.8896484375
13.537	482.609130859375
13.543	474.3181457519531
13.549000000000001	502.5227355957031
13.555	505.4338684082031
13.56	474.3181457519531
13.565999999999999	440.0053405761719
13.572000000000001	442.5543212890625
13.578	479.8294982910156
13.584000000000001	499.62841796875
13.589	544.8489379882812
13.595	526.2892456054688
13.600999999999999	538.5906982421875
13.607000000000001	548.0051879882812
13.613	548.0051879882812
13.619000000000002	544.8489379882812
13.624	535.4887084960938
13.63	529.3380126953125
13.636	508.36181640625
13.642000000000001	508.36181640625
13.648	496.750732421875
13.652999999999999	479.8294982910156
13.659	458.1610107421875
13.665	450.2900390625
13.671	463.4846496582031
13.677	452.8985900878906
13.682	432.4462890625
13.687999999999999	455.5221862792969
13.694	463.4846496582031
13.7	427.47918701171875
13.706	442.5543212890625
13.710999999999999	445.1180114746094
13.717	455.5221862792969
13.722999999999999	471.5862731933594
13.729000000000001	460.81512451171875
13.735	477.06585693359375
13.74	468.8700866699219
13.745999999999999	505.4338684082031
13.752	526.2892456054688
13.758	502.5227355957031
13.764000000000001	505.4338684082031
13.769	532.4044799804688
13.775	548.0051879882812
13.780999999999999	548.0051879882812
13.787	526.2892456054688
13.793	508.36181640625
13.798	499.62841796875
13.804	496.750732421875
13.81	508.36181640625
13.815999999999999	508.36181640625
13.822000000000001	505.4338684082031
13.827	505.4338684082031
13.833	505.4338684082031
13.839	477.06585693359375
13.845	455.5221862792969
13.850999999999999	477.06585693359375
13.857000000000001	471.5862731933594
13.862	471.5862731933594
13.868	499.62841796875
13.874	479.8294982910156
13.88	477.06585693359375
13.886	493.8896484375
13.890999999999998	474.3181457519531
13.897	437.4710998535156
13.902999999999999	450.2900390625
13.909	455.5221862792969
13.915	463.4846496582031
13.92	452.8985900878906
13.925999999999998	458.1610107421875
13.932	447.6965637207031
13.937999999999999	410.5393371582031
13.944	396.5548095703125
13.949000000000002	405.8238830566406
13.955	391.99993896484375
13.960999999999999	403.4864807128906
13.967	398.8520202636719
13.972999999999999	398.8520202636719
13.978	389.7421875
13.984000000000002	387.4974365234375
13.99	573.9227905273438
13.995999999999999	557.584228515625
14.002	535.4887084960938
14.007	580.591552734375
14.013	577.2474975585938
14.019	544.8489379882812
14.025	560.8143310546875
14.030999999999999	532.4044799804688
14.036	544.8489379882812
14.042	580.591552734375
14.048	583.954833984375
14.054	604.548095703125
14.06	615.115478515625
14.065	622.2628173828125
14.071	618.6788330078125
14.077	625.8675537109375
14.083	615.115478515625
14.089	615.115478515625
14.095	608.0502319335938
14.1	594.1622314453125
14.106	573.9227905273438
14.112	554.372802734375
14.118	560.8143310546875
14.124	573.9227905273438
14.129000000000001	554.372802734375
14.135	560.8143310546875
14.140999999999998	587.3377075195312
14.147	587.3377075195312
14.152999999999999	590.7401123046875
14.158	587.3377075195312
14.164000000000001	551.1798095703125
14.17	580.591552734375
14.175999999999998	564.0631103515625
14.182	551.1798095703125
14.187000000000001	551.1798095703125
14.193	573.9227905273438
14.199000000000002	580.591552734375
14.205	594.1622314453125
14.210999999999999	611.5726928710938
14.216	615.115478515625
14.222000000000001	625.8675537109375
14.228	618.6788330078125
14.234000000000002	611.5726928710938
14.24	608.0502319335938
14.245	594.1622314453125
14.251	570.6172485351562
14.257	541.7108154296875
14.263	554.372802734375
14.269	511.3067321777344
14.274000000000001	0.0
14.28	0.0
14.286	0.0
14.292	0.0
14.298	0.0
14.302999999999999	0.0
14.309000000000001	0.0
14.315	0.0
14.321	0.0
14.327	0.0
14.333	0.0
14.338	0.0
14.344000000000001	0.0
14.35	0.0
14.356	0.0
14.362	0.0
14.367	0.0
14.373	0.0
14.379000000000001	0.0
14.385	0.0
14.390999999999998	0.0
14.395999999999999	0.0
14.402000000000001	0.0
14.408	0.0
14.414000000000001	0.0
14.42	0.0
14.425	0.0
14.431	0.0
14.437000000000001	0.0
14.443	0.0
14.449000000000002	0.0
14.454	0.0
14.46	0.0
14.466	0.0
14.472000000000001	0.0
14.478	0.0
14.482999999999999	387.4974365234375
14.489	363.64215087890625
14.495	365.74871826171875
14.501	363.64215087890625
14.507	363.64215087890625
14.512	378.64691162109375
14.517999999999999	365.74871826171875
14.524000000000001	387.4974365234375
14.53	372.1419372558594
14.536	374.2977600097656
14.540999999999999	408.1748046875
14.547	425.01708984375
14.552999999999999	437.4710998535156
14.559000000000001	422.56915283203125
14.565	447.6965637207031
14.571	447.6965637207031
14.575999999999999	447.6965637207031
14.582	447.6965637207031
14.588	445.1180114746094
14.594000000000001	442.5543212890625
14.6	442.5543212890625
14.605	450.2900390625
14.610999999999999	367.8675231933594
14.617	349.2320251464844
14.623	339.2900085449219
14.629000000000001	316.5686340332031
14.634	320.24700927734375
14.64	316.5686340332031
14.645999999999999	323.9681091308594
14.652000000000001	325.8448486328125
14.658	329.6310119628906
14.663	325.8448486328125
14.669	329.6310119628906
14.675	322.1021728515625
14.681	323.9681091308594
14.687000000000001	320.24700927734375
14.692	320.24700927734375
14.698	318.4024963378906
14.704	316.5686340332031
14.71	311.1301574707031
14.716	312.9324951171875
14.720999999999998	320.24700927734375
14.727	312.9324951171875
14.732999999999999	322.1021728515625
14.739	322.1021728515625
14.745	325.8448486328125
14.75	322.1021728515625
14.755999999999998	323.9681091308594
14.762	325.8448486328125
14.767999999999999	323.9681091308594
14.774000000000001	327.73248291015625
14.78	325.8448486328125
14.785	327.73248291015625
14.790999999999999	325.8448486328125
14.797	322.1021728515625
14.802999999999999	322.1021728515625
14.809000000000001	320.24700927734375
14.814	318.4024963378906
14.82	314.74530029296875
14.825999999999999	316.5686340332031
14.832	312.9324951171875
14.838	316.5686340332031
14.843	312.9324951171875
14.849	318.4024963378906
14.855	309.3381652832031
14.860999999999999	307.5564880371094
14.867	312.9324951171875
14.872	316.5686340332031
14.878	314.74530029296875
14.884	322.1021728515625
14.89	323.9681091308594
14.895999999999999	325.8448486328125
14.901	323.9681091308594
14.907	335.3929138183594
14.913	333.4611511230469
14.919	339.2900085449219
14.925	347.2205810546875
14.93	345.220703125
14.936	349.2320251464844
14.942	349.2320251464844
14.948	341.2555236816406
14.954	347.2205810546875
14.959000000000001	343.2323913574219
14.965	339.2900085449219
14.970999999999998	333.4611511230469
14.977	333.4611511230469
14.982999999999999	325.8448486328125
14.988	322.1021728515625
14.994000000000002	320.24700927734375
15.0	314.74530029296875
15.005999999999998	314.74530029296875
15.012	316.5686340332031
15.017999999999999	309.3381652832031
15.023	305.7850646972656
15.029000000000002	311.1301574707031
15.035	312.9324951171875
15.040999999999999	316.5686340332031
15.047	316.5686340332031
15.052	322.1021728515625
15.058	325.8448486328125
15.064	333.4611511230469
15.07	329.6310119628906
15.075999999999999	341.2555236816406
15.081	347.2205810546875
15.087	349.2320251464844
15.093	355.3365173339844
15.099	357.39495849609375
15.105	357.39495849609375
15.11	359.4653625488281
15.116	355.3365173339844
15.122	345.220703125
15.128	343.2323913574219
15.134	337.3358154296875
15.139000000000001	335.3929138183594
15.145	333.4611511230469
15.151	335.3929138183594
15.157	325.8448486328125
15.163	327.73248291015625
15.168	311.1301574707031
15.174000000000001	300.5318298339844
15.18	305.7850646972656
15.186	305.7850646972656
15.192	333.4611511230469
15.197000000000001	339.2900085449219
15.203	325.8448486328125
15.209000000000001	322.1021728515625
15.215	311.1301574707031
15.220999999999998	322.1021728515625
15.225999999999999	320.24700927734375
15.232000000000001	325.8448486328125
15.238	353.2899475097656
15.244000000000002	335.3929138183594
15.25	341.2555236816406
15.255999999999998	341.2555236816406
15.261	343.2323913574219
15.267000000000001	345.220703125
15.273	351.2550964355469
15.279000000000002	349.2320251464844
15.285	357.39495849609375
15.29	353.2899475097656
15.296	361.5477294921875
15.302	361.5477294921875
15.308	367.8675231933594
15.314	365.74871826171875
15.319	357.39495849609375
15.325	359.4653625488281
15.331	349.2320251464844
15.337	320.24700927734375
15.343	323.9681091308594
15.347999999999999	341.2555236816406
15.354000000000001	337.3358154296875
15.36	337.3358154296875
15.366	365.74871826171875
15.372	359.4653625488281
15.377	351.2550964355469
15.383	383.0466003417969
15.389000000000001	0.0
15.395	0.0
15.401	0.0
15.405999999999999	0.0
15.412	0.0
15.418	0.0
15.424000000000001	0.0
15.43	496.750732421875
15.435	466.16961669921875
15.440999999999999	468.8700866699219
15.447000000000001	491.0450744628906
15.453	493.8896484375
15.459000000000001	520.2442626953125
15.464	544.8489379882812
15.47	567.3306884765625
15.475999999999999	580.591552734375
15.482000000000001	587.3377075195312
15.488	601.066162109375
15.494000000000002	615.115478515625
15.499	633.1398315429688
15.505	647.9388427734375
15.511	659.2647094726562
15.517000000000001	659.2647094726562
15.523	655.4675903320312
15.527999999999999	636.8075561523438
15.534	636.8075561523438
15.54	625.8675537109375
15.546	615.115478515625
15.552	604.548095703125
15.557	601.066162109375
15.562999999999999	583.954833984375
15.569	570.6172485351562
15.575	557.584228515625
15.581	544.8489379882812
15.585999999999999	526.2892456054688
15.592	523.258056640625
15.597999999999999	517.2478637695312
15.604000000000001	523.258056640625
15.61	517.2478637695312
15.615	514.2687377929688
15.620999999999999	526.2892456054688
15.627	529.3380126953125
15.633	529.3380126953125
15.639000000000001	544.8489379882812
15.644	551.1798095703125
15.65	580.591552734375
15.655999999999999	583.954833984375
15.662	587.3377075195312
15.668	611.5726928710938
15.673	618.6788330078125
15.679	640.4966430664062
15.685	636.8075561523438
15.690999999999999	636.8075561523438
15.697000000000001	640.4966430664062
15.702	647.9388427734375
15.708	629.4931640625
15.714	629.4931640625
15.72	618.6788330078125
15.725999999999999	615.115478515625
15.732000000000001	608.0502319335938
15.737	601.066162109375
15.743	590.7401123046875
15.749	570.6172485351562
15.755	560.8143310546875
15.761	551.1798095703125
15.765999999999998	532.4044799804688
15.772	529.3380126953125
15.777999999999999	523.258056640625
15.784	520.2442626953125
15.79	523.258056640625
15.795	514.2687377929688
15.800999999999998	520.2442626953125
15.807	526.2892456054688
15.812999999999999	526.2892456054688
15.819	526.2892456054688
15.824000000000002	538.5906982421875
15.83	544.8489379882812
15.835999999999999	557.584228515625
15.842	570.6172485351562
15.847999999999999	573.9227905273438
15.853	573.9227905273438
15.859000000000002	580.591552734375
15.865	590.7401123046875
15.870999999999999	590.7401123046875
15.877	604.548095703125
15.882	604.548095703125
15.888	601.066162109375
15.894	594.1622314453125
15.9	583.954833984375
15.905999999999999	580.591552734375
15.911	573.9227905273438
15.917	564.0631103515625
15.923	544.8489379882812
15.929	538.5906982421875
15.935	523.258056640625
15.94	523.258056640625
15.946	517.2478637695312
15.952	508.36181640625
15.958	502.5227355957031
15.964	502.5227355957031
15.97	493.8896484375
15.975	496.750732421875
15.981	488.216796875
15.987	491.0450744628906
15.993	493.8896484375
15.999	488.216796875
16.004	488.216796875
16.01	502.5227355957031
16.016	508.36181640625
16.022000000000002	526.2892456054688
16.028	535.4887084960938
16.033	535.4887084960938
16.039	532.4044799804688
16.045	526.2892456054688
16.051	491.0450744628906
16.057000000000002	493.8896484375
16.062	493.8896484375
16.067999999999998	505.4338684082031
16.074	511.3067321777344
16.08	505.4338684082031
16.086	493.8896484375
16.090999999999998	455.5221862792969
16.097	458.1610107421875
16.102999999999998	452.8985900878906
16.109	463.4846496582031
16.115	434.9514465332031
16.12	442.5543212890625
16.125999999999998	440.0053405761719
16.132	422.56915283203125
16.137999999999998	437.4710998535156
16.144000000000002	429.95556640625
16.149	432.4462890625
16.155	445.1180114746094
16.160999999999998	445.1180114746094
16.167	440.0053405761719
16.173	458.1610107421875
16.179000000000002	450.2900390625
16.184	466.16961669921875
16.19	460.81512451171875
16.195999999999998	463.4846496582031
16.202	471.5862731933594
16.208	437.4710998535156
16.213	452.8985900878906
16.219	447.6965637207031
16.225	466.16961669921875
16.230999999999998	485.4048767089844
16.237000000000002	474.3181457519531
16.242	474.3181457519531
16.248	477.06585693359375
16.254	450.2900390625
16.26	437.4710998535156
16.266	420.13531494140625
16.271	434.9514465332031
16.277	0.0
16.283	651.6923217773438
16.289	651.6923217773438
16.295	659.2647094726562
16.3	663.0838012695312
16.305999999999997	659.2647094726562
16.312	663.0838012695312
16.317999999999998	659.2647094726562
16.324	666.925048828125
16.329	651.6923217773438
16.335	666.925048828125
16.340999999999998	651.6923217773438
16.347	666.925048828125
16.352999999999998	655.4675903320312
16.358	655.4675903320312
16.364	651.6923217773438
16.37	644.2069702148438
16.375999999999998	640.4966430664062
16.382	633.1398315429688
16.387	622.2628173828125
16.393	625.8675537109375
16.399	615.115478515625
16.405	604.548095703125
16.410999999999998	608.0502319335938
16.417	601.066162109375
16.422	587.3377075195312
16.428	597.6041870117188
16.434	601.066162109375
16.44	608.0502319335938
16.445999999999998	615.115478515625
16.451	625.8675537109375
16.457	651.6923217773438
16.463	663.0838012695312
16.469	686.467529296875
16.475	690.4442138671875
16.48	710.6759643554688
16.486	714.7928466796875
16.492	706.5827026367188
16.498	718.9336547851562
16.504	706.5827026367188
16.509	698.4669189453125
16.515	714.7928466796875
16.521	702.5130615234375
16.527	694.4439697265625
16.533	682.5137939453125
16.538	682.5137939453125
16.544	674.6744384765625
16.55	651.6923217773438
16.555999999999997	655.4675903320312
16.562	640.4966430664062
16.567	633.1398315429688
16.573	633.1398315429688
16.579	625.8675537109375
16.585	622.2628173828125
16.590999999999998	625.8675537109375
16.596	625.8675537109375
16.602	629.4931640625
16.608	633.1398315429688
16.614	644.2069702148438
16.62	647.9388427734375
16.625	663.0838012695312
16.631	682.5137939453125
16.637	670.7885131835938
16.643	694.4439697265625
16.649	706.5827026367188
16.655	0.0
16.66	477.06585693359375
16.666	471.5862731933594
16.672	474.3181457519531
16.678	491.0450744628906
16.684	471.5862731933594
16.689	471.5862731933594
16.695	474.3181457519531
16.701	466.16961669921875
16.707	455.5221862792969
16.713	458.1610107421875
16.718	442.5543212890625
16.724	450.2900390625
16.73	432.4462890625
16.736	427.47918701171875
16.742	429.95556640625
16.747	429.95556640625
16.753	420.13531494140625
16.759	432.4462890625
16.765	427.47918701171875
16.771	442.5543212890625
16.776	434.9514465332031
16.782	434.9514465332031
16.788	452.8985900878906
16.794	447.6965637207031
16.8	460.81512451171875
16.805	460.81512451171875
16.811	471.5862731933594
16.817	468.8700866699219
16.823	477.06585693359375
16.829	471.5862731933594
16.834	479.8294982910156
16.84	477.06585693359375
16.846	479.8294982910156
16.852	474.3181457519531
16.858	477.06585693359375
16.863	471.5862731933594
16.869	471.5862731933594
16.875	468.8700866699219
16.881	458.1610107421875
16.887	447.6965637207031
16.893	452.8985900878906
16.898	450.2900390625
16.904	447.6965637207031
16.91	460.81512451171875
16.916	460.81512451171875
16.922	437.4710998535156
16.927	427.47918701171875
16.933	425.01708984375
16.939	440.0053405761719
16.945	455.5221862792969
16.951	425.01708984375
16.956	447.6965637207031
16.962	432.4462890625
16.968	420.13531494140625
16.974	429.95556640625
16.98	590.7401123046875
16.985	618.6788330078125
16.991	636.8075561523438
16.997	633.1398315429688
17.003	644.2069702148438
17.009	636.8075561523438
17.014	647.9388427734375
17.02	636.8075561523438
17.026	633.1398315429688
17.032	640.4966430664062
17.038	618.6788330078125
17.043	611.5726928710938
17.049	608.0502319335938
17.055	601.066162109375
17.061	594.1622314453125
17.067	580.591552734375
17.072	580.591552734375
17.078	564.0631103515625
17.084	567.3306884765625
17.09	567.3306884765625
17.096	564.0631103515625
17.101	570.6172485351562
17.107	567.3306884765625
17.113	577.2474975585938
17.119	564.0631103515625
17.125	583.954833984375
17.131	594.1622314453125
17.136	604.548095703125
17.142	618.6788330078125
17.148	622.2628173828125
17.154	647.9388427734375
17.16	663.0838012695312
17.165	666.925048828125
17.171	663.0838012695312
17.177	690.4442138671875
17.183	655.4675903320312
17.189	690.4442138671875
17.194000000000003	651.6923217773438
17.2	666.925048828125
17.206	633.1398315429688
17.212	629.4931640625
17.218	611.5726928710938
17.223	601.066162109375
17.229	587.3377075195312
17.235	573.9227905273438
17.241	560.8143310546875
17.247	557.584228515625
17.252	554.372802734375
17.258	554.372802734375
17.264	548.0051879882812
17.27	538.5906982421875
17.276	548.0051879882812
17.281	557.584228515625
17.287	564.0631103515625
17.293	570.6172485351562
17.299	573.9227905273438
17.305	577.2474975585938
17.31	597.6041870117188
17.316	597.6041870117188
17.322	601.066162109375
17.328	615.115478515625
17.334	608.0502319335938
17.34	611.5726928710938
17.345	644.2069702148438
17.351	625.8675537109375
17.357	618.6788330078125
17.363	625.8675537109375
17.369	625.8675537109375
17.374000000000002	636.8075561523438
17.38	644.2069702148438
17.386	636.8075561523438
17.392	633.1398315429688
17.398	629.4931640625
17.403	625.8675537109375
17.409000000000002	618.6788330078125
17.415	618.6788330078125
17.421	608.0502319335938
17.427	590.7401123046875
17.432000000000002	583.954833984375
17.438	573.9227905273438
17.444000000000003	583.954833984375
17.45	564.0631103515625
17.456	551.1798095703125
17.461	564.0631103515625
17.467	560.8143310546875
17.473	567.3306884765625
17.479	557.584228515625
17.485	570.6172485351562
17.49	587.3377075195312
17.496	580.591552734375
17.502	583.954833984375
17.508	577.2474975585938
17.514	587.3377075195312
17.519000000000002	594.1622314453125
17.525	601.066162109375
17.531	601.066162109375
17.537	590.7401123046875
17.543	608.0502319335938
17.548	629.4931640625
17.554000000000002	618.6788330078125
17.56	615.115478515625
17.566	608.0502319335938
17.572	615.115478515625
17.578	622.2628173828125
17.583	611.5726928710938
17.589000000000002	597.6041870117188
17.595	597.6041870117188
17.601	590.7401123046875
17.607	587.3377075195312
17.612000000000002	583.954833984375
17.618	580.591552734375
17.624000000000002	580.591552734375
17.63	577.2474975585938
17.636	570.6172485351562
17.641	573.9227905273438
17.647000000000002	580.591552734375
17.653	583.954833984375
17.659000000000002	573.9227905273438
17.665	580.591552734375
17.67	580.591552734375
17.676	594.1622314453125
17.682000000000002	590.7401123046875
17.688	611.5726928710938
17.694000000000003	611.5726928710938
17.699	633.1398315429688
17.705	647.9388427734375
17.711	0.0
17.717	0.0
17.723	0.0
17.727999999999998	0.0
17.734	0.0
17.74	0.0
17.746	0.0
17.752	0.0
17.757	0.0
17.762999999999998	0.0
17.769000000000002	0.0
17.775	0.0
17.781	0.0
17.785999999999998	0.0
17.792	0.0
17.798	0.0
17.804000000000002	0.0
17.81	0.0
17.816	0.0
17.820999999999998	0.0
17.827	0.0
17.833	0.0
17.839000000000002	0.0
17.845	0.0
17.85	0.0
17.855999999999998	0.0
17.862000000000002	0.0
17.868	0.0
17.874000000000002	0.0
17.879	0.0
17.885	0.0
17.891	0.0
17.897000000000002	0.0
17.903	0.0
17.908	0.0
17.914	0.0
17.92	0.0
17.926	0.0
17.932000000000002	0.0
17.937	0.0
17.942999999999998	0.0
17.949	0.0
17.955	0.0
17.961	0.0
17.965999999999998	0.0
17.972	0.0
17.977999999999998	0.0
17.984	0.0
17.99	0.0
17.995	0.0
18.000999999999998	0.0
18.007	0.0
18.012999999999998	0.0
18.019000000000002	0.0
18.024	0.0
18.03	0.0
18.035999999999998	0.0
18.042	0.0
18.048	0.0
18.054000000000002	0.0
18.059	0.0
18.065	0.0
18.070999999999998	0.0
18.077	0.0
18.083	0.0
18.088	0.0
18.094	0.0
18.1	0.0
18.105999999999998	0.0
18.112000000000002	0.0
18.117	0.0
18.123	0.0
18.129	0.0
18.135	0.0
18.141	0.0
18.146	0.0
18.152	0.0
18.158	0.0
18.164	0.0
18.17	0.0
18.175	0.0
18.180999999999997	0.0
18.187	0.0
18.192999999999998	0.0
18.199	0.0
18.204	0.0
18.21	0.0
18.215999999999998	0.0
18.222	0.0
18.227999999999998	0.0
18.233	0.0
18.239	0.0
18.245	0.0
18.250999999999998	0.0
18.257	0.0
18.262	0.0
18.268	0.0
18.274	0.0
18.28	0.0
18.285999999999998	0.0
18.292	0.0
18.297	0.0
18.303	0.0
18.309	0.0
18.315	0.0
18.320999999999998	0.0
18.326	0.0
18.332	0.0
18.338	0.0
18.344	0.0
18.35	0.0
18.355	0.0
18.361	0.0
18.367	0.0
18.373	0.0
18.379	0.0
18.384	0.0
18.39	0.0
18.396	0.0
18.402	0.0
18.408	0.0
18.413	0.0
18.419	0.0
18.425	0.0
18.430999999999997	0.0
18.437	0.0
18.442	0.0
18.448	0.0
18.454	0.0
18.46	0.0
18.465999999999998	0.0
18.471	0.0
18.477	0.0
18.483	0.0
18.489	499.62841796875
18.495	499.62841796875
18.5	502.5227355957031
18.506	499.62841796875
18.512	499.62841796875
18.518	463.4846496582031
18.524	482.609130859375
18.53	485.4048767089844
18.535	491.0450744628906
18.541	493.8896484375
18.547	502.5227355957031
18.553	493.8896484375
18.559	493.8896484375
18.564	496.750732421875
18.57	496.750732421875
18.576	502.5227355957031
18.582	508.36181640625
18.588	474.3181457519531
18.593	488.216796875
18.599	514.2687377929688
18.605	496.750732421875
18.611	508.36181640625
18.617	496.750732421875
18.622	460.81512451171875
18.628	447.6965637207031
18.634	450.2900390625
18.64	432.4462890625
18.646	698.4669189453125
18.651	706.5827026367188
18.657	740.0001220703125
18.663	731.5004272460938
18.669	718.9336547851562
18.675	723.098388671875
18.68	718.9336547851562
18.686	694.4439697265625
18.692	682.5137939453125
18.698	670.7885131835938
18.704	659.2647094726562
18.709	636.8075561523438
18.715	633.1398315429688
18.721	611.5726928710938
18.727	618.6788330078125
18.733	601.066162109375
18.739	604.548095703125
18.744	604.548095703125
18.75	601.066162109375
18.756	601.066162109375
18.762	597.6041870117188
18.768	604.548095703125
18.773	604.548095703125
18.779	618.6788330078125
18.785	625.8675537109375
18.791	636.8075561523438
18.797	651.6923217773438
18.802	663.0838012695312
18.808	670.7885131835938
18.814	678.5827026367188
18.82	710.6759643554688
18.826	714.7928466796875
18.831	727.2872924804688
18.837	740.0001220703125
18.843	744.2869262695312
18.849	748.5985717773438
18.855	727.2872924804688
18.86	744.2869262695312
18.866	735.7379760742188
18.872	723.098388671875
18.878	718.9336547851562
18.884	706.5827026367188
18.889	698.4669189453125
18.895	678.5827026367188
18.901	670.7885131835938
18.907	655.4675903320312
18.913	636.8075561523438
18.918	625.8675537109375
18.924	608.0502319335938
18.93	597.6041870117188
18.936	594.1622314453125
18.942	583.954833984375
18.947	577.2474975585938
18.953	587.3377075195312
18.959	590.7401123046875
18.965	604.548095703125
18.971	608.0502319335938
18.977	618.6788330078125
18.982	640.4966430664062
18.988	655.4675903320312
18.994	670.7885131835938
19.0	686.467529296875
19.006	702.5130615234375
19.011	698.4669189453125
19.017	731.5004272460938
19.023	723.098388671875
19.029	740.0001220703125
19.035	731.5004272460938
19.04	735.7379760742188
19.046	744.2869262695312
19.052	740.0001220703125
19.058	735.7379760742188
19.064	727.2872924804688
19.069000000000003	718.9336547851562
19.075	710.6759643554688
19.081	718.9336547851562
19.087	702.5130615234375
19.093	690.4442138671875
19.098	674.6744384765625
19.104	674.6744384765625
19.11	663.0838012695312
19.116	644.2069702148438
19.122	644.2069702148438
19.127	625.8675537109375
19.133	618.6788330078125
19.139	618.6788330078125
19.145	615.115478515625
19.151	611.5726928710938
19.156	615.115478515625
19.162	622.2628173828125
19.168	618.6788330078125
19.174	629.4931640625
19.18	633.1398315429688
19.185	663.0838012695312
19.191	670.7885131835938
19.197	663.0838012695312
19.203	686.467529296875
19.209	702.5130615234375
19.215	0.0
19.22	0.0
19.226	0.0
19.232	0.0
19.238	0.0
19.244	0.0
19.249000000000002	0.0
19.255	0.0
19.261	0.0
19.267	0.0
19.273	0.0
19.278	0.0
19.284000000000002	0.0
19.29	0.0
19.296	0.0
19.302	0.0
19.307000000000002	0.0
19.313	0.0
19.319000000000003	0.0
19.325	0.0
19.331	0.0
19.336	0.0
19.342	0.0
19.348	0.0
19.354	0.0
19.36	0.0
19.365	0.0
19.371	0.0
19.377	0.0
19.383	0.0
19.389	0.0
19.394000000000002	0.0
19.4	447.6965637207031
19.406	455.5221862792969
19.412	458.1610107421875
19.418	463.4846496582031
19.423	463.4846496582031
19.429000000000002	477.06585693359375
19.435	460.81512451171875
19.441	463.4846496582031
19.447	474.3181457519531
19.453	460.81512451171875
19.458	463.4846496582031
19.464000000000002	458.1610107421875
19.47	447.6965637207031
19.476	445.1180114746094
19.482	455.5221862792969
19.487000000000002	445.1180114746094
19.493	422.56915283203125
19.499000000000002	445.1180114746094
19.505	450.2900390625
19.511	447.6965637207031
19.516	429.95556640625
19.522000000000002	442.5543212890625
19.528	442.5543212890625
19.534000000000002	432.4462890625
19.54	432.4462890625
19.545	445.1180114746094
19.551	422.56915283203125
19.557000000000002	445.1180114746094
19.563	434.9514465332031
19.569000000000003	442.5543212890625
19.574	442.5543212890625
19.58	437.4710998535156
19.586	440.0053405761719
19.592	450.2900390625
19.598	432.4462890625
19.602999999999998	429.95556640625
19.609	445.1180114746094
19.615	432.4462890625
19.621	447.6965637207031
19.627	417.7154846191406
19.632	434.9514465332031
19.637999999999998	445.1180114746094
19.644000000000002	410.5393371582031
19.65	408.1748046875
19.656	437.4710998535156
19.660999999999998	427.47918701171875
19.667	450.2900390625
19.673	440.0053405761719
19.679000000000002	432.4462890625
19.685	447.6965637207031
19.691	427.47918701171875
19.695999999999998	440.0053405761719
19.702	445.1180114746094
19.708	432.4462890625
19.714000000000002	447.6965637207031
19.72	0.0
19.725	0.0
19.730999999999998	0.0
19.737000000000002	0.0
19.743	0.0
19.749000000000002	0.0
19.754	0.0
19.76	0.0
19.766	0.0
19.772000000000002	0.0
19.778	0.0
19.783	0.0
19.789	0.0
19.795	0.0
19.801	0.0
19.807000000000002	0.0
19.812	0.0
19.817999999999998	0.0
19.824	0.0
19.83	445.1180114746094
19.836	434.9514465332031
19.840999999999998	455.5221862792969
19.847	437.4710998535156
19.852999999999998	442.5543212890625
19.859	445.1180114746094
19.865	440.0053405761719
19.87	437.4710998535156
19.875999999999998	408.1748046875
19.882	401.1625671386719
19.887999999999998	385.2655944824219
19.894000000000002	383.0466003417969
19.9	398.8520202636719
19.905	420.13531494140625
19.910999999999998	432.4462890625
19.917	445.1180114746094
19.923	440.0053405761719
19.929000000000002	458.1610107421875
19.934	437.4710998535156
19.94	447.6965637207031
19.945999999999998	429.95556640625
19.952	437.4710998535156
19.958	452.8985900878906
19.963	440.0053405761719
19.969	432.4462890625
19.975	468.8700866699219
19.980999999999998	434.9514465332031
19.987000000000002	445.1180114746094
19.992	452.8985900878906
19.998	415.30963134765625
