0.0	0.0
0.006	0.0
0.012	0.0
0.017	0.0
0.023	0.0
0.028999999999999998	0.0
0.035	0.0
0.040999999999999995	0.0
0.046	0.0
0.052000000000000005	0.0
0.057999999999999996	0.0
0.064	0.0
0.07	0.0
0.075	0.0
0.081	0.0
0.087	0.0
0.09300000000000001	0.0
0.099	0.0
0.10400000000000001	0.0
0.11	0.0
0.11599999999999999	0.0
0.122	0.0
0.128	0.0
0.134	0.0
0.139	0.0
0.145	0.0
0.151	0.0
0.157	0.0
0.163	0.0
0.168	0.0
0.174	0.0
0.18	0.0
0.18600000000000003	0.0
0.192	0.0
0.19699999999999998	0.0
0.203	0.0
0.209	0.0
0.215	0.0
0.221	0.0
0.226	0.0
0.23199999999999998	0.0
0.23800000000000002	0.0
0.244	0.0
0.25	0.0
0.255	0.0
0.261	0.0
0.267	0.0
0.273	0.0
0.27899999999999997	0.0
0.284	0.0
0.29	0.0
0.29600000000000004	0.0
0.302	0.0
0.308	0.0
0.313	0.0
0.319	0.0
0.325	0.0
0.331	0.0
0.337	0.0
0.342	0.0
0.348	0.0
0.354	0.0
0.36	0.0
0.366	0.0
0.37200000000000005	0.0
0.377	0.0
0.38299999999999995	0.0
0.389	0.0
0.395	0.0
0.401	0.0
0.406	0.0
0.41200000000000003	0.0
0.418	0.0
0.424	0.0
0.43	0.0
0.435	0.0
0.441	0.0
0.447	0.0
0.45299999999999996	0.0
0.45899999999999996	0.0
0.46399999999999997	0.0
0.47	0.0
0.47600000000000003	0.0
0.48200000000000004	0.0
0.488	0.0
0.493	0.0
0.499	0.0
0.505	0.0
0.511	0.0
0.517	0.0
0.522	0.0
0.528	0.0
0.534	0.0
0.54	0.0
0.546	0.0
0.551	0.0
0.557	0.0
0.563	0.0
0.569	0.0
0.575	372.1419372558594
0.58	372.1419372558594
0.586	369.99853515625
0.5920000000000001	378.64691162109375
0.598	365.74871826171875
0.604	380.84039306640625
0.61	363.64215087890625
0.615	359.4653625488281
0.621	365.74871826171875
0.627	357.39495849609375
0.633	369.99853515625
0.639	359.4653625488281
0.644	365.74871826171875
0.65	363.64215087890625
0.6559999999999999	369.99853515625
0.662	372.1419372558594
0.6679999999999999	369.99853515625
0.6729999999999999	380.84039306640625
0.679	367.8675231933594
0.685	385.2655944824219
0.691	367.8675231933594
0.6970000000000001	369.99853515625
0.7020000000000001	374.2977600097656
0.708	365.74871826171875
0.7140000000000001	372.1419372558594
0.72	367.8675231933594
0.726	376.4660339355469
0.731	374.2977600097656
0.737	378.64691162109375
0.743	376.4660339355469
0.7490000000000001	376.4660339355469
0.755	378.64691162109375
0.76	374.2977600097656
0.7659999999999999	374.2977600097656
0.772	372.1419372558594
0.778	372.1419372558594
0.784	369.99853515625
0.789	369.99853515625
0.795	367.8675231933594
0.8009999999999999	365.74871826171875
0.807	363.64215087890625
0.813	363.64215087890625
0.8190000000000001	548.0051879882812
0.8240000000000001	523.258056640625
0.83	532.4044799804688
0.836	544.8489379882812
0.8420000000000001	548.0051879882812
0.848	538.5906982421875
0.853	541.7108154296875
0.8590000000000001	541.7108154296875
0.865	532.4044799804688
0.871	557.584228515625
0.877	564.0631103515625
0.882	567.3306884765625
0.888	567.3306884765625
0.894	570.6172485351562
0.9	573.9227905273438
0.9059999999999999	577.2474975585938
0.9109999999999999	594.1622314453125
0.917	594.1622314453125
0.9229999999999999	594.1622314453125
0.929	604.548095703125
0.935	594.1622314453125
0.94	583.954833984375
0.946	580.591552734375
0.9520000000000001	573.9227905273438
0.958	567.3306884765625
0.9640000000000001	560.8143310546875
0.9690000000000001	548.0051879882812
0.975	544.8489379882812
0.981	538.5906982421875
0.987	526.2892456054688
0.993	526.2892456054688
0.998	520.2442626953125
1.004	520.2442626953125
1.01	517.2478637695312
1.016	511.3067321777344
1.022	514.2687377929688
1.0270000000000001	514.2687377929688
1.033	523.258056640625
1.0390000000000001	523.258056640625
1.045	538.5906982421875
1.051	544.8489379882812
1.057	355.3365173339844
1.062	376.4660339355469
1.068	369.99853515625
1.074	385.2655944824219
1.08	391.99993896484375
1.0859999999999999	401.1625671386719
1.091	403.4864807128906
1.097	408.1748046875
1.103	417.7154846191406
1.109	415.30963134765625
1.115	408.1748046875
1.12	405.8238830566406
1.126	408.1748046875
1.1320000000000001	401.1625671386719
1.138	398.8520202636719
1.1440000000000001	394.27081298828125
1.149	385.2655944824219
1.155	365.74871826171875
1.161	367.8675231933594
1.167	369.99853515625
1.173	372.1419372558594
1.178	365.74871826171875
1.1840000000000002	363.64215087890625
1.19	361.5477294921875
1.196	359.4653625488281
1.202	363.64215087890625
1.207	345.220703125
1.213	369.99853515625
1.219	380.84039306640625
1.225	387.4974365234375
1.2309999999999999	383.0466003417969
1.236	378.64691162109375
1.242	376.4660339355469
1.248	394.27081298828125
1.254	389.7421875
1.26	403.4864807128906
1.265	408.1748046875
1.271	408.1748046875
1.2770000000000001	415.30963134765625
1.2830000000000001	405.8238830566406
1.2890000000000001	401.1625671386719
1.295	403.4864807128906
1.3	383.0466003417969
1.306	387.4974365234375
1.3119999999999998	369.99853515625
1.318	385.2655944824219
1.324	376.4660339355469
1.329	383.0466003417969
1.335	359.4653625488281
1.341	351.2550964355469
1.347	378.64691162109375
1.3530000000000002	357.39495849609375
1.358	357.39495849609375
1.364	359.4653625488281
1.37	359.4653625488281
1.376	363.64215087890625
1.382	363.64215087890625
1.3869999999999998	365.74871826171875
1.393	380.84039306640625
1.399	369.99853515625
1.405	383.0466003417969
1.411	376.4660339355469
1.416	385.2655944824219
1.422	383.0466003417969
1.4280000000000002	385.2655944824219
1.4340000000000002	378.64691162109375
1.44	383.0466003417969
1.445	380.84039306640625
1.4509999999999998	380.84039306640625
1.4569999999999999	378.64691162109375
1.463	376.4660339355469
1.469	369.99853515625
1.474	376.4660339355469
1.48	372.1419372558594
1.486	363.64215087890625
1.492	551.1798095703125
1.4980000000000002	544.8489379882812
1.5030000000000001	532.4044799804688
1.5090000000000001	544.8489379882812
1.515	538.5906982421875
1.521	532.4044799804688
1.527	526.2892456054688
1.5330000000000001	535.4887084960938
1.538	529.3380126953125
1.544	538.5906982421875
1.55	541.7108154296875
1.556	548.0051879882812
1.5619999999999998	554.372802734375
1.567	557.584228515625
1.5730000000000002	564.0631103515625
1.579	567.3306884765625
1.585	567.3306884765625
1.591	564.0631103515625
1.5959999999999999	560.8143310546875
1.6019999999999999	560.8143310546875
1.608	560.8143310546875
1.614	567.3306884765625
1.62	557.584228515625
1.625	557.584228515625
1.631	554.372802734375
1.6369999999999998	551.1798095703125
1.643	554.372802734375
1.649	551.1798095703125
1.6540000000000001	544.8489379882812
1.66	548.0051879882812
1.666	544.8489379882812
1.672	541.7108154296875
1.6780000000000002	538.5906982421875
1.683	538.5906982421875
1.689	535.4887084960938
1.695	535.4887084960938
1.7009999999999998	538.5906982421875
1.7069999999999999	532.4044799804688
1.712	532.4044799804688
1.7180000000000002	538.5906982421875
1.724	538.5906982421875
1.73	538.5906982421875
1.736	541.7108154296875
1.7409999999999999	541.7108154296875
1.7469999999999999	541.7108154296875
1.7530000000000001	544.8489379882812
1.7590000000000001	548.0051879882812
1.765	544.8489379882812
1.771	548.0051879882812
1.776	560.8143310546875
1.7819999999999998	557.584228515625
1.788	557.584228515625
1.794	557.584228515625
1.8	554.372802734375
1.805	557.584228515625
1.811	551.1798095703125
1.817	551.1798095703125
1.8230000000000002	554.372802734375
1.829	557.584228515625
1.834	560.8143310546875
1.84	560.8143310546875
1.8459999999999999	557.584228515625
1.8519999999999999	560.8143310546875
1.858	560.8143310546875
1.8630000000000002	554.372802734375
1.869	557.584228515625
1.875	554.372802734375
1.881	557.584228515625
1.8869999999999998	560.8143310546875
1.892	567.3306884765625
1.8980000000000001	570.6172485351562
1.9040000000000001	573.9227905273438
1.91	573.9227905273438
1.916	580.591552734375
1.921	580.591552734375
1.9269999999999998	0.0
1.933	0.0
1.939	0.0
1.945	0.0
1.95	0.0
1.956	0.0
1.962	0.0
1.9680000000000002	0.0
1.974	0.0
1.98	0.0
1.985	0.0
1.9909999999999999	0.0
1.9969999999999999	0.0
2.003	0.0
2.009	0.0
2.0140000000000002	0.0
2.02	383.0466003417969
2.026	403.4864807128906
2.032	398.8520202636719
2.0380000000000003	408.1748046875
2.043	415.30963134765625
2.049	408.1748046875
2.055	405.8238830566406
2.061	403.4864807128906
2.0669999999999997	394.27081298828125
2.072	396.5548095703125
2.0780000000000003	385.2655944824219
2.084	403.4864807128906
2.09	396.5548095703125
2.096	403.4864807128906
2.101	403.4864807128906
2.1069999999999998	398.8520202636719
2.113	398.8520202636719
2.119	387.4974365234375
2.125	394.27081298828125
2.13	374.2977600097656
2.136	374.2977600097656
2.142	372.1419372558594
2.148	403.4864807128906
2.154	398.8520202636719
2.1590000000000003	415.30963134765625
2.165	412.9176025390625
2.171	401.1625671386719
2.177	415.30963134765625
2.1830000000000003	422.56915283203125
2.188	422.56915283203125
2.194	432.4462890625
2.2	442.5543212890625
2.206	434.9514465332031
2.2119999999999997	422.56915283203125
2.218	0.0
2.2230000000000003	0.0
2.229	615.115478515625
2.235	601.066162109375
2.241	587.3377075195312
2.247	567.3306884765625
2.252	554.372802734375
2.258	541.7108154296875
2.2640000000000002	517.2478637695312
2.27	517.2478637695312
2.276	514.2687377929688
2.281	496.750732421875
2.287	514.2687377929688
2.293	508.36181640625
2.299	514.2687377929688
2.305	526.2892456054688
2.31	538.5906982421875
2.316	560.8143310546875
2.322	570.6172485351562
2.3280000000000003	551.1798095703125
2.334	570.6172485351562
2.339	587.3377075195312
2.345	587.3377075195312
2.351	604.548095703125
2.3569999999999998	615.115478515625
2.363	615.115478515625
2.3680000000000003	615.115478515625
2.374	611.5726928710938
2.38	594.1622314453125
2.386	590.7401123046875
2.392	580.591552734375
2.397	573.9227905273438
2.403	604.548095703125
2.4090000000000003	580.591552734375
2.415	564.0631103515625
2.421	529.3380126953125
2.426	517.2478637695312
2.432	523.258056640625
2.438	514.2687377929688
2.444	508.36181640625
2.45	508.36181640625
2.456	526.2892456054688
2.461	529.3380126953125
2.467	551.1798095703125
2.4730000000000003	560.8143310546875
2.479	580.591552734375
2.485	601.066162109375
2.49	0.0
2.496	0.0
2.502	0.0
2.508	0.0
2.5140000000000002	0.0
2.519	0.0
2.525	0.0
2.531	0.0
2.537	0.0
2.543	0.0
2.548	0.0
2.5540000000000003	0.0
2.56	0.0
2.5660000000000003	0.0
2.572	0.0
2.577	0.0
2.583	0.0
2.589	0.0
2.595	0.0
2.6010000000000004	0.0
2.6060000000000003	0.0
2.612	0.0
2.6180000000000003	0.0
2.6239999999999997	0.0
2.63	0.0
2.635	0.0
2.641	0.0
2.647	0.0
2.653	0.0
2.659	0.0
2.6639999999999997	0.0
2.67	0.0
2.676	0.0
2.682	0.0
2.688	0.0
2.694	0.0
2.699	0.0
2.705	0.0
2.7110000000000003	0.0
2.717	0.0
2.7230000000000003	0.0
2.728	0.0
2.734	0.0
2.74	0.0
2.7460000000000004	0.0
2.752	0.0
2.7569999999999997	0.0
2.763	0.0
2.7689999999999997	0.0
2.775	0.0
2.781	0.0
2.786	0.0
2.792	0.0
2.798	0.0
2.804	0.0
2.81	0.0
2.815	0.0
2.821	323.9681091308594
2.827	300.5318298339844
2.833	325.8448486328125
2.839	331.5405578613281
2.844	327.73248291015625
2.85	320.24700927734375
2.8560000000000003	343.2323913574219
2.862	349.2320251464844
2.8680000000000003	329.6310119628906
2.873	329.6310119628906
2.8789999999999996	327.73248291015625
2.885	343.2323913574219
2.891	345.220703125
2.897	343.2323913574219
2.9019999999999997	327.73248291015625
2.908	314.74530029296875
2.9139999999999997	341.2555236816406
2.92	327.73248291015625
2.926	323.9681091308594
2.932	316.5686340332031
2.937	325.8448486328125
2.943	318.4024963378906
2.949	320.24700927734375
2.955	312.9324951171875
2.9610000000000003	325.8448486328125
2.966	331.5405578613281
2.972	323.9681091308594
2.978	331.5405578613281
2.984	337.3358154296875
2.99	333.4611511230469
2.995	351.2550964355469
3.0010000000000003	337.3358154296875
3.0069999999999997	341.2555236816406
3.013	341.2555236816406
3.0189999999999997	363.64215087890625
3.0239999999999996	376.4660339355469
3.03	363.64215087890625
3.036	389.7421875
3.042	363.64215087890625
3.048	396.5548095703125
3.053	401.1625671386719
3.0589999999999997	422.56915283203125
3.065	427.47918701171875
3.071	415.30963134765625
3.077	442.5543212890625
3.082	427.47918701171875
3.088	458.1610107421875
3.094	466.16961669921875
3.1	429.95556640625
3.1060000000000003	455.5221862792969
3.111	437.4710998535156
3.117	447.6965637207031
3.123	466.16961669921875
3.1289999999999996	463.4846496582031
3.135	0.0
3.14	0.0
3.1460000000000004	0.0
3.1519999999999997	0.0
3.158	0.0
3.1639999999999997	0.0
3.17	0.0
3.175	0.0
3.181	0.0
3.187	0.0
3.193	0.0
3.199	0.0
3.2039999999999997	0.0
3.21	0.0
3.216	0.0
3.222	0.0
3.228	0.0
3.233	0.0
3.239	0.0
3.245	0.0
3.2510000000000003	0.0
3.2569999999999997	0.0
3.262	0.0
3.2680000000000002	0.0
3.2739999999999996	0.0
3.28	0.0
3.286	0.0
3.2910000000000004	0.0
3.2969999999999997	0.0
3.303	0.0
3.3089999999999997	0.0
3.315	0.0
3.32	0.0
3.326	0.0
3.332	0.0
3.338	0.0
3.344	0.0
3.3489999999999998	0.0
3.355	0.0
3.361	0.0
3.367	0.0
3.373	0.0
3.3789999999999996	0.0
3.384	0.0
3.39	0.0
3.3960000000000004	0.0
3.4019999999999997	0.0
3.408	0.0
3.4130000000000003	0.0
3.4189999999999996	0.0
3.425	0.0
3.431	0.0
3.437	0.0
3.4419999999999997	0.0
3.448	0.0
3.4539999999999997	0.0
3.46	0.0
3.466	0.0
3.471	0.0
3.477	0.0
3.483	0.0
3.489	0.0
3.495	0.0
3.5	0.0
3.5060000000000002	0.0
3.512	0.0
3.5180000000000002	0.0
3.5239999999999996	0.0
3.529	0.0
3.535	0.0
3.5410000000000004	0.0
3.5469999999999997	0.0
3.553	0.0
3.5580000000000003	0.0
3.5639999999999996	0.0
3.57	0.0
3.576	0.0
3.582	0.0
3.5869999999999997	0.0
3.593	0.0
3.5989999999999998	0.0
3.605	0.0
3.611	0.0
3.617	0.0
3.622	0.0
3.628	0.0
3.634	0.0
3.64	0.0
3.6460000000000004	0.0
3.6510000000000002	0.0
3.657	0.0
3.6630000000000003	0.0
3.6689999999999996	0.0
3.675	307.5564880371094
3.68	304.0238952636719
3.6860000000000004	297.0799255371094
3.6919999999999997	300.5318298339844
3.698	304.0238952636719
3.7039999999999997	307.5564880371094
3.7089999999999996	297.0799255371094
3.715	290.2945861816406
3.721	307.5564880371094
3.727	304.0238952636719
3.733	293.6676330566406
3.738	285.3074645996094
3.7439999999999998	300.5318298339844
3.75	305.7850646972656
3.7560000000000002	311.1301574707031
3.762	329.6310119628906
3.767	318.4024963378906
3.773	318.4024963378906
3.779	333.4611511230469
3.785	316.5686340332031
3.7910000000000004	0.0
3.7960000000000003	0.0
3.802	0.0
3.8080000000000003	0.0
3.8139999999999996	0.0
3.82	0.0
3.825	0.0
3.8310000000000004	0.0
3.8369999999999997	0.0
3.843	0.0
3.8489999999999998	0.0
3.855	0.0
3.86	0.0
3.866	0.0
3.872	0.0
3.878	0.0
3.884	0.0
3.889	0.0
3.895	0.0
3.9010000000000002	0.0
3.907	0.0
3.9130000000000003	0.0
3.918	312.9324951171875
3.924	322.1021728515625
3.93	331.5405578613281
3.9360000000000004	345.220703125
3.9419999999999997	337.3358154296875
3.947	312.9324951171875
3.9530000000000003	311.1301574707031
3.9589999999999996	329.6310119628906
3.965	333.4611511230469
3.971	320.24700927734375
3.9760000000000004	316.5686340332031
3.9819999999999998	316.5686340332031
3.988	314.74530029296875
3.9939999999999998	309.3381652832031
4.0	288.6225891113281
4.005	302.2728271484375
4.011	314.74530029296875
4.0169999999999995	312.9324951171875
4.023	305.7850646972656
4.029	318.4024963378906
4.034	311.1301574707031
4.04	314.74530029296875
4.046	314.74530029296875
4.052	305.7850646972656
4.058	305.7850646972656
4.063	307.5564880371094
4.069	302.2728271484375
4.075	302.2728271484375
4.081	300.5318298339844
4.087	318.4024963378906
4.093	331.5405578613281
4.098	333.4611511230469
4.104	329.6310119628906
4.11	311.1301574707031
4.1160000000000005	304.0238952636719
4.122	290.2945861816406
4.127	269.2942810058594
4.133	275.5887756347656
4.138999999999999	285.3074645996094
4.145	293.6676330566406
4.151	309.3381652832031
4.156000000000001	293.6676330566406
4.162	286.9602355957031
4.168	300.5318298339844
4.1739999999999995	312.9324951171875
4.18	0.0
4.185	0.0
4.191	0.0
4.197	0.0
4.203	0.0
4.209	0.0
4.2139999999999995	0.0
4.22	0.0
4.226	0.0
4.232	0.0
4.238	0.0
4.243	0.0
4.249	0.0
4.255	0.0
4.261	0.0
4.2669999999999995	0.0
4.272	0.0
4.2780000000000005	0.0
4.284	0.0
4.29	0.0
4.296	333.4611511230469
4.301	357.39495849609375
4.3069999999999995	372.1419372558594
4.313	389.7421875
4.319	401.1625671386719
4.325	385.2655944824219
4.331	403.4864807128906
4.336	385.2655944824219
4.342	372.1419372558594
4.348	380.84039306640625
4.354	378.64691162109375
4.36	385.2655944824219
4.365	387.4974365234375
4.371	380.84039306640625
4.377	391.99993896484375
4.383	383.0466003417969
4.388999999999999	398.8520202636719
4.394	385.2655944824219
4.4	389.7421875
4.406000000000001	408.1748046875
4.412	385.2655944824219
4.418	403.4864807128906
4.423	405.8238830566406
4.428999999999999	387.4974365234375
4.435	408.1748046875
4.441	403.4864807128906
4.447	403.4864807128906
4.452	372.1419372558594
4.458	394.27081298828125
4.4639999999999995	394.27081298828125
4.47	415.30963134765625
4.476	385.2655944824219
4.481	387.4974365234375
4.487	396.5548095703125
4.493	391.99993896484375
4.499	385.2655944824219
4.505	376.4660339355469
4.51	385.2655944824219
4.516	394.27081298828125
4.522	389.7421875
4.5280000000000005	385.2655944824219
4.534	389.7421875
4.54	394.27081298828125
4.545	378.64691162109375
4.551	401.1625671386719
4.5569999999999995	394.27081298828125
4.563	389.7421875
4.569	412.9176025390625
4.574	398.8520202636719
4.58	387.4974365234375
4.586	363.64215087890625
4.592	361.5477294921875
4.598	374.2977600097656
4.603	367.8675231933594
4.609	365.74871826171875
4.615	357.39495849609375
4.621	359.4653625488281
4.627	363.64215087890625
4.632	374.2977600097656
4.638	401.1625671386719
4.644	389.7421875
4.65	363.64215087890625
4.656000000000001	363.64215087890625
4.6610000000000005	365.74871826171875
4.667	363.64215087890625
4.673	376.4660339355469
4.678999999999999	359.4653625488281
4.685	376.4660339355469
4.69	385.2655944824219
4.696000000000001	396.5548095703125
4.702	385.2655944824219
4.708	365.74871826171875
4.7139999999999995	374.2977600097656
4.718999999999999	365.74871826171875
4.725	380.84039306640625
4.731	385.2655944824219
4.737	391.99993896484375
4.743	376.4660339355469
4.748	359.4653625488281
4.754	374.2977600097656
4.76	367.8675231933594
4.766	349.2320251464844
4.772	0.0
4.7780000000000005	0.0
4.783	0.0
4.789	0.0
4.795	0.0
4.801	0.0
4.8069999999999995	0.0
4.812	0.0
4.8180000000000005	0.0
4.824	0.0
4.83	0.0
4.836	0.0
4.841	0.0
4.8469999999999995	0.0
4.853	0.0
4.859	0.0
4.865	0.0
4.87	0.0
4.876	0.0
4.882	0.0
4.888	0.0
4.894	0.0
4.899	0.0
4.905	0.0
4.9110000000000005	0.0
4.917	0.0
4.923	0.0
4.928	0.0
4.934	0.0
4.94	0.0
4.946000000000001	615.115478515625
4.952	567.3306884765625
4.957	564.0631103515625
4.963	560.8143310546875
4.968999999999999	560.8143310546875
4.975	577.2474975585938
4.981	567.3306884765625
4.986000000000001	570.6172485351562
4.992	557.584228515625
4.998	551.1798095703125
5.004	554.372802734375
5.01	538.5906982421875
5.016	538.5906982421875
5.021	544.8489379882812
5.027	551.1798095703125
5.033	551.1798095703125
5.039	548.0051879882812
5.045	554.372802734375
5.05	554.372802734375
5.056	573.9227905273438
5.062	580.591552734375
5.0680000000000005	594.1622314453125
5.074	594.1622314453125
5.079	601.066162109375
5.085	615.115478515625
5.091	618.6788330078125
5.0969999999999995	625.8675537109375
5.103	629.4931640625
5.1080000000000005	633.1398315429688
5.114	625.8675537109375
5.12	640.4966430664062
5.126	625.8675537109375
5.132000000000001	629.4931640625
5.1370000000000005	618.6788330078125
5.143	618.6788330078125
5.149	608.0502319335938
5.155	604.548095703125
5.1610000000000005	597.6041870117188
5.166	587.3377075195312
5.172000000000001	577.2474975585938
5.178	567.3306884765625
5.184	564.0631103515625
5.19	560.8143310546875
5.195	554.372802734375
5.2010000000000005	551.1798095703125
5.207000000000001	551.1798095703125
5.212999999999999	554.372802734375
5.218999999999999	548.0051879882812
5.224	557.584228515625
5.23	560.8143310546875
5.236000000000001	557.584228515625
5.242000000000001	564.0631103515625
5.247999999999999	573.9227905273438
5.254	0.0
5.2589999999999995	0.0
5.265	0.0
5.271	0.0
5.277	0.0
5.2829999999999995	0.0
5.287999999999999	0.0
5.294	0.0
5.3	0.0
5.306	0.0
5.312	0.0
5.317	0.0
5.3229999999999995	0.0
5.329	0.0
5.335	0.0
5.341	0.0
5.346	0.0
5.352	0.0
5.358	0.0
5.364	0.0
5.37	0.0
5.375	0.0
5.381	0.0
5.3870000000000005	551.1798095703125
5.393	541.7108154296875
5.399	535.4887084960938
5.404	532.4044799804688
5.41	535.4887084960938
5.416	535.4887084960938
5.422000000000001	532.4044799804688
5.428	541.7108154296875
5.433	532.4044799804688
5.439	551.1798095703125
5.445	557.584228515625
5.4510000000000005	570.6172485351562
5.457000000000001	573.9227905273438
5.462000000000001	580.591552734375
5.468	583.954833984375
5.474	601.066162109375
5.48	590.7401123046875
5.486000000000001	608.0502319335938
5.492000000000001	615.115478515625
5.497000000000001	608.0502319335938
5.502999999999999	633.1398315429688
5.5089999999999995	666.925048828125
5.515	666.925048828125
5.521	659.2647094726562
5.526	655.4675903320312
5.532	647.9388427734375
5.537999999999999	647.9388427734375
5.544	636.8075561523438
5.55	629.4931640625
5.555	622.2628173828125
5.561	611.5726928710938
5.567	604.548095703125
5.5729999999999995	587.3377075195312
5.579	541.7108154296875
5.584	532.4044799804688
5.59	535.4887084960938
5.596	544.8489379882812
5.602	538.5906982421875
5.608	541.7108154296875
5.6129999999999995	554.372802734375
5.619	557.584228515625
5.625	551.1798095703125
5.631	560.8143310546875
5.6370000000000005	573.9227905273438
5.642	577.2474975585938
5.648	587.3377075195312
5.654	597.6041870117188
5.66	601.066162109375
5.666	601.066162109375
5.671	615.115478515625
5.6770000000000005	601.066162109375
5.683	622.2628173828125
5.689	611.5726928710938
5.695	608.0502319335938
5.7	611.5726928710938
5.706	587.3377075195312
5.712000000000001	590.7401123046875
5.718	594.1622314453125
5.724	580.591552734375
5.73	580.591552734375
5.735	567.3306884765625
5.7410000000000005	557.584228515625
5.747000000000001	551.1798095703125
5.752999999999999	548.0051879882812
5.7589999999999995	544.8489379882812
5.763999999999999	363.64215087890625
5.77	369.99853515625
5.776	365.74871826171875
5.782	372.1419372558594
5.787999999999999	378.64691162109375
5.792999999999999	374.2977600097656
5.7989999999999995	385.2655944824219
5.805	367.8675231933594
5.811	387.4974365234375
5.817	387.4974365234375
5.822	396.5548095703125
5.827999999999999	394.27081298828125
5.834	401.1625671386719
5.84	401.1625671386719
5.846	389.7421875
5.851	401.1625671386719
5.857	389.7421875
5.8629999999999995	391.99993896484375
5.869	396.5548095703125
5.875	389.7421875
5.88	383.0466003417969
5.886	389.7421875
5.892	387.4974365234375
5.898	374.2977600097656
5.904	387.4974365234375
5.909	376.4660339355469
5.915	380.84039306640625
5.921	376.4660339355469
5.9270000000000005	387.4974365234375
5.933	380.84039306640625
5.939	383.0466003417969
5.944	385.2655944824219
5.95	391.99993896484375
5.956	389.7421875
5.962000000000001	403.4864807128906
5.968	398.8520202636719
5.973	401.1625671386719
5.979	403.4864807128906
5.985	401.1625671386719
5.9910000000000005	401.1625671386719
5.997000000000001	396.5548095703125
6.002000000000001	398.8520202636719
6.007999999999999	394.27081298828125
6.013999999999999	396.5548095703125
6.02	394.27081298828125
6.026	394.27081298828125
6.031000000000001	398.8520202636719
6.037000000000001	387.4974365234375
6.042999999999999	398.8520202636719
6.0489999999999995	391.99993896484375
6.055	391.99993896484375
6.06	396.5548095703125
6.066	396.5548095703125
6.072	396.5548095703125
6.077999999999999	396.5548095703125
6.084	401.1625671386719
6.0889999999999995	391.99993896484375
6.095	398.8520202636719
6.101	391.99993896484375
6.107	396.5548095703125
6.1129999999999995	403.4864807128906
6.117999999999999	391.99993896484375
6.124	401.1625671386719
6.13	391.99993896484375
6.136	385.2655944824219
6.142	378.64691162109375
6.147	376.4660339355469
6.153	367.8675231933594
6.159	0.0
6.165	0.0
6.171	0.0
6.1770000000000005	0.0
6.182	0.0
6.188	0.0
6.194	0.0
6.2	0.0
6.206	0.0
6.211	0.0
6.2170000000000005	0.0
6.223	0.0
6.229	0.0
6.235	0.0
6.24	0.0
6.246	0.0
6.252000000000001	0.0
6.257999999999999	0.0
6.263999999999999	0.0
6.269	0.0
6.275	0.0
6.281000000000001	0.0
6.287000000000001	0.0
6.292999999999999	0.0
6.297999999999999	0.0
6.303999999999999	0.0
6.31	0.0
6.316	0.0
6.322	0.0
6.327000000000001	0.0
6.332999999999999	0.0
6.3389999999999995	0.0
6.345	0.0
6.351	0.0
6.356	0.0
6.362	0.0
6.367999999999999	0.0
6.374	0.0
6.38	0.0
6.385	0.0
6.391	0.0
6.397	0.0
6.403	0.0
6.409	0.0
6.415	0.0
6.42	0.0
6.426	0.0
6.432	0.0
6.438	0.0
6.444	0.0
6.449	0.0
6.455	0.0
6.461	0.0
6.4670000000000005	0.0
6.473	434.9514465332031
6.478	434.9514465332031
6.484	445.1180114746094
6.49	445.1180114746094
6.496	450.2900390625
6.502000000000001	474.3181457519531
6.507000000000001	474.3181457519531
6.513	471.5862731933594
6.519	468.8700866699219
6.525	463.4846496582031
6.531000000000001	463.4846496582031
6.5360000000000005	445.1180114746094
6.542000000000001	434.9514465332031
6.547999999999999	425.01708984375
6.553999999999999	405.8238830566406
6.56	401.1625671386719
6.565	391.99993896484375
6.571000000000001	385.2655944824219
6.577000000000001	389.7421875
6.582999999999999	376.4660339355469
6.5889999999999995	378.64691162109375
6.593999999999999	387.4974365234375
6.6	387.4974365234375
6.606	394.27081298828125
6.612	401.1625671386719
6.617999999999999	410.5393371582031
6.622999999999999	427.47918701171875
6.629	442.5543212890625
6.635	460.81512451171875
6.641	471.5862731933594
6.647	488.216796875
6.653	505.4338684082031
6.6579999999999995	499.62841796875
6.664	511.3067321777344
6.67	496.750732421875
6.676	499.62841796875
6.682	493.8896484375
6.687	491.0450744628906
6.693	471.5862731933594
6.699	471.5862731933594
6.705	455.5221862792969
6.711	445.1180114746094
6.716	440.0053405761719
6.722	425.01708984375
6.728	405.8238830566406
6.734	417.7154846191406
6.74	405.8238830566406
6.745	391.99993896484375
6.751	405.8238830566406
6.757000000000001	398.8520202636719
6.763	403.4864807128906
6.769	403.4864807128906
6.774	408.1748046875
6.78	412.9176025390625
6.7860000000000005	427.47918701171875
6.792000000000001	429.95556640625
6.797999999999999	447.6965637207031
6.803	479.8294982910156
6.809	471.5862731933594
6.815	514.2687377929688
6.821000000000001	471.5862731933594
6.827000000000001	455.5221862792969
6.832000000000001	477.06585693359375
6.837999999999999	514.2687377929688
6.843999999999999	505.4338684082031
6.85	493.8896484375
6.856	502.5227355957031
6.861000000000001	485.4048767089844
6.867000000000001	482.609130859375
6.872999999999999	471.5862731933594
6.879	458.1610107421875
6.885	442.5543212890625
6.891	440.0053405761719
6.896	429.95556640625
6.902	417.7154846191406
6.9079999999999995	415.30963134765625
6.914	408.1748046875
6.92	401.1625671386719
6.925	405.8238830566406
6.931	403.4864807128906
6.937	412.9176025390625
6.943	417.7154846191406
6.949	422.56915283203125
6.954	425.01708984375
6.96	445.1180114746094
6.966	458.1610107421875
6.972	460.81512451171875
6.978	471.5862731933594
6.983	496.750732421875
6.989	491.0450744628906
6.995	493.8896484375
7.001	482.609130859375
7.007000000000001	505.4338684082031
7.0120000000000005	482.609130859375
7.018	479.8294982910156
7.024	477.06585693359375
7.03	468.8700866699219
7.0360000000000005	468.8700866699219
7.041	450.2900390625
7.047000000000001	445.1180114746094
7.053	434.9514465332031
7.059	417.7154846191406
7.065	437.4710998535156
7.07	447.6965637207031
7.0760000000000005	458.1610107421875
7.082000000000001	455.5221862792969
7.087999999999999	442.5543212890625
7.093999999999999	468.8700866699219
7.1	482.609130859375
7.105	496.750732421875
7.111000000000001	491.0450744628906
7.117000000000001	488.216796875
7.122999999999999	511.3067321777344
7.129	496.750732421875
7.1339999999999995	488.216796875
7.14	474.3181457519531
7.146	468.8700866699219
7.152	442.5543212890625
7.1579999999999995	452.8985900878906
7.162999999999999	440.0053405761719
7.169	471.5862731933594
7.175	474.3181457519531
7.181	479.8294982910156
7.187	482.609130859375
7.192	482.609130859375
7.1979999999999995	511.3067321777344
7.204	505.4338684082031
7.21	532.4044799804688
7.216	541.7108154296875
7.221	551.1798095703125
7.227	577.2474975585938
7.233	590.7401123046875
7.239	583.954833984375
7.245	590.7401123046875
7.25	587.3377075195312
7.256	580.591552734375
7.2620000000000005	580.591552734375
7.268	567.3306884765625
7.274	548.0051879882812
7.279	541.7108154296875
7.285	532.4044799804688
7.291	491.0450744628906
7.297000000000001	488.216796875
7.303	468.8700866699219
7.308	460.81512451171875
7.314	455.5221862792969
7.32	474.3181457519531
7.3260000000000005	482.609130859375
7.332000000000001	474.3181457519531
7.337999999999999	471.5862731933594
7.343	477.06585693359375
7.349	466.16961669921875
7.355	496.750732421875
7.361000000000001	529.3380126953125
7.367000000000001	523.258056640625
7.372000000000001	523.258056640625
7.377999999999999	538.5906982421875
7.3839999999999995	564.0631103515625
7.39	580.591552734375
7.396	594.1622314453125
7.401	604.548095703125
7.407	611.5726928710938
7.412999999999999	608.0502319335938
7.419	611.5726928710938
7.425	608.0502319335938
7.43	601.066162109375
7.436	587.3377075195312
7.442	573.9227905273438
7.4479999999999995	564.0631103515625
7.454	538.5906982421875
7.459	526.2892456054688
7.465	502.5227355957031
7.471	511.3067321777344
7.477	482.609130859375
7.483	463.4846496582031
7.4879999999999995	477.06585693359375
7.494	463.4846496582031
7.5	485.4048767089844
7.506	485.4048767089844
7.5120000000000005	499.62841796875
7.517	502.5227355957031
7.523	529.3380126953125
7.529	526.2892456054688
7.535	554.372802734375
7.541	557.584228515625
7.546	587.3377075195312
7.5520000000000005	587.3377075195312
7.558	611.5726928710938
7.564	604.548095703125
7.57	604.548095703125
7.5760000000000005	601.066162109375
7.581	570.6172485351562
7.587000000000001	0.0
7.593	0.0
7.599	0.0
7.605	0.0
7.61	0.0
7.6160000000000005	0.0
7.622000000000001	0.0
7.627999999999999	0.0
7.6339999999999995	0.0
7.638999999999999	0.0
7.645	0.0
7.651	0.0
7.657	0.0
7.662999999999999	0.0
7.667999999999999	0.0
7.6739999999999995	0.0
7.68	0.0
7.686	0.0
7.692	0.0
7.697	0.0
7.702999999999999	0.0
7.709	0.0
7.715	0.0
7.721	0.0
7.726	0.0
7.732	0.0
7.7379999999999995	0.0
7.744	0.0
7.75	0.0
7.755	0.0
7.761	0.0
7.767	0.0
7.773	0.0
7.779	0.0
7.784	0.0
7.79	0.0
7.796	0.0
7.8020000000000005	0.0
7.808	0.0
7.814	0.0
7.819	0.0
7.825	0.0
7.831	0.0
7.837000000000001	0.0
7.843	0.0
7.848	0.0
7.854	298.8009033203125
7.86	297.0799255371094
7.8660000000000005	305.7850646972656
7.872000000000001	298.8009033203125
7.877000000000001	297.0799255371094
7.882999999999999	298.8009033203125
7.888999999999999	297.0799255371094
7.895	295.36883544921875
7.901	293.6676330566406
7.906000000000001	291.9762268066406
7.912000000000001	298.8009033203125
7.917999999999999	300.5318298339844
7.9239999999999995	298.8009033203125
7.93	297.0799255371094
7.935	298.8009033203125
7.941	291.9762268066406
7.947	298.8009033203125
7.952999999999999	293.6676330566406
7.959	290.2945861816406
7.9639999999999995	297.0799255371094
7.97	295.36883544921875
7.976	295.36883544921875
7.982	298.8009033203125
7.9879999999999995	304.0238952636719
7.992999999999999	293.6676330566406
7.999	291.9762268066406
8.005	290.2945861816406
8.011000000000001	290.2945861816406
8.017000000000001	270.8542785644531
8.022	270.8542785644531
8.027999999999999	274.0014953613281
8.033999999999999	266.201171875
8.04	248.37437438964844
8.046	248.37437438964844
8.052	260.1210632324219
8.057	270.8542785644531
8.062999999999999	297.0799255371094
8.068999999999999	300.5318298339844
8.075	293.6676330566406
8.081	297.0799255371094
8.086	291.9762268066406
8.092	300.5318298339844
8.097999999999999	298.8009033203125
8.104	305.7850646972656
8.11	295.36883544921875
8.115	290.2945861816406
8.121	295.36883544921875
8.127	298.8009033203125
8.133	300.5318298339844
8.139	298.8009033203125
8.144	293.6676330566406
8.15	293.6676330566406
8.156	297.0799255371094
8.162	298.8009033203125
8.168	297.0799255371094
8.173	293.6676330566406
8.179	293.6676330566406
8.185	295.36883544921875
8.191	298.8009033203125
8.197000000000001	297.0799255371094
8.202	295.36883544921875
8.208	297.0799255371094
8.214	293.6676330566406
8.22	291.9762268066406
8.226	297.0799255371094
8.231	300.5318298339844
8.237	297.0799255371094
8.243	295.36883544921875
8.249	295.36883544921875
8.255	297.0799255371094
8.26	298.8009033203125
8.266	297.0799255371094
8.272	293.6676330566406
8.277999999999999	291.9762268066406
8.283999999999999	293.6676330566406
8.29	298.8009033203125
8.295	297.0799255371094
8.301	297.0799255371094
8.307	298.8009033203125
8.312999999999999	297.0799255371094
8.318999999999999	320.24700927734375
8.324	339.2900085449219
8.33	325.8448486328125
8.336	316.5686340332031
8.342	293.6676330566406
8.347999999999999	291.9762268066406
8.353	302.2728271484375
8.359	312.9324951171875
8.365	298.8009033203125
8.371	305.7850646972656
8.377	290.2945861816406
8.382	297.0799255371094
8.388	274.0014953613281
8.394	285.3074645996094
8.4	304.0238952636719
8.406	291.9762268066406
8.411	295.36883544921875
8.417	291.9762268066406
8.423	305.7850646972656
8.429	295.36883544921875
8.435	307.5564880371094
8.44	298.8009033203125
8.446	302.2728271484375
8.452	295.36883544921875
8.458	291.9762268066406
8.464	295.36883544921875
8.469	305.7850646972656
8.475	297.0799255371094
8.481	300.5318298339844
8.487	298.8009033203125
8.493	295.36883544921875
8.499	298.8009033203125
8.504	288.6225891113281
8.51	298.8009033203125
8.516	302.2728271484375
8.522	298.8009033203125
8.527999999999999	295.36883544921875
8.533	293.6676330566406
8.539	300.5318298339844
8.545	291.9762268066406
8.551	293.6676330566406
8.557	311.1301574707031
8.562000000000001	323.9681091308594
8.568	337.3358154296875
8.574	343.2323913574219
8.58	333.4611511230469
8.586	327.73248291015625
8.591000000000001	305.7850646972656
8.597000000000001	323.9681091308594
8.603	316.5686340332031
8.609	311.1301574707031
8.615	295.36883544921875
8.62	282.0304260253906
8.626	291.9762268066406
8.632	295.36883544921875
8.638	295.36883544921875
8.644	304.0238952636719
8.649	309.3381652832031
8.655	298.8009033203125
8.661	290.2945861816406
8.667	290.2945861816406
8.673	295.36883544921875
8.677999999999999	291.9762268066406
8.684	297.0799255371094
8.69	305.7850646972656
8.696	323.9681091308594
8.702	314.74530029296875
8.707	318.4024963378906
8.713	314.74530029296875
8.719	307.5564880371094
8.725	286.9602355957031
8.731	0.0
8.737	0.0
8.742	0.0
8.748	0.0
8.754	0.0
8.76	0.0
8.766	0.0
8.771	0.0
8.777000000000001	417.7154846191406
8.783	396.5548095703125
8.789	401.1625671386719
8.795	403.4864807128906
8.8	405.8238830566406
8.806000000000001	410.5393371582031
8.812000000000001	403.4864807128906
8.818	403.4864807128906
8.824	417.7154846191406
8.829	415.30963134765625
8.835	417.7154846191406
8.841000000000001	427.47918701171875
8.847000000000001	422.56915283203125
8.853	401.1625671386719
8.857999999999999	422.56915283203125
8.863999999999999	434.9514465332031
8.87	425.01708984375
8.876	425.01708984375
8.882	425.01708984375
8.887	432.4462890625
8.892999999999999	440.0053405761719
8.899	437.4710998535156
8.905	437.4710998535156
8.911	440.0053405761719
8.916	445.1180114746094
8.922	445.1180114746094
8.927999999999999	440.0053405761719
8.934	432.4462890625
8.94	437.4710998535156
8.945	442.5543212890625
8.951	445.1180114746094
8.957	447.6965637207031
8.963	450.2900390625
8.969	440.0053405761719
8.975	445.1180114746094
8.98	437.4710998535156
8.986	440.0053405761719
8.992	447.6965637207031
8.998	445.1180114746094
9.004	455.5221862792969
9.009	445.1180114746094
9.015	442.5543212890625
9.021	445.1180114746094
9.027000000000001	442.5543212890625
9.033	447.6965637207031
9.038	447.6965637207031
9.044	450.2900390625
9.05	440.0053405761719
9.056000000000001	440.0053405761719
9.062000000000001	440.0053405761719
9.067	440.0053405761719
9.073	447.6965637207031
9.079	450.2900390625
9.085	447.6965637207031
9.091000000000001	437.4710998535156
9.096	434.9514465332031
9.102	437.4710998535156
9.107999999999999	445.1180114746094
9.113999999999999	450.2900390625
9.12	452.8985900878906
9.125	447.6965637207031
9.131	442.5543212890625
9.137	440.0053405761719
9.142999999999999	442.5543212890625
9.149	445.1180114746094
9.154	452.8985900878906
9.16	450.2900390625
9.166	450.2900390625
9.172	442.5543212890625
9.177999999999999	437.4710998535156
9.183	437.4710998535156
9.189	437.4710998535156
9.195	450.2900390625
9.201	447.6965637207031
9.207	440.0053405761719
9.213	437.4710998535156
9.218	429.95556640625
9.224	440.0053405761719
9.23	445.1180114746094
9.236	445.1180114746094
9.242	447.6965637207031
9.247	442.5543212890625
9.253	450.2900390625
9.259	450.2900390625
9.265	450.2900390625
9.271	455.5221862792969
9.276	460.81512451171875
9.282	463.4846496582031
9.288	455.5221862792969
9.294	452.8985900878906
9.3	452.8985900878906
9.305	455.5221862792969
9.311	455.5221862792969
9.317	455.5221862792969
9.323	447.6965637207031
9.329	452.8985900878906
9.334	450.2900390625
9.34	450.2900390625
9.346	450.2900390625
9.352	442.5543212890625
9.357999999999999	440.0053405761719
9.363	432.4462890625
9.369	437.4710998535156
9.375	440.0053405761719
9.381	434.9514465332031
9.387	434.9514465332031
9.392000000000001	434.9514465332031
9.398	437.4710998535156
9.404	440.0053405761719
9.41	442.5543212890625
9.416	447.6965637207031
9.421	445.1180114746094
9.427	450.2900390625
9.433	458.1610107421875
9.439	466.16961669921875
9.445	468.8700866699219
9.451	466.16961669921875
9.456	468.8700866699219
9.462	477.06585693359375
9.468	479.8294982910156
9.474	477.06585693359375
9.48	479.8294982910156
9.485	477.06585693359375
9.491	474.3181457519531
9.497	477.06585693359375
9.503	468.8700866699219
9.509	463.4846496582031
9.514	460.81512451171875
9.52	455.5221862792969
9.526	452.8985900878906
9.532	450.2900390625
9.538	442.5543212890625
9.543	427.47918701171875
9.549	408.1748046875
9.555	425.01708984375
9.561	432.4462890625
9.567	408.1748046875
9.572000000000001	403.4864807128906
9.578	425.01708984375
9.584	412.9176025390625
9.59	422.56915283203125
9.596	434.9514465332031
9.601	440.0053405761719
9.607000000000001	445.1180114746094
9.613	447.6965637207031
9.619	452.8985900878906
9.625	460.81512451171875
9.63	466.16961669921875
9.636000000000001	471.5862731933594
9.642000000000001	474.3181457519531
9.648	474.3181457519531
9.654	482.609130859375
9.66	488.216796875
9.665	482.609130859375
9.671	488.216796875
9.677	485.4048767089844
9.683	479.8294982910156
9.689	474.3181457519531
9.693999999999999	468.8700866699219
9.7	463.4846496582031
9.706	458.1610107421875
9.712	452.8985900878906
9.718	447.6965637207031
9.722999999999999	427.47918701171875
9.729	427.47918701171875
9.735	417.7154846191406
9.741	408.1748046875
9.747	412.9176025390625
9.752	405.8238830566406
9.758	410.5393371582031
9.764	405.8238830566406
9.77	420.13531494140625
9.776	420.13531494140625
9.781	410.5393371582031
9.787	434.9514465332031
9.793	445.1180114746094
9.799	447.6965637207031
9.805	450.2900390625
9.81	450.2900390625
9.816	455.5221862792969
9.822000000000001	458.1610107421875
9.828	466.16961669921875
9.834	471.5862731933594
9.839	474.3181457519531
9.845	468.8700866699219
9.851	474.3181457519531
9.857000000000001	471.5862731933594
9.863	466.16961669921875
9.868	466.16961669921875
9.874	460.81512451171875
9.88	458.1610107421875
9.886000000000001	452.8985900878906
9.892000000000001	450.2900390625
9.898	442.5543212890625
9.902999999999999	434.9514465332031
9.908999999999999	427.47918701171875
9.915	422.56915283203125
9.921	425.01708984375
9.927	422.56915283203125
9.932	412.9176025390625
9.937999999999999	422.56915283203125
9.943999999999999	427.47918701171875
9.95	429.95556640625
9.956	429.95556640625
9.961	437.4710998535156
9.967	442.5543212890625
9.972999999999999	445.1180114746094
9.979	450.2900390625
9.985	455.5221862792969
9.99	463.4846496582031
9.996	466.16961669921875
10.002	471.5862731933594
10.008	471.5862731933594
10.014	471.5862731933594
10.019	477.06585693359375
10.025	474.3181457519531
10.031	468.8700866699219
10.037	468.8700866699219
10.043	460.81512451171875
10.048	455.5221862792969
10.054	447.6965637207031
10.06	429.95556640625
10.066	455.5221862792969
10.072000000000001	450.2900390625
10.077	442.5543212890625
10.083	445.1180114746094
10.089	445.1180114746094
10.095	440.0053405761719
10.101	445.1180114746094
10.106	440.0053405761719
10.112	437.4710998535156
10.118	442.5543212890625
10.124	440.0053405761719
10.13	434.9514465332031
10.136000000000001	432.4462890625
10.141	434.9514465332031
10.147	434.9514465332031
10.152999999999999	434.9514465332031
10.158999999999999	429.95556640625
10.165	434.9514465332031
10.17	434.9514465332031
10.176	434.9514465332031
10.182	429.95556640625
10.187999999999999	427.47918701171875
10.193999999999999	429.95556640625
10.199	432.4462890625
10.205	422.56915283203125
10.211	420.13531494140625
10.217	434.9514465332031
10.222999999999999	458.1610107421875
10.228	450.2900390625
10.234	445.1180114746094
10.24	440.0053405761719
10.245999999999999	440.0053405761719
10.252	447.6965637207031
10.257	447.6965637207031
10.263	445.1180114746094
10.269	445.1180114746094
10.275	440.0053405761719
10.280999999999999	437.4710998535156
10.286	440.0053405761719
10.292	442.5543212890625
10.298	445.1180114746094
10.304	442.5543212890625
10.31	442.5543212890625
10.315	440.0053405761719
10.321	442.5543212890625
10.327	450.2900390625
10.333	447.6965637207031
10.339	442.5543212890625
10.344000000000001	442.5543212890625
10.35	440.0053405761719
10.356	445.1180114746094
10.362	447.6965637207031
10.368	450.2900390625
10.374	447.6965637207031
10.379000000000001	442.5543212890625
10.385	445.1180114746094
10.390999999999998	445.1180114746094
10.397	450.2900390625
10.402999999999999	450.2900390625
10.408	455.5221862792969
10.414000000000001	450.2900390625
10.42	447.6965637207031
10.425999999999998	447.6965637207031
10.432	447.6965637207031
10.437000000000001	447.6965637207031
10.443	450.2900390625
10.449000000000002	450.2900390625
10.455	447.6965637207031
10.460999999999999	447.6965637207031
10.466	445.1180114746094
10.472000000000001	447.6965637207031
10.478	447.6965637207031
10.484000000000002	450.2900390625
10.49	450.2900390625
10.495	445.1180114746094
10.501	447.6965637207031
10.507	447.6965637207031
10.513	440.0053405761719
10.519	442.5543212890625
10.524000000000001	445.1180114746094
10.53	442.5543212890625
10.536	440.0053405761719
10.542	442.5543212890625
10.548	437.4710998535156
10.552999999999999	434.9514465332031
10.559000000000001	434.9514465332031
10.565	432.4462890625
10.571	442.5543212890625
10.577	437.4710998535156
10.582	432.4462890625
10.588	445.1180114746094
10.594000000000001	437.4710998535156
10.6	437.4710998535156
10.606	445.1180114746094
10.612	434.9514465332031
10.617	437.4710998535156
10.623	434.9514465332031
10.629000000000001	440.0053405761719
10.635	447.6965637207031
10.640999999999998	442.5543212890625
10.645999999999999	442.5543212890625
10.652000000000001	447.6965637207031
10.658	440.0053405761719
10.664000000000001	445.1180114746094
10.67	458.1610107421875
10.675	450.2900390625
10.681	452.8985900878906
10.687000000000001	460.81512451171875
10.693	452.8985900878906
10.699000000000002	447.6965637207031
10.704	452.8985900878906
10.71	447.6965637207031
10.716	442.5543212890625
10.722000000000001	437.4710998535156
10.728	471.5862731933594
10.732999999999999	488.216796875
10.739	488.216796875
10.745	502.5227355957031
10.751	491.0450744628906
10.757	496.750732421875
10.762	499.62841796875
10.767999999999999	493.8896484375
10.774000000000001	493.8896484375
10.78	499.62841796875
10.786	502.5227355957031
10.790999999999999	532.4044799804688
10.797	520.2442626953125
10.802999999999999	505.4338684082031
10.809000000000001	485.4048767089844
10.815	502.5227355957031
10.82	526.2892456054688
10.825999999999999	511.3067321777344
10.832	514.2687377929688
10.838	514.2687377929688
10.844000000000001	508.36181640625
10.85	505.4338684082031
10.855	520.2442626953125
10.860999999999999	502.5227355957031
10.867	496.750732421875
10.873	493.8896484375
10.879000000000001	468.8700866699219
10.884	502.5227355957031
10.89	496.750732421875
10.895999999999999	505.4338684082031
10.902000000000001	488.216796875
10.908	493.8896484375
10.913	499.62841796875
10.919	491.0450744628906
10.925	499.62841796875
10.931	496.750732421875
10.937000000000001	505.4338684082031
10.942	502.5227355957031
10.948	505.4338684082031
10.954	502.5227355957031
10.96	502.5227355957031
10.966	502.5227355957031
10.970999999999998	496.750732421875
10.977	502.5227355957031
10.982999999999999	496.750732421875
10.989	499.62841796875
10.995	496.750732421875
11.0	496.750732421875
11.005999999999998	499.62841796875
11.012	496.750732421875
11.017999999999999	496.750732421875
11.024000000000001	493.8896484375
11.029000000000002	493.8896484375
11.035	491.0450744628906
11.040999999999999	491.0450744628906
11.047	491.0450744628906
11.052999999999999	493.8896484375
11.059000000000001	491.0450744628906
11.064	491.0450744628906
11.07	491.0450744628906
11.075999999999999	491.0450744628906
11.082	493.8896484375
11.088	491.0450744628906
11.093	496.750732421875
11.099	496.750732421875
11.105	496.750732421875
11.110999999999999	496.750732421875
11.117	496.750732421875
11.122	499.62841796875
11.128	493.8896484375
11.134	499.62841796875
11.14	499.62841796875
11.145999999999999	496.750732421875
11.151	496.750732421875
11.157	499.62841796875
11.163	493.8896484375
11.169	493.8896484375
11.175	493.8896484375
11.18	491.0450744628906
11.186	491.0450744628906
11.192	491.0450744628906
11.198	485.4048767089844
11.204	488.216796875
11.209000000000001	485.4048767089844
11.215	488.216796875
11.220999999999998	485.4048767089844
11.227	488.216796875
11.232999999999999	485.4048767089844
11.238	491.0450744628906
11.244000000000002	488.216796875
11.25	491.0450744628906
11.255999999999998	493.8896484375
11.262	491.0450744628906
11.267000000000001	496.750732421875
11.273	493.8896484375
11.279000000000002	502.5227355957031
11.285	499.62841796875
11.290999999999999	502.5227355957031
11.297	505.4338684082031
11.302	511.3067321777344
11.308	505.4338684082031
11.314	508.36181640625
11.32	505.4338684082031
11.325999999999999	505.4338684082031
11.331	502.5227355957031
11.337	496.750732421875
11.343	496.750732421875
11.349	493.8896484375
11.355	493.8896484375
11.36	488.216796875
11.366	488.216796875
11.372	482.609130859375
11.378	479.8294982910156
11.384	479.8294982910156
11.389000000000001	479.8294982910156
11.395	477.06585693359375
11.401	479.8294982910156
11.407	477.06585693359375
11.413	479.8294982910156
11.418	482.609130859375
11.424000000000001	488.216796875
11.43	491.0450744628906
11.436	496.750732421875
11.442	505.4338684082031
11.447000000000001	508.36181640625
11.453	517.2478637695312
11.459000000000001	523.258056640625
11.465	529.3380126953125
11.470999999999998	529.3380126953125
11.475999999999999	526.2892456054688
11.482000000000001	529.3380126953125
11.488	532.4044799804688
11.494000000000002	529.3380126953125
11.5	526.2892456054688
11.505	526.2892456054688
11.511	523.258056640625
11.517000000000001	520.2442626953125
11.523	520.2442626953125
11.529000000000002	517.2478637695312
11.535	511.3067321777344
11.54	505.4338684082031
11.546	496.750732421875
11.552	488.216796875
11.558	485.4048767089844
11.564	479.8294982910156
11.569	460.81512451171875
11.575	460.81512451171875
11.581	447.6965637207031
11.587	460.81512451171875
11.593	455.5221862792969
11.597999999999999	452.8985900878906
11.604000000000001	460.81512451171875
11.61	466.16961669921875
11.616	474.3181457519531
11.622	477.06585693359375
11.627	485.4048767089844
11.633	499.62841796875
11.639000000000001	505.4338684082031
11.645	514.2687377929688
11.651	517.2478637695312
11.655999999999999	529.3380126953125
11.662	538.5906982421875
11.668	538.5906982421875
11.674000000000001	538.5906982421875
11.68	551.1798095703125
11.685	548.0051879882812
11.690999999999999	548.0051879882812
11.697000000000001	554.372802734375
11.703	544.8489379882812
11.709000000000001	538.5906982421875
11.714	535.4887084960938
11.72	535.4887084960938
11.725999999999999	529.3380126953125
11.732000000000001	526.2892456054688
11.738	520.2442626953125
11.743	517.2478637695312
11.749	511.3067321777344
11.755	496.750732421875
11.761	491.0450744628906
11.767000000000001	491.0450744628906
11.773	474.3181457519531
11.777999999999999	468.8700866699219
11.784	474.3181457519531
11.79	445.1180114746094
11.796	474.3181457519531
11.802	458.1610107421875
11.807	474.3181457519531
11.812999999999999	463.4846496582031
11.819	474.3181457519531
11.825	482.609130859375
11.831	485.4048767089844
11.835999999999999	496.750732421875
11.842	502.5227355957031
11.847999999999999	508.36181640625
11.854000000000001	526.2892456054688
11.86	532.4044799804688
11.865	529.3380126953125
11.870999999999999	535.4887084960938
11.877	541.7108154296875
11.883	554.372802734375
11.889000000000001	544.8489379882812
11.894	538.5906982421875
11.9	541.7108154296875
11.905999999999999	538.5906982421875
11.912	529.3380126953125
11.918	529.3380126953125
11.923	526.2892456054688
11.929	517.2478637695312
11.935	514.2687377929688
11.940999999999999	505.4338684082031
11.947000000000001	491.0450744628906
11.952	488.216796875
11.958	474.3181457519531
11.964	468.8700866699219
11.97	466.16961669921875
11.975999999999999	432.4462890625
11.981	466.16961669921875
11.987	445.1180114746094
11.993	468.8700866699219
11.999	440.0053405761719
12.005	466.16961669921875
12.011	463.4846496582031
12.015999999999998	482.609130859375
12.022	482.609130859375
12.027999999999999	496.750732421875
12.034	505.4338684082031
12.04	511.3067321777344
12.045	520.2442626953125
12.050999999999998	529.3380126953125
12.057	529.3380126953125
12.062999999999999	544.8489379882812
12.069	535.4887084960938
12.074000000000002	538.5906982421875
12.08	541.7108154296875
12.085999999999999	548.0051879882812
12.092	532.4044799804688
12.097999999999999	532.4044799804688
12.103	523.258056640625
12.109000000000002	520.2442626953125
12.115	514.2687377929688
12.120999999999999	491.0450744628906
12.127	482.609130859375
12.132	474.3181457519531
12.138	460.81512451171875
12.144	471.5862731933594
12.15	440.0053405761719
12.155999999999999	468.8700866699219
12.161	450.2900390625
12.167	463.4846496582031
12.173	450.2900390625
12.179	474.3181457519531
12.185	488.216796875
12.19	479.8294982910156
12.196	479.8294982910156
12.202	523.258056640625
12.208	514.2687377929688
12.214	479.8294982910156
12.22	499.62841796875
12.225	505.4338684082031
12.231	511.3067321777344
12.237	508.36181640625
12.243	479.8294982910156
12.249	499.62841796875
12.254000000000001	514.2687377929688
12.26	491.0450744628906
12.265999999999998	514.2687377929688
12.272	499.62841796875
12.277999999999999	508.36181640625
12.283	541.7108154296875
12.289000000000001	517.2478637695312
12.295	535.4887084960938
12.300999999999998	541.7108154296875
12.307	532.4044799804688
12.312000000000001	496.750732421875
12.318	496.750732421875
12.324000000000002	496.750732421875
12.33	496.750732421875
12.335999999999999	502.5227355957031
12.341	493.8896484375
12.347000000000001	496.750732421875
12.353	499.62841796875
12.359000000000002	496.750732421875
12.365	488.216796875
12.37	493.8896484375
12.376	508.36181640625
12.382	526.2892456054688
12.388	502.5227355957031
12.394	502.5227355957031
12.399000000000001	499.62841796875
12.405	499.62841796875
12.411	496.750732421875
12.417	499.62841796875
12.423	471.5862731933594
12.427999999999999	468.8700866699219
12.434000000000001	485.4048767089844
12.44	479.8294982910156
12.446	485.4048767089844
12.452	491.0450744628906
12.458	511.3067321777344
12.463	514.2687377929688
12.469000000000001	517.2478637695312
12.475	538.5906982421875
12.481	535.4887084960938
12.487	554.372802734375
12.492	554.372802734375
12.498	544.8489379882812
12.504000000000001	554.372802734375
12.51	541.7108154296875
12.515999999999998	538.5906982421875
12.520999999999999	535.4887084960938
12.527000000000001	526.2892456054688
12.533	520.2442626953125
12.539000000000001	502.5227355957031
12.545	496.750732421875
12.55	479.8294982910156
12.556	477.06585693359375
12.562000000000001	466.16961669921875
12.568	458.1610107421875
12.574000000000002	445.1180114746094
12.579	450.2900390625
12.585	442.5543212890625
12.591	447.6965637207031
12.597000000000001	442.5543212890625
12.603	460.81512451171875
12.607999999999999	460.81512451171875
12.614	468.8700866699219
12.62	474.3181457519531
12.626	491.0450744628906
12.632	508.36181640625
12.637	544.8489379882812
12.642999999999999	548.0051879882812
12.649000000000001	557.584228515625
12.655	573.9227905273438
12.661	551.1798095703125
12.665999999999999	570.6172485351562
12.672	580.591552734375
12.677999999999999	567.3306884765625
12.684000000000001	567.3306884765625
12.69	573.9227905273438
12.696	551.1798095703125
12.700999999999999	538.5906982421875
12.707	535.4887084960938
12.713	523.258056640625
12.719000000000001	508.36181640625
12.725	493.8896484375
12.73	479.8294982910156
12.735999999999999	466.16961669921875
12.742	466.16961669921875
12.748	458.1610107421875
12.754000000000001	458.1610107421875
12.759	458.1610107421875
12.765	460.81512451171875
12.770999999999999	463.4846496582031
12.777000000000001	471.5862731933594
12.783	468.8700866699219
12.788	485.4048767089844
12.794	502.5227355957031
12.8	532.4044799804688
12.806	541.7108154296875
12.812000000000001	548.0051879882812
12.817	541.7108154296875
12.823	544.8489379882812
12.829	532.4044799804688
12.835	529.3380126953125
12.841	508.36181640625
12.845999999999998	485.4048767089844
12.852	471.5862731933594
12.857999999999999	437.4710998535156
12.864	420.13531494140625
12.87	0.0
12.875	0.0
12.880999999999998	0.0
12.887	551.1798095703125
12.892999999999999	541.7108154296875
12.899000000000001	535.4887084960938
12.904000000000002	538.5906982421875
12.91	535.4887084960938
12.915999999999999	544.8489379882812
12.922	529.3380126953125
12.927999999999999	488.216796875
12.934000000000001	502.5227355957031
12.939	488.216796875
12.945	499.62841796875
12.950999999999999	496.750732421875
12.957	502.5227355957031
12.963	482.609130859375
12.968	493.8896484375
12.974	499.62841796875
12.98	499.62841796875
12.985999999999999	499.62841796875
12.992	491.0450744628906
12.997	514.2687377929688
13.003	491.0450744628906
13.009	485.4048767089844
13.015	514.2687377929688
13.020999999999999	493.8896484375
13.026	520.2442626953125
13.032	514.2687377929688
13.038	474.3181457519531
13.044	437.4710998535156
13.05	440.0053405761719
13.055	460.81512451171875
13.061	479.8294982910156
13.067	505.4338684082031
13.073	493.8896484375
13.079	485.4048767089844
13.084000000000001	523.258056640625
13.09	496.750732421875
13.095999999999998	491.0450744628906
13.102	502.5227355957031
13.107999999999999	514.2687377929688
13.113	505.4338684082031
13.119000000000002	496.750732421875
13.125	502.5227355957031
13.130999999999998	502.5227355957031
13.137	499.62841796875
13.142000000000001	479.8294982910156
13.148	508.36181640625
13.154000000000002	551.1798095703125
13.16	554.372802734375
13.165999999999999	570.6172485351562
13.172	548.0051879882812
13.177	583.954833984375
13.183	587.3377075195312
13.189	590.7401123046875
13.195	580.591552734375
13.200999999999999	554.372802734375
13.206	597.6041870117188
13.212	557.584228515625
13.218	570.6172485351562
13.224	560.8143310546875
13.23	554.372802734375
13.235	544.8489379882812
13.241	0.0
13.247	0.0
13.253	0.0
13.259	0.0
13.264000000000001	0.0
13.27	0.0
13.276	535.4887084960938
13.282	570.6172485351562
13.288	560.8143310546875
13.293	564.0631103515625
13.299000000000001	564.0631103515625
13.305	551.1798095703125
13.311	560.8143310546875
13.317	557.584228515625
13.322000000000001	564.0631103515625
13.328	557.584228515625
13.334000000000001	560.8143310546875
13.34	560.8143310546875
13.345999999999998	551.1798095703125
13.350999999999999	557.584228515625
13.357000000000001	557.584228515625
13.363	554.372802734375
13.369000000000002	551.1798095703125
13.375	557.584228515625
13.38	554.372802734375
13.386	548.0051879882812
13.392000000000001	557.584228515625
13.398	551.1798095703125
13.404000000000002	544.8489379882812
13.41	551.1798095703125
13.415	551.1798095703125
13.421	551.1798095703125
13.427	551.1798095703125
13.433	551.1798095703125
13.439	554.372802734375
13.444	551.1798095703125
13.45	548.0051879882812
13.456	557.584228515625
13.462	557.584228515625
13.468	554.372802734375
13.472999999999999	560.8143310546875
13.479000000000001	554.372802734375
13.485	557.584228515625
13.491	557.584228515625
13.497	551.1798095703125
13.502	557.584228515625
13.508	554.372802734375
13.514000000000001	548.0051879882812
13.52	557.584228515625
13.526	554.372802734375
13.530999999999999	551.1798095703125
13.537	557.584228515625
13.543	554.372802734375
13.549000000000001	557.584228515625
13.555	560.8143310546875
13.56	557.584228515625
13.565999999999999	557.584228515625
13.572000000000001	560.8143310546875
13.578	557.584228515625
13.584000000000001	564.0631103515625
13.589	560.8143310546875
13.595	560.8143310546875
13.600999999999999	564.0631103515625
13.607000000000001	564.0631103515625
13.613	573.9227905273438
13.619000000000002	570.6172485351562
13.624	570.6172485351562
13.63	567.3306884765625
13.636	567.3306884765625
13.642000000000001	564.0631103515625
13.648	564.0631103515625
13.652999999999999	564.0631103515625
13.659	564.0631103515625
13.665	560.8143310546875
13.671	560.8143310546875
13.677	560.8143310546875
13.682	557.584228515625
13.687999999999999	560.8143310546875
13.694	557.584228515625
13.7	554.372802734375
13.706	554.372802734375
13.710999999999999	548.0051879882812
13.717	548.0051879882812
13.722999999999999	548.0051879882812
13.729000000000001	548.0051879882812
13.735	548.0051879882812
13.74	544.8489379882812
13.745999999999999	548.0051879882812
13.752	548.0051879882812
13.758	544.8489379882812
13.764000000000001	551.1798095703125
13.769	551.1798095703125
13.775	557.584228515625
13.780999999999999	557.584228515625
13.787	557.584228515625
13.793	564.0631103515625
13.798	567.3306884765625
13.804	567.3306884765625
13.81	570.6172485351562
13.815999999999999	573.9227905273438
13.822000000000001	573.9227905273438
13.827	573.9227905273438
13.833	570.6172485351562
13.839	577.2474975585938
13.845	577.2474975585938
13.850999999999999	577.2474975585938
13.857000000000001	573.9227905273438
13.862	570.6172485351562
13.868	573.9227905273438
13.874	567.3306884765625
13.88	570.6172485351562
13.886	564.0631103515625
13.890999999999998	560.8143310546875
13.897	554.372802734375
13.902999999999999	551.1798095703125
13.909	548.0051879882812
13.915	541.7108154296875
13.92	538.5906982421875
13.925999999999998	541.7108154296875
13.932	548.0051879882812
13.937999999999999	538.5906982421875
13.944	541.7108154296875
13.949000000000002	544.8489379882812
13.955	544.8489379882812
13.960999999999999	551.1798095703125
13.967	551.1798095703125
13.972999999999999	557.584228515625
13.978	570.6172485351562
13.984000000000002	570.6172485351562
13.99	567.3306884765625
13.995999999999999	570.6172485351562
14.002	583.954833984375
14.007	583.954833984375
14.013	583.954833984375
14.019	573.9227905273438
14.025	590.7401123046875
14.030999999999999	597.6041870117188
14.036	583.954833984375
14.042	577.2474975585938
14.048	580.591552734375
14.054	583.954833984375
14.06	580.591552734375
14.065	573.9227905273438
14.071	573.9227905273438
14.077	570.6172485351562
14.083	567.3306884765625
14.089	560.8143310546875
14.095	554.372802734375
14.1	551.1798095703125
14.106	548.0051879882812
14.112	541.7108154296875
14.118	535.4887084960938
14.124	535.4887084960938
14.129000000000001	538.5906982421875
14.135	538.5906982421875
14.140999999999998	529.3380126953125
14.147	529.3380126953125
14.152999999999999	535.4887084960938
14.158	538.5906982421875
14.164000000000001	538.5906982421875
14.17	541.7108154296875
14.175999999999998	548.0051879882812
14.182	548.0051879882812
14.187000000000001	557.584228515625
14.193	560.8143310546875
14.199000000000002	570.6172485351562
14.205	580.591552734375
14.210999999999999	577.2474975585938
14.216	577.2474975585938
14.222000000000001	580.591552734375
14.228	597.6041870117188
14.234000000000002	580.591552734375
14.24	583.954833984375
14.245	604.548095703125
14.251	587.3377075195312
14.257	583.954833984375
14.263	587.3377075195312
14.269	583.954833984375
14.274000000000001	577.2474975585938
14.28	573.9227905273438
14.286	577.2474975585938
14.292	570.6172485351562
14.298	567.3306884765625
14.302999999999999	560.8143310546875
14.309000000000001	551.1798095703125
14.315	544.8489379882812
14.321	548.0051879882812
14.327	541.7108154296875
14.333	535.4887084960938
14.338	535.4887084960938
14.344000000000001	541.7108154296875
14.35	541.7108154296875
14.356	535.4887084960938
14.362	535.4887084960938
14.367	541.7108154296875
14.373	548.0051879882812
14.379000000000001	544.8489379882812
14.385	548.0051879882812
14.390999999999998	560.8143310546875
14.395999999999999	564.0631103515625
14.402000000000001	570.6172485351562
14.408	577.2474975585938
14.414000000000001	573.9227905273438
14.42	583.954833984375
14.425	597.6041870117188
14.431	590.7401123046875
14.437000000000001	601.066162109375
14.443	618.6788330078125
14.449000000000002	590.7401123046875
14.454	601.066162109375
14.46	615.115478515625
14.466	590.7401123046875
14.472000000000001	590.7401123046875
14.478	583.954833984375
14.482999999999999	577.2474975585938
14.489	573.9227905273438
14.495	570.6172485351562
14.501	564.0631103515625
14.507	557.584228515625
14.512	548.0051879882812
14.517999999999999	551.1798095703125
14.524000000000001	544.8489379882812
14.53	535.4887084960938
14.536	538.5906982421875
14.540999999999999	538.5906982421875
14.547	541.7108154296875
14.552999999999999	538.5906982421875
14.559000000000001	538.5906982421875
14.565	538.5906982421875
14.571	544.8489379882812
14.575999999999999	560.8143310546875
14.582	570.6172485351562
14.588	573.9227905273438
14.594000000000001	573.9227905273438
14.6	577.2474975585938
14.605	583.954833984375
14.610999999999999	594.1622314453125
14.617	587.3377075195312
14.623	587.3377075195312
14.629000000000001	597.6041870117188
14.634	594.1622314453125
14.64	577.2474975585938
14.645999999999999	577.2474975585938
14.652000000000001	577.2474975585938
14.658	567.3306884765625
14.663	551.1798095703125
14.669	541.7108154296875
14.675	535.4887084960938
14.681	520.2442626953125
14.687000000000001	511.3067321777344
14.692	517.2478637695312
14.698	502.5227355957031
14.704	514.2687377929688
14.71	514.2687377929688
14.716	520.2442626953125
14.720999999999998	526.2892456054688
14.727	535.4887084960938
14.732999999999999	544.8489379882812
14.739	557.584228515625
14.745	573.9227905273438
14.75	580.591552734375
14.755999999999998	570.6172485351562
14.762	580.591552734375
14.767999999999999	580.591552734375
14.774000000000001	594.1622314453125
14.78	587.3377075195312
14.785	587.3377075195312
14.790999999999999	577.2474975585938
14.797	590.7401123046875
14.802999999999999	567.3306884765625
14.809000000000001	564.0631103515625
14.814	557.584228515625
14.82	548.0051879882812
14.825999999999999	544.8489379882812
14.832	541.7108154296875
14.838	532.4044799804688
14.843	532.4044799804688
14.849	529.3380126953125
14.855	538.5906982421875
14.860999999999999	529.3380126953125
14.867	532.4044799804688
14.872	532.4044799804688
14.878	538.5906982421875
14.884	535.4887084960938
14.89	541.7108154296875
14.895999999999999	554.372802734375
14.901	557.584228515625
14.907	564.0631103515625
14.913	580.591552734375
14.919	577.2474975585938
14.925	577.2474975585938
14.93	573.9227905273438
14.936	580.591552734375
14.942	597.6041870117188
14.948	577.2474975585938
14.954	577.2474975585938
14.959000000000001	577.2474975585938
14.965	590.7401123046875
14.970999999999998	570.6172485351562
14.977	567.3306884765625
14.982999999999999	564.0631103515625
14.988	560.8143310546875
14.994000000000002	560.8143310546875
15.0	557.584228515625
15.005999999999998	548.0051879882812
15.012	548.0051879882812
15.017999999999999	551.1798095703125
15.023	544.8489379882812
15.029000000000002	541.7108154296875
15.035	554.372802734375
15.040999999999999	570.6172485351562
15.047	567.3306884765625
15.052	567.3306884765625
15.058	577.2474975585938
15.064	564.0631103515625
15.07	583.954833984375
15.075999999999999	577.2474975585938
15.081	594.1622314453125
15.087	583.954833984375
15.093	597.6041870117188
15.099	573.9227905273438
15.105	590.7401123046875
15.11	577.2474975585938
15.116	604.548095703125
15.122	554.372802734375
15.128	577.2474975585938
15.134	580.591552734375
15.139000000000001	570.6172485351562
15.145	554.372802734375
15.151	535.4887084960938
15.157	517.2478637695312
15.163	529.3380126953125
15.168	526.2892456054688
15.174000000000001	548.0051879882812
15.18	564.0631103515625
15.186	529.3380126953125
15.192	551.1798095703125
15.197000000000001	564.0631103515625
15.203	538.5906982421875
15.209000000000001	557.584228515625
15.215	567.3306884765625
15.220999999999998	548.0051879882812
15.225999999999999	508.36181640625
15.232000000000001	520.2442626953125
15.238	517.2478637695312
15.244000000000002	485.4048767089844
15.25	511.3067321777344
15.255999999999998	532.4044799804688
15.261	523.258056640625
15.267000000000001	514.2687377929688
15.273	496.750732421875
15.279000000000002	505.4338684082031
15.285	505.4338684082031
15.29	496.750732421875
15.296	535.4887084960938
15.302	514.2687377929688
15.308	535.4887084960938
15.314	520.2442626953125
15.319	496.750732421875
15.325	526.2892456054688
15.331	511.3067321777344
15.337	532.4044799804688
15.343	535.4887084960938
15.347999999999999	554.372802734375
15.354000000000001	554.372802734375
15.36	564.0631103515625
15.366	577.2474975585938
15.372	570.6172485351562
15.377	554.372802734375
15.383	554.372802734375
15.389000000000001	511.3067321777344
15.395	526.2892456054688
15.401	541.7108154296875
15.405999999999999	567.3306884765625
15.412	573.9227905273438
15.418	594.1622314453125
15.424000000000001	580.591552734375
15.43	601.066162109375
15.435	590.7401123046875
15.440999999999999	615.115478515625
15.447000000000001	590.7401123046875
15.453	601.066162109375
15.459000000000001	604.548095703125
15.464	625.8675537109375
15.47	629.4931640625
15.475999999999999	618.6788330078125
15.482000000000001	611.5726928710938
15.488	604.548095703125
15.494000000000002	601.066162109375
15.499	597.6041870117188
15.505	580.591552734375
15.511	567.3306884765625
15.517000000000001	554.372802734375
15.523	551.1798095703125
15.527999999999999	541.7108154296875
15.534	544.8489379882812
15.54	544.8489379882812
15.546	548.0051879882812
15.552	548.0051879882812
15.557	551.1798095703125
15.562999999999999	560.8143310546875
15.569	567.3306884765625
15.575	573.9227905273438
15.581	577.2474975585938
15.585999999999999	590.7401123046875
15.592	601.066162109375
15.597999999999999	608.0502319335938
15.604000000000001	611.5726928710938
15.61	625.8675537109375
15.615	633.1398315429688
15.620999999999999	651.6923217773438
15.627	640.4966430664062
15.633	663.0838012695312
15.639000000000001	636.8075561523438
15.644	659.2647094726562
15.65	636.8075561523438
15.655999999999999	644.2069702148438
15.662	618.6788330078125
15.668	633.1398315429688
15.673	618.6788330078125
15.679	615.115478515625
15.685	608.0502319335938
15.690999999999999	594.1622314453125
15.697000000000001	587.3377075195312
15.702	577.2474975585938
15.708	564.0631103515625
15.714	564.0631103515625
15.72	557.584228515625
15.725999999999999	554.372802734375
15.732000000000001	564.0631103515625
15.737	560.8143310546875
15.743	548.0051879882812
15.749	564.0631103515625
15.755	567.3306884765625
15.761	570.6172485351562
15.765999999999998	570.6172485351562
15.772	573.9227905273438
15.777999999999999	580.591552734375
15.784	583.954833984375
15.79	590.7401123046875
15.795	601.066162109375
15.800999999999998	615.115478515625
15.807	611.5726928710938
15.812999999999999	622.2628173828125
15.819	629.4931640625
15.824000000000002	618.6788330078125
15.83	615.115478515625
15.835999999999999	583.954833984375
15.842	567.3306884765625
15.847999999999999	580.591552734375
15.853	573.9227905273438
15.859000000000002	567.3306884765625
15.865	557.584228515625
15.870999999999999	557.584228515625
15.877	551.1798095703125
15.882	601.066162109375
15.888	597.6041870117188
15.894	587.3377075195312
15.9	580.591552734375
15.905999999999999	573.9227905273438
15.911	567.3306884765625
15.917	564.0631103515625
15.923	557.584228515625
15.929	557.584228515625
15.935	554.372802734375
15.94	557.584228515625
15.946	564.0631103515625
15.952	560.8143310546875
15.958	554.372802734375
15.964	560.8143310546875
15.97	567.3306884765625
15.975	570.6172485351562
15.981	580.591552734375
15.987	587.3377075195312
15.993	587.3377075195312
15.999	590.7401123046875
16.004	601.066162109375
16.01	608.0502319335938
16.016	608.0502319335938
16.022000000000002	618.6788330078125
16.028	636.8075561523438
16.033	622.2628173828125
16.039	629.4931640625
16.045	629.4931640625
16.051	633.1398315429688
16.057000000000002	629.4931640625
16.062	625.8675537109375
16.067999999999998	625.8675537109375
16.074	615.115478515625
16.08	608.0502319335938
16.086	604.548095703125
16.090999999999998	597.6041870117188
16.097	587.3377075195312
16.102999999999998	583.954833984375
16.109	580.591552734375
16.115	573.9227905273438
16.12	570.6172485351562
16.125999999999998	567.3306884765625
16.132	554.372802734375
16.137999999999998	560.8143310546875
16.144000000000002	567.3306884765625
16.149	564.0631103515625
16.155	564.0631103515625
16.160999999999998	564.0631103515625
16.167	567.3306884765625
16.173	570.6172485351562
16.179000000000002	573.9227905273438
16.184	577.2474975585938
16.19	580.591552734375
16.195999999999998	587.3377075195312
16.202	594.1622314453125
16.208	608.0502319335938
16.213	608.0502319335938
16.219	611.5726928710938
16.225	625.8675537109375
16.230999999999998	625.8675537109375
16.237000000000002	622.2628173828125
16.242	625.8675537109375
16.248	629.4931640625
16.254	636.8075561523438
16.26	625.8675537109375
16.266	629.4931640625
16.271	636.8075561523438
16.277	622.2628173828125
16.283	622.2628173828125
16.289	618.6788330078125
16.295	618.6788330078125
16.3	611.5726928710938
16.305999999999997	604.548095703125
16.312	590.7401123046875
16.317999999999998	583.954833984375
16.324	583.954833984375
16.329	577.2474975585938
16.335	570.6172485351562
16.340999999999998	567.3306884765625
16.347	564.0631103515625
16.352999999999998	557.584228515625
16.358	557.584228515625
16.364	557.584228515625
16.37	560.8143310546875
16.375999999999998	564.0631103515625
16.382	564.0631103515625
16.387	567.3306884765625
16.393	570.6172485351562
16.399	567.3306884765625
16.405	577.2474975585938
16.410999999999998	583.954833984375
16.417	583.954833984375
16.422	594.1622314453125
16.428	604.548095703125
16.434	608.0502319335938
16.44	608.0502319335938
16.445999999999998	622.2628173828125
16.451	633.1398315429688
16.457	633.1398315429688
16.463	640.4966430664062
16.469	644.2069702148438
16.475	647.9388427734375
16.48	640.4966430664062
16.486	644.2069702148438
16.492	629.4931640625
16.498	636.8075561523438
16.504	622.2628173828125
16.509	622.2628173828125
16.515	618.6788330078125
16.521	608.0502319335938
16.527	604.548095703125
16.533	594.1622314453125
16.538	587.3377075195312
16.544	580.591552734375
16.55	580.591552734375
16.555999999999997	573.9227905273438
16.562	570.6172485351562
16.567	570.6172485351562
16.573	557.584228515625
16.579	560.8143310546875
16.585	567.3306884765625
16.590999999999998	560.8143310546875
16.596	570.6172485351562
16.602	570.6172485351562
16.608	573.9227905273438
16.614	577.2474975585938
16.62	583.954833984375
16.625	583.954833984375
16.631	587.3377075195312
16.637	594.1622314453125
16.643	611.5726928710938
16.649	608.0502319335938
16.655	604.548095703125
16.66	625.8675537109375
16.666	629.4931640625
16.672	622.2628173828125
16.678	629.4931640625
16.684	636.8075561523438
16.689	644.2069702148438
16.695	633.1398315429688
16.701	647.9388427734375
16.707	636.8075561523438
16.713	633.1398315429688
16.718	633.1398315429688
16.724	625.8675537109375
16.73	622.2628173828125
16.736	615.115478515625
16.742	611.5726928710938
16.747	608.0502319335938
16.753	601.066162109375
16.759	590.7401123046875
16.765	580.591552734375
16.771	577.2474975585938
16.776	573.9227905273438
16.782	567.3306884765625
16.788	567.3306884765625
16.794	560.8143310546875
16.8	567.3306884765625
16.805	567.3306884765625
16.811	567.3306884765625
16.817	567.3306884765625
16.823	570.6172485351562
16.829	577.2474975585938
16.834	580.591552734375
16.84	587.3377075195312
16.846	590.7401123046875
16.852	597.6041870117188
16.858	604.548095703125
16.863	604.548095703125
16.869	608.0502319335938
16.875	615.115478515625
16.881	622.2628173828125
16.887	622.2628173828125
16.893	618.6788330078125
16.898	618.6788330078125
16.904	622.2628173828125
16.91	618.6788330078125
16.916	611.5726928710938
16.922	615.115478515625
16.927	615.115478515625
16.933	608.0502319335938
16.939	604.548095703125
16.945	601.066162109375
16.951	597.6041870117188
16.956	597.6041870117188
16.962	590.7401123046875
16.968	587.3377075195312
16.974	587.3377075195312
16.98	587.3377075195312
16.985	583.954833984375
16.991	580.591552734375
16.997	580.591552734375
17.003	580.591552734375
17.009	577.2474975585938
17.014	573.9227905273438
17.02	580.591552734375
17.026	577.2474975585938
17.032	580.591552734375
17.038	577.2474975585938
17.043	583.954833984375
17.049	587.3377075195312
17.055	590.7401123046875
17.061	594.1622314453125
17.067	590.7401123046875
17.072	590.7401123046875
17.078	594.1622314453125
17.084	601.066162109375
17.09	608.0502319335938
17.096	608.0502319335938
17.101	608.0502319335938
17.107	615.115478515625
17.113	618.6788330078125
17.119	618.6788330078125
17.125	622.2628173828125
17.131	618.6788330078125
17.136	615.115478515625
17.142	615.115478515625
17.148	615.115478515625
17.154	611.5726928710938
17.16	604.548095703125
17.165	597.6041870117188
17.171	587.3377075195312
17.177	580.591552734375
17.183	573.9227905273438
17.189	573.9227905273438
17.194000000000003	573.9227905273438
17.2	567.3306884765625
17.206	567.3306884765625
17.212	567.3306884765625
17.218	564.0631103515625
17.223	564.0631103515625
17.229	570.6172485351562
17.235	573.9227905273438
17.241	577.2474975585938
17.247	577.2474975585938
17.252	580.591552734375
17.258	587.3377075195312
17.264	594.1622314453125
17.27	597.6041870117188
17.276	601.066162109375
17.281	604.548095703125
17.287	604.548095703125
17.293	618.6788330078125
17.299	625.8675537109375
17.305	618.6788330078125
17.31	618.6788330078125
17.316	629.4931640625
17.322	640.4966430664062
17.328	625.8675537109375
17.334	629.4931640625
17.34	629.4931640625
17.345	622.2628173828125
17.351	622.2628173828125
17.357	611.5726928710938
17.363	608.0502319335938
17.369	601.066162109375
17.374000000000002	590.7401123046875
17.38	587.3377075195312
17.386	583.954833984375
17.392	583.954833984375
17.398	577.2474975585938
17.403	580.591552734375
17.409000000000002	567.3306884765625
17.415	557.584228515625
17.421	554.372802734375
17.427	567.3306884765625
17.432000000000002	564.0631103515625
17.438	567.3306884765625
17.444000000000003	564.0631103515625
17.45	570.6172485351562
17.456	570.6172485351562
17.461	573.9227905273438
17.467	577.2474975585938
17.473	580.591552734375
17.479	583.954833984375
17.485	590.7401123046875
17.49	601.066162109375
17.496	604.548095703125
17.502	604.548095703125
17.508	608.0502319335938
17.514	622.2628173828125
17.519000000000002	633.1398315429688
17.525	625.8675537109375
17.531	625.8675537109375
17.537	644.2069702148438
17.543	644.2069702148438
17.548	640.4966430664062
17.554000000000002	633.1398315429688
17.56	622.2628173828125
17.566	629.4931640625
17.572	625.8675537109375
17.578	618.6788330078125
17.583	611.5726928710938
17.589000000000002	608.0502319335938
17.595	601.066162109375
17.601	594.1622314453125
17.607	583.954833984375
17.612000000000002	583.954833984375
17.618	583.954833984375
17.624000000000002	577.2474975585938
17.63	577.2474975585938
17.636	577.2474975585938
17.641	573.9227905273438
17.647000000000002	570.6172485351562
17.653	573.9227905273438
17.659000000000002	573.9227905273438
17.665	573.9227905273438
17.67	577.2474975585938
17.676	583.954833984375
17.682000000000002	583.954833984375
17.688	587.3377075195312
17.694000000000003	594.1622314453125
17.699	597.6041870117188
17.705	597.6041870117188
17.711	601.066162109375
17.717	608.0502319335938
17.723	615.115478515625
17.727999999999998	618.6788330078125
17.734	622.2628173828125
17.74	625.8675537109375
17.746	636.8075561523438
17.752	633.1398315429688
17.757	629.4931640625
17.762999999999998	640.4966430664062
17.769000000000002	629.4931640625
17.775	622.2628173828125
17.781	629.4931640625
17.785999999999998	625.8675537109375
17.792	618.6788330078125
17.798	615.115478515625
17.804000000000002	608.0502319335938
17.81	604.548095703125
17.816	597.6041870117188
17.820999999999998	587.3377075195312
17.827	587.3377075195312
17.833	583.954833984375
17.839000000000002	580.591552734375
17.845	577.2474975585938
17.85	580.591552734375
17.855999999999998	580.591552734375
17.862000000000002	577.2474975585938
17.868	577.2474975585938
17.874000000000002	577.2474975585938
17.879	573.9227905273438
17.885	570.6172485351562
17.891	580.591552734375
17.897000000000002	583.954833984375
17.903	583.954833984375
17.908	583.954833984375
17.914	594.1622314453125
17.92	594.1622314453125
17.926	597.6041870117188
17.932000000000002	597.6041870117188
17.937	604.548095703125
17.942999999999998	611.5726928710938
17.949	615.115478515625
17.955	611.5726928710938
17.961	618.6788330078125
17.965999999999998	622.2628173828125
17.972	622.2628173828125
17.977999999999998	622.2628173828125
17.984	625.8675537109375
17.99	625.8675537109375
17.995	622.2628173828125
18.000999999999998	625.8675537109375
18.007	618.6788330078125
18.012999999999998	611.5726928710938
18.019000000000002	608.0502319335938
18.024	604.548095703125
18.03	601.066162109375
18.035999999999998	594.1622314453125
18.042	590.7401123046875
18.048	587.3377075195312
18.054000000000002	583.954833984375
18.059	583.954833984375
18.065	583.954833984375
18.070999999999998	583.954833984375
18.077	580.591552734375
18.083	580.591552734375
18.088	573.9227905273438
18.094	573.9227905273438
18.1	580.591552734375
18.105999999999998	583.954833984375
18.112000000000002	583.954833984375
18.117	587.3377075195312
18.123	590.7401123046875
18.129	594.1622314453125
18.135	594.1622314453125
18.141	597.6041870117188
18.146	601.066162109375
18.152	604.548095703125
18.158	615.115478515625
18.164	625.8675537109375
18.17	622.2628173828125
18.175	622.2628173828125
18.180999999999997	625.8675537109375
18.187	629.4931640625
18.192999999999998	625.8675537109375
18.199	629.4931640625
18.204	629.4931640625
18.21	625.8675537109375
18.215999999999998	622.2628173828125
18.222	615.115478515625
18.227999999999998	608.0502319335938
18.233	604.548095703125
18.239	597.6041870117188
18.245	590.7401123046875
18.250999999999998	587.3377075195312
18.257	590.7401123046875
18.262	587.3377075195312
18.268	583.954833984375
18.274	580.591552734375
18.28	580.591552734375
18.285999999999998	580.591552734375
18.292	573.9227905273438
18.297	570.6172485351562
18.303	577.2474975585938
18.309	570.6172485351562
18.315	573.9227905273438
18.320999999999998	577.2474975585938
18.326	577.2474975585938
18.332	580.591552734375
18.338	583.954833984375
18.344	590.7401123046875
18.35	590.7401123046875
18.355	594.1622314453125
18.361	597.6041870117188
18.367	601.066162109375
18.373	604.548095703125
18.379	615.115478515625
18.384	625.8675537109375
18.39	625.8675537109375
18.396	629.4931640625
18.402	640.4966430664062
18.408	640.4966430664062
18.413	633.1398315429688
18.419	629.4931640625
18.425	629.4931640625
18.430999999999997	629.4931640625
18.437	622.2628173828125
18.442	622.2628173828125
18.448	618.6788330078125
18.454	615.115478515625
18.46	608.0502319335938
18.465999999999998	604.548095703125
18.471	597.6041870117188
18.477	587.3377075195312
18.483	587.3377075195312
18.489	583.954833984375
18.495	583.954833984375
18.5	583.954833984375
18.506	583.954833984375
18.512	580.591552734375
18.518	580.591552734375
18.524	580.591552734375
18.53	573.9227905273438
18.535	577.2474975585938
18.541	580.591552734375
18.547	580.591552734375
18.553	587.3377075195312
18.559	590.7401123046875
18.564	597.6041870117188
18.57	601.066162109375
18.576	601.066162109375
18.582	604.548095703125
18.588	611.5726928710938
18.593	618.6788330078125
18.599	615.115478515625
18.605	615.115478515625
18.611	622.2628173828125
18.617	625.8675537109375
18.622	625.8675537109375
18.628	625.8675537109375
18.634	625.8675537109375
18.64	625.8675537109375
18.646	625.8675537109375
18.651	622.2628173828125
18.657	615.115478515625
18.663	611.5726928710938
18.669	604.548095703125
18.675	601.066162109375
18.68	597.6041870117188
18.686	590.7401123046875
18.692	587.3377075195312
18.698	583.954833984375
18.704	580.591552734375
18.709	583.954833984375
18.715	580.591552734375
18.721	577.2474975585938
18.727	573.9227905273438
18.733	570.6172485351562
18.739	573.9227905273438
18.744	570.6172485351562
18.75	573.9227905273438
18.756	577.2474975585938
18.762	577.2474975585938
18.768	577.2474975585938
18.773	583.954833984375
18.779	590.7401123046875
18.785	597.6041870117188
18.791	604.548095703125
18.797	604.548095703125
18.802	608.0502319335938
18.808	622.2628173828125
18.814	629.4931640625
18.82	629.4931640625
18.826	636.8075561523438
18.831	644.2069702148438
18.837	644.2069702148438
18.843	651.6923217773438
18.849	651.6923217773438
18.855	647.9388427734375
18.86	644.2069702148438
18.866	636.8075561523438
18.872	633.1398315429688
18.878	633.1398315429688
18.884	629.4931640625
18.889	618.6788330078125
18.895	604.548095703125
18.901	604.548095703125
18.907	594.1622314453125
18.913	583.954833984375
18.918	577.2474975585938
18.924	567.3306884765625
18.93	564.0631103515625
18.936	554.372802734375
18.942	551.1798095703125
18.947	554.372802734375
18.953	548.0051879882812
18.959	551.1798095703125
18.965	554.372802734375
18.971	551.1798095703125
18.977	544.8489379882812
18.982	560.8143310546875
18.988	567.3306884765625
18.994	567.3306884765625
19.0	573.9227905273438
19.006	573.9227905273438
19.011	590.7401123046875
19.017	583.954833984375
19.023	594.1622314453125
19.029	601.066162109375
19.035	615.115478515625
19.04	615.115478515625
19.046	625.8675537109375
19.052	636.8075561523438
19.058	625.8675537109375
19.064	633.1398315429688
19.069000000000003	640.4966430664062
19.075	636.8075561523438
19.081	633.1398315429688
19.087	636.8075561523438
19.093	625.8675537109375
19.098	618.6788330078125
19.104	625.8675537109375
19.11	611.5726928710938
19.116	601.066162109375
19.122	604.548095703125
19.127	597.6041870117188
19.133	583.954833984375
19.139	580.591552734375
19.145	577.2474975585938
19.151	577.2474975585938
19.156	573.9227905273438
19.162	573.9227905273438
19.168	570.6172485351562
19.174	567.3306884765625
19.18	573.9227905273438
19.185	570.6172485351562
19.191	577.2474975585938
19.197	577.2474975585938
19.203	580.591552734375
19.209	583.954833984375
19.215	587.3377075195312
19.22	597.6041870117188
19.226	604.548095703125
19.232	604.548095703125
19.238	0.0
19.244	0.0
19.249000000000002	0.0
19.255	0.0
19.261	0.0
19.267	0.0
19.273	0.0
19.278	0.0
19.284000000000002	0.0
19.29	0.0
19.296	0.0
19.302	0.0
19.307000000000002	0.0
19.313	0.0
19.319000000000003	0.0
19.325	0.0
19.331	0.0
19.336	0.0
19.342	0.0
19.348	0.0
19.354	0.0
19.36	0.0
19.365	0.0
19.371	0.0
19.377	0.0
19.383	0.0
19.389	0.0
19.394000000000002	0.0
19.4	0.0
19.406	0.0
19.412	0.0
19.418	0.0
19.423	0.0
19.429000000000002	0.0
19.435	0.0
19.441	0.0
19.447	0.0
19.453	0.0
19.458	0.0
19.464000000000002	0.0
19.47	0.0
19.476	0.0
19.482	0.0
19.487000000000002	0.0
19.493	0.0
19.499000000000002	0.0
19.505	0.0
19.511	0.0
19.516	0.0
19.522000000000002	0.0
19.528	0.0
19.534000000000002	0.0
19.54	0.0
19.545	0.0
19.551	0.0
19.557000000000002	0.0
19.563	0.0
19.569000000000003	587.3377075195312
19.574	587.3377075195312
19.58	587.3377075195312
19.586	583.954833984375
19.592	580.591552734375
19.598	577.2474975585938
19.602999999999998	577.2474975585938
19.609	573.9227905273438
19.615	577.2474975585938
19.621	570.6172485351562
19.627	573.9227905273438
19.632	580.591552734375
19.637999999999998	580.591552734375
19.644000000000002	587.3377075195312
19.65	594.1622314453125
19.656	597.6041870117188
19.660999999999998	601.066162109375
19.667	608.0502319335938
19.673	608.0502319335938
19.679000000000002	615.115478515625
19.685	629.4931640625
19.691	625.8675537109375
19.695999999999998	633.1398315429688
19.702	633.1398315429688
19.708	629.4931640625
19.714000000000002	625.8675537109375
19.72	629.4931640625
19.725	633.1398315429688
19.730999999999998	629.4931640625
19.737000000000002	625.8675537109375
19.743	625.8675537109375
19.749000000000002	615.115478515625
19.754	611.5726928710938
19.76	604.548095703125
19.766	601.066162109375
19.772000000000002	601.066162109375
19.778	590.7401123046875
19.783	587.3377075195312
19.789	583.954833984375
19.795	580.591552734375
19.801	580.591552734375
19.807000000000002	577.2474975585938
19.812	577.2474975585938
19.817999999999998	564.0631103515625
19.824	570.6172485351562
19.83	567.3306884765625
19.836	573.9227905273438
19.840999999999998	577.2474975585938
19.847	583.954833984375
19.852999999999998	590.7401123046875
19.859	590.7401123046875
19.865	597.6041870117188
19.87	604.548095703125
19.875999999999998	608.0502319335938
19.882	618.6788330078125
19.887999999999998	633.1398315429688
19.894000000000002	629.4931640625
19.9	629.4931640625
19.905	644.2069702148438
19.910999999999998	640.4966430664062
19.917	640.4966430664062
19.923	640.4966430664062
19.929000000000002	636.8075561523438
19.934	636.8075561523438
19.94	636.8075561523438
19.945999999999998	633.1398315429688
19.952	622.2628173828125
19.958	611.5726928710938
19.963	608.0502319335938
19.969	604.548095703125
19.975	597.6041870117188
19.980999999999998	587.3377075195312
19.987000000000002	570.6172485351562
19.992	570.6172485351562
19.998	564.0631103515625
20.004	557.584228515625
20.01	551.1798095703125
20.016	548.0051879882812
20.021	544.8489379882812
20.027	544.8489379882812
20.033	554.372802734375
20.039	551.1798095703125
20.045	551.1798095703125
20.05	567.3306884765625
20.055999999999997	570.6172485351562
20.062	573.9227905273438
20.067999999999998	580.591552734375
20.074	583.954833984375
20.079	594.1622314453125
20.085	597.6041870117188
20.090999999999998	608.0502319335938
20.097	618.6788330078125
20.102999999999998	622.2628173828125
20.108	633.1398315429688
20.114	629.4931640625
20.12	629.4931640625
20.125999999999998	651.6923217773438
20.132	622.2628173828125
20.137999999999998	633.1398315429688
20.143	625.8675537109375
20.149	629.4931640625
20.155	622.2628173828125
20.160999999999998	618.6788330078125
20.167	611.5726928710938
20.172	604.548095703125
20.178	597.6041870117188
20.184	590.7401123046875
20.19	583.954833984375
20.195999999999998	580.591552734375
20.201	577.2474975585938
20.207	570.6172485351562
20.213	573.9227905273438
20.219	567.3306884765625
20.225	554.372802734375
20.23	551.1798095703125
20.236	570.6172485351562
20.242	577.2474975585938
20.248	573.9227905273438
20.254	577.2474975585938
20.259	580.591552734375
20.265	587.3377075195312
20.271	590.7401123046875
20.277	594.1622314453125
20.283	597.6041870117188
20.288	601.066162109375
20.294	604.548095703125
20.3	604.548095703125
20.305999999999997	611.5726928710938
20.312	629.4931640625
20.317	625.8675537109375
20.323	629.4931640625
20.329	636.8075561523438
20.335	622.2628173828125
20.340999999999998	618.6788330078125
20.346	636.8075561523438
20.352	622.2628173828125
20.358	611.5726928710938
20.364	608.0502319335938
20.37	604.548095703125
20.375999999999998	597.6041870117188
20.381	587.3377075195312
20.387	580.591552734375
20.393	580.591552734375
20.399	567.3306884765625
20.405	564.0631103515625
20.41	560.8143310546875
20.416	564.0631103515625
20.422	570.6172485351562
20.428	573.9227905273438
20.434	554.372802734375
20.439	564.0631103515625
20.445	580.591552734375
20.451	577.2474975585938
20.457	580.591552734375
20.463	580.591552734375
20.468	583.954833984375
20.474	590.7401123046875
20.48	590.7401123046875
20.486	590.7401123046875
20.491999999999997	587.3377075195312
20.497	594.1622314453125
20.503	601.066162109375
20.509	608.0502319335938
20.515	611.5726928710938
20.521	611.5726928710938
20.526	608.0502319335938
20.531999999999996	604.548095703125
20.538	604.548095703125
20.544	601.066162109375
20.55	590.7401123046875
20.555	587.3377075195312
20.561	587.3377075195312
20.566999999999997	590.7401123046875
20.573	590.7401123046875
20.579	590.7401123046875
20.584	597.6041870117188
20.59	594.1622314453125
20.596	597.6041870117188
20.601999999999997	594.1622314453125
20.608	601.066162109375
20.614	608.0502319335938
20.619	611.5726928710938
20.625	618.6788330078125
20.631	618.6788330078125
20.636999999999997	618.6788330078125
20.643	615.115478515625
20.648000000000003	611.5726928710938
20.654	611.5726928710938
20.66	615.115478515625
20.666	622.2628173828125
20.671999999999997	629.4931640625
20.677	618.6788330078125
20.683000000000003	615.115478515625
20.689	611.5726928710938
20.695	608.0502319335938
20.701	608.0502319335938
20.706	601.066162109375
20.712	594.1622314453125
20.718000000000004	597.6041870117188
20.724	594.1622314453125
20.73	590.7401123046875
20.735	597.6041870117188
20.741	594.1622314453125
20.747	590.7401123046875
20.753	597.6041870117188
20.759	597.6041870117188
20.764	597.6041870117188
20.77	590.7401123046875
20.776	583.954833984375
20.781999999999996	590.7401123046875
20.788	594.1622314453125
20.793000000000003	601.066162109375
20.799	601.066162109375
20.805	594.1622314453125
20.811	590.7401123046875
20.816999999999997	594.1622314453125
20.822	597.6041870117188
20.828000000000003	597.6041870117188
20.834	594.1622314453125
20.84	587.3377075195312
20.846	597.6041870117188
20.851999999999997	590.7401123046875
20.857	597.6041870117188
20.863000000000003	590.7401123046875
20.869	587.3377075195312
20.875	604.548095703125
20.881	573.9227905273438
20.886	564.0631103515625
20.892	611.5726928710938
20.898000000000003	564.0631103515625
20.904	548.0051879882812
20.91	583.954833984375
20.915	587.3377075195312
20.921	618.6788330078125
20.927	590.7401123046875
20.933000000000003	594.1622314453125
20.939	594.1622314453125
20.944000000000003	601.066162109375
20.95	615.115478515625
20.956	604.548095703125
20.962	604.548095703125
20.968000000000004	608.0502319335938
20.973000000000003	608.0502319335938
20.979	590.7401123046875
20.985	611.5726928710938
20.991	608.0502319335938
20.997	570.6172485351562
21.002	590.7401123046875
21.008000000000003	597.6041870117188
21.014	587.3377075195312
21.02	625.8675537109375
21.026	618.6788330078125
21.031	618.6788330078125
21.037	618.6788330078125
21.043000000000003	615.115478515625
21.049	594.1622314453125
21.055	554.372802734375
21.06	538.5906982421875
21.066	560.8143310546875
21.072	560.8143310546875
21.078000000000003	551.1798095703125
21.084	560.8143310546875
21.09	577.2474975585938
21.095	573.9227905273438
21.101	587.3377075195312
21.107	601.066162109375
21.113000000000003	594.1622314453125
21.119	611.5726928710938
21.124000000000002	611.5726928710938
21.13	570.6172485351562
21.136	597.6041870117188
21.142	611.5726928710938
21.148000000000003	625.8675537109375
21.153000000000002	633.1398315429688
21.159000000000002	604.548095703125
21.165	611.5726928710938
21.171	608.0502319335938
21.177	608.0502319335938
21.182	597.6041870117188
21.188000000000002	604.548095703125
21.194000000000003	597.6041870117188
21.2	570.6172485351562
21.206	554.372802734375
21.211	535.4887084960938
21.217	523.258056640625
21.223000000000003	541.7108154296875
21.229	529.3380126953125
21.235	511.3067321777344
21.24	538.5906982421875
21.246	517.2478637695312
21.252	535.4887084960938
21.258000000000003	523.258056640625
21.264	529.3380126953125
21.269000000000002	551.1798095703125
21.275	580.591552734375
21.281	597.6041870117188
21.287	0.0
21.293000000000003	0.0
21.299	0.0
21.304000000000002	0.0
21.31	0.0
21.316	0.0
21.322	0.0
21.328000000000003	0.0
21.333000000000002	0.0
21.339000000000002	0.0
21.345	0.0
21.351	0.0
21.357	0.0
21.362	0.0
21.368000000000002	0.0
21.374000000000002	0.0
21.38	0.0
21.386	0.0
21.391	0.0
21.397	0.0
21.403000000000002	0.0
21.409000000000002	0.0
21.415	0.0
21.42	0.0
21.426	0.0
21.432	0.0
21.438000000000002	0.0
21.444000000000003	0.0
21.449	0.0
21.455	0.0
21.461	0.0
21.467	0.0
21.473000000000003	0.0
21.478	0.0
21.484	0.0
21.49	0.0
21.496	0.0
21.502	0.0
21.506999999999998	0.0
21.513	0.0
21.519000000000002	0.0
21.525	0.0
21.531	0.0
21.537	0.0
21.541999999999998	0.0
21.548000000000002	0.0
21.554000000000002	0.0
21.56	0.0
21.566	0.0
21.570999999999998	0.0
21.576999999999998	0.0
21.583000000000002	0.0
21.589000000000002	0.0
21.595	0.0
21.6	0.0
21.605999999999998	0.0
21.612	0.0
21.618000000000002	0.0
21.624000000000002	0.0
21.629	0.0
21.635	0.0
21.641	0.0
21.647	0.0
21.653000000000002	0.0
21.658	0.0
21.664	0.0
21.67	0.0
21.676	0.0
21.682	0.0
21.686999999999998	0.0
21.693	0.0
21.699	0.0
21.705	0.0
21.711	0.0
21.715999999999998	0.0
21.721999999999998	0.0
21.728	0.0
21.734	0.0
21.74	0.0
21.745	0.0
21.750999999999998	0.0
21.756999999999998	0.0
21.763	0.0
21.769000000000002	0.0
21.775	0.0
21.78	0.0
21.785999999999998	0.0
21.791999999999998	0.0
21.798000000000002	0.0
21.804000000000002	0.0
21.809	0.0
21.815	0.0
21.820999999999998	0.0
21.826999999999998	0.0
21.833000000000002	0.0
21.838	0.0
21.844	0.0
21.85	0.0
21.855999999999998	0.0
21.862	0.0
21.866999999999997	0.0
21.873	0.0
21.879	0.0
21.885	0.0
21.891	0.0
21.896	0.0
21.901999999999997	0.0
21.908	0.0
21.914	0.0
21.92	0.0
21.925	0.0
21.930999999999997	0.0
21.936999999999998	0.0
21.943	0.0
21.949	0.0
21.954	0.0
21.96	0.0
21.965999999999998	0.0
21.971999999999998	0.0
21.978	0.0
21.983	0.0
21.989	0.0
21.995	0.0
22.000999999999998	0.0
22.006999999999998	0.0
22.013	0.0
22.018	0.0
22.024	0.0
22.03	0.0
22.035999999999998	0.0
22.041999999999998	0.0
22.046999999999997	0.0
22.053	0.0
22.059	0.0
22.065	0.0
22.070999999999998	0.0
22.076	0.0
22.081999999999997	0.0
22.088	0.0
22.094	0.0
22.1	0.0
22.105	0.0
22.111	0.0
22.116999999999997	0.0
22.123	0.0
22.129	0.0
22.134	0.0
22.14	0.0
22.146	0.0
22.151999999999997	0.0
22.158	0.0
22.163	0.0
22.169	0.0
22.175	0.0
