0.0	0.0
0.006	0.0
0.012	0.0
0.017	0.0
0.023	0.0
0.028999999999999998	0.0
0.035	0.0
0.040999999999999995	0.0
0.046	0.0
0.052000000000000005	0.0
0.057999999999999996	0.0
0.064	0.0
0.07	0.0
0.075	493.8896484375
0.081	499.62841796875
0.087	496.750732421875
0.09300000000000001	491.0450744628906
0.099	505.4338684082031
0.10400000000000001	488.216796875
0.11	491.0450744628906
0.11599999999999999	482.609130859375
0.122	471.5862731933594
0.128	482.609130859375
0.134	474.3181457519531
0.139	468.8700866699219
0.145	468.8700866699219
0.151	468.8700866699219
0.157	458.1610107421875
0.163	466.16961669921875
0.168	471.5862731933594
0.174	474.3181457519531
0.18	466.16961669921875
0.18600000000000003	482.609130859375
0.192	477.06585693359375
0.19699999999999998	482.609130859375
0.203	488.216796875
0.209	491.0450744628906
0.215	508.36181640625
0.221	482.609130859375
0.226	485.4048767089844
0.23199999999999998	502.5227355957031
0.23800000000000002	505.4338684082031
0.244	0.0
0.25	0.0
0.255	0.0
0.261	0.0
0.267	0.0
0.273	0.0
0.27899999999999997	0.0
0.284	0.0
0.29	0.0
0.29600000000000004	0.0
0.302	0.0
0.308	0.0
0.313	0.0
0.319	0.0
0.325	0.0
0.331	0.0
0.337	0.0
0.342	0.0
0.348	0.0
0.354	0.0
0.36	0.0
0.366	529.3380126953125
0.37200000000000005	514.2687377929688
0.377	514.2687377929688
0.38299999999999995	508.36181640625
0.389	554.372802734375
0.395	551.1798095703125
0.401	590.7401123046875
0.406	554.372802734375
0.41200000000000003	573.9227905273438
0.418	570.6172485351562
0.424	560.8143310546875
0.43	567.3306884765625
0.435	557.584228515625
0.441	560.8143310546875
0.447	573.9227905273438
0.45299999999999996	560.8143310546875
0.45899999999999996	567.3306884765625
0.46399999999999997	564.0631103515625
0.47	587.3377075195312
0.47600000000000003	564.0631103515625
0.48200000000000004	577.2474975585938
0.488	577.2474975585938
0.493	580.591552734375
0.499	590.7401123046875
0.505	597.6041870117188
0.511	580.591552734375
0.517	573.9227905273438
0.522	577.2474975585938
0.528	573.9227905273438
0.534	570.6172485351562
0.54	567.3306884765625
0.546	560.8143310546875
0.551	564.0631103515625
0.557	557.584228515625
0.563	548.0051879882812
0.569	548.0051879882812
0.575	535.4887084960938
0.58	538.5906982421875
0.586	541.7108154296875
0.5920000000000001	505.4338684082031
0.598	523.258056640625
0.604	523.258056640625
0.61	508.36181640625
0.615	508.36181640625
0.621	532.4044799804688
0.627	583.954833984375
0.633	541.7108154296875
0.639	538.5906982421875
0.644	523.258056640625
0.65	529.3380126953125
0.6559999999999999	541.7108154296875
0.662	548.0051879882812
0.6679999999999999	554.372802734375
0.6729999999999999	564.0631103515625
0.679	567.3306884765625
0.685	567.3306884765625
0.691	583.954833984375
0.6970000000000001	577.2474975585938
0.7020000000000001	577.2474975585938
0.708	577.2474975585938
0.7140000000000001	573.9227905273438
0.72	567.3306884765625
0.726	567.3306884765625
0.731	560.8143310546875
0.737	551.1798095703125
0.743	541.7108154296875
0.7490000000000001	535.4887084960938
0.755	535.4887084960938
0.76	496.750732421875
0.7659999999999999	526.2892456054688
0.772	529.3380126953125
0.778	479.8294982910156
0.784	508.36181640625
0.789	499.62841796875
0.795	499.62841796875
0.8009999999999999	529.3380126953125
0.807	529.3380126953125
0.813	535.4887084960938
0.8190000000000001	541.7108154296875
0.8240000000000001	560.8143310546875
0.83	573.9227905273438
0.836	577.2474975585938
0.8420000000000001	587.3377075195312
0.848	590.7401123046875
0.853	608.0502319335938
0.8590000000000001	597.6041870117188
0.865	594.1622314453125
0.871	590.7401123046875
0.877	590.7401123046875
0.882	608.0502319335938
0.888	564.0631103515625
0.894	583.954833984375
0.9	541.7108154296875
0.9059999999999999	570.6172485351562
0.9109999999999999	526.2892456054688
0.917	560.8143310546875
0.9229999999999999	570.6172485351562
0.929	564.0631103515625
0.935	551.1798095703125
0.94	554.372802734375
0.946	560.8143310546875
0.9520000000000001	560.8143310546875
0.958	557.584228515625
0.9640000000000001	557.584228515625
0.9690000000000001	567.3306884765625
0.975	557.584228515625
0.981	564.0631103515625
0.987	0.0
0.993	0.0
0.998	0.0
1.004	0.0
1.01	0.0
1.016	526.2892456054688
1.022	554.372802734375
1.0270000000000001	526.2892456054688
1.033	488.216796875
1.0390000000000001	468.8700866699219
1.045	508.36181640625
1.051	502.5227355957031
1.057	499.62841796875
1.062	505.4338684082031
1.068	508.36181640625
1.074	505.4338684082031
1.08	505.4338684082031
1.0859999999999999	493.8896484375
1.091	493.8896484375
1.097	493.8896484375
1.103	488.216796875
1.109	485.4048767089844
1.115	471.5862731933594
1.12	468.8700866699219
1.126	505.4338684082031
1.1320000000000001	471.5862731933594
1.138	491.0450744628906
1.1440000000000001	479.8294982910156
1.149	477.06585693359375
1.155	493.8896484375
1.161	488.216796875
1.167	491.0450744628906
1.173	496.750732421875
1.178	485.4048767089844
1.1840000000000002	496.750732421875
1.19	499.62841796875
1.196	471.5862731933594
1.202	496.750732421875
1.207	499.62841796875
1.213	493.8896484375
1.219	508.36181640625
1.225	493.8896484375
1.2309999999999999	514.2687377929688
1.236	493.8896484375
1.242	508.36181640625
1.248	496.750732421875
1.254	514.2687377929688
1.26	496.750732421875
1.265	491.0450744628906
1.271	508.36181640625
1.2770000000000001	496.750732421875
1.2830000000000001	499.62841796875
1.2890000000000001	502.5227355957031
1.295	493.8896484375
1.3	491.0450744628906
1.306	452.8985900878906
1.3119999999999998	445.1180114746094
1.318	468.8700866699219
1.324	505.4338684082031
1.329	526.2892456054688
1.335	529.3380126953125
1.341	532.4044799804688
1.347	548.0051879882812
1.3530000000000002	551.1798095703125
1.358	517.2478637695312
1.364	560.8143310546875
1.37	557.584228515625
1.376	567.3306884765625
1.382	570.6172485351562
1.3869999999999998	529.3380126953125
1.393	567.3306884765625
1.399	544.8489379882812
1.405	523.258056640625
1.411	535.4887084960938
1.416	508.36181640625
1.422	532.4044799804688
1.4280000000000002	535.4887084960938
1.4340000000000002	520.2442626953125
1.44	502.5227355957031
1.445	529.3380126953125
1.4509999999999998	538.5906982421875
1.4569999999999999	520.2442626953125
1.463	523.258056640625
1.469	526.2892456054688
1.474	544.8489379882812
1.48	548.0051879882812
1.486	557.584228515625
1.492	570.6172485351562
1.4980000000000002	564.0631103515625
1.5030000000000001	580.591552734375
1.5090000000000001	573.9227905273438
1.515	577.2474975585938
1.521	583.954833984375
1.527	583.954833984375
1.5330000000000001	583.954833984375
1.538	580.591552734375
1.544	567.3306884765625
1.55	564.0631103515625
1.556	548.0051879882812
1.5619999999999998	529.3380126953125
1.567	520.2442626953125
1.5730000000000002	535.4887084960938
1.579	505.4338684082031
1.585	496.750732421875
1.591	485.4048767089844
1.5959999999999999	477.06585693359375
1.6019999999999999	496.750732421875
1.608	526.2892456054688
1.614	491.0450744628906
1.62	523.258056640625
1.625	538.5906982421875
1.631	538.5906982421875
1.6369999999999998	551.1798095703125
1.643	560.8143310546875
1.649	573.9227905273438
1.6540000000000001	587.3377075195312
1.66	608.0502319335938
1.666	608.0502319335938
1.672	608.0502319335938
1.6780000000000002	618.6788330078125
1.683	615.115478515625
1.689	604.548095703125
1.695	611.5726928710938
1.7009999999999998	601.066162109375
1.7069999999999999	583.954833984375
1.712	580.591552734375
1.7180000000000002	570.6172485351562
1.724	560.8143310546875
1.73	548.0051879882812
1.736	538.5906982421875
1.7409999999999999	541.7108154296875
1.7469999999999999	520.2442626953125
1.7530000000000001	564.0631103515625
1.7590000000000001	517.2478637695312
1.765	541.7108154296875
1.771	517.2478637695312
1.776	544.8489379882812
1.7819999999999998	541.7108154296875
1.788	551.1798095703125
1.794	557.584228515625
1.8	577.2474975585938
1.805	583.954833984375
1.811	590.7401123046875
1.817	590.7401123046875
1.8230000000000002	597.6041870117188
1.829	608.0502319335938
1.834	604.548095703125
1.84	560.8143310546875
1.8459999999999999	564.0631103515625
1.8519999999999999	587.3377075195312
1.858	604.548095703125
1.8630000000000002	580.591552734375
1.869	564.0631103515625
1.875	551.1798095703125
1.881	551.1798095703125
1.8869999999999998	580.591552734375
1.892	567.3306884765625
1.8980000000000001	560.8143310546875
1.9040000000000001	577.2474975585938
1.91	577.2474975585938
1.916	570.6172485351562
1.921	564.0631103515625
1.9269999999999998	564.0631103515625
1.933	573.9227905273438
1.939	567.3306884765625
1.945	551.1798095703125
1.95	567.3306884765625
1.956	573.9227905273438
1.962	608.0502319335938
1.9680000000000002	580.591552734375
1.974	608.0502319335938
1.98	611.5726928710938
1.985	590.7401123046875
1.9909999999999999	597.6041870117188
1.9969999999999999	594.1622314453125
2.003	587.3377075195312
2.009	590.7401123046875
2.0140000000000002	601.066162109375
2.02	594.1622314453125
2.026	594.1622314453125
2.032	594.1622314453125
2.0380000000000003	601.066162109375
2.043	601.066162109375
2.049	597.6041870117188
2.055	590.7401123046875
2.061	608.0502319335938
2.0669999999999997	604.548095703125
2.072	587.3377075195312
2.0780000000000003	604.548095703125
2.084	601.066162109375
2.09	594.1622314453125
2.096	597.6041870117188
2.101	583.954833984375
2.1069999999999998	597.6041870117188
2.113	587.3377075195312
2.119	597.6041870117188
2.125	590.7401123046875
2.13	590.7401123046875
2.136	594.1622314453125
2.142	590.7401123046875
2.148	594.1622314453125
2.154	597.6041870117188
2.1590000000000003	587.3377075195312
2.165	594.1622314453125
2.171	583.954833984375
2.177	594.1622314453125
2.1830000000000003	587.3377075195312
2.188	587.3377075195312
2.194	590.7401123046875
2.2	583.954833984375
2.206	590.7401123046875
2.2119999999999997	580.591552734375
2.218	583.954833984375
2.2230000000000003	573.9227905273438
2.229	564.0631103515625
2.235	564.0631103515625
2.241	583.954833984375
2.247	590.7401123046875
2.252	590.7401123046875
2.258	573.9227905273438
2.2640000000000002	594.1622314453125
2.27	0.0
2.276	0.0
2.281	0.0
2.287	0.0
2.293	0.0
2.299	0.0
2.305	0.0
2.31	0.0
2.316	0.0
2.322	488.216796875
2.3280000000000003	496.750732421875
2.334	496.750732421875
2.339	499.62841796875
2.345	499.62841796875
2.351	502.5227355957031
2.3569999999999998	505.4338684082031
2.363	505.4338684082031
2.3680000000000003	505.4338684082031
2.374	508.36181640625
2.38	508.36181640625
2.386	517.2478637695312
2.392	514.2687377929688
2.397	520.2442626953125
2.403	517.2478637695312
2.4090000000000003	514.2687377929688
2.415	508.36181640625
2.421	508.36181640625
2.426	508.36181640625
2.432	508.36181640625
2.438	505.4338684082031
2.444	508.36181640625
2.45	499.62841796875
2.456	502.5227355957031
2.461	499.62841796875
2.467	499.62841796875
2.4730000000000003	502.5227355957031
2.479	496.750732421875
2.485	502.5227355957031
2.49	499.62841796875
2.496	502.5227355957031
2.502	499.62841796875
2.508	502.5227355957031
2.5140000000000002	505.4338684082031
2.519	505.4338684082031
2.525	511.3067321777344
2.531	517.2478637695312
2.537	517.2478637695312
2.543	517.2478637695312
2.548	514.2687377929688
2.5540000000000003	514.2687377929688
2.56	514.2687377929688
2.5660000000000003	520.2442626953125
2.572	520.2442626953125
2.577	526.2892456054688
2.583	517.2478637695312
2.589	514.2687377929688
2.595	511.3067321777344
2.6010000000000004	523.258056640625
2.6060000000000003	523.258056640625
2.612	529.3380126953125
2.6180000000000003	488.216796875
2.6239999999999997	488.216796875
2.63	499.62841796875
2.635	520.2442626953125
2.641	554.372802734375
2.647	564.0631103515625
2.653	590.7401123046875
2.659	618.6788330078125
2.6639999999999997	615.115478515625
2.67	594.1622314453125
2.676	583.954833984375
2.682	577.2474975585938
2.688	618.6788330078125
2.694	636.8075561523438
2.699	625.8675537109375
2.705	615.115478515625
2.7110000000000003	655.4675903320312
2.717	670.7885131835938
2.7230000000000003	670.7885131835938
2.728	674.6744384765625
2.734	674.6744384765625
2.74	674.6744384765625
2.7460000000000004	663.0838012695312
2.752	659.2647094726562
2.7569999999999997	659.2647094726562
2.763	647.9388427734375
2.7689999999999997	644.2069702148438
2.775	651.6923217773438
2.781	644.2069702148438
2.786	644.2069702148438
2.792	644.2069702148438
2.798	640.4966430664062
2.804	625.8675537109375
2.81	636.8075561523438
2.815	644.2069702148438
2.821	647.9388427734375
2.827	651.6923217773438
2.833	655.4675903320312
2.839	663.0838012695312
2.844	670.7885131835938
2.85	674.6744384765625
2.8560000000000003	678.5827026367188
2.862	682.5137939453125
2.8680000000000003	694.4439697265625
2.873	702.5130615234375
2.8789999999999996	702.5130615234375
2.885	698.4669189453125
2.891	694.4439697265625
2.897	694.4439697265625
2.9019999999999997	694.4439697265625
2.908	682.5137939453125
2.9139999999999997	663.0838012695312
2.92	655.4675903320312
2.926	633.1398315429688
2.932	618.6788330078125
2.937	618.6788330078125
2.943	597.6041870117188
2.949	597.6041870117188
2.955	594.1622314453125
2.9610000000000003	590.7401123046875
2.966	597.6041870117188
2.972	601.066162109375
2.978	608.0502319335938
2.984	629.4931640625
2.99	640.4966430664062
2.995	651.6923217773438
3.0010000000000003	666.925048828125
3.0069999999999997	678.5827026367188
3.013	682.5137939453125
3.0189999999999997	690.4442138671875
3.0239999999999996	698.4669189453125
3.03	706.5827026367188
3.036	718.9336547851562
3.042	702.5130615234375
3.048	702.5130615234375
3.053	706.5827026367188
3.0589999999999997	702.5130615234375
3.065	686.467529296875
3.071	674.6744384765625
3.077	659.2647094726562
3.082	644.2069702148438
3.088	625.8675537109375
3.094	611.5726928710938
3.1	615.115478515625
3.1060000000000003	583.954833984375
3.111	594.1622314453125
3.117	594.1622314453125
3.123	594.1622314453125
3.1289999999999996	601.066162109375
3.135	601.066162109375
3.14	618.6788330078125
3.1460000000000004	629.4931640625
3.1519999999999997	647.9388427734375
3.158	651.6923217773438
3.1639999999999997	670.7885131835938
3.17	674.6744384765625
3.175	686.467529296875
3.181	690.4442138671875
3.187	702.5130615234375
3.193	710.6759643554688
3.199	710.6759643554688
3.2039999999999997	706.5827026367188
3.21	710.6759643554688
3.216	718.9336547851562
3.222	698.4669189453125
3.228	690.4442138671875
3.233	678.5827026367188
3.239	666.925048828125
3.245	655.4675903320312
3.2510000000000003	640.4966430664062
3.2569999999999997	622.2628173828125
3.262	608.0502319335938
3.2680000000000002	611.5726928710938
3.2739999999999996	601.066162109375
3.28	597.6041870117188
3.286	608.0502319335938
3.2910000000000004	594.1622314453125
3.2969999999999997	615.115478515625
3.303	644.2069702148438
3.3089999999999997	636.8075561523438
3.315	651.6923217773438
3.32	663.0838012695312
3.326	670.7885131835938
3.332	682.5137939453125
3.338	686.467529296875
3.344	694.4439697265625
3.3489999999999998	690.4442138671875
3.355	710.6759643554688
3.361	706.5827026367188
3.367	706.5827026367188
3.373	690.4442138671875
3.3789999999999996	698.4669189453125
3.384	682.5137939453125
3.39	674.6744384765625
3.3960000000000004	655.4675903320312
3.4019999999999997	633.1398315429688
3.408	615.115478515625
3.4130000000000003	622.2628173828125
3.4189999999999996	611.5726928710938
3.425	570.6172485351562
3.431	611.5726928710938
3.437	663.0838012695312
3.4419999999999997	655.4675903320312
3.448	601.066162109375
3.4539999999999997	618.6788330078125
3.46	644.2069702148438
3.466	618.6788330078125
3.471	659.2647094726562
3.477	686.467529296875
3.483	678.5827026367188
3.489	682.5137939453125
3.495	686.467529296875
3.5	686.467529296875
3.5060000000000002	698.4669189453125
3.512	686.467529296875
3.5180000000000002	690.4442138671875
3.5239999999999996	682.5137939453125
3.529	678.5827026367188
3.535	655.4675903320312
3.5410000000000004	636.8075561523438
3.5469999999999997	618.6788330078125
3.553	629.4931640625
3.5580000000000003	663.0838012695312
3.5639999999999996	670.7885131835938
3.57	670.7885131835938
3.576	682.5137939453125
3.582	655.4675903320312
3.5869999999999997	0.0
3.593	0.0
3.5989999999999998	0.0
3.605	0.0
3.611	0.0
3.617	0.0
3.622	0.0
3.628	0.0
3.634	0.0
3.64	0.0
3.6460000000000004	0.0
3.6510000000000002	0.0
3.657	0.0
3.6630000000000003	0.0
3.6689999999999996	0.0
3.675	0.0
3.68	0.0
3.6860000000000004	0.0
3.6919999999999997	0.0
3.698	0.0
3.7039999999999997	0.0
3.7089999999999996	0.0
3.715	0.0
3.721	0.0
3.727	0.0
3.733	0.0
3.738	0.0
3.7439999999999998	0.0
3.75	0.0
3.7560000000000002	0.0
3.762	0.0
3.767	0.0
3.773	0.0
3.779	0.0
3.785	0.0
3.7910000000000004	0.0
3.7960000000000003	0.0
3.802	0.0
3.8080000000000003	0.0
3.8139999999999996	0.0
3.82	0.0
3.825	0.0
3.8310000000000004	0.0
3.8369999999999997	0.0
3.843	0.0
3.8489999999999998	0.0
3.855	322.1021728515625
3.86	323.9681091308594
3.866	314.74530029296875
3.872	327.73248291015625
3.878	333.4611511230469
3.884	331.5405578613281
3.889	335.3929138183594
3.895	337.3358154296875
3.9010000000000002	337.3358154296875
3.907	345.220703125
3.9130000000000003	333.4611511230469
3.918	341.2555236816406
3.924	337.3358154296875
3.93	329.6310119628906
3.9360000000000004	331.5405578613281
3.9419999999999997	337.3358154296875
3.947	491.0450744628906
3.9530000000000003	468.8700866699219
3.9589999999999996	493.8896484375
3.965	485.4048767089844
3.971	479.8294982910156
3.9760000000000004	485.4048767089844
3.9819999999999998	466.16961669921875
3.988	493.8896484375
3.9939999999999998	479.8294982910156
4.0	485.4048767089844
4.005	485.4048767089844
4.011	477.06585693359375
4.0169999999999995	485.4048767089844
4.023	488.216796875
4.029	477.06585693359375
4.034	479.8294982910156
4.04	479.8294982910156
4.046	477.06585693359375
4.052	479.8294982910156
4.058	482.609130859375
4.063	477.06585693359375
4.069	485.4048767089844
4.075	485.4048767089844
4.081	488.216796875
4.087	482.609130859375
4.093	482.609130859375
4.098	485.4048767089844
4.104	482.609130859375
4.11	488.216796875
4.1160000000000005	488.216796875
4.122	491.0450744628906
4.127	491.0450744628906
4.133	493.8896484375
4.138999999999999	493.8896484375
4.145	491.0450744628906
4.151	491.0450744628906
4.156000000000001	491.0450744628906
4.162	491.0450744628906
4.168	491.0450744628906
4.1739999999999995	493.8896484375
4.18	488.216796875
4.185	488.216796875
4.191	493.8896484375
4.197	491.0450744628906
4.203	488.216796875
4.209	488.216796875
4.2139999999999995	488.216796875
4.22	491.0450744628906
4.226	493.8896484375
4.232	499.62841796875
4.238	496.750732421875
4.243	499.62841796875
4.249	505.4338684082031
4.255	514.2687377929688
4.261	499.62841796875
4.2669999999999995	505.4338684082031
4.272	514.2687377929688
4.2780000000000005	517.2478637695312
4.284	526.2892456054688
4.29	532.4044799804688
4.296	532.4044799804688
4.301	517.2478637695312
4.3069999999999995	526.2892456054688
4.313	514.2687377929688
4.319	526.2892456054688
4.325	535.4887084960938
4.331	529.3380126953125
4.336	514.2687377929688
4.342	532.4044799804688
4.348	554.372802734375
4.354	557.584228515625
4.36	544.8489379882812
4.365	520.2442626953125
4.371	532.4044799804688
4.377	535.4887084960938
4.383	541.7108154296875
4.388999999999999	544.8489379882812
4.394	557.584228515625
4.4	557.584228515625
4.406000000000001	551.1798095703125
4.412	551.1798095703125
4.418	554.372802734375
4.423	554.372802734375
4.428999999999999	551.1798095703125
4.435	548.0051879882812
4.441	554.372802734375
4.447	548.0051879882812
4.452	544.8489379882812
4.458	548.0051879882812
4.4639999999999995	538.5906982421875
4.47	541.7108154296875
4.476	541.7108154296875
4.481	544.8489379882812
4.487	551.1798095703125
4.493	548.0051879882812
4.499	554.372802734375
4.505	557.584228515625
4.51	564.0631103515625
4.516	570.6172485351562
4.522	573.9227905273438
4.5280000000000005	590.7401123046875
4.534	583.954833984375
4.54	590.7401123046875
4.545	587.3377075195312
4.551	590.7401123046875
4.5569999999999995	594.1622314453125
4.563	590.7401123046875
4.569	583.954833984375
4.574	577.2474975585938
4.58	577.2474975585938
4.586	567.3306884765625
4.592	560.8143310546875
4.598	551.1798095703125
4.603	541.7108154296875
4.609	541.7108154296875
4.615	535.4887084960938
4.621	523.258056640625
4.627	517.2478637695312
4.632	514.2687377929688
4.638	523.258056640625
4.644	526.2892456054688
4.65	526.2892456054688
4.656000000000001	532.4044799804688
4.6610000000000005	538.5906982421875
4.667	544.8489379882812
4.673	560.8143310546875
4.678999999999999	564.0631103515625
4.685	573.9227905273438
4.69	587.3377075195312
4.696000000000001	590.7401123046875
4.702	590.7401123046875
4.708	597.6041870117188
4.7139999999999995	594.1622314453125
4.718999999999999	608.0502319335938
4.725	597.6041870117188
4.731	594.1622314453125
4.737	587.3377075195312
4.743	587.3377075195312
4.748	587.3377075195312
4.754	567.3306884765625
4.76	560.8143310546875
4.766	548.0051879882812
4.772	538.5906982421875
4.7780000000000005	535.4887084960938
4.783	532.4044799804688
4.789	526.2892456054688
4.795	517.2478637695312
4.801	523.258056640625
4.8069999999999995	535.4887084960938
4.812	538.5906982421875
4.8180000000000005	544.8489379882812
4.824	554.372802734375
4.83	564.0631103515625
4.836	570.6172485351562
4.841	587.3377075195312
4.8469999999999995	583.954833984375
4.853	594.1622314453125
4.859	583.954833984375
4.865	583.954833984375
4.87	580.591552734375
4.876	590.7401123046875
4.882	611.5726928710938
4.888	583.954833984375
4.894	594.1622314453125
4.899	573.9227905273438
4.905	532.4044799804688
4.9110000000000005	541.7108154296875
4.917	554.372802734375
4.923	573.9227905273438
4.928	557.584228515625
4.934	541.7108154296875
4.94	508.36181640625
4.946000000000001	502.5227355957031
4.952	499.62841796875
4.957	499.62841796875
4.963	505.4338684082031
4.968999999999999	485.4048767089844
4.975	502.5227355957031
4.981	482.609130859375
4.986000000000001	508.36181640625
4.992	493.8896484375
4.998	517.2478637695312
5.004	499.62841796875
5.01	505.4338684082031
5.016	505.4338684082031
5.021	488.216796875
5.027	520.2442626953125
5.033	488.216796875
5.039	496.750732421875
5.045	505.4338684082031
5.05	508.36181640625
5.056	511.3067321777344
5.062	474.3181457519531
5.0680000000000005	474.3181457519531
5.074	468.8700866699219
5.079	450.2900390625
5.085	474.3181457519531
5.091	488.216796875
5.0969999999999995	491.0450744628906
5.103	491.0450744628906
5.1080000000000005	491.0450744628906
5.114	493.8896484375
5.12	496.750732421875
5.126	496.750732421875
5.132000000000001	496.750732421875
5.1370000000000005	499.62841796875
5.143	493.8896484375
5.149	496.750732421875
5.155	493.8896484375
5.1610000000000005	491.0450744628906
5.166	479.8294982910156
5.172000000000001	482.609130859375
5.178	482.609130859375
5.184	482.609130859375
5.19	471.5862731933594
5.195	488.216796875
5.2010000000000005	493.8896484375
5.207000000000001	482.609130859375
5.212999999999999	493.8896484375
5.218999999999999	493.8896484375
5.224	499.62841796875
5.23	505.4338684082031
5.236000000000001	502.5227355957031
5.242000000000001	511.3067321777344
5.247999999999999	514.2687377929688
5.254	520.2442626953125
5.2589999999999995	514.2687377929688
5.265	517.2478637695312
5.271	529.3380126953125
5.277	520.2442626953125
5.2829999999999995	508.36181640625
5.287999999999999	505.4338684082031
5.294	520.2442626953125
5.3	505.4338684082031
5.306	493.8896484375
5.312	508.36181640625
5.317	493.8896484375
5.3229999999999995	0.0
5.329	0.0
5.335	0.0
5.341	511.3067321777344
5.346	508.36181640625
5.352	514.2687377929688
5.358	511.3067321777344
5.364	544.8489379882812
5.37	548.0051879882812
5.375	554.372802734375
5.381	570.6172485351562
5.3870000000000005	567.3306884765625
5.393	577.2474975585938
5.399	594.1622314453125
5.404	587.3377075195312
5.41	590.7401123046875
5.416	577.2474975585938
5.422000000000001	577.2474975585938
5.428	570.6172485351562
5.433	564.0631103515625
5.439	554.372802734375
5.445	544.8489379882812
5.4510000000000005	538.5906982421875
5.457000000000001	535.4887084960938
5.462000000000001	538.5906982421875
5.468	514.2687377929688
5.474	523.258056640625
5.48	523.258056640625
5.486000000000001	529.3380126953125
5.492000000000001	523.258056640625
5.497000000000001	523.258056640625
5.502999999999999	535.4887084960938
5.5089999999999995	532.4044799804688
5.515	544.8489379882812
5.521	551.1798095703125
5.526	554.372802734375
5.532	564.0631103515625
5.537999999999999	570.6172485351562
5.544	580.591552734375
5.55	587.3377075195312
5.555	597.6041870117188
5.561	583.954833984375
5.567	590.7401123046875
5.5729999999999995	594.1622314453125
5.579	590.7401123046875
5.584	597.6041870117188
5.59	577.2474975585938
5.596	577.2474975585938
5.602	570.6172485351562
5.608	567.3306884765625
5.6129999999999995	554.372802734375
5.619	535.4887084960938
5.625	526.2892456054688
5.631	514.2687377929688
5.6370000000000005	496.750732421875
5.642	511.3067321777344
5.648	505.4338684082031
5.654	505.4338684082031
5.66	511.3067321777344
5.666	511.3067321777344
5.671	520.2442626953125
5.6770000000000005	541.7108154296875
5.683	548.0051879882812
5.689	557.584228515625
5.695	570.6172485351562
5.7	587.3377075195312
5.706	608.0502319335938
5.712000000000001	604.548095703125
5.718	611.5726928710938
5.724	622.2628173828125
5.73	622.2628173828125
5.735	608.0502319335938
5.7410000000000005	622.2628173828125
5.747000000000001	604.548095703125
5.752999999999999	590.7401123046875
5.7589999999999995	577.2474975585938
5.763999999999999	570.6172485351562
5.77	554.372802734375
5.776	570.6172485351562
5.782	580.591552734375
5.787999999999999	554.372802734375
5.792999999999999	551.1798095703125
5.7989999999999995	523.258056640625
5.805	570.6172485351562
5.811	573.9227905273438
5.817	551.1798095703125
5.822	564.0631103515625
5.827999999999999	597.6041870117188
5.834	618.6788330078125
5.84	594.1622314453125
5.846	573.9227905273438
5.851	608.0502319335938
5.857	622.2628173828125
5.8629999999999995	597.6041870117188
5.869	587.3377075195312
5.875	587.3377075195312
5.88	604.548095703125
5.886	604.548095703125
5.892	604.548095703125
5.898	601.066162109375
5.904	601.066162109375
5.909	577.2474975585938
5.915	611.5726928710938
5.921	594.1622314453125
5.9270000000000005	577.2474975585938
5.933	587.3377075195312
5.939	587.3377075195312
5.944	594.1622314453125
5.95	594.1622314453125
5.956	567.3306884765625
5.962000000000001	587.3377075195312
5.968	594.1622314453125
5.973	597.6041870117188
5.979	577.2474975585938
5.985	604.548095703125
5.9910000000000005	594.1622314453125
5.997000000000001	608.0502319335938
6.002000000000001	604.548095703125
6.007999999999999	608.0502319335938
6.013999999999999	615.115478515625
6.02	604.548095703125
6.026	601.066162109375
6.031000000000001	597.6041870117188
6.037000000000001	594.1622314453125
6.042999999999999	597.6041870117188
6.0489999999999995	594.1622314453125
6.055	594.1622314453125
6.06	590.7401123046875
6.066	590.7401123046875
6.072	583.954833984375
6.077999999999999	590.7401123046875
6.084	587.3377075195312
6.0889999999999995	590.7401123046875
6.095	590.7401123046875
6.101	587.3377075195312
6.107	587.3377075195312
6.1129999999999995	587.3377075195312
6.117999999999999	590.7401123046875
6.124	594.1622314453125
6.13	594.1622314453125
6.136	597.6041870117188
6.142	590.7401123046875
6.147	597.6041870117188
6.153	587.3377075195312
6.159	594.1622314453125
6.165	580.591552734375
6.171	580.591552734375
6.1770000000000005	570.6172485351562
6.182	573.9227905273438
6.188	557.584228515625
6.194	554.372802734375
6.2	548.0051879882812
6.206	567.3306884765625
6.211	564.0631103515625
6.2170000000000005	564.0631103515625
6.223	551.1798095703125
6.229	587.3377075195312
6.235	597.6041870117188
6.24	597.6041870117188
6.246	0.0
6.252000000000001	0.0
6.257999999999999	0.0
6.263999999999999	0.0
6.269	0.0
6.275	0.0
6.281000000000001	0.0
6.287000000000001	0.0
6.292999999999999	485.4048767089844
6.297999999999999	471.5862731933594
6.303999999999999	479.8294982910156
6.31	499.62841796875
6.316	485.4048767089844
6.322	502.5227355957031
6.327000000000001	496.750732421875
6.332999999999999	505.4338684082031
6.3389999999999995	499.62841796875
6.345	502.5227355957031
6.351	502.5227355957031
6.356	499.62841796875
6.362	502.5227355957031
6.367999999999999	502.5227355957031
6.374	502.5227355957031
6.38	502.5227355957031
6.385	508.36181640625
6.391	502.5227355957031
6.397	508.36181640625
6.403	496.750732421875
6.409	508.36181640625
6.415	496.750732421875
6.42	505.4338684082031
6.426	493.8896484375
6.432	499.62841796875
6.438	496.750732421875
6.444	496.750732421875
6.449	499.62841796875
6.455	496.750732421875
6.461	502.5227355957031
6.4670000000000005	502.5227355957031
6.473	505.4338684082031
6.478	505.4338684082031
6.484	511.3067321777344
6.49	514.2687377929688
6.496	520.2442626953125
6.502000000000001	520.2442626953125
6.507000000000001	520.2442626953125
6.513	523.258056640625
6.519	526.2892456054688
6.525	529.3380126953125
6.531000000000001	526.2892456054688
6.5360000000000005	523.258056640625
6.542000000000001	523.258056640625
6.547999999999999	520.2442626953125
6.553999999999999	517.2478637695312
6.56	520.2442626953125
6.565	523.258056640625
6.571000000000001	517.2478637695312
6.577000000000001	538.5906982421875
6.582999999999999	520.2442626953125
6.5889999999999995	541.7108154296875
6.593999999999999	590.7401123046875
6.6	573.9227905273438
6.606	573.9227905273438
6.612	573.9227905273438
6.617999999999999	601.066162109375
6.622999999999999	567.3306884765625
6.629	577.2474975585938
6.635	573.9227905273438
6.641	583.954833984375
6.647	570.6172485351562
6.653	622.2628173828125
6.6579999999999995	590.7401123046875
6.664	622.2628173828125
6.67	640.4966430664062
6.676	640.4966430664062
6.682	640.4966430664062
6.687	651.6923217773438
6.693	663.0838012695312
6.699	663.0838012695312
6.705	659.2647094726562
6.711	659.2647094726562
6.716	655.4675903320312
6.722	655.4675903320312
6.728	651.6923217773438
6.734	640.4966430664062
6.74	622.2628173828125
6.745	633.1398315429688
6.751	629.4931640625
6.757000000000001	629.4931640625
6.763	604.548095703125
6.769	625.8675537109375
6.774	629.4931640625
6.78	633.1398315429688
6.7860000000000005	615.115478515625
6.792000000000001	636.8075561523438
6.797999999999999	647.9388427734375
6.803	655.4675903320312
6.809	663.0838012695312
6.815	666.925048828125
6.821000000000001	666.925048828125
6.827000000000001	674.6744384765625
6.832000000000001	678.5827026367188
6.837999999999999	678.5827026367188
6.843999999999999	690.4442138671875
6.85	686.467529296875
6.856	690.4442138671875
6.861000000000001	678.5827026367188
6.867000000000001	674.6744384765625
6.872999999999999	666.925048828125
6.879	655.4675903320312
6.885	640.4966430664062
6.891	615.115478515625
6.896	622.2628173828125
6.902	611.5726928710938
6.9079999999999995	583.954833984375
6.914	594.1622314453125
6.92	570.6172485351562
6.925	587.3377075195312
6.931	583.954833984375
6.937	590.7401123046875
6.943	590.7401123046875
6.949	601.066162109375
6.954	611.5726928710938
6.96	629.4931640625
6.966	651.6923217773438
6.972	647.9388427734375
6.978	666.925048828125
6.983	678.5827026367188
6.989	682.5137939453125
6.995	690.4442138671875
7.001	698.4669189453125
7.007000000000001	690.4442138671875
7.0120000000000005	694.4439697265625
7.018	686.467529296875
7.024	686.467529296875
7.03	670.7885131835938
7.0360000000000005	666.925048828125
7.041	655.4675903320312
7.047000000000001	647.9388427734375
7.053	633.1398315429688
7.059	611.5726928710938
7.065	601.066162109375
7.07	604.548095703125
7.0760000000000005	580.591552734375
7.082000000000001	597.6041870117188
7.087999999999999	570.6172485351562
7.093999999999999	590.7401123046875
7.1	577.2474975585938
7.105	597.6041870117188
7.111000000000001	590.7401123046875
7.117000000000001	615.115478515625
7.122999999999999	633.1398315429688
7.129	651.6923217773438
7.1339999999999995	651.6923217773438
7.14	663.0838012695312
7.146	682.5137939453125
7.152	682.5137939453125
7.1579999999999995	690.4442138671875
7.162999999999999	698.4669189453125
7.169	694.4439697265625
7.175	702.5130615234375
7.181	694.4439697265625
7.187	694.4439697265625
7.192	678.5827026367188
7.1979999999999995	678.5827026367188
7.204	659.2647094726562
7.21	651.6923217773438
7.216	633.1398315429688
7.221	622.2628173828125
7.227	622.2628173828125
7.233	597.6041870117188
7.239	597.6041870117188
7.245	587.3377075195312
7.25	583.954833984375
7.256	587.3377075195312
7.2620000000000005	587.3377075195312
7.268	594.1622314453125
7.274	594.1622314453125
7.279	615.115478515625
7.285	611.5726928710938
7.291	644.2069702148438
7.297000000000001	644.2069702148438
7.303	655.4675903320312
7.308	678.5827026367188
7.314	674.6744384765625
7.32	682.5137939453125
7.3260000000000005	690.4442138671875
7.332000000000001	682.5137939453125
7.337999999999999	694.4439697265625
7.343	698.4669189453125
7.349	694.4439697265625
7.355	682.5137939453125
7.361000000000001	670.7885131835938
7.367000000000001	670.7885131835938
7.372000000000001	659.2647094726562
7.377999999999999	651.6923217773438
7.3839999999999995	629.4931640625
7.39	618.6788330078125
7.396	615.115478515625
7.401	611.5726928710938
7.407	587.3377075195312
7.412999999999999	604.548095703125
7.419	604.548095703125
7.425	590.7401123046875
7.43	622.2628173828125
7.436	636.8075561523438
7.442	644.2069702148438
7.4479999999999995	644.2069702148438
7.454	663.0838012695312
7.459	670.7885131835938
7.465	674.6744384765625
7.471	682.5137939453125
7.477	690.4442138671875
7.483	678.5827026367188
7.4879999999999995	686.467529296875
7.494	690.4442138671875
7.5	670.7885131835938
7.506	666.925048828125
7.5120000000000005	647.9388427734375
7.517	633.1398315429688
7.523	618.6788330078125
7.529	601.066162109375
7.535	0.0
7.541	0.0
7.546	0.0
7.5520000000000005	0.0
7.558	0.0
7.564	0.0
7.57	0.0
7.5760000000000005	0.0
7.581	0.0
7.587000000000001	0.0
7.593	0.0
7.599	0.0
7.605	0.0
7.61	0.0
7.6160000000000005	0.0
7.622000000000001	0.0
7.627999999999999	0.0
7.6339999999999995	0.0
7.638999999999999	0.0
7.645	0.0
7.651	0.0
7.657	0.0
7.662999999999999	0.0
7.667999999999999	0.0
7.6739999999999995	0.0
7.68	0.0
7.686	0.0
7.692	0.0
7.697	0.0
7.702999999999999	0.0
7.709	0.0
7.715	0.0
7.721	0.0
7.726	0.0
7.732	0.0
7.7379999999999995	0.0
7.744	0.0
7.75	0.0
7.755	0.0
7.761	0.0
7.767	0.0
7.773	0.0
7.779	0.0
7.784	0.0
7.79	0.0
7.796	0.0
7.8020000000000005	0.0
7.808	0.0
7.814	0.0
7.819	0.0
7.825	0.0
7.831	0.0
7.837000000000001	0.0
7.843	0.0
7.848	0.0
7.854	0.0
7.86	0.0
7.8660000000000005	0.0
7.872000000000001	0.0
7.877000000000001	0.0
7.882999999999999	0.0
7.888999999999999	0.0
7.895	0.0
7.901	0.0
7.906000000000001	0.0
7.912000000000001	0.0
7.917999999999999	0.0
7.9239999999999995	0.0
7.93	502.5227355957031
7.935	493.8896484375
7.941	505.4338684082031
7.947	496.750732421875
7.952999999999999	508.36181640625
7.959	502.5227355957031
7.9639999999999995	493.8896484375
7.97	511.3067321777344
7.976	496.750732421875
7.982	505.4338684082031
7.9879999999999995	499.62841796875
7.992999999999999	508.36181640625
7.999	493.8896484375
8.005	514.2687377929688
8.011000000000001	496.750732421875
8.017000000000001	499.62841796875
8.022	499.62841796875
8.027999999999999	493.8896484375
8.033999999999999	493.8896484375
8.04	488.216796875
8.046	493.8896484375
8.052	488.216796875
8.057	493.8896484375
8.062999999999999	491.0450744628906
8.068999999999999	491.0450744628906
8.075	502.5227355957031
8.081	493.8896484375
8.086	502.5227355957031
8.092	505.4338684082031
8.097999999999999	508.36181640625
8.104	505.4338684082031
8.11	505.4338684082031
8.115	508.36181640625
8.121	508.36181640625
8.127	508.36181640625
8.133	508.36181640625
8.139	505.4338684082031
8.144	514.2687377929688
8.15	505.4338684082031
8.156	514.2687377929688
8.162	514.2687377929688
8.168	511.3067321777344
8.173	514.2687377929688
8.179	488.216796875
8.185	491.0450744628906
8.191	508.36181640625
8.197000000000001	485.4048767089844
8.202	502.5227355957031
8.208	508.36181640625
8.214	493.8896484375
8.22	505.4338684082031
8.226	0.0
8.231	0.0
8.237	0.0
8.243	0.0
8.249	0.0
8.255	0.0
8.26	0.0
8.266	0.0
8.272	508.36181640625
8.277999999999999	554.372802734375
8.283999999999999	551.1798095703125
8.29	564.0631103515625
8.295	564.0631103515625
8.301	554.372802734375
8.307	557.584228515625
8.312999999999999	564.0631103515625
8.318999999999999	560.8143310546875
8.324	532.4044799804688
8.33	532.4044799804688
8.336	560.8143310546875
8.342	557.584228515625
8.347999999999999	538.5906982421875
8.353	577.2474975585938
8.359	551.1798095703125
8.365	544.8489379882812
8.371	577.2474975585938
8.377	557.584228515625
8.382	554.372802734375
8.388	557.584228515625
8.394	564.0631103515625
8.4	564.0631103515625
8.406	557.584228515625
8.411	557.584228515625
8.417	557.584228515625
8.423	554.372802734375
8.429	560.8143310546875
8.435	541.7108154296875
8.44	544.8489379882812
8.446	554.372802734375
8.452	538.5906982421875
8.458	554.372802734375
8.464	538.5906982421875
8.469	538.5906982421875
8.475	554.372802734375
8.481	529.3380126953125
8.487	548.0051879882812
8.493	538.5906982421875
8.499	548.0051879882812
8.504	554.372802734375
8.51	548.0051879882812
8.516	554.372802734375
8.522	554.372802734375
8.527999999999999	551.1798095703125
8.533	554.372802734375
8.539	557.584228515625
8.545	548.0051879882812
8.551	554.372802734375
8.557	551.1798095703125
8.562000000000001	541.7108154296875
8.568	548.0051879882812
8.574	538.5906982421875
8.58	541.7108154296875
8.586	526.2892456054688
8.591000000000001	529.3380126953125
8.597000000000001	529.3380126953125
8.603	535.4887084960938
8.609	529.3380126953125
8.615	538.5906982421875
8.62	538.5906982421875
8.626	541.7108154296875
8.632	541.7108154296875
8.638	548.0051879882812
8.644	557.584228515625
8.649	557.584228515625
8.655	564.0631103515625
8.661	570.6172485351562
8.667	580.591552734375
8.673	587.3377075195312
8.677999999999999	583.954833984375
8.684	587.3377075195312
8.69	590.7401123046875
8.696	577.2474975585938
8.702	583.954833984375
8.707	580.591552734375
8.713	577.2474975585938
8.719	564.0631103515625
8.725	551.1798095703125
8.731	557.584228515625
8.737	544.8489379882812
8.742	529.3380126953125
8.748	529.3380126953125
8.754	520.2442626953125
8.76	502.5227355957031
8.766	511.3067321777344
8.771	511.3067321777344
8.777000000000001	517.2478637695312
8.783	505.4338684082031
8.789	520.2442626953125
8.795	517.2478637695312
8.8	526.2892456054688
8.806000000000001	541.7108154296875
8.812000000000001	551.1798095703125
8.818	544.8489379882812
8.824	567.3306884765625
8.829	573.9227905273438
8.835	577.2474975585938
8.841000000000001	594.1622314453125
8.847000000000001	587.3377075195312
8.853	590.7401123046875
8.857999999999999	590.7401123046875
8.863999999999999	594.1622314453125
8.87	597.6041870117188
8.876	590.7401123046875
8.882	580.591552734375
8.887	580.591552734375
8.892999999999999	580.591552734375
8.899	570.6172485351562
8.905	523.258056640625
8.911	544.8489379882812
8.916	535.4887084960938
8.922	532.4044799804688
8.927999999999999	508.36181640625
8.934	517.2478637695312
8.94	496.750732421875
8.945	514.2687377929688
8.951	514.2687377929688
8.957	505.4338684082031
8.963	529.3380126953125
8.969	511.3067321777344
8.975	538.5906982421875
8.98	535.4887084960938
8.986	557.584228515625
8.992	564.0631103515625
8.998	567.3306884765625
9.004	567.3306884765625
9.009	594.1622314453125
9.015	594.1622314453125
9.021	594.1622314453125
9.027000000000001	597.6041870117188
9.033	594.1622314453125
9.038	611.5726928710938
9.044	590.7401123046875
9.05	590.7401123046875
9.056000000000001	580.591552734375
9.062000000000001	580.591552734375
9.067	573.9227905273438
9.073	551.1798095703125
9.079	535.4887084960938
9.085	541.7108154296875
9.091000000000001	535.4887084960938
9.096	517.2478637695312
9.102	511.3067321777344
9.107999999999999	514.2687377929688
9.113999999999999	523.258056640625
9.12	535.4887084960938
9.125	532.4044799804688
9.131	535.4887084960938
9.137	548.0051879882812
9.142999999999999	564.0631103515625
9.149	564.0631103515625
9.154	583.954833984375
9.16	570.6172485351562
9.166	594.1622314453125
9.172	580.591552734375
9.177999999999999	594.1622314453125
9.183	557.584228515625
9.189	594.1622314453125
9.195	608.0502319335938
9.201	597.6041870117188
9.207	590.7401123046875
9.213	554.372802734375
9.218	597.6041870117188
9.224	580.591552734375
9.23	590.7401123046875
9.236	601.066162109375
9.242	580.591552734375
9.247	604.548095703125
9.253	573.9227905273438
9.259	577.2474975585938
9.265	548.0051879882812
9.271	564.0631103515625
9.276	580.591552734375
9.282	570.6172485351562
9.288	590.7401123046875
9.294	590.7401123046875
9.3	597.6041870117188
9.305	604.548095703125
9.311	629.4931640625
9.317	583.954833984375
9.323	615.115478515625
9.329	597.6041870117188
9.334	604.548095703125
9.34	611.5726928710938
9.346	594.1622314453125
9.352	608.0502319335938
9.357999999999999	590.7401123046875
9.363	590.7401123046875
9.369	601.066162109375
9.375	554.372802734375
9.381	551.1798095703125
9.387	551.1798095703125
9.392000000000001	601.066162109375
9.398	557.584228515625
9.404	594.1622314453125
9.41	564.0631103515625
9.416	587.3377075195312
9.421	560.8143310546875
9.427	590.7401123046875
9.433	560.8143310546875
9.439	594.1622314453125
9.445	583.954833984375
9.451	583.954833984375
9.456	594.1622314453125
9.462	570.6172485351562
9.468	604.548095703125
9.474	573.9227905273438
9.48	604.548095703125
9.485	580.591552734375
9.491	597.6041870117188
9.497	587.3377075195312
9.503	587.3377075195312
9.509	590.7401123046875
9.514	577.2474975585938
9.52	594.1622314453125
9.526	573.9227905273438
9.532	597.6041870117188
9.538	577.2474975585938
9.543	601.066162109375
9.549	590.7401123046875
9.555	597.6041870117188
9.561	604.548095703125
9.567	594.1622314453125
9.572000000000001	615.115478515625
9.578	622.2628173828125
9.584	608.0502319335938
9.59	618.6788330078125
9.596	629.4931640625
9.601	625.8675537109375
9.607000000000001	604.548095703125
9.613	618.6788330078125
9.619	625.8675537109375
9.625	625.8675537109375
9.63	625.8675537109375
9.636000000000001	625.8675537109375
9.642000000000001	640.4966430664062
9.648	647.9388427734375
9.654	678.5827026367188
9.66	666.925048828125
9.665	678.5827026367188
9.671	698.4669189453125
9.677	698.4669189453125
9.683	706.5827026367188
9.689	714.7928466796875
9.693999999999999	718.9336547851562
9.7	723.098388671875
9.706	723.098388671875
9.712	723.098388671875
9.718	731.5004272460938
9.722999999999999	727.2872924804688
9.729	723.098388671875
9.735	731.5004272460938
9.741	723.098388671875
9.747	727.2872924804688
9.752	718.9336547851562
9.758	714.7928466796875
9.764	714.7928466796875
9.77	710.6759643554688
9.776	702.5130615234375
9.781	710.6759643554688
9.787	710.6759643554688
9.793	706.5827026367188
9.799	718.9336547851562
9.805	727.2872924804688
9.81	723.098388671875
9.816	727.2872924804688
9.822000000000001	731.5004272460938
9.828	744.2869262695312
9.834	752.9351196289062
9.839	757.296875
9.845	752.9351196289062
9.851	748.5985717773438
9.857000000000001	752.9351196289062
9.863	744.2869262695312
9.868	744.2869262695312
9.874	735.7379760742188
9.88	727.2872924804688
9.886000000000001	718.9336547851562
9.892000000000001	714.7928466796875
9.898	714.7928466796875
9.902999999999999	710.6759643554688
9.908999999999999	714.7928466796875
9.915	714.7928466796875
9.921	714.7928466796875
9.927	710.6759643554688
9.932	718.9336547851562
9.937999999999999	723.098388671875
9.943999999999999	727.2872924804688
9.95	735.7379760742188
9.956	735.7379760742188
9.961	744.2869262695312
9.967	752.9351196289062
9.972999999999999	744.2869262695312
9.979	735.7379760742188
9.985	723.098388671875
9.99	706.5827026367188
9.996	698.4669189453125
10.002	686.467529296875
10.008	647.9388427734375
10.014	618.6788330078125
10.019	615.115478515625
10.025	573.9227905273438
10.031	580.591552734375
10.037	570.6172485351562
10.043	583.954833984375
10.048	580.591552734375
10.054	577.2474975585938
10.06	580.591552734375
10.066	594.1622314453125
10.072000000000001	590.7401123046875
10.077	604.548095703125
10.083	604.548095703125
10.089	622.2628173828125
10.095	625.8675537109375
10.101	608.0502319335938
10.106	622.2628173828125
10.112	622.2628173828125
10.118	608.0502319335938
10.124	601.066162109375
10.13	608.0502319335938
10.136000000000001	577.2474975585938
10.141	583.954833984375
10.147	564.0631103515625
10.152999999999999	583.954833984375
10.158999999999999	551.1798095703125
10.165	554.372802734375
10.17	564.0631103515625
10.176	557.584228515625
10.182	570.6172485351562
10.187999999999999	590.7401123046875
10.193999999999999	577.2474975585938
10.199	590.7401123046875
10.205	580.591552734375
10.211	594.1622314453125
10.217	594.1622314453125
10.222999999999999	601.066162109375
10.228	611.5726928710938
10.234	597.6041870117188
10.24	601.066162109375
10.245999999999999	577.2474975585938
10.252	590.7401123046875
10.257	554.372802734375
10.263	587.3377075195312
10.269	604.548095703125
10.275	590.7401123046875
10.280999999999999	583.954833984375
10.286	587.3377075195312
10.292	573.9227905273438
10.298	604.548095703125
10.304	594.1622314453125
10.31	590.7401123046875
10.315	597.6041870117188
10.321	580.591552734375
10.327	554.372802734375
10.333	580.591552734375
10.339	551.1798095703125
10.344000000000001	551.1798095703125
10.35	567.3306884765625
10.356	551.1798095703125
10.362	554.372802734375
10.368	577.2474975585938
10.374	570.6172485351562
10.379000000000001	564.0631103515625
10.385	590.7401123046875
10.390999999999998	564.0631103515625
10.397	580.591552734375
10.402999999999999	567.3306884765625
10.408	577.2474975585938
10.414000000000001	564.0631103515625
10.42	557.584228515625
10.425999999999998	557.584228515625
10.432	544.8489379882812
10.437000000000001	541.7108154296875
10.443	544.8489379882812
10.449000000000002	532.4044799804688
10.455	532.4044799804688
10.460999999999999	526.2892456054688
10.466	523.258056640625
10.472000000000001	535.4887084960938
10.478	535.4887084960938
10.484000000000002	538.5906982421875
10.49	544.8489379882812
10.495	551.1798095703125
10.501	551.1798095703125
10.507	564.0631103515625
10.513	560.8143310546875
10.519	570.6172485351562
10.524000000000001	580.591552734375
10.53	587.3377075195312
10.536	580.591552734375
10.542	587.3377075195312
10.548	583.954833984375
10.552999999999999	590.7401123046875
10.559000000000001	577.2474975585938
10.565	587.3377075195312
10.571	560.8143310546875
10.577	557.584228515625
10.582	551.1798095703125
10.588	529.3380126953125
10.594000000000001	526.2892456054688
10.6	526.2892456054688
10.606	526.2892456054688
10.612	502.5227355957031
10.617	511.3067321777344
10.623	511.3067321777344
10.629000000000001	502.5227355957031
10.635	508.36181640625
10.640999999999998	511.3067321777344
10.645999999999999	520.2442626953125
10.652000000000001	538.5906982421875
10.658	535.4887084960938
10.664000000000001	541.7108154296875
10.67	548.0051879882812
10.675	570.6172485351562
10.681	570.6172485351562
10.687000000000001	577.2474975585938
10.693	583.954833984375
10.699000000000002	587.3377075195312
10.704	587.3377075195312
10.71	594.1622314453125
10.716	594.1622314453125
10.722000000000001	583.954833984375
10.728	580.591552734375
10.732999999999999	573.9227905273438
10.739	567.3306884765625
10.745	544.8489379882812
10.751	532.4044799804688
10.757	541.7108154296875
10.762	520.2442626953125
10.767999999999999	523.258056640625
10.774000000000001	493.8896484375
10.78	502.5227355957031
10.786	505.4338684082031
10.790999999999999	491.0450744628906
10.797	496.750732421875
10.802999999999999	511.3067321777344
10.809000000000001	502.5227355957031
10.815	488.216796875
10.82	535.4887084960938
10.825999999999999	544.8489379882812
10.832	541.7108154296875
10.838	554.372802734375
10.844000000000001	570.6172485351562
10.85	567.3306884765625
10.855	583.954833984375
10.860999999999999	594.1622314453125
10.867	590.7401123046875
10.873	590.7401123046875
10.879000000000001	583.954833984375
10.884	597.6041870117188
10.89	587.3377075195312
10.895999999999999	580.591552734375
10.902000000000001	573.9227905273438
10.908	551.1798095703125
10.913	532.4044799804688
10.919	529.3380126953125
10.925	520.2442626953125
10.931	511.3067321777344
10.937000000000001	491.0450744628906
10.942	508.36181640625
10.948	491.0450744628906
10.954	502.5227355957031
10.96	538.5906982421875
10.966	508.36181640625
10.970999999999998	514.2687377929688
10.977	535.4887084960938
10.982999999999999	548.0051879882812
10.989	554.372802734375
10.995	557.584228515625
11.0	567.3306884765625
11.005999999999998	577.2474975585938
11.012	583.954833984375
11.017999999999999	587.3377075195312
11.024000000000001	580.591552734375
11.029000000000002	554.372802734375
11.035	573.9227905273438
11.040999999999999	583.954833984375
11.047	597.6041870117188
11.052999999999999	564.0631103515625
11.059000000000001	567.3306884765625
11.064	587.3377075195312
11.07	590.7401123046875
11.075999999999999	554.372802734375
11.082	587.3377075195312
11.088	560.8143310546875
11.093	544.8489379882812
11.099	590.7401123046875
11.105	580.591552734375
11.110999999999999	0.0
11.117	0.0
11.122	0.0
11.128	0.0
11.134	0.0
11.14	0.0
11.145999999999999	0.0
11.151	0.0
11.157	0.0
11.163	0.0
11.169	0.0
11.175	0.0
11.18	0.0
11.186	0.0
11.192	0.0
11.198	0.0
11.204	0.0
11.209000000000001	0.0
11.215	0.0
11.220999999999998	0.0
11.227	0.0
11.232999999999999	0.0
11.238	0.0
11.244000000000002	0.0
11.25	0.0
11.255999999999998	0.0
11.262	0.0
11.267000000000001	0.0
11.273	0.0
11.279000000000002	466.16961669921875
11.285	482.609130859375
11.290999999999999	499.62841796875
11.297	496.750732421875
11.302	499.62841796875
11.308	491.0450744628906
11.314	508.36181640625
11.32	493.8896484375
11.325999999999999	493.8896484375
11.331	499.62841796875
11.337	493.8896484375
11.343	485.4048767089844
11.349	479.8294982910156
11.355	488.216796875
11.36	477.06585693359375
11.366	471.5862731933594
11.372	479.8294982910156
11.378	463.4846496582031
11.384	477.06585693359375
11.389000000000001	468.8700866699219
11.395	463.4846496582031
11.401	468.8700866699219
11.407	479.8294982910156
11.413	477.06585693359375
11.418	493.8896484375
11.424000000000001	488.216796875
11.43	496.750732421875
11.436	502.5227355957031
11.442	508.36181640625
11.447000000000001	508.36181640625
11.453	526.2892456054688
11.459000000000001	517.2478637695312
11.465	523.258056640625
11.470999999999998	517.2478637695312
11.475999999999999	517.2478637695312
11.482000000000001	520.2442626953125
11.488	517.2478637695312
11.494000000000002	514.2687377929688
11.5	505.4338684082031
11.505	496.750732421875
11.511	488.216796875
11.517000000000001	474.3181457519531
11.523	468.8700866699219
11.529000000000002	460.81512451171875
11.535	445.1180114746094
11.54	450.2900390625
11.546	440.0053405761719
11.552	442.5543212890625
11.558	445.1180114746094
11.564	442.5543212890625
11.569	458.1610107421875
11.575	445.1180114746094
11.581	458.1610107421875
11.587	463.4846496582031
11.593	485.4048767089844
11.597999999999999	479.8294982910156
11.604000000000001	496.750732421875
11.61	496.750732421875
11.616	523.258056640625
11.622	511.3067321777344
11.627	523.258056640625
11.633	520.2442626953125
11.639000000000001	526.2892456054688
11.645	529.3380126953125
11.651	529.3380126953125
11.655999999999999	523.258056640625
11.662	523.258056640625
11.668	511.3067321777344
11.674000000000001	511.3067321777344
11.68	496.750732421875
11.685	485.4048767089844
11.690999999999999	474.3181457519531
11.697000000000001	468.8700866699219
11.703	458.1610107421875
11.709000000000001	458.1610107421875
11.714	452.8985900878906
11.72	452.8985900878906
11.725999999999999	445.1180114746094
11.732000000000001	466.16961669921875
11.738	468.8700866699219
11.743	452.8985900878906
11.749	488.216796875
11.755	496.750732421875
11.761	493.8896484375
11.767000000000001	508.36181640625
11.773	514.2687377929688
11.777999999999999	517.2478637695312
11.784	523.258056640625
11.79	532.4044799804688
11.796	535.4887084960938
11.802	532.4044799804688
11.807	532.4044799804688
11.812999999999999	544.8489379882812
11.819	526.2892456054688
11.825	526.2892456054688
11.831	517.2478637695312
11.835999999999999	505.4338684082031
11.842	505.4338684082031
11.847999999999999	482.609130859375
11.854000000000001	477.06585693359375
11.86	474.3181457519531
11.865	455.5221862792969
11.870999999999999	458.1610107421875
11.877	452.8985900878906
11.883	447.6965637207031
11.889000000000001	458.1610107421875
11.894	442.5543212890625
11.9	466.16961669921875
11.905999999999999	460.81512451171875
11.912	474.3181457519531
11.918	488.216796875
11.923	488.216796875
11.929	488.216796875
11.935	508.36181640625
11.940999999999999	514.2687377929688
11.947000000000001	517.2478637695312
11.952	523.258056640625
11.958	526.2892456054688
11.964	526.2892456054688
11.97	532.4044799804688
11.975999999999999	526.2892456054688
11.981	520.2442626953125
11.987	517.2478637695312
11.993	505.4338684082031
11.999	499.62841796875
12.005	485.4048767089844
12.011	477.06585693359375
12.015999999999998	466.16961669921875
12.022	466.16961669921875
12.027999999999999	447.6965637207031
12.034	458.1610107421875
12.04	466.16961669921875
12.045	440.0053405761719
12.050999999999998	463.4846496582031
12.057	458.1610107421875
12.062999999999999	474.3181457519531
12.069	479.8294982910156
12.074000000000002	491.0450744628906
12.08	488.216796875
12.085999999999999	496.750732421875
12.092	511.3067321777344
12.097999999999999	517.2478637695312
12.103	517.2478637695312
12.109000000000002	526.2892456054688
12.115	529.3380126953125
12.120999999999999	526.2892456054688
12.127	529.3380126953125
12.132	517.2478637695312
12.138	517.2478637695312
12.144	508.36181640625
12.15	496.750732421875
12.155999999999999	488.216796875
12.161	482.609130859375
12.167	468.8700866699219
12.173	508.36181640625
12.179	479.8294982910156
12.185	458.1610107421875
12.19	463.4846496582031
12.196	452.8985900878906
12.202	455.5221862792969
12.208	452.8985900878906
12.214	425.01708984375
12.22	445.1180114746094
12.225	450.2900390625
12.231	420.13531494140625
12.237	403.4864807128906
12.243	408.1748046875
12.249	417.7154846191406
12.254000000000001	410.5393371582031
12.26	417.7154846191406
12.265999999999998	415.30963134765625
12.272	442.5543212890625
12.277999999999999	450.2900390625
12.283	442.5543212890625
12.289000000000001	452.8985900878906
12.295	452.8985900878906
12.300999999999998	447.6965637207031
12.307	458.1610107421875
12.312000000000001	458.1610107421875
12.318	450.2900390625
12.324000000000002	447.6965637207031
12.33	452.8985900878906
12.335999999999999	450.2900390625
12.341	440.0053405761719
12.347000000000001	437.4710998535156
12.353	432.4462890625
12.359000000000002	425.01708984375
12.365	422.56915283203125
12.37	415.30963134765625
12.376	415.30963134765625
12.382	412.9176025390625
12.388	410.5393371582031
12.394	410.5393371582031
12.399000000000001	415.30963134765625
12.405	412.9176025390625
12.411	427.47918701171875
12.417	427.47918701171875
12.423	434.9514465332031
12.427999999999999	440.0053405761719
12.434000000000001	445.1180114746094
12.44	447.6965637207031
12.446	452.8985900878906
12.452	455.5221862792969
12.458	455.5221862792969
12.463	460.81512451171875
12.469000000000001	460.81512451171875
12.475	463.4846496582031
12.481	455.5221862792969
12.487	452.8985900878906
12.492	447.6965637207031
12.498	440.0053405761719
12.504000000000001	434.9514465332031
12.51	425.01708984375
12.515999999999998	417.7154846191406
12.520999999999999	412.9176025390625
12.527000000000001	405.8238830566406
12.533	398.8520202636719
12.539000000000001	394.27081298828125
12.545	385.2655944824219
12.55	391.99993896484375
12.556	385.2655944824219
12.562000000000001	389.7421875
12.568	401.1625671386719
12.574000000000002	401.1625671386719
12.579	408.1748046875
12.585	417.7154846191406
12.591	429.95556640625
12.597000000000001	440.0053405761719
12.603	442.5543212890625
12.607999999999999	450.2900390625
12.614	452.8985900878906
12.62	458.1610107421875
12.626	460.81512451171875
12.632	460.81512451171875
12.637	460.81512451171875
12.642999999999999	458.1610107421875
12.649000000000001	455.5221862792969
12.655	452.8985900878906
12.661	442.5543212890625
12.665999999999999	434.9514465332031
12.672	429.95556640625
12.677999999999999	420.13531494140625
12.684000000000001	415.30963134765625
12.69	408.1748046875
12.696	403.4864807128906
12.700999999999999	391.99993896484375
12.707	391.99993896484375
12.713	396.5548095703125
12.719000000000001	391.99993896484375
12.725	396.5548095703125
12.73	408.1748046875
12.735999999999999	410.5393371582031
12.742	422.56915283203125
12.748	427.47918701171875
12.754000000000001	440.0053405761719
12.759	450.2900390625
12.765	450.2900390625
12.770999999999999	460.81512451171875
12.777000000000001	466.16961669921875
12.783	466.16961669921875
12.788	474.3181457519531
12.794	474.3181457519531
12.8	471.5862731933594
12.806	466.16961669921875
12.812000000000001	458.1610107421875
12.817	455.5221862792969
12.823	445.1180114746094
12.829	432.4462890625
12.835	425.01708984375
12.841	415.30963134765625
12.845999999999998	403.4864807128906
12.852	403.4864807128906
12.857999999999999	394.27081298828125
12.864	387.4974365234375
12.87	394.27081298828125
12.875	391.99993896484375
12.880999999999998	394.27081298828125
12.887	405.8238830566406
12.892999999999999	410.5393371582031
12.899000000000001	420.13531494140625
12.904000000000002	427.47918701171875
12.91	437.4710998535156
12.915999999999999	447.6965637207031
12.922	452.8985900878906
12.927999999999999	460.81512451171875
12.934000000000001	468.8700866699219
12.939	474.3181457519531
12.945	479.8294982910156
12.950999999999999	479.8294982910156
12.957	479.8294982910156
12.963	474.3181457519531
12.968	471.5862731933594
12.974	460.81512451171875
12.98	445.1180114746094
12.985999999999999	0.0
12.992	0.0
12.997	0.0
13.003	420.13531494140625
13.009	403.4864807128906
13.015	394.27081298828125
13.020999999999999	383.0466003417969
13.026	376.4660339355469
13.032	383.0466003417969
13.038	412.9176025390625
13.044	427.47918701171875
13.05	452.8985900878906
13.055	447.6965637207031
13.061	450.2900390625
13.067	458.1610107421875
13.073	466.16961669921875
13.079	468.8700866699219
13.084000000000001	460.81512451171875
13.09	429.95556640625
13.095999999999998	468.8700866699219
13.102	485.4048767089844
13.107999999999999	477.06585693359375
13.113	460.81512451171875
13.119000000000002	0.0
13.125	0.0
13.130999999999998	0.0
13.137	0.0
13.142000000000001	0.0
13.148	0.0
13.154000000000002	0.0
13.16	0.0
13.165999999999999	0.0
13.172	0.0
13.177	0.0
13.183	0.0
13.189	0.0
13.195	0.0
13.200999999999999	0.0
13.206	0.0
13.212	0.0
13.218	0.0
13.224	0.0
13.23	0.0
13.235	0.0
13.241	0.0
13.247	0.0
13.253	0.0
13.259	0.0
13.264000000000001	0.0
13.27	0.0
13.276	0.0
13.282	0.0
13.288	0.0
13.293	0.0
13.299000000000001	0.0
13.305	0.0
13.311	0.0
13.317	0.0
13.322000000000001	0.0
13.328	0.0
13.334000000000001	0.0
13.34	0.0
13.345999999999998	0.0
13.350999999999999	0.0
13.357000000000001	0.0
13.363	0.0
13.369000000000002	0.0
13.375	0.0
13.38	0.0
13.386	0.0
13.392000000000001	0.0
13.398	0.0
13.404000000000002	0.0
13.41	0.0
13.415	0.0
13.421	0.0
13.427	0.0
13.433	0.0
13.439	0.0
13.444	0.0
13.45	0.0
13.456	0.0
13.462	0.0
13.468	0.0
13.472999999999999	0.0
13.479000000000001	0.0
13.485	0.0
13.491	0.0
13.497	0.0
13.502	0.0
13.508	0.0
13.514000000000001	0.0
13.52	0.0
13.526	0.0
13.530999999999999	0.0
13.537	0.0
13.543	0.0
13.549000000000001	0.0
13.555	0.0
13.56	0.0
13.565999999999999	0.0
13.572000000000001	0.0
13.578	0.0
13.584000000000001	0.0
13.589	0.0
13.595	0.0
13.600999999999999	0.0
13.607000000000001	0.0
13.613	0.0
13.619000000000002	0.0
13.624	0.0
13.63	0.0
13.636	0.0
13.642000000000001	0.0
13.648	0.0
13.652999999999999	0.0
13.659	0.0
13.665	0.0
13.671	0.0
13.677	0.0
13.682	0.0
13.687999999999999	0.0
13.694	0.0
13.7	0.0
13.706	0.0
13.710999999999999	0.0
13.717	0.0
13.722999999999999	0.0
13.729000000000001	0.0
13.735	0.0
13.74	0.0
13.745999999999999	0.0
13.752	0.0
13.758	0.0
13.764000000000001	0.0
13.769	0.0
13.775	0.0
13.780999999999999	0.0
13.787	0.0
13.793	0.0
13.798	0.0
13.804	0.0
13.81	0.0
13.815999999999999	0.0
13.822000000000001	0.0
13.827	0.0
13.833	0.0
13.839	0.0
13.845	0.0
13.850999999999999	0.0
13.857000000000001	0.0
13.862	0.0
13.868	0.0
13.874	0.0
13.88	0.0
13.886	0.0
13.890999999999998	0.0
13.897	0.0
13.902999999999999	0.0
13.909	0.0
