0.0	0.0
0.006	0.0
0.012	0.0
0.017	0.0
0.023	659.2647094726562
0.028999999999999998	663.0838012695312
0.035	659.2647094726562
0.040999999999999995	655.4675903320312
0.046	666.925048828125
0.052000000000000005	647.9388427734375
0.057999999999999996	633.1398315429688
0.064	640.4966430664062
0.07	651.6923217773438
0.075	663.0838012695312
0.081	651.6923217773438
0.087	670.7885131835938
0.09300000000000001	663.0838012695312
0.099	655.4675903320312
0.10400000000000001	659.2647094726562
0.11	659.2647094726562
0.11599999999999999	663.0838012695312
0.122	659.2647094726562
0.128	655.4675903320312
0.134	640.4966430664062
0.139	625.8675537109375
0.145	636.8075561523438
0.151	636.8075561523438
0.157	629.4931640625
0.163	622.2628173828125
0.168	618.6788330078125
0.174	625.8675537109375
0.18	633.1398315429688
0.18600000000000003	640.4966430664062
0.192	633.1398315429688
0.19699999999999998	633.1398315429688
0.203	651.6923217773438
0.209	659.2647094726562
0.215	659.2647094726562
0.221	659.2647094726562
0.226	666.925048828125
0.23199999999999998	670.7885131835938
0.23800000000000002	674.6744384765625
0.244	670.7885131835938
0.25	666.925048828125
0.255	663.0838012695312
0.261	655.4675903320312
0.267	644.2069702148438
0.273	622.2628173828125
0.27899999999999997	608.0502319335938
0.284	601.066162109375
0.29	580.591552734375
0.29600000000000004	583.954833984375
0.302	567.3306884765625
0.308	587.3377075195312
0.313	573.9227905273438
0.319	590.7401123046875
0.325	594.1622314453125
0.331	611.5726928710938
0.337	629.4931640625
0.342	651.6923217773438
0.348	663.0838012695312
0.354	674.6744384765625
0.36	682.5137939453125
0.366	686.467529296875
0.37200000000000005	682.5137939453125
0.377	678.5827026367188
0.38299999999999995	663.0838012695312
0.389	666.925048828125
0.395	651.6923217773438
0.401	618.6788330078125
0.406	590.7401123046875
0.41200000000000003	577.2474975585938
0.418	573.9227905273438
0.424	567.3306884765625
0.43	577.2474975585938
0.435	583.954833984375
0.441	583.954833984375
0.447	583.954833984375
0.45299999999999996	587.3377075195312
0.45899999999999996	597.6041870117188
0.46399999999999997	651.6923217773438
0.47	618.6788330078125
0.47600000000000003	583.954833984375
0.48200000000000004	583.954833984375
0.488	590.7401123046875
0.493	580.591552734375
0.499	564.0631103515625
0.505	577.2474975585938
0.511	577.2474975585938
0.517	570.6172485351562
0.522	564.0631103515625
0.528	570.6172485351562
0.534	583.954833984375
0.54	629.4931640625
0.546	608.0502319335938
0.551	625.8675537109375
0.557	644.2069702148438
0.563	644.2069702148438
0.569	633.1398315429688
0.575	629.4931640625
0.58	640.4966430664062
0.586	625.8675537109375
0.5920000000000001	615.115478515625
0.598	601.066162109375
0.604	594.1622314453125
0.61	580.591552734375
0.615	564.0631103515625
0.621	567.3306884765625
0.627	554.372802734375
0.633	557.584228515625
0.639	564.0631103515625
0.644	557.584228515625
0.65	573.9227905273438
0.6559999999999999	567.3306884765625
0.662	594.1622314453125
0.6679999999999999	594.1622314453125
0.6729999999999999	608.0502319335938
0.679	622.2628173828125
0.685	633.1398315429688
0.691	644.2069702148438
0.6970000000000001	651.6923217773438
0.7020000000000001	663.0838012695312
0.708	663.0838012695312
0.7140000000000001	663.0838012695312
0.72	655.4675903320312
0.726	651.6923217773438
0.731	647.9388427734375
0.737	636.8075561523438
0.743	625.8675537109375
0.7490000000000001	611.5726928710938
0.755	597.6041870117188
0.76	587.3377075195312
0.7659999999999999	577.2474975585938
0.772	570.6172485351562
0.778	567.3306884765625
0.784	564.0631103515625
0.789	567.3306884765625
0.795	580.591552734375
0.8009999999999999	577.2474975585938
0.807	590.7401123046875
0.813	601.066162109375
0.8190000000000001	611.5726928710938
0.8240000000000001	636.8075561523438
0.83	651.6923217773438
0.836	666.925048828125
0.8420000000000001	686.467529296875
0.848	686.467529296875
0.853	698.4669189453125
0.8590000000000001	698.4669189453125
0.865	702.5130615234375
0.871	698.4669189453125
0.877	686.467529296875
0.882	682.5137939453125
0.888	674.6744384765625
0.894	659.2647094726562
0.9	655.4675903320312
0.9059999999999999	636.8075561523438
0.9109999999999999	625.8675537109375
0.917	622.2628173828125
0.9229999999999999	611.5726928710938
0.929	611.5726928710938
0.935	604.548095703125
0.94	611.5726928710938
0.946	615.115478515625
0.9520000000000001	625.8675537109375
0.958	629.4931640625
0.9640000000000001	640.4966430664062
0.9690000000000001	659.2647094726562
0.975	678.5827026367188
0.981	690.4442138671875
0.987	694.4439697265625
0.993	706.5827026367188
0.998	702.5130615234375
1.004	698.4669189453125
1.01	663.0838012695312
1.016	583.954833984375
1.022	611.5726928710938
1.0270000000000001	651.6923217773438
1.033	663.0838012695312
1.0390000000000001	615.115478515625
1.045	615.115478515625
1.051	655.4675903320312
1.057	678.5827026367188
1.062	690.4442138671875
1.068	686.467529296875
1.074	686.467529296875
1.08	686.467529296875
1.0859999999999999	636.8075561523438
1.091	694.4439697265625
1.097	698.4669189453125
1.103	663.0838012695312
1.109	644.2069702148438
1.115	608.0502319335938
1.12	644.2069702148438
1.126	629.4931640625
1.1320000000000001	666.925048828125
1.138	706.5827026367188
1.1440000000000001	723.098388671875
1.149	744.2869262695312
1.155	752.9351196289062
1.161	766.0963134765625
1.167	770.5343017578125
1.173	774.9979858398438
1.178	774.9979858398438
1.1840000000000002	761.6839599609375
1.19	757.296875
1.196	748.5985717773438
1.202	735.7379760742188
1.207	710.6759643554688
1.213	718.9336547851562
1.219	706.5827026367188
1.225	698.4669189453125
1.2309999999999999	702.5130615234375
1.236	702.5130615234375
1.242	694.4439697265625
1.248	706.5827026367188
1.254	706.5827026367188
1.26	706.5827026367188
1.265	710.6759643554688
1.271	723.098388671875
1.2770000000000001	740.0001220703125
1.2830000000000001	761.6839599609375
1.2890000000000001	779.487548828125
1.295	784.0030517578125
1.3	793.11279296875
1.306	802.328369140625
1.3119999999999998	793.11279296875
1.318	784.0030517578125
1.324	770.5343017578125
1.329	757.296875
1.335	744.2869262695312
1.341	718.9336547851562
1.347	706.5827026367188
1.3530000000000002	694.4439697265625
1.358	682.5137939453125
1.364	663.0838012695312
1.37	659.2647094726562
1.376	663.0838012695312
1.382	663.0838012695312
1.3869999999999998	659.2647094726562
1.393	666.925048828125
1.399	674.6744384765625
1.405	674.6744384765625
1.411	690.4442138671875
1.416	698.4669189453125
1.422	718.9336547851562
1.4280000000000002	718.9336547851562
1.4340000000000002	727.2872924804688
1.44	740.0001220703125
1.445	727.2872924804688
1.4509999999999998	748.5985717773438
1.4569999999999999	731.5004272460938
1.463	723.098388671875
1.469	723.098388671875
1.474	710.6759643554688
1.48	686.467529296875
1.486	659.2647094726562
1.492	644.2069702148438
1.4980000000000002	608.0502319335938
1.5030000000000001	597.6041870117188
1.5090000000000001	580.591552734375
1.515	594.1622314453125
1.521	597.6041870117188
1.527	594.1622314453125
1.5330000000000001	615.115478515625
1.538	615.115478515625
1.544	636.8075561523438
1.55	651.6923217773438
1.556	644.2069702148438
1.5619999999999998	674.6744384765625
1.567	666.925048828125
1.5730000000000002	674.6744384765625
1.579	682.5137939453125
1.585	686.467529296875
1.591	686.467529296875
1.5959999999999999	686.467529296875
1.6019999999999999	674.6744384765625
1.608	674.6744384765625
1.614	655.4675903320312
1.62	644.2069702148438
1.625	625.8675537109375
1.631	625.8675537109375
1.6369999999999998	604.548095703125
1.643	594.1622314453125
1.649	594.1622314453125
1.6540000000000001	601.066162109375
1.66	601.066162109375
1.666	601.066162109375
1.672	615.115478515625
1.6780000000000002	633.1398315429688
1.683	644.2069702148438
1.689	647.9388427734375
1.695	670.7885131835938
1.7009999999999998	666.925048828125
1.7069999999999999	678.5827026367188
1.712	670.7885131835938
1.7180000000000002	674.6744384765625
1.724	666.925048828125
1.73	644.2069702148438
1.736	640.4966430664062
1.7409999999999999	594.1622314453125
1.7469999999999999	618.6788330078125
1.7530000000000001	618.6788330078125
1.7590000000000001	608.0502319335938
1.765	618.6788330078125
1.771	644.2069702148438
1.776	666.925048828125
1.7819999999999998	678.5827026367188
1.788	674.6744384765625
1.794	678.5827026367188
1.8	655.4675903320312
1.805	655.4675903320312
1.811	622.2628173828125
1.817	611.5726928710938
1.8230000000000002	622.2628173828125
1.829	608.0502319335938
1.834	604.548095703125
1.84	629.4931640625
1.8459999999999999	640.4966430664062
1.8519999999999999	651.6923217773438
1.858	647.9388427734375
1.8630000000000002	647.9388427734375
1.869	647.9388427734375
1.875	644.2069702148438
1.881	636.8075561523438
1.8869999999999998	633.1398315429688
1.892	625.8675537109375
1.8980000000000001	611.5726928710938
1.9040000000000001	597.6041870117188
1.91	587.3377075195312
1.916	573.9227905273438
1.921	570.6172485351562
1.9269999999999998	567.3306884765625
1.933	554.372802734375
1.939	570.6172485351562
1.945	570.6172485351562
1.95	560.8143310546875
1.956	580.591552734375
1.962	587.3377075195312
1.9680000000000002	583.954833984375
1.974	597.6041870117188
1.98	608.0502319335938
1.985	625.8675537109375
1.9909999999999999	633.1398315429688
1.9969999999999999	640.4966430664062
2.003	640.4966430664062
2.009	651.6923217773438
2.0140000000000002	655.4675903320312
2.02	651.6923217773438
2.026	647.9388427734375
2.032	636.8075561523438
2.0380000000000003	622.2628173828125
2.043	611.5726928710938
2.049	573.9227905273438
2.055	541.7108154296875
2.061	517.2478637695312
2.0669999999999997	526.2892456054688
2.072	538.5906982421875
2.0780000000000003	548.0051879882812
2.084	573.9227905273438
2.09	604.548095703125
2.096	611.5726928710938
2.101	622.2628173828125
2.1069999999999998	640.4966430664062
2.113	651.6923217773438
2.119	678.5827026367188
2.125	678.5827026367188
2.13	694.4439697265625
2.136	698.4669189453125
2.142	698.4669189453125
2.148	710.6759643554688
2.154	690.4442138671875
2.1590000000000003	686.467529296875
2.165	659.2647094726562
2.171	636.8075561523438
2.177	611.5726928710938
2.1830000000000003	640.4966430664062
2.188	644.2069702148438
2.194	629.4931640625
2.2	625.8675537109375
2.206	636.8075561523438
2.2119999999999997	663.0838012695312
2.218	674.6744384765625
2.2230000000000003	694.4439697265625
2.229	702.5130615234375
2.235	694.4439697265625
2.241	674.6744384765625
2.247	678.5827026367188
2.252	686.467529296875
2.258	714.7928466796875
2.2640000000000002	655.4675903320312
2.27	636.8075561523438
2.276	659.2647094726562
2.281	682.5137939453125
2.287	636.8075561523438
2.293	633.1398315429688
2.299	666.925048828125
2.305	655.4675903320312
2.31	633.1398315429688
2.316	601.066162109375
2.322	597.6041870117188
2.3280000000000003	611.5726928710938
2.334	629.4931640625
2.339	597.6041870117188
2.345	551.1798095703125
2.351	597.6041870117188
2.3569999999999998	594.1622314453125
2.363	618.6788330078125
2.3680000000000003	587.3377075195312
2.374	604.548095703125
2.38	608.0502319335938
2.386	608.0502319335938
2.392	611.5726928710938
2.397	622.2628173828125
2.403	625.8675537109375
2.4090000000000003	625.8675537109375
2.415	629.4931640625
2.421	625.8675537109375
2.426	625.8675537109375
2.432	625.8675537109375
2.438	618.6788330078125
2.444	611.5726928710938
2.45	604.548095703125
2.456	590.7401123046875
2.461	580.591552734375
2.467	570.6172485351562
2.4730000000000003	570.6172485351562
2.479	554.372802734375
2.485	548.0051879882812
2.49	551.1798095703125
2.496	551.1798095703125
2.502	551.1798095703125
2.508	557.584228515625
2.5140000000000002	564.0631103515625
2.519	577.2474975585938
2.525	590.7401123046875
2.531	594.1622314453125
2.537	597.6041870117188
2.543	604.548095703125
2.548	611.5726928710938
2.5540000000000003	615.115478515625
2.56	615.115478515625
2.5660000000000003	622.2628173828125
2.572	615.115478515625
2.577	608.0502319335938
2.583	597.6041870117188
2.589	583.954833984375
2.595	564.0631103515625
2.6010000000000004	544.8489379882812
2.6060000000000003	551.1798095703125
2.612	0.0
2.6180000000000003	0.0
2.6239999999999997	0.0
2.63	0.0
2.635	0.0
2.641	415.30963134765625
2.647	412.9176025390625
2.653	434.9514465332031
2.659	442.5543212890625
2.6639999999999997	458.1610107421875
2.67	482.609130859375
2.676	502.5227355957031
2.682	485.4048767089844
2.688	502.5227355957031
2.694	514.2687377929688
2.699	499.62841796875
2.705	511.3067321777344
2.7110000000000003	508.36181640625
2.717	505.4338684082031
2.7230000000000003	505.4338684082031
2.728	505.4338684082031
2.734	496.750732421875
2.74	493.8896484375
2.7460000000000004	485.4048767089844
2.752	485.4048767089844
2.7569999999999997	488.216796875
2.763	463.4846496582031
2.7689999999999997	458.1610107421875
2.775	474.3181457519531
2.781	468.8700866699219
2.786	479.8294982910156
2.792	482.609130859375
2.798	477.06585693359375
2.804	488.216796875
2.81	491.0450744628906
2.815	499.62841796875
2.821	508.36181640625
2.827	505.4338684082031
2.833	514.2687377929688
2.839	514.2687377929688
2.844	517.2478637695312
2.85	523.258056640625
2.8560000000000003	511.3067321777344
2.862	511.3067321777344
2.8680000000000003	499.62841796875
2.873	493.8896484375
2.8789999999999996	463.4846496582031
2.885	458.1610107421875
2.891	493.8896484375
2.897	488.216796875
2.9019999999999997	505.4338684082031
2.908	499.62841796875
2.9139999999999997	502.5227355957031
2.92	491.0450744628906
2.926	488.216796875
2.932	496.750732421875
2.937	517.2478637695312
2.943	502.5227355957031
2.949	508.36181640625
2.955	502.5227355957031
2.9610000000000003	488.216796875
2.966	511.3067321777344
2.972	520.2442626953125
2.978	554.372802734375
2.984	567.3306884765625
2.99	580.591552734375
2.995	580.591552734375
3.0010000000000003	587.3377075195312
3.0069999999999997	583.954833984375
3.013	573.9227905273438
3.0189999999999997	580.591552734375
3.0239999999999996	570.6172485351562
3.03	567.3306884765625
3.036	567.3306884765625
3.042	541.7108154296875
3.048	544.8489379882812
3.053	535.4887084960938
3.0589999999999997	529.3380126953125
3.065	526.2892456054688
3.071	529.3380126953125
3.077	532.4044799804688
3.082	529.3380126953125
3.088	523.258056640625
3.094	523.258056640625
3.1	541.7108154296875
3.1060000000000003	548.0051879882812
3.111	557.584228515625
3.117	570.6172485351562
3.123	573.9227905273438
3.1289999999999996	573.9227905273438
3.135	594.1622314453125
3.14	590.7401123046875
3.1460000000000004	583.954833984375
3.1519999999999997	594.1622314453125
3.158	604.548095703125
3.1639999999999997	597.6041870117188
3.17	597.6041870117188
3.175	580.591552734375
3.181	577.2474975585938
3.187	570.6172485351562
3.193	560.8143310546875
3.199	541.7108154296875
3.2039999999999997	538.5906982421875
3.21	538.5906982421875
3.216	514.2687377929688
3.222	511.3067321777344
3.228	508.36181640625
3.233	523.258056640625
3.239	523.258056640625
3.245	523.258056640625
3.2510000000000003	532.4044799804688
3.2569999999999997	538.5906982421875
3.262	554.372802734375
3.2680000000000002	570.6172485351562
3.2739999999999996	580.591552734375
3.28	590.7401123046875
3.286	597.6041870117188
3.2910000000000004	604.548095703125
3.2969999999999997	618.6788330078125
3.303	618.6788330078125
3.3089999999999997	611.5726928710938
3.315	615.115478515625
3.32	601.066162109375
3.326	590.7401123046875
3.332	580.591552734375
3.338	557.584228515625
3.344	523.258056640625
3.3489999999999998	535.4887084960938
3.355	551.1798095703125
3.361	538.5906982421875
3.367	535.4887084960938
3.373	560.8143310546875
3.3789999999999996	573.9227905273438
3.384	557.584228515625
3.39	570.6172485351562
3.3960000000000004	548.0051879882812
3.4019999999999997	548.0051879882812
3.408	577.2474975585938
3.4130000000000003	538.5906982421875
3.4189999999999996	551.1798095703125
3.425	577.2474975585938
3.431	548.0051879882812
3.437	560.8143310546875
3.4419999999999997	554.372802734375
3.448	535.4887084960938
3.4539999999999997	577.2474975585938
3.46	554.372802734375
3.466	560.8143310546875
3.471	564.0631103515625
3.477	548.0051879882812
3.483	557.584228515625
3.489	560.8143310546875
3.495	554.372802734375
3.5	548.0051879882812
3.5060000000000002	577.2474975585938
3.512	554.372802734375
3.5180000000000002	541.7108154296875
3.5239999999999996	573.9227905273438
3.529	570.6172485351562
3.535	538.5906982421875
3.5410000000000004	544.8489379882812
3.5469999999999997	577.2474975585938
3.553	564.0631103515625
3.5580000000000003	544.8489379882812
3.5639999999999996	560.8143310546875
3.57	557.584228515625
3.576	551.1798095703125
3.582	580.591552734375
3.5869999999999997	538.5906982421875
3.593	564.0631103515625
3.5989999999999998	577.2474975585938
3.605	557.584228515625
3.611	541.7108154296875
3.617	554.372802734375
3.622	567.3306884765625
3.628	580.591552734375
3.634	580.591552734375
3.64	601.066162109375
3.6460000000000004	590.7401123046875
3.6510000000000002	587.3377075195312
3.657	577.2474975585938
3.6630000000000003	577.2474975585938
3.6689999999999996	551.1798095703125
3.675	557.584228515625
3.68	544.8489379882812
3.6860000000000004	520.2442626953125
3.6919999999999997	508.36181640625
3.698	502.5227355957031
3.7039999999999997	502.5227355957031
3.7089999999999996	0.0
3.715	535.4887084960938
3.721	511.3067321777344
3.727	505.4338684082031
3.733	532.4044799804688
3.738	526.2892456054688
3.7439999999999998	544.8489379882812
3.75	535.4887084960938
3.7560000000000002	557.584228515625
3.762	577.2474975585938
3.767	564.0631103515625
3.773	590.7401123046875
3.779	590.7401123046875
3.785	611.5726928710938
3.7910000000000004	601.066162109375
3.7960000000000003	594.1622314453125
3.802	615.115478515625
3.8080000000000003	608.0502319335938
3.8139999999999996	583.954833984375
3.82	583.954833984375
3.825	570.6172485351562
3.8310000000000004	573.9227905273438
3.8369999999999997	551.1798095703125
3.843	529.3380126953125
3.8489999999999998	551.1798095703125
3.855	560.8143310546875
3.86	523.258056640625
3.866	544.8489379882812
3.872	587.3377075195312
3.878	523.258056640625
3.884	496.750732421875
3.889	511.3067321777344
3.895	529.3380126953125
3.9010000000000002	532.4044799804688
3.907	544.8489379882812
3.9130000000000003	551.1798095703125
3.918	567.3306884765625
3.924	580.591552734375
3.93	587.3377075195312
3.9360000000000004	608.0502319335938
3.9419999999999997	608.0502319335938
3.947	608.0502319335938
3.9530000000000003	615.115478515625
3.9589999999999996	611.5726928710938
3.965	608.0502319335938
3.971	611.5726928710938
3.9760000000000004	583.954833984375
3.9819999999999998	577.2474975585938
3.988	548.0051879882812
3.9939999999999998	520.2442626953125
4.0	502.5227355957031
4.005	532.4044799804688
4.011	541.7108154296875
4.0169999999999995	505.4338684082031
4.023	520.2442626953125
4.029	496.750732421875
4.034	493.8896484375
4.04	508.36181640625
4.046	520.2442626953125
4.052	499.62841796875
4.058	514.2687377929688
4.063	557.584228515625
4.069	520.2442626953125
4.075	526.2892456054688
4.081	541.7108154296875
4.087	517.2478637695312
4.093	541.7108154296875
4.098	508.36181640625
4.104	499.62841796875
4.11	526.2892456054688
4.1160000000000005	496.750732421875
4.122	508.36181640625
4.127	511.3067321777344
4.133	529.3380126953125
4.138999999999999	440.0053405761719
4.145	445.1180114746094
4.151	440.0053405761719
4.156000000000001	447.6965637207031
4.162	429.95556640625
4.168	440.0053405761719
4.1739999999999995	440.0053405761719
4.18	432.4462890625
4.185	440.0053405761719
4.191	417.7154846191406
4.197	403.4864807128906
4.203	401.1625671386719
4.209	391.99993896484375
4.2139999999999995	359.4653625488281
4.22	343.2323913574219
4.226	331.5405578613281
4.232	335.3929138183594
4.238	355.3365173339844
4.243	369.99853515625
4.249	369.99853515625
4.255	389.7421875
4.261	387.4974365234375
4.2669999999999995	361.5477294921875
4.272	347.2205810546875
4.2780000000000005	349.2320251464844
4.284	322.1021728515625
4.29	337.3358154296875
4.296	325.8448486328125
4.301	325.8448486328125
4.3069999999999995	335.3929138183594
4.313	314.74530029296875
4.319	341.2555236816406
4.325	322.1021728515625
4.331	314.74530029296875
4.336	298.8009033203125
4.342	318.4024963378906
4.348	325.8448486328125
4.354	337.3358154296875
4.36	322.1021728515625
4.365	343.2323913574219
4.371	329.6310119628906
4.377	329.6310119628906
4.383	323.9681091308594
4.388999999999999	331.5405578613281
4.394	325.8448486328125
4.4	329.6310119628906
4.406000000000001	333.4611511230469
4.412	335.3929138183594
4.418	327.73248291015625
4.423	331.5405578613281
4.428999999999999	327.73248291015625
4.435	331.5405578613281
4.441	329.6310119628906
4.447	349.2320251464844
4.452	349.2320251464844
4.458	337.3358154296875
4.4639999999999995	341.2555236816406
4.47	333.4611511230469
4.476	353.2899475097656
4.481	329.6310119628906
4.487	307.5564880371094
4.493	290.2945861816406
4.499	295.36883544921875
4.505	322.1021728515625
4.51	318.4024963378906
4.516	339.2900085449219
4.522	327.73248291015625
4.5280000000000005	329.6310119628906
4.534	322.1021728515625
4.54	327.73248291015625
4.545	343.2323913574219
4.551	347.2205810546875
4.5569999999999995	331.5405578613281
4.563	331.5405578613281
4.569	347.2205810546875
4.574	335.3929138183594
4.58	316.5686340332031
4.586	327.73248291015625
4.592	325.8448486328125
4.598	331.5405578613281
4.603	333.4611511230469
4.609	335.3929138183594
4.615	329.6310119628906
4.621	333.4611511230469
4.627	318.4024963378906
4.632	333.4611511230469
4.638	333.4611511230469
4.644	333.4611511230469
4.65	331.5405578613281
4.656000000000001	333.4611511230469
4.6610000000000005	341.2555236816406
4.667	331.5405578613281
4.673	331.5405578613281
4.678999999999999	351.2550964355469
4.685	339.2900085449219
4.69	339.2900085449219
4.696000000000001	331.5405578613281
4.702	343.2323913574219
4.708	541.7108154296875
4.7139999999999995	570.6172485351562
4.718999999999999	0.0
4.725	0.0
4.731	0.0
4.737	0.0
4.743	0.0
4.748	0.0
4.754	0.0
4.76	0.0
4.766	0.0
4.772	0.0
4.7780000000000005	0.0
4.783	0.0
4.789	0.0
4.795	0.0
4.801	0.0
4.8069999999999995	0.0
4.812	0.0
4.8180000000000005	0.0
4.824	0.0
4.83	0.0
4.836	0.0
4.841	0.0
4.8469999999999995	0.0
4.853	0.0
4.859	0.0
4.865	0.0
4.87	0.0
4.876	0.0
4.882	0.0
4.888	0.0
4.894	0.0
4.899	0.0
4.905	0.0
4.9110000000000005	0.0
4.917	0.0
4.923	0.0
4.928	429.95556640625
4.934	422.56915283203125
4.94	440.0053405761719
4.946000000000001	440.0053405761719
4.952	471.5862731933594
4.957	496.750732421875
4.963	508.36181640625
4.968999999999999	505.4338684082031
4.975	471.5862731933594
4.981	508.36181640625
4.986000000000001	499.62841796875
4.992	474.3181457519531
4.998	508.36181640625
5.004	479.8294982910156
5.01	508.36181640625
5.016	491.0450744628906
5.021	502.5227355957031
5.027	496.750732421875
5.033	0.0
5.039	0.0
5.045	0.0
5.05	0.0
5.056	0.0
5.062	0.0
5.0680000000000005	0.0
5.074	0.0
5.079	0.0
5.085	0.0
5.091	0.0
5.0969999999999995	0.0
5.103	0.0
5.1080000000000005	0.0
5.114	0.0
5.12	0.0
5.126	0.0
5.132000000000001	0.0
5.1370000000000005	0.0
5.143	0.0
5.149	0.0
5.155	0.0
5.1610000000000005	0.0
5.166	0.0
5.172000000000001	0.0
5.178	0.0
5.184	0.0
5.19	0.0
5.195	0.0
5.2010000000000005	0.0
5.207000000000001	655.4675903320312
5.212999999999999	644.2069702148438
5.218999999999999	636.8075561523438
5.224	694.4439697265625
5.23	655.4675903320312
5.236000000000001	655.4675903320312
5.242000000000001	663.0838012695312
5.247999999999999	644.2069702148438
5.254	694.4439697265625
5.2589999999999995	659.2647094726562
5.265	663.0838012695312
5.271	659.2647094726562
5.277	622.2628173828125
5.2829999999999995	636.8075561523438
5.287999999999999	640.4966430664062
5.294	651.6923217773438
5.3	640.4966430664062
5.306	611.5726928710938
5.312	622.2628173828125
5.317	611.5726928710938
5.3229999999999995	594.1622314453125
5.329	636.8075561523438
5.335	633.1398315429688
5.341	625.8675537109375
5.346	666.925048828125
5.352	686.467529296875
5.358	655.4675903320312
5.364	640.4966430664062
5.37	644.2069702148438
5.375	644.2069702148438
5.381	655.4675903320312
5.3870000000000005	663.0838012695312
5.393	651.6923217773438
5.399	647.9388427734375
5.404	690.4442138671875
5.41	670.7885131835938
5.416	670.7885131835938
5.422000000000001	659.2647094726562
5.428	647.9388427734375
5.433	640.4966430664062
5.439	663.0838012695312
5.445	674.6744384765625
5.4510000000000005	663.0838012695312
5.457000000000001	644.2069702148438
5.462000000000001	647.9388427734375
5.468	640.4966430664062
5.474	629.4931640625
5.48	655.4675903320312
5.486000000000001	663.0838012695312
5.492000000000001	663.0838012695312
5.497000000000001	659.2647094726562
5.502999999999999	655.4675903320312
5.5089999999999995	655.4675903320312
5.515	651.6923217773438
5.521	651.6923217773438
5.526	647.9388427734375
5.532	647.9388427734375
5.537999999999999	644.2069702148438
5.544	647.9388427734375
5.55	651.6923217773438
5.555	647.9388427734375
5.561	655.4675903320312
5.567	655.4675903320312
5.5729999999999995	659.2647094726562
5.579	659.2647094726562
5.584	659.2647094726562
5.59	663.0838012695312
5.596	663.0838012695312
5.602	663.0838012695312
5.608	659.2647094726562
5.6129999999999995	659.2647094726562
5.619	655.4675903320312
5.625	651.6923217773438
5.631	644.2069702148438
5.6370000000000005	644.2069702148438
5.642	644.2069702148438
5.648	647.9388427734375
5.654	647.9388427734375
5.66	647.9388427734375
5.666	647.9388427734375
5.671	647.9388427734375
5.6770000000000005	651.6923217773438
5.683	655.4675903320312
5.689	659.2647094726562
5.695	663.0838012695312
5.7	670.7885131835938
5.706	674.6744384765625
5.712000000000001	678.5827026367188
5.718	678.5827026367188
5.724	686.467529296875
5.73	682.5137939453125
5.735	682.5137939453125
5.7410000000000005	682.5137939453125
5.747000000000001	682.5137939453125
5.752999999999999	674.6744384765625
5.7589999999999995	670.7885131835938
5.763999999999999	655.4675903320312
5.77	647.9388427734375
5.776	636.8075561523438
5.782	629.4931640625
5.787999999999999	625.8675537109375
5.792999999999999	618.6788330078125
5.7989999999999995	608.0502319335938
5.805	611.5726928710938
5.811	611.5726928710938
5.817	615.115478515625
5.822	625.8675537109375
5.827999999999999	633.1398315429688
5.834	636.8075561523438
5.84	651.6923217773438
5.846	670.7885131835938
5.851	682.5137939453125
5.857	686.467529296875
5.8629999999999995	706.5827026367188
5.869	710.6759643554688
5.875	727.2872924804688
5.88	714.7928466796875
5.886	723.098388671875
5.892	727.2872924804688
5.898	710.6759643554688
5.904	714.7928466796875
5.909	702.5130615234375
5.915	690.4442138671875
5.921	670.7885131835938
5.9270000000000005	659.2647094726562
5.933	633.1398315429688
5.939	615.115478515625
5.944	611.5726928710938
5.95	594.1622314453125
5.956	587.3377075195312
5.962000000000001	587.3377075195312
5.968	583.954833984375
5.973	604.548095703125
5.979	604.548095703125
5.985	633.1398315429688
5.9910000000000005	651.6923217773438
5.997000000000001	663.0838012695312
6.002000000000001	686.467529296875
6.007999999999999	682.5137939453125
6.013999999999999	702.5130615234375
6.02	702.5130615234375
6.026	714.7928466796875
6.031000000000001	710.6759643554688
6.037000000000001	702.5130615234375
6.042999999999999	706.5827026367188
6.0489999999999995	682.5137939453125
6.055	655.4675903320312
6.06	659.2647094726562
6.066	651.6923217773438
6.072	670.7885131835938
6.077999999999999	702.5130615234375
6.084	647.9388427734375
6.0889999999999995	666.925048828125
6.095	655.4675903320312
6.101	706.5827026367188
6.107	714.7928466796875
6.1129999999999995	710.6759643554688
6.117999999999999	710.6759643554688
6.124	651.6923217773438
6.13	698.4669189453125
6.136	690.4442138671875
6.142	663.0838012695312
6.147	636.8075561523438
6.153	618.6788330078125
6.159	666.925048828125
6.165	678.5827026367188
6.171	670.7885131835938
6.1770000000000005	714.7928466796875
6.182	698.4669189453125
6.188	702.5130615234375
6.194	655.4675903320312
6.2	670.7885131835938
6.206	670.7885131835938
6.211	674.6744384765625
6.2170000000000005	674.6744384765625
6.223	674.6744384765625
6.229	670.7885131835938
6.235	659.2647094726562
6.24	655.4675903320312
6.246	640.4966430664062
6.252000000000001	618.6788330078125
6.257999999999999	611.5726928710938
6.263999999999999	604.548095703125
6.269	594.1622314453125
6.275	590.7401123046875
6.281000000000001	597.6041870117188
6.287000000000001	590.7401123046875
6.292999999999999	601.066162109375
6.297999999999999	608.0502319335938
6.303999999999999	615.115478515625
6.31	633.1398315429688
6.316	644.2069702148438
6.322	659.2647094726562
6.327000000000001	678.5827026367188
6.332999999999999	678.5827026367188
6.3389999999999995	698.4669189453125
6.345	694.4439697265625
6.351	698.4669189453125
6.356	694.4439697265625
6.362	686.467529296875
6.367999999999999	674.6744384765625
6.374	686.467529296875
6.38	674.6744384765625
6.385	670.7885131835938
6.391	670.7885131835938
6.397	659.2647094726562
6.403	647.9388427734375
6.409	651.6923217773438
6.415	647.9388427734375
6.42	647.9388427734375
6.426	640.4966430664062
6.432	647.9388427734375
6.438	659.2647094726562
6.444	655.4675903320312
6.449	659.2647094726562
6.455	670.7885131835938
6.461	682.5137939453125
6.4670000000000005	686.467529296875
6.473	690.4442138671875
6.478	694.4439697265625
6.484	690.4442138671875
6.49	690.4442138671875
6.496	686.467529296875
6.502000000000001	682.5137939453125
6.507000000000001	674.6744384765625
6.513	663.0838012695312
6.519	655.4675903320312
6.525	663.0838012695312
6.531000000000001	655.4675903320312
6.5360000000000005	636.8075561523438
6.542000000000001	647.9388427734375
6.547999999999999	629.4931640625
6.553999999999999	678.5827026367188
6.56	674.6744384765625
6.565	644.2069702148438
6.571000000000001	0.0
6.577000000000001	0.0
6.582999999999999	0.0
6.5889999999999995	0.0
6.593999999999999	0.0
6.6	0.0
6.606	686.467529296875
6.612	666.925048828125
6.617999999999999	694.4439697265625
6.622999999999999	670.7885131835938
6.629	674.6744384765625
6.635	686.467529296875
6.641	682.5137939453125
6.647	659.2647094726562
6.653	670.7885131835938
6.6579999999999995	706.5827026367188
6.664	702.5130615234375
6.67	686.467529296875
6.676	663.0838012695312
6.682	615.115478515625
6.687	618.6788330078125
6.693	597.6041870117188
6.699	590.7401123046875
6.705	618.6788330078125
6.711	583.954833984375
6.716	604.548095703125
6.722	601.066162109375
6.728	594.1622314453125
6.734	633.1398315429688
6.74	629.4931640625
6.745	633.1398315429688
6.751	636.8075561523438
6.757000000000001	636.8075561523438
6.763	640.4966430664062
6.769	644.2069702148438
6.774	640.4966430664062
6.78	629.4931640625
6.7860000000000005	629.4931640625
6.792000000000001	618.6788330078125
6.797999999999999	608.0502319335938
6.803	601.066162109375
6.809	594.1622314453125
6.815	587.3377075195312
6.821000000000001	577.2474975585938
6.827000000000001	580.591552734375
6.832000000000001	580.591552734375
6.837999999999999	577.2474975585938
6.843999999999999	580.591552734375
6.85	587.3377075195312
6.856	590.7401123046875
6.861000000000001	594.1622314453125
6.867000000000001	604.548095703125
6.872999999999999	615.115478515625
6.879	622.2628173828125
6.885	636.8075561523438
6.891	640.4966430664062
6.896	644.2069702148438
6.902	659.2647094726562
6.9079999999999995	663.0838012695312
6.914	663.0838012695312
6.92	663.0838012695312
6.925	663.0838012695312
6.931	663.0838012695312
6.937	659.2647094726562
6.943	644.2069702148438
6.949	633.1398315429688
6.954	625.8675537109375
6.96	615.115478515625
6.966	601.066162109375
6.972	583.954833984375
6.978	583.954833984375
6.983	573.9227905273438
6.989	577.2474975585938
6.995	577.2474975585938
7.001	577.2474975585938
7.007000000000001	577.2474975585938
7.0120000000000005	594.1622314453125
7.018	597.6041870117188
7.024	601.066162109375
7.03	622.2628173828125
7.0360000000000005	636.8075561523438
7.041	644.2069702148438
7.047000000000001	651.6923217773438
7.053	666.925048828125
7.059	666.925048828125
7.065	674.6744384765625
7.07	686.467529296875
7.0760000000000005	682.5137939453125
7.082000000000001	682.5137939453125
7.087999999999999	682.5137939453125
7.093999999999999	682.5137939453125
7.1	670.7885131835938
7.105	670.7885131835938
7.111000000000001	659.2647094726562
7.117000000000001	655.4675903320312
7.122999999999999	633.1398315429688
7.129	622.2628173828125
7.1339999999999995	629.4931640625
7.14	625.8675537109375
7.146	615.115478515625
7.152	615.115478515625
7.1579999999999995	629.4931640625
7.162999999999999	622.2628173828125
7.169	625.8675537109375
7.175	644.2069702148438
7.181	644.2069702148438
7.187	647.9388427734375
7.192	647.9388427734375
7.1979999999999995	644.2069702148438
7.204	678.5827026367188
7.21	663.0838012695312
7.216	663.0838012695312
7.221	636.8075561523438
7.227	640.4966430664062
7.233	659.2647094726562
7.239	663.0838012695312
7.245	618.6788330078125
7.25	590.7401123046875
7.256	608.0502319335938
7.2620000000000005	618.6788330078125
7.268	629.4931640625
7.274	0.0
7.279	0.0
7.285	0.0
7.291	0.0
7.297000000000001	0.0
7.303	0.0
7.308	0.0
7.314	0.0
7.32	0.0
7.3260000000000005	0.0
7.332000000000001	0.0
7.337999999999999	0.0
7.343	0.0
7.349	0.0
7.355	0.0
7.361000000000001	0.0
7.367000000000001	0.0
7.372000000000001	0.0
7.377999999999999	535.4887084960938
7.3839999999999995	557.584228515625
7.39	548.0051879882812
7.396	502.5227355957031
7.401	502.5227355957031
7.407	502.5227355957031
7.412999999999999	502.5227355957031
7.419	499.62841796875
7.425	502.5227355957031
7.43	493.8896484375
7.436	485.4048767089844
7.442	488.216796875
7.4479999999999995	479.8294982910156
7.454	499.62841796875
7.459	496.750732421875
7.465	526.2892456054688
7.471	570.6172485351562
7.477	594.1622314453125
7.483	590.7401123046875
7.4879999999999995	577.2474975585938
7.494	560.8143310546875
7.5	601.066162109375
7.506	577.2474975585938
7.5120000000000005	604.548095703125
7.517	608.0502319335938
7.523	608.0502319335938
7.529	618.6788330078125
7.535	622.2628173828125
7.541	608.0502319335938
7.546	608.0502319335938
7.5520000000000005	615.115478515625
7.558	597.6041870117188
7.564	604.548095703125
7.57	601.066162109375
7.5760000000000005	570.6172485351562
7.581	583.954833984375
7.587000000000001	567.3306884765625
7.593	554.372802734375
7.599	557.584228515625
7.605	554.372802734375
7.61	544.8489379882812
7.6160000000000005	567.3306884765625
7.622000000000001	551.1798095703125
7.627999999999999	567.3306884765625
7.6339999999999995	573.9227905273438
7.638999999999999	608.0502319335938
7.645	583.954833984375
7.651	618.6788330078125
7.657	640.4966430664062
7.662999999999999	633.1398315429688
7.667999999999999	659.2647094726562
7.6739999999999995	651.6923217773438
7.68	670.7885131835938
7.686	678.5827026367188
7.692	670.7885131835938
7.697	682.5137939453125
7.702999999999999	678.5827026367188
7.709	674.6744384765625
7.715	682.5137939453125
7.721	674.6744384765625
7.726	663.0838012695312
7.732	663.0838012695312
7.7379999999999995	644.2069702148438
7.744	629.4931640625
7.75	622.2628173828125
7.755	622.2628173828125
7.761	611.5726928710938
7.767	597.6041870117188
7.773	597.6041870117188
7.779	597.6041870117188
7.784	597.6041870117188
7.79	601.066162109375
7.796	611.5726928710938
7.8020000000000005	636.8075561523438
7.808	636.8075561523438
7.814	644.2069702148438
7.819	670.7885131835938
7.825	666.925048828125
7.831	682.5137939453125
7.837000000000001	666.925048828125
7.843	686.467529296875
7.848	663.0838012695312
7.854	663.0838012695312
7.86	659.2647094726562
7.8660000000000005	666.925048828125
7.872000000000001	663.0838012695312
7.877000000000001	659.2647094726562
7.882999999999999	694.4439697265625
7.888999999999999	674.6744384765625
7.895	647.9388427734375
7.901	694.4439697265625
7.906000000000001	666.925048828125
7.912000000000001	670.7885131835938
7.917999999999999	655.4675903320312
7.9239999999999995	686.467529296875
7.93	633.1398315429688
7.935	601.066162109375
7.941	618.6788330078125
7.947	597.6041870117188
7.952999999999999	615.115478515625
7.959	594.1622314453125
7.9639999999999995	587.3377075195312
7.97	587.3377075195312
7.976	580.591552734375
7.982	608.0502319335938
7.9879999999999995	587.3377075195312
7.992999999999999	590.7401123046875
7.999	587.3377075195312
8.005	597.6041870117188
8.011000000000001	590.7401123046875
8.017000000000001	587.3377075195312
8.022	538.5906982421875
8.027999999999999	0.0
8.033999999999999	698.4669189453125
8.04	670.7885131835938
8.046	690.4442138671875
8.052	682.5137939453125
8.057	694.4439697265625
8.062999999999999	698.4669189453125
8.068999999999999	690.4442138671875
8.075	694.4439697265625
8.081	674.6744384765625
8.086	663.0838012695312
8.092	640.4966430664062
8.097999999999999	633.1398315429688
8.104	615.115478515625
8.11	594.1622314453125
8.115	594.1622314453125
8.121	570.6172485351562
8.127	583.954833984375
8.133	570.6172485351562
8.139	580.591552734375
8.144	577.2474975585938
8.15	597.6041870117188
8.156	601.066162109375
8.162	618.6788330078125
8.168	644.2069702148438
8.173	659.2647094726562
8.179	670.7885131835938
8.185	694.4439697265625
8.191	702.5130615234375
8.197000000000001	714.7928466796875
8.202	718.9336547851562
8.208	723.098388671875
8.214	731.5004272460938
8.22	723.098388671875
8.226	723.098388671875
8.231	714.7928466796875
8.237	706.5827026367188
8.243	694.4439697265625
8.249	674.6744384765625
8.255	655.4675903320312
8.26	633.1398315429688
8.266	615.115478515625
8.272	604.548095703125
8.277999999999999	590.7401123046875
8.283999999999999	573.9227905273438
8.29	573.9227905273438
8.295	567.3306884765625
8.301	580.591552734375
8.307	580.591552734375
8.312999999999999	587.3377075195312
8.318999999999999	601.066162109375
8.324	615.115478515625
8.33	636.8075561523438
8.336	651.6923217773438
8.342	659.2647094726562
8.347999999999999	674.6744384765625
8.353	678.5827026367188
8.359	678.5827026367188
8.365	682.5137939453125
8.371	686.467529296875
8.377	670.7885131835938
8.382	663.0838012695312
8.388	644.2069702148438
8.394	618.6788330078125
8.4	587.3377075195312
8.406	544.8489379882812
8.411	535.4887084960938
8.417	554.372802734375
8.423	570.6172485351562
8.429	587.3377075195312
8.435	604.548095703125
8.44	479.8294982910156
8.446	458.1610107421875
8.452	488.216796875
8.458	493.8896484375
8.464	517.2478637695312
8.469	535.4887084960938
8.475	557.584228515625
8.481	560.8143310546875
8.487	564.0631103515625
8.493	580.591552734375
8.499	567.3306884765625
8.504	567.3306884765625
8.51	557.584228515625
8.516	551.1798095703125
8.522	567.3306884765625
8.527999999999999	573.9227905273438
8.533	541.7108154296875
8.539	551.1798095703125
8.545	577.2474975585938
8.551	587.3377075195312
8.557	551.1798095703125
8.562000000000001	551.1798095703125
8.568	594.1622314453125
8.574	618.6788330078125
8.58	618.6788330078125
8.586	573.9227905273438
8.591000000000001	564.0631103515625
8.597000000000001	560.8143310546875
8.603	564.0631103515625
8.609	557.584228515625
8.615	567.3306884765625
8.62	560.8143310546875
8.626	551.1798095703125
8.632	532.4044799804688
8.638	548.0051879882812
8.644	587.3377075195312
8.649	554.372802734375
8.655	541.7108154296875
8.661	554.372802734375
8.667	564.0631103515625
8.673	564.0631103515625
8.677999999999999	580.591552734375
8.684	554.372802734375
8.69	567.3306884765625
8.696	577.2474975585938
8.702	535.4887084960938
8.707	548.0051879882812
8.713	554.372802734375
8.719	551.1798095703125
8.725	560.8143310546875
8.731	564.0631103515625
8.737	564.0631103515625
8.742	567.3306884765625
8.748	567.3306884765625
8.754	560.8143310546875
8.76	554.372802734375
8.766	548.0051879882812
8.771	532.4044799804688
8.777000000000001	529.3380126953125
8.783	511.3067321777344
8.789	477.06585693359375
8.795	482.609130859375
8.8	0.0
8.806000000000001	0.0
8.812000000000001	0.0
8.818	0.0
8.824	0.0
8.829	0.0
8.835	0.0
8.841000000000001	0.0
8.847000000000001	0.0
8.853	0.0
8.857999999999999	0.0
8.863999999999999	0.0
8.87	0.0
8.876	0.0
8.882	0.0
8.887	0.0
8.892999999999999	0.0
8.899	0.0
8.905	0.0
8.911	0.0
8.916	0.0
8.922	0.0
8.927999999999999	0.0
8.934	0.0
8.94	0.0
8.945	0.0
8.951	0.0
8.957	0.0
8.963	0.0
8.969	0.0
8.975	0.0
8.98	0.0
8.986	0.0
8.992	0.0
8.998	0.0
9.004	0.0
9.009	0.0
9.015	0.0
9.021	0.0
9.027000000000001	0.0
9.033	0.0
9.038	0.0
9.044	0.0
9.05	0.0
9.056000000000001	0.0
9.062000000000001	0.0
9.067	554.372802734375
9.073	590.7401123046875
9.079	608.0502319335938
9.085	604.548095703125
9.091000000000001	604.548095703125
9.096	594.1622314453125
9.102	583.954833984375
9.107999999999999	567.3306884765625
9.113999999999999	560.8143310546875
9.12	541.7108154296875
9.125	538.5906982421875
9.131	520.2442626953125
9.137	517.2478637695312
9.142999999999999	517.2478637695312
9.149	514.2687377929688
9.154	554.372802734375
9.16	535.4887084960938
9.166	554.372802734375
9.172	567.3306884765625
9.177999999999999	567.3306884765625
9.183	570.6172485351562
9.189	580.591552734375
9.195	587.3377075195312
9.201	590.7401123046875
9.207	590.7401123046875
9.213	587.3377075195312
9.218	587.3377075195312
9.224	573.9227905273438
9.23	573.9227905273438
9.236	0.0
9.242	0.0
9.247	0.0
9.253	0.0
9.259	0.0
9.265	0.0
9.271	0.0
9.276	0.0
9.282	0.0
9.288	0.0
9.294	0.0
9.3	0.0
9.305	0.0
9.311	0.0
9.317	0.0
9.323	0.0
9.329	0.0
9.334	0.0
9.34	0.0
9.346	0.0
9.352	0.0
9.357999999999999	0.0
9.363	0.0
9.369	0.0
9.375	0.0
9.381	0.0
9.387	0.0
9.392000000000001	0.0
9.398	0.0
9.404	0.0
9.41	0.0
9.416	502.5227355957031
9.421	508.36181640625
9.427	514.2687377929688
9.433	520.2442626953125
9.439	523.258056640625
9.445	529.3380126953125
9.451	529.3380126953125
9.456	526.2892456054688
9.462	526.2892456054688
9.468	520.2442626953125
9.474	511.3067321777344
9.48	502.5227355957031
9.485	493.8896484375
9.491	479.8294982910156
9.497	471.5862731933594
9.503	468.8700866699219
9.509	466.16961669921875
9.514	466.16961669921875
9.52	471.5862731933594
9.526	479.8294982910156
9.532	485.4048767089844
9.538	488.216796875
9.543	493.8896484375
9.549	508.36181640625
9.555	514.2687377929688
9.561	523.258056640625
9.567	535.4887084960938
9.572000000000001	541.7108154296875
9.578	548.0051879882812
9.584	551.1798095703125
9.59	554.372802734375
9.596	551.1798095703125
9.601	548.0051879882812
9.607000000000001	541.7108154296875
9.613	538.5906982421875
9.619	532.4044799804688
9.625	523.258056640625
9.63	514.2687377929688
9.636000000000001	505.4338684082031
9.642000000000001	499.62841796875
9.648	482.609130859375
9.654	479.8294982910156
9.66	466.16961669921875
9.665	482.609130859375
9.671	482.609130859375
9.677	485.4048767089844
9.683	499.62841796875
9.689	508.36181640625
9.693999999999999	520.2442626953125
9.7	532.4044799804688
9.706	557.584228515625
9.712	564.0631103515625
9.718	590.7401123046875
9.722999999999999	594.1622314453125
9.729	597.6041870117188
9.735	604.548095703125
9.741	601.066162109375
9.747	604.548095703125
9.752	590.7401123046875
9.758	590.7401123046875
9.764	580.591552734375
9.77	577.2474975585938
9.776	560.8143310546875
9.781	541.7108154296875
9.787	535.4887084960938
9.793	529.3380126953125
9.799	520.2442626953125
9.805	514.2687377929688
9.81	505.4338684082031
9.816	505.4338684082031
9.822000000000001	499.62841796875
9.828	517.2478637695312
9.834	502.5227355957031
9.839	517.2478637695312
9.845	514.2687377929688
9.851	508.36181640625
9.857000000000001	517.2478637695312
9.863	491.0450744628906
9.868	499.62841796875
9.874	499.62841796875
9.88	502.5227355957031
9.886000000000001	511.3067321777344
9.892000000000001	508.36181640625
9.898	517.2478637695312
9.902999999999999	493.8896484375
9.908999999999999	505.4338684082031
9.915	517.2478637695312
9.921	523.258056640625
9.927	505.4338684082031
9.932	548.0051879882812
9.937999999999999	567.3306884765625
9.943999999999999	560.8143310546875
9.95	560.8143310546875
9.956	529.3380126953125
9.961	447.6965637207031
9.967	412.9176025390625
9.972999999999999	420.13531494140625
9.979	415.30963134765625
9.985	420.13531494140625
9.99	417.7154846191406
9.996	412.9176025390625
10.002	412.9176025390625
10.008	417.7154846191406
10.014	417.7154846191406
10.019	420.13531494140625
10.025	417.7154846191406
10.031	445.1180114746094
10.037	460.81512451171875
10.043	477.06585693359375
10.048	482.609130859375
10.054	496.750732421875
10.06	496.750732421875
10.066	511.3067321777344
10.072000000000001	508.36181640625
10.077	511.3067321777344
10.083	508.36181640625
10.089	511.3067321777344
10.095	508.36181640625
10.101	505.4338684082031
10.106	496.750732421875
10.112	488.216796875
10.118	491.0450744628906
10.124	477.06585693359375
10.13	482.609130859375
10.136000000000001	463.4846496582031
10.141	452.8985900878906
10.147	463.4846496582031
10.152999999999999	463.4846496582031
10.158999999999999	471.5862731933594
10.165	474.3181457519531
10.17	479.8294982910156
10.176	482.609130859375
10.182	493.8896484375
10.187999999999999	499.62841796875
10.193999999999999	502.5227355957031
10.199	508.36181640625
10.205	514.2687377929688
10.211	511.3067321777344
10.217	532.4044799804688
10.222999999999999	532.4044799804688
10.228	523.258056640625
10.234	526.2892456054688
10.24	526.2892456054688
10.245999999999999	529.3380126953125
10.252	529.3380126953125
10.257	511.3067321777344
10.263	517.2478637695312
10.269	499.62841796875
10.275	496.750732421875
10.280999999999999	482.609130859375
10.286	479.8294982910156
10.292	445.1180114746094
10.298	479.8294982910156
10.304	479.8294982910156
10.31	463.4846496582031
10.315	482.609130859375
10.321	496.750732421875
10.327	502.5227355957031
10.333	517.2478637695312
10.339	532.4044799804688
10.344000000000001	544.8489379882812
10.35	544.8489379882812
10.356	554.372802734375
10.362	587.3377075195312
10.368	567.3306884765625
10.374	587.3377075195312
10.379000000000001	583.954833984375
10.385	587.3377075195312
10.390999999999998	583.954833984375
10.397	580.591552734375
10.402999999999999	583.954833984375
10.408	567.3306884765625
10.414000000000001	567.3306884765625
10.42	541.7108154296875
10.425999999999998	535.4887084960938
10.432	529.3380126953125
10.437000000000001	526.2892456054688
10.443	523.258056640625
10.449000000000002	502.5227355957031
10.455	511.3067321777344
10.460999999999999	502.5227355957031
10.466	505.4338684082031
10.472000000000001	502.5227355957031
10.478	520.2442626953125
10.484000000000002	535.4887084960938
10.49	535.4887084960938
10.495	551.1798095703125
10.501	570.6172485351562
10.507	577.2474975585938
10.513	587.3377075195312
10.519	590.7401123046875
10.524000000000001	587.3377075195312
10.53	577.2474975585938
10.536	583.954833984375
10.542	567.3306884765625
10.548	564.0631103515625
10.552999999999999	520.2442626953125
10.559000000000001	0.0
10.565	0.0
10.571	0.0
10.577	0.0
10.582	0.0
10.588	0.0
10.594000000000001	0.0
10.6	0.0
10.606	0.0
10.612	0.0
10.617	0.0
10.623	0.0
10.629000000000001	0.0
10.635	0.0
10.640999999999998	0.0
10.645999999999999	0.0
10.652000000000001	0.0
10.658	0.0
10.664000000000001	0.0
10.67	0.0
10.675	0.0
10.681	0.0
10.687000000000001	0.0
10.693	0.0
10.699000000000002	0.0
10.704	0.0
10.71	535.4887084960938
10.716	554.372802734375
10.722000000000001	567.3306884765625
10.728	580.591552734375
10.732999999999999	583.954833984375
10.739	580.591552734375
10.745	587.3377075195312
10.751	577.2474975585938
10.757	577.2474975585938
10.762	564.0631103515625
10.767999999999999	557.584228515625
10.774000000000001	548.0051879882812
10.78	541.7108154296875
10.786	532.4044799804688
10.790999999999999	529.3380126953125
10.797	520.2442626953125
10.802999999999999	496.750732421875
10.809000000000001	505.4338684082031
10.815	508.36181640625
10.82	502.5227355957031
10.825999999999999	511.3067321777344
10.832	520.2442626953125
10.838	532.4044799804688
10.844000000000001	538.5906982421875
10.85	544.8489379882812
10.855	557.584228515625
10.860999999999999	570.6172485351562
10.867	573.9227905273438
10.873	590.7401123046875
10.879000000000001	594.1622314453125
10.884	594.1622314453125
10.89	597.6041870117188
10.895999999999999	601.066162109375
10.902000000000001	597.6041870117188
10.908	590.7401123046875
10.913	583.954833984375
10.919	580.591552734375
10.925	567.3306884765625
10.931	557.584228515625
10.937000000000001	548.0051879882812
10.942	535.4887084960938
10.948	520.2442626953125
10.954	505.4338684082031
10.96	493.8896484375
10.966	505.4338684082031
10.970999999999998	496.750732421875
10.977	505.4338684082031
10.982999999999999	505.4338684082031
10.989	520.2442626953125
10.995	529.3380126953125
11.0	544.8489379882812
11.005999999999998	544.8489379882812
11.012	560.8143310546875
11.017999999999999	570.6172485351562
11.024000000000001	570.6172485351562
11.029000000000002	580.591552734375
11.035	583.954833984375
11.040999999999999	580.591552734375
11.047	573.9227905273438
11.052999999999999	570.6172485351562
11.059000000000001	564.0631103515625
11.064	548.0051879882812
11.07	529.3380126953125
11.075999999999999	485.4048767089844
11.082	479.8294982910156
11.088	508.36181640625
11.093	477.06585693359375
11.099	485.4048767089844
11.105	452.8985900878906
11.110999999999999	468.8700866699219
11.117	460.81512451171875
11.122	425.01708984375
11.128	410.5393371582031
11.134	427.47918701171875
11.14	434.9514465332031
11.145999999999999	432.4462890625
11.151	445.1180114746094
11.157	455.5221862792969
11.163	437.4710998535156
11.169	450.2900390625
11.175	442.5543212890625
11.18	434.9514465332031
11.186	440.0053405761719
11.192	450.2900390625
11.198	434.9514465332031
11.204	440.0053405761719
11.209000000000001	410.5393371582031
11.215	401.1625671386719
11.220999999999998	387.4974365234375
11.227	372.1419372558594
11.232999999999999	385.2655944824219
11.238	415.30963134765625
11.244000000000002	405.8238830566406
11.25	394.27081298828125
11.255999999999998	398.8520202636719
11.262	434.9514465332031
11.267000000000001	437.4710998535156
11.273	442.5543212890625
11.279000000000002	445.1180114746094
11.285	452.8985900878906
11.290999999999999	463.4846496582031
11.297	463.4846496582031
11.302	474.3181457519531
11.308	466.16961669921875
11.314	463.4846496582031
11.32	447.6965637207031
11.325999999999999	450.2900390625
11.331	432.4462890625
11.337	445.1180114746094
11.343	450.2900390625
11.349	445.1180114746094
11.355	429.95556640625
11.36	432.4462890625
11.366	450.2900390625
11.372	455.5221862792969
11.378	452.8985900878906
11.384	440.0053405761719
11.389000000000001	442.5543212890625
11.395	432.4462890625
11.401	442.5543212890625
11.407	445.1180114746094
11.413	417.7154846191406
11.418	412.9176025390625
11.424000000000001	425.01708984375
11.43	429.95556640625
11.436	447.6965637207031
11.442	455.5221862792969
11.447000000000001	463.4846496582031
11.453	466.16961669921875
11.459000000000001	474.3181457519531
11.465	468.8700866699219
11.470999999999998	466.16961669921875
11.475999999999999	458.1610107421875
11.482000000000001	450.2900390625
11.488	440.0053405761719
11.494000000000002	422.56915283203125
11.5	410.5393371582031
11.505	387.4974365234375
11.511	387.4974365234375
11.517000000000001	380.84039306640625
11.523	401.1625671386719
11.529000000000002	405.8238830566406
11.535	415.30963134765625
11.54	0.0
11.546	0.0
11.552	0.0
11.558	0.0
11.564	0.0
11.569	0.0
11.575	0.0
11.581	0.0
11.587	0.0
11.593	0.0
11.597999999999999	0.0
11.604000000000001	0.0
11.61	0.0
11.616	0.0
11.622	0.0
11.627	0.0
11.633	0.0
11.639000000000001	0.0
11.645	0.0
11.651	0.0
11.655999999999999	0.0
11.662	0.0
11.668	0.0
11.674000000000001	0.0
11.68	0.0
11.685	0.0
11.690999999999999	0.0
11.697000000000001	0.0
11.703	0.0
11.709000000000001	0.0
11.714	0.0
11.72	0.0
11.725999999999999	0.0
11.732000000000001	0.0
11.738	0.0
11.743	0.0
11.749	0.0
11.755	0.0
11.761	0.0
11.767000000000001	0.0
11.773	0.0
11.777999999999999	0.0
11.784	0.0
11.79	0.0
11.796	0.0
11.802	0.0
11.807	0.0
11.812999999999999	372.1419372558594
11.819	385.2655944824219
11.825	417.7154846191406
11.831	422.56915283203125
11.835999999999999	447.6965637207031
11.842	455.5221862792969
11.847999999999999	463.4846496582031
11.854000000000001	463.4846496582031
11.86	460.81512451171875
11.865	460.81512451171875
11.870999999999999	452.8985900878906
11.877	442.5543212890625
11.883	445.1180114746094
11.889000000000001	440.0053405761719
11.894	440.0053405761719
11.9	437.4710998535156
11.905999999999999	437.4710998535156
11.912	440.0053405761719
11.918	445.1180114746094
11.923	452.8985900878906
11.929	452.8985900878906
11.935	466.16961669921875
11.940999999999999	474.3181457519531
11.947000000000001	488.216796875
11.952	488.216796875
11.958	485.4048767089844
11.964	496.750732421875
11.97	493.8896484375
11.975999999999999	485.4048767089844
11.981	491.0450744628906
11.987	482.609130859375
11.993	474.3181457519531
11.999	463.4846496582031
12.005	460.81512451171875
12.011	458.1610107421875
12.015999999999998	450.2900390625
12.022	445.1180114746094
12.027999999999999	415.30963134765625
12.034	380.84039306640625
12.04	0.0
12.045	0.0
12.050999999999998	0.0
12.057	0.0
12.062999999999999	0.0
12.069	0.0
12.074000000000002	0.0
12.08	0.0
12.085999999999999	0.0
12.092	0.0
12.097999999999999	0.0
12.103	0.0
12.109000000000002	0.0
12.115	0.0
12.120999999999999	0.0
12.127	0.0
12.132	0.0
12.138	0.0
12.144	0.0
12.15	0.0
12.155999999999999	0.0
12.161	0.0
12.167	0.0
12.173	0.0
12.179	0.0
12.185	0.0
12.19	0.0
12.196	0.0
12.202	0.0
12.208	0.0
12.214	0.0
12.22	0.0
12.225	0.0
12.231	0.0
12.237	0.0
12.243	0.0
12.249	408.1748046875
12.254000000000001	410.5393371582031
12.26	415.30963134765625
12.265999999999998	422.56915283203125
12.272	425.01708984375
12.277999999999999	425.01708984375
12.283	425.01708984375
12.289000000000001	417.7154846191406
12.295	410.5393371582031
12.300999999999998	403.4864807128906
12.307	401.1625671386719
12.312000000000001	389.7421875
12.318	383.0466003417969
12.324000000000002	372.1419372558594
12.33	367.8675231933594
12.335999999999999	367.8675231933594
12.341	363.64215087890625
12.347000000000001	365.74871826171875
12.353	367.8675231933594
12.359000000000002	372.1419372558594
12.365	383.0466003417969
12.37	385.2655944824219
12.376	396.5548095703125
12.382	401.1625671386719
12.388	420.13531494140625
12.394	427.47918701171875
12.399000000000001	429.95556640625
12.405	442.5543212890625
12.411	442.5543212890625
12.417	445.1180114746094
12.423	442.5543212890625
12.427999999999999	440.0053405761719
12.434000000000001	440.0053405761719
12.44	427.47918701171875
12.446	420.13531494140625
12.452	405.8238830566406
12.458	408.1748046875
12.463	401.1625671386719
12.469000000000001	389.7421875
12.475	374.2977600097656
12.481	378.64691162109375
12.487	361.5477294921875
12.492	367.8675231933594
12.498	361.5477294921875
12.504000000000001	367.8675231933594
12.51	378.64691162109375
12.515999999999998	376.4660339355469
12.520999999999999	396.5548095703125
12.527000000000001	398.8520202636719
12.533	403.4864807128906
12.539000000000001	415.30963134765625
12.545	429.95556640625
12.55	437.4710998535156
12.556	452.8985900878906
12.562000000000001	452.8985900878906
12.568	466.16961669921875
12.574000000000002	482.609130859375
12.579	471.5862731933594
12.585	471.5862731933594
12.591	463.4846496582031
12.597000000000001	471.5862731933594
12.603	450.2900390625
12.607999999999999	455.5221862792969
12.614	452.8985900878906
12.62	437.4710998535156
12.626	429.95556640625
12.632	420.13531494140625
12.637	417.7154846191406
12.642999999999999	417.7154846191406
12.649000000000001	394.27081298828125
12.655	403.4864807128906
12.661	412.9176025390625
12.665999999999999	408.1748046875
12.672	398.8520202636719
12.677999999999999	417.7154846191406
12.684000000000001	415.30963134765625
12.69	427.47918701171875
12.696	432.4462890625
12.700999999999999	445.1180114746094
12.707	447.6965637207031
12.713	452.8985900878906
12.719000000000001	452.8985900878906
12.725	442.5543212890625
12.73	440.0053405761719
12.735999999999999	455.5221862792969
12.742	474.3181457519531
12.748	447.6965637207031
12.754000000000001	434.9514465332031
12.759	466.16961669921875
12.765	447.6965637207031
12.770999999999999	429.95556640625
12.777000000000001	447.6965637207031
12.783	420.13531494140625
12.788	429.95556640625
12.794	432.4462890625
12.8	434.9514465332031
12.806	460.81512451171875
12.812000000000001	432.4462890625
12.817	408.1748046875
12.823	429.95556640625
12.829	445.1180114746094
12.835	447.6965637207031
12.841	412.9176025390625
12.845999999999998	396.5548095703125
12.852	398.8520202636719
12.857999999999999	391.99993896484375
12.864	405.8238830566406
12.87	403.4864807128906
12.875	410.5393371582031
12.880999999999998	410.5393371582031
12.887	387.4974365234375
12.892999999999999	403.4864807128906
12.899000000000001	442.5543212890625
12.904000000000002	405.8238830566406
12.91	396.5548095703125
12.915999999999999	387.4974365234375
12.922	398.8520202636719
12.927999999999999	385.2655944824219
12.934000000000001	398.8520202636719
12.939	376.4660339355469
12.945	394.27081298828125
12.950999999999999	389.7421875
12.957	385.2655944824219
12.963	394.27081298828125
12.968	389.7421875
12.974	398.8520202636719
12.98	391.99993896484375
12.985999999999999	385.2655944824219
12.992	412.9176025390625
12.997	396.5548095703125
13.003	383.0466003417969
13.009	415.30963134765625
13.015	412.9176025390625
13.020999999999999	412.9176025390625
13.026	401.1625671386719
13.032	408.1748046875
13.038	394.27081298828125
13.044	410.5393371582031
13.05	389.7421875
13.055	383.0466003417969
13.061	405.8238830566406
13.067	387.4974365234375
13.073	376.4660339355469
13.079	383.0466003417969
13.084000000000001	372.1419372558594
13.09	363.64215087890625
13.095999999999998	337.3358154296875
13.102	331.5405578613281
13.107999999999999	335.3929138183594
13.113	339.2900085449219
13.119000000000002	357.39495849609375
13.125	374.2977600097656
13.130999999999998	387.4974365234375
13.137	367.8675231933594
13.142000000000001	378.64691162109375
13.148	396.5548095703125
13.154000000000002	385.2655944824219
13.16	403.4864807128906
13.165999999999999	412.9176025390625
13.172	403.4864807128906
13.177	425.01708984375
13.183	410.5393371582031
13.189	427.47918701171875
13.195	429.95556640625
13.200999999999999	437.4710998535156
13.206	401.1625671386719
13.212	398.8520202636719
13.218	422.56915283203125
13.224	410.5393371582031
13.23	442.5543212890625
13.235	440.0053405761719
13.241	468.8700866699219
13.247	488.216796875
13.253	482.609130859375
13.259	477.06585693359375
13.264000000000001	445.1180114746094
13.27	458.1610107421875
13.276	447.6965637207031
13.282	471.5862731933594
13.288	474.3181457519531
13.293	468.8700866699219
13.299000000000001	440.0053405761719
13.305	442.5543212890625
13.311	482.609130859375
13.317	499.62841796875
13.322000000000001	538.5906982421875
13.328	502.5227355957031
13.334000000000001	471.5862731933594
13.34	471.5862731933594
13.345999999999998	437.4710998535156
13.350999999999999	458.1610107421875
13.357000000000001	471.5862731933594
13.363	514.2687377929688
13.369000000000002	526.2892456054688
13.375	505.4338684082031
13.38	544.8489379882812
13.386	538.5906982421875
13.392000000000001	526.2892456054688
13.398	529.3380126953125
13.404000000000002	529.3380126953125
13.41	514.2687377929688
13.415	417.7154846191406
13.421	422.56915283203125
13.427	440.0053405761719
13.433	463.4846496582031
13.439	442.5543212890625
13.444	452.8985900878906
13.45	471.5862731933594
13.456	437.4710998535156
13.462	466.16961669921875
13.468	437.4710998535156
13.472999999999999	474.3181457519531
13.479000000000001	471.5862731933594
13.485	471.5862731933594
13.491	488.216796875
13.497	458.1610107421875
13.502	445.1180114746094
13.508	460.81512451171875
13.514000000000001	479.8294982910156
13.52	450.2900390625
13.526	452.8985900878906
13.530999999999999	482.609130859375
13.537	458.1610107421875
13.543	442.5543212890625
13.549000000000001	0.0
13.555	0.0
13.56	463.4846496582031
13.565999999999999	440.0053405761719
13.572000000000001	434.9514465332031
13.578	447.6965637207031
13.584000000000001	429.95556640625
13.589	447.6965637207031
13.595	432.4462890625
13.600999999999999	450.2900390625
13.607000000000001	488.216796875
13.613	474.3181457519531
13.619000000000002	458.1610107421875
13.624	477.06585693359375
13.63	471.5862731933594
13.636	471.5862731933594
13.642000000000001	447.6965637207031
13.648	460.81512451171875
13.652999999999999	460.81512451171875
13.659	477.06585693359375
13.665	466.16961669921875
13.671	468.8700866699219
13.677	477.06585693359375
13.682	466.16961669921875
13.687999999999999	429.95556640625
13.694	442.5543212890625
13.7	452.8985900878906
13.706	422.56915283203125
13.710999999999999	445.1180114746094
13.717	452.8985900878906
13.722999999999999	432.4462890625
13.729000000000001	445.1180114746094
13.735	452.8985900878906
13.74	440.0053405761719
13.745999999999999	445.1180114746094
13.752	466.16961669921875
13.758	450.2900390625
13.764000000000001	437.4710998535156
13.769	442.5543212890625
13.775	425.01708984375
13.780999999999999	425.01708984375
13.787	445.1180114746094
13.793	417.7154846191406
13.798	420.13531494140625
13.804	410.5393371582031
13.81	432.4462890625
13.815999999999999	429.95556640625
13.822000000000001	455.5221862792969
13.827	434.9514465332031
13.833	445.1180114746094
13.839	455.5221862792969
13.845	432.4462890625
13.850999999999999	440.0053405761719
13.857000000000001	405.8238830566406
13.862	389.7421875
13.868	466.16961669921875
13.874	466.16961669921875
13.88	429.95556640625
13.886	458.1610107421875
13.890999999999998	463.4846496582031
13.897	455.5221862792969
13.902999999999999	455.5221862792969
13.909	442.5543212890625
13.915	447.6965637207031
13.92	445.1180114746094
13.925999999999998	429.95556640625
13.932	437.4710998535156
13.937999999999999	432.4462890625
13.944	408.1748046875
13.949000000000002	405.8238830566406
13.955	405.8238830566406
13.960999999999999	408.1748046875
13.967	410.5393371582031
13.972999999999999	447.6965637207031
13.978	420.13531494140625
13.984000000000002	417.7154846191406
13.99	432.4462890625
13.995999999999999	452.8985900878906
14.002	440.0053405761719
14.007	450.2900390625
14.013	450.2900390625
14.019	450.2900390625
14.025	445.1180114746094
14.030999999999999	450.2900390625
14.036	450.2900390625
14.042	445.1180114746094
14.048	447.6965637207031
14.054	442.5543212890625
14.06	434.9514465332031
14.065	429.95556640625
14.071	429.95556640625
14.077	420.13531494140625
14.083	415.30963134765625
14.089	412.9176025390625
14.095	422.56915283203125
14.1	420.13531494140625
14.106	434.9514465332031
14.112	420.13531494140625
14.118	429.95556640625
14.124	403.4864807128906
14.129000000000001	425.01708984375
14.135	442.5543212890625
14.140999999999998	460.81512451171875
14.147	445.1180114746094
14.152999999999999	422.56915283203125
14.158	389.7421875
14.164000000000001	376.4660339355469
14.17	359.4653625488281
14.175999999999998	378.64691162109375
14.182	385.2655944824219
14.187000000000001	403.4864807128906
14.193	0.0
14.199000000000002	0.0
14.205	0.0
14.210999999999999	0.0
14.216	0.0
14.222000000000001	0.0
14.228	0.0
14.234000000000002	0.0
14.24	0.0
14.245	0.0
14.251	0.0
14.257	0.0
14.263	0.0
14.269	0.0
14.274000000000001	0.0
14.28	0.0
14.286	0.0
14.292	0.0
14.298	0.0
14.302999999999999	0.0
14.309000000000001	0.0
14.315	0.0
14.321	0.0
14.327	0.0
14.333	463.4846496582031
14.338	440.0053405761719
14.344000000000001	427.47918701171875
14.35	466.16961669921875
14.356	432.4462890625
14.362	420.13531494140625
14.367	422.56915283203125
14.373	455.5221862792969
14.379000000000001	425.01708984375
14.385	432.4462890625
14.390999999999998	463.4846496582031
14.395999999999999	425.01708984375
14.402000000000001	417.7154846191406
14.408	429.95556640625
14.414000000000001	420.13531494140625
14.42	391.99993896484375
14.425	387.4974365234375
14.431	394.27081298828125
14.437000000000001	380.84039306640625
14.443	401.1625671386719
14.449000000000002	396.5548095703125
14.454	372.1419372558594
14.46	394.27081298828125
14.466	367.8675231933594
14.472000000000001	385.2655944824219
14.478	415.30963134765625
14.482999999999999	415.30963134765625
14.489	434.9514465332031
14.495	425.01708984375
14.501	432.4462890625
14.507	452.8985900878906
14.512	452.8985900878906
14.517999999999999	445.1180114746094
14.524000000000001	458.1610107421875
14.53	447.6965637207031
14.536	434.9514465332031
14.540999999999999	432.4462890625
14.547	437.4710998535156
14.552999999999999	442.5543212890625
14.559000000000001	445.1180114746094
14.565	463.4846496582031
14.571	429.95556640625
14.575999999999999	445.1180114746094
14.582	425.01708984375
14.588	429.95556640625
14.594000000000001	427.47918701171875
14.6	0.0
14.605	420.13531494140625
14.610999999999999	429.95556640625
14.617	422.56915283203125
14.623	417.7154846191406
14.629000000000001	432.4462890625
14.634	415.30963134765625
14.64	405.8238830566406
14.645999999999999	372.1419372558594
14.652000000000001	405.8238830566406
14.658	420.13531494140625
14.663	415.30963134765625
14.669	447.6965637207031
14.675	420.13531494140625
14.681	415.30963134765625
14.687000000000001	405.8238830566406
14.692	412.9176025390625
14.698	398.8520202636719
14.704	415.30963134765625
14.71	420.13531494140625
14.716	422.56915283203125
14.720999999999998	429.95556640625
14.727	396.5548095703125
14.732999999999999	365.74871826171875
14.739	394.27081298828125
14.745	380.84039306640625
14.75	380.84039306640625
14.755999999999998	378.64691162109375
14.762	403.4864807128906
14.767999999999999	389.7421875
14.774000000000001	387.4974365234375
14.78	374.2977600097656
14.785	378.64691162109375
14.790999999999999	349.2320251464844
14.797	335.3929138183594
14.802999999999999	331.5405578613281
14.809000000000001	322.1021728515625
14.814	329.6310119628906
14.82	357.39495849609375
14.825999999999999	355.3365173339844
14.832	351.2550964355469
14.838	345.220703125
14.843	347.2205810546875
14.849	345.220703125
14.855	335.3929138183594
14.860999999999999	316.5686340332031
14.867	304.0238952636719
14.872	305.7850646972656
14.878	314.74530029296875
14.884	322.1021728515625
14.89	327.73248291015625
14.895999999999999	333.4611511230469
14.901	341.2555236816406
14.907	337.3358154296875
14.913	343.2323913574219
14.919	347.2205810546875
14.925	365.74871826171875
14.93	396.5548095703125
14.936	398.8520202636719
14.942	396.5548095703125
14.948	403.4864807128906
14.954	376.4660339355469
14.959000000000001	383.0466003417969
14.965	374.2977600097656
14.970999999999998	372.1419372558594
14.977	0.0
14.982999999999999	0.0
14.988	0.0
14.994000000000002	0.0
15.0	339.2900085449219
15.005999999999998	323.9681091308594
15.012	343.2323913574219
15.017999999999999	339.2900085449219
15.023	343.2323913574219
15.029000000000002	349.2320251464844
15.035	359.4653625488281
15.040999999999999	359.4653625488281
15.047	359.4653625488281
15.052	347.2205810546875
15.058	329.6310119628906
15.064	311.1301574707031
15.07	327.73248291015625
15.075999999999999	345.220703125
15.081	343.2323913574219
15.087	359.4653625488281
15.093	365.74871826171875
15.099	376.4660339355469
15.105	387.4974365234375
15.11	383.0466003417969
15.116	391.99993896484375
15.122	383.0466003417969
15.128	401.1625671386719
15.134	0.0
15.139000000000001	0.0
15.145	0.0
15.151	0.0
15.157	0.0
15.163	0.0
15.168	0.0
15.174000000000001	0.0
15.18	0.0
15.186	0.0
15.192	0.0
15.197000000000001	0.0
15.203	0.0
15.209000000000001	0.0
15.215	0.0
15.220999999999998	0.0
15.225999999999999	0.0
15.232000000000001	0.0
15.238	0.0
15.244000000000002	0.0
15.25	0.0
15.255999999999998	0.0
15.261	0.0
15.267000000000001	0.0
15.273	0.0
15.279000000000002	0.0
15.285	0.0
15.29	0.0
15.296	0.0
15.302	0.0
15.308	0.0
15.314	0.0
15.319	0.0
15.325	0.0
15.331	0.0
15.337	0.0
15.343	0.0
15.347999999999999	0.0
15.354000000000001	0.0
15.36	0.0
15.366	0.0
15.372	0.0
15.377	0.0
15.383	0.0
15.389000000000001	0.0
15.395	0.0
15.401	0.0
15.405999999999999	0.0
15.412	0.0
15.418	0.0
15.424000000000001	0.0
15.43	0.0
15.435	0.0
15.440999999999999	0.0
15.447000000000001	0.0
15.453	0.0
15.459000000000001	0.0
15.464	0.0
15.47	0.0
15.475999999999999	0.0
15.482000000000001	0.0
15.488	0.0
15.494000000000002	0.0
15.499	0.0
15.505	0.0
15.511	0.0
15.517000000000001	0.0
15.523	0.0
15.527999999999999	0.0
15.534	0.0
15.54	0.0
15.546	0.0
15.552	0.0
15.557	0.0
15.562999999999999	0.0
15.569	0.0
15.575	0.0
15.581	0.0
15.585999999999999	0.0
15.592	0.0
15.597999999999999	0.0
15.604000000000001	0.0
15.61	0.0
15.615	0.0
15.620999999999999	0.0
15.627	0.0
15.633	0.0
15.639000000000001	0.0
15.644	0.0
15.65	0.0
15.655999999999999	0.0
15.662	0.0
15.668	0.0
15.673	0.0
15.679	0.0
15.685	0.0
15.690999999999999	0.0
15.697000000000001	0.0
15.702	0.0
15.708	0.0
15.714	0.0
15.72	0.0
15.725999999999999	0.0
15.732000000000001	0.0
15.737	0.0
15.743	0.0
15.749	0.0
15.755	0.0
15.761	0.0
15.765999999999998	0.0
15.772	0.0
15.777999999999999	0.0
15.784	0.0
15.79	0.0
15.795	0.0
15.800999999999998	0.0
15.807	0.0
15.812999999999999	0.0
15.819	0.0
15.824000000000002	0.0
15.83	0.0
15.835999999999999	0.0
15.842	0.0
15.847999999999999	0.0
15.853	0.0
15.859000000000002	0.0
15.865	0.0
15.870999999999999	0.0
15.877	0.0
15.882	0.0
15.888	0.0
15.894	0.0
15.9	0.0
15.905999999999999	0.0
15.911	0.0
15.917	0.0
15.923	0.0
15.929	0.0
15.935	0.0
15.94	0.0
15.946	0.0
15.952	0.0
15.958	0.0
15.964	0.0
15.97	0.0
15.975	0.0
15.981	0.0
15.987	0.0
15.993	0.0
15.999	0.0
16.004	0.0
16.01	0.0
16.016	0.0
16.022000000000002	0.0
16.028	0.0
16.033	0.0
16.039	0.0
16.045	0.0
16.051	0.0
16.057000000000002	0.0
16.062	0.0
16.067999999999998	0.0
16.074	0.0
16.08	0.0
16.086	0.0
16.090999999999998	0.0
16.097	0.0
16.102999999999998	0.0
16.109	0.0
