0.0	0.0
0.006	0.0
0.012	0.0
0.017	0.0
0.023	212.50767517089844
0.028999999999999998	208.8568878173828
0.035	216.22227478027344
0.040999999999999995	218.7346649169922
0.046	221.27626037597656
0.052000000000000005	222.55809020996094
0.057999999999999996	223.8473663330078
0.064	226.44837951660156
0.07	229.07958984375
0.075	227.7601776123047
0.081	230.40664672851562
0.087	233.0838623046875
0.09300000000000001	231.7413787841797
0.099	234.43411254882812
0.10400000000000001	235.79217529296875
0.11	235.79217529296875
0.11599999999999999	234.43411254882812
0.122	239.9137725830078
0.128	235.79217529296875
0.134	237.15809631347656
0.139	238.53195190429688
0.145	239.9137725830078
0.151	242.70144653320312
0.157	244.107421875
0.163	246.94381713867188
0.168	248.37437438964844
0.174	249.8131866455078
0.18	251.26034545898438
0.18600000000000003	252.71588134765625
0.192	252.71588134765625
0.19699999999999998	251.26034545898438
0.203	249.8131866455078
0.209	248.37437438964844
0.215	251.26034545898438
0.221	255.65234375
0.226	255.65234375
0.23199999999999998	257.1333312988281
0.23800000000000002	260.1210632324219
0.244	258.6228942871094
0.25	261.6279602050781
0.255	264.6679382324219
0.261	274.0014953613281
0.267	251.26034545898438
0.273	258.6228942871094
0.27899999999999997	272.42333984375
0.284	263.1435852050781
0.29	0.0
0.29600000000000004	0.0
0.302	318.4024963378906
0.308	322.1021728515625
0.313	329.6310119628906
0.319	333.4611511230469
0.325	335.3929138183594
0.331	339.2900085449219
0.337	341.2555236816406
0.342	345.220703125
0.348	345.220703125
0.354	347.2205810546875
0.36	347.2205810546875
0.366	347.2205810546875
0.37200000000000005	347.2205810546875
0.377	347.2205810546875
0.38299999999999995	345.220703125
0.389	345.220703125
0.395	345.220703125
0.401	349.2320251464844
0.406	347.2205810546875
0.41200000000000003	349.2320251464844
0.418	347.2205810546875
0.424	345.220703125
0.43	341.2555236816406
0.435	341.2555236816406
0.441	337.3358154296875
0.447	327.73248291015625
0.45299999999999996	0.0
0.45899999999999996	0.0
0.46399999999999997	241.30357360839844
0.47	223.8473663330078
0.47600000000000003	241.30357360839844
0.48200000000000004	227.7601776123047
0.488	229.07958984375
0.493	229.07958984375
0.499	234.43411254882812
0.505	238.53195190429688
0.511	222.55809020996094
0.517	204.08657836914062
0.522	197.1345977783203
0.528	208.8568878173828
0.534	207.65396118164062
0.54	204.08657836914062
0.546	218.7346649169922
0.551	226.44837951660156
0.557	230.40664672851562
0.563	229.07958984375
0.569	216.22227478027344
0.575	0.0
0.58	0.0
0.586	0.0
0.5920000000000001	0.0
0.598	293.6676330566406
0.604	304.0238952636719
0.61	300.5318298339844
0.615	283.6641845703125
0.621	275.5887756347656
0.627	277.1852722167969
0.633	275.5887756347656
0.639	290.2945861816406
0.644	272.42333984375
0.65	270.8542785644531
0.6559999999999999	272.42333984375
0.662	288.6225891113281
0.6679999999999999	270.8542785644531
0.6729999999999999	270.8542785644531
0.679	269.2942810058594
0.685	280.4060363769531
0.691	263.1435852050781
0.6970000000000001	269.2942810058594
0.7020000000000001	288.6225891113281
0.708	288.6225891113281
0.7140000000000001	270.8542785644531
0.72	282.0304260253906
0.726	275.5887756347656
0.731	264.6679382324219
0.737	272.42333984375
0.743	258.6228942871094
0.7490000000000001	264.6679382324219
0.755	255.65234375
0.76	251.26034545898438
0.7659999999999999	234.43411254882812
0.772	248.37437438964844
0.778	244.107421875
0.784	235.79217529296875
0.789	225.14410400390625
0.795	226.44837951660156
0.8009999999999999	223.8473663330078
0.807	221.27626037597656
0.813	229.07958984375
0.8190000000000001	235.79217529296875
0.8240000000000001	246.94381713867188
0.83	255.65234375
0.836	255.65234375
0.8420000000000001	251.26034545898438
0.848	254.17987060546875
0.853	248.37437438964844
0.8590000000000001	249.8131866455078
0.865	248.37437438964844
0.871	249.8131866455078
0.877	252.71588134765625
0.882	254.17987060546875
0.888	252.71588134765625
0.894	254.17987060546875
0.9	255.65234375
0.9059999999999999	251.26034545898438
0.9109999999999999	252.71588134765625
0.917	255.65234375
0.9229999999999999	254.17987060546875
0.929	257.1333312988281
0.935	257.1333312988281
0.94	258.6228942871094
0.946	258.6228942871094
0.9520000000000001	261.6279602050781
0.958	261.6279602050781
0.9640000000000001	263.1435852050781
0.9690000000000001	264.6679382324219
0.975	264.6679382324219
0.981	266.201171875
0.987	269.2942810058594
0.993	267.7432556152344
0.998	263.1435852050781
1.004	263.1435852050781
1.01	261.6279602050781
1.016	261.6279602050781
1.022	260.1210632324219
1.0270000000000001	258.6228942871094
1.033	258.6228942871094
1.0390000000000001	260.1210632324219
1.045	261.6279602050781
1.051	261.6279602050781
1.057	0.0
1.062	0.0
1.068	0.0
1.074	218.7346649169922
1.08	220.0017852783203
1.0859999999999999	210.06680297851562
1.091	207.65396118164062
1.097	220.0017852783203
1.103	223.8473663330078
1.109	212.50767517089844
1.115	222.55809020996094
1.12	216.22227478027344
1.126	221.27626037597656
1.1320000000000001	213.7387237548828
1.138	212.50767517089844
1.1440000000000001	223.8473663330078
1.149	206.4579620361328
1.155	193.7479248046875
1.161	191.52252197265625
1.167	205.2688446044922
1.173	200.58045959472656
1.178	202.91110229492188
1.1840000000000002	216.22227478027344
1.19	206.4579620361328
1.196	282.0304260253906
1.202	290.2945861816406
1.207	295.36883544921875
1.213	298.8009033203125
1.219	309.3381652832031
1.225	312.9324951171875
1.2309999999999999	322.1021728515625
1.236	333.4611511230469
1.242	337.3358154296875
1.248	343.2323913574219
1.254	345.220703125
1.26	349.2320251464844
1.265	349.2320251464844
1.271	351.2550964355469
1.2770000000000001	353.2899475097656
1.2830000000000001	353.2899475097656
1.2890000000000001	353.2899475097656
1.295	353.2899475097656
1.3	353.2899475097656
1.306	351.2550964355469
1.3119999999999998	351.2550964355469
1.318	349.2320251464844
1.324	351.2550964355469
1.329	349.2320251464844
1.335	349.2320251464844
1.341	347.2205810546875
1.347	349.2320251464844
1.3530000000000002	347.2205810546875
1.358	347.2205810546875
1.364	347.2205810546875
1.37	349.2320251464844
1.376	347.2205810546875
1.382	345.220703125
1.3869999999999998	343.2323913574219
1.393	337.3358154296875
1.399	325.8448486328125
1.405	322.1021728515625
1.411	320.24700927734375
1.416	333.4611511230469
1.422	0.0
1.4280000000000002	0.0
1.4340000000000002	0.0
1.44	0.0
1.445	0.0
1.4509999999999998	0.0
1.4569999999999999	0.0
1.463	0.0
1.469	0.0
1.474	0.0
1.48	0.0
1.486	0.0
1.492	0.0
1.4980000000000002	0.0
1.5030000000000001	0.0
1.5090000000000001	0.0
1.515	0.0
1.521	0.0
1.527	0.0
1.5330000000000001	0.0
1.538	192.6320037841797
1.544	201.742431640625
1.55	184.99851989746094
1.556	191.52252197265625
1.5619999999999998	199.42520141601562
1.567	214.97691345214844
1.5730000000000002	218.7346649169922
1.579	238.53195190429688
1.585	251.26034545898438
1.591	245.5215301513672
1.5959999999999999	242.70144653320312
1.6019999999999999	246.94381713867188
1.608	244.107421875
1.614	244.107421875
1.62	241.30357360839844
1.625	226.44837951660156
1.631	242.70144653320312
1.6369999999999998	245.5215301513672
1.643	238.53195190429688
1.649	241.30357360839844
1.6540000000000001	258.6228942871094
1.66	249.8131866455078
1.666	255.65234375
1.672	249.8131866455078
1.6780000000000002	241.30357360839844
1.683	241.30357360839844
1.689	239.9137725830078
1.695	226.44837951660156
1.7009999999999998	229.07958984375
1.7069999999999999	223.8473663330078
1.712	222.55809020996094
1.7180000000000002	216.22227478027344
1.724	231.7413787841797
1.73	217.47483825683594
1.736	222.55809020996094
1.7409999999999999	206.4579620361328
1.7469999999999999	213.7387237548828
1.7530000000000001	216.22227478027344
1.7590000000000001	222.55809020996094
1.765	226.44837951660156
1.771	229.07958984375
1.776	248.37437438964844
1.7819999999999998	260.1210632324219
1.788	252.71588134765625
1.794	264.6679382324219
1.8	275.5887756347656
1.805	257.1333312988281
1.811	246.94381713867188
1.817	254.17987060546875
1.8230000000000002	248.37437438964844
1.829	251.26034545898438
1.834	255.65234375
1.84	251.26034545898438
1.8459999999999999	248.37437438964844
1.8519999999999999	252.71588134765625
1.858	254.17987060546875
1.8630000000000002	255.65234375
1.869	255.65234375
1.875	255.65234375
1.881	257.1333312988281
1.8869999999999998	255.65234375
1.892	257.1333312988281
1.8980000000000001	255.65234375
1.9040000000000001	261.6279602050781
1.91	263.1435852050781
1.916	264.6679382324219
1.921	267.7432556152344
1.9269999999999998	267.7432556152344
1.933	264.6679382324219
1.939	261.6279602050781
1.945	260.1210632324219
1.95	260.1210632324219
1.956	260.1210632324219
1.962	260.1210632324219
1.9680000000000002	258.6228942871094
1.974	260.1210632324219
1.98	260.1210632324219
1.985	260.1210632324219
1.9909999999999999	260.1210632324219
1.9969999999999999	261.6279602050781
2.003	258.6228942871094
2.009	260.1210632324219
2.0140000000000002	257.1333312988281
2.02	260.1210632324219
2.026	254.17987060546875
2.032	258.6228942871094
2.0380000000000003	257.1333312988281
2.043	257.1333312988281
2.049	255.65234375
2.055	258.6228942871094
2.061	257.1333312988281
2.0669999999999997	257.1333312988281
2.072	258.6228942871094
2.0780000000000003	260.1210632324219
2.084	255.65234375
2.09	261.6279602050781
2.096	258.6228942871094
2.101	263.1435852050781
2.1069999999999998	260.1210632324219
2.113	258.6228942871094
2.119	252.71588134765625
2.125	248.37437438964844
2.13	254.17987060546875
2.136	252.71588134765625
2.142	260.1210632324219
2.148	248.37437438964844
2.154	246.94381713867188
2.1590000000000003	252.71588134765625
2.165	258.6228942871094
2.171	260.1210632324219
2.177	246.94381713867188
2.1830000000000003	266.201171875
2.188	257.1333312988281
2.194	261.6279602050781
2.2	248.37437438964844
2.206	248.37437438964844
2.2119999999999997	244.107421875
2.218	248.37437438964844
2.2230000000000003	255.65234375
2.229	305.7850646972656
2.235	333.4611511230469
2.241	335.3929138183594
2.247	312.9324951171875
2.252	304.0238952636719
2.258	305.7850646972656
2.2640000000000002	320.24700927734375
2.27	329.6310119628906
2.276	335.3929138183594
2.281	341.2555236816406
2.287	343.2323913574219
2.293	347.2205810546875
2.299	349.2320251464844
2.305	353.2899475097656
2.31	355.3365173339844
2.316	357.39495849609375
2.322	357.39495849609375
2.3280000000000003	357.39495849609375
2.334	357.39495849609375
2.339	357.39495849609375
2.345	355.3365173339844
2.351	355.3365173339844
2.3569999999999998	355.3365173339844
2.363	357.39495849609375
2.3680000000000003	359.4653625488281
2.374	359.4653625488281
2.38	363.64215087890625
2.386	365.74871826171875
2.392	374.2977600097656
2.397	378.64691162109375
2.403	383.0466003417969
2.4090000000000003	387.4974365234375
2.415	391.99993896484375
2.421	391.99993896484375
2.426	394.27081298828125
2.432	394.27081298828125
2.438	394.27081298828125
2.444	391.99993896484375
2.45	391.99993896484375
2.456	391.99993896484375
2.461	391.99993896484375
2.467	391.99993896484375
2.4730000000000003	389.7421875
2.479	387.4974365234375
2.485	387.4974365234375
2.49	389.7421875
2.496	389.7421875
2.502	391.99993896484375
2.508	394.27081298828125
2.5140000000000002	396.5548095703125
2.519	398.8520202636719
2.525	394.27081298828125
2.531	394.27081298828125
2.537	394.27081298828125
2.543	391.99993896484375
2.548	385.2655944824219
2.5540000000000003	378.64691162109375
2.56	367.8675231933594
2.5660000000000003	374.2977600097656
2.572	389.7421875
2.577	363.64215087890625
2.583	0.0
2.589	0.0
2.595	0.0
2.6010000000000004	0.0
2.6060000000000003	0.0
2.612	0.0
2.6180000000000003	0.0
2.6239999999999997	0.0
2.63	0.0
2.635	0.0
2.641	0.0
2.647	0.0
2.653	0.0
2.659	0.0
2.6639999999999997	0.0
2.67	0.0
2.676	0.0
2.682	0.0
2.688	0.0
2.694	0.0
2.699	0.0
2.705	0.0
2.7110000000000003	357.39495849609375
2.717	335.3929138183594
2.7230000000000003	339.2900085449219
2.728	345.220703125
2.734	341.2555236816406
2.74	329.6310119628906
2.7460000000000004	347.2205810546875
2.752	361.5477294921875
2.7569999999999997	355.3365173339844
2.763	349.2320251464844
2.7689999999999997	353.2899475097656
2.775	349.2320251464844
2.781	349.2320251464844
2.786	345.220703125
2.792	349.2320251464844
2.798	355.3365173339844
2.804	351.2550964355469
2.81	347.2205810546875
2.815	351.2550964355469
2.821	351.2550964355469
2.827	349.2320251464844
2.833	349.2320251464844
2.839	347.2205810546875
2.844	355.3365173339844
2.85	351.2550964355469
2.8560000000000003	349.2320251464844
2.862	345.220703125
2.8680000000000003	353.2899475097656
2.873	347.2205810546875
2.8789999999999996	345.220703125
2.885	343.2323913574219
2.891	351.2550964355469
2.897	345.220703125
2.9019999999999997	345.220703125
2.908	345.220703125
2.9139999999999997	345.220703125
2.92	339.2900085449219
2.926	341.2555236816406
2.932	341.2555236816406
2.937	351.2550964355469
2.943	339.2900085449219
2.949	345.220703125
2.955	345.220703125
2.9610000000000003	349.2320251464844
2.966	343.2323913574219
2.972	341.2555236816406
2.978	347.2205810546875
2.984	343.2323913574219
2.99	341.2555236816406
2.995	341.2555236816406
3.0010000000000003	343.2323913574219
3.0069999999999997	343.2323913574219
3.013	343.2323913574219
3.0189999999999997	343.2323913574219
3.0239999999999996	345.220703125
3.03	339.2900085449219
3.036	345.220703125
3.042	0.0
3.048	181.82034301757812
3.053	194.87030029296875
3.0589999999999997	195.99917602539062
3.065	193.7479248046875
3.071	210.06680297851562
3.077	217.47483825683594
3.082	218.7346649169922
3.088	214.97691345214844
3.094	208.8568878173828
3.1	199.42520141601562
3.1060000000000003	187.1481170654297
3.111	193.7479248046875
3.117	205.2688446044922
3.123	213.7387237548828
3.1289999999999996	204.08657836914062
3.135	208.8568878173828
3.14	220.0017852783203
3.1460000000000004	229.07958984375
3.1519999999999997	227.7601776123047
3.158	235.79217529296875
3.1639999999999997	227.7601776123047
3.17	225.14410400390625
3.175	206.4579620361328
3.181	192.6320037841797
3.187	180.77313232421875
3.193	193.7479248046875
3.199	190.41943359375
3.2039999999999997	206.4579620361328
3.21	201.742431640625
3.216	188.23226928710938
3.222	345.220703125
3.228	345.220703125
3.233	343.2323913574219
3.239	367.8675231933594
3.245	383.0466003417969
3.2510000000000003	417.7154846191406
3.2569999999999997	341.2555236816406
3.262	341.2555236816406
3.2680000000000002	343.2323913574219
3.2739999999999996	339.2900085449219
3.28	341.2555236816406
3.286	339.2900085449219
3.2910000000000004	341.2555236816406
3.2969999999999997	343.2323913574219
3.303	341.2555236816406
3.3089999999999997	343.2323913574219
3.315	341.2555236816406
3.32	349.2320251464844
3.326	353.2899475097656
3.332	343.2323913574219
3.338	343.2323913574219
3.344	343.2323913574219
3.3489999999999998	343.2323913574219
3.355	349.2320251464844
3.361	343.2323913574219
3.367	337.3358154296875
3.373	343.2323913574219
3.3789999999999996	357.39495849609375
3.384	345.220703125
3.39	345.220703125
3.3960000000000004	345.220703125
3.4019999999999997	347.2205810546875
3.408	345.220703125
3.4130000000000003	343.2323913574219
3.4189999999999996	341.2555236816406
3.425	369.99853515625
3.431	341.2555236816406
3.437	337.3358154296875
3.4419999999999997	335.3929138183594
3.448	327.73248291015625
3.4539999999999997	305.7850646972656
3.46	325.8448486328125
3.466	0.0
3.471	0.0
3.477	0.0
3.483	0.0
3.489	0.0
3.495	0.0
3.5	0.0
3.5060000000000002	0.0
3.512	0.0
3.5180000000000002	0.0
3.5239999999999996	0.0
3.529	0.0
3.535	0.0
3.5410000000000004	0.0
3.5469999999999997	0.0
3.553	0.0
3.5580000000000003	0.0
3.5639999999999996	0.0
3.57	0.0
3.576	0.0
3.582	0.0
3.5869999999999997	0.0
3.593	385.2655944824219
3.5989999999999998	378.64691162109375
3.605	401.1625671386719
3.611	415.30963134765625
3.617	403.4864807128906
3.622	417.7154846191406
3.628	412.9176025390625
3.634	385.2655944824219
3.64	369.99853515625
3.6460000000000004	378.64691162109375
3.6510000000000002	374.2977600097656
3.657	361.5477294921875
3.6630000000000003	383.0466003417969
3.6689999999999996	403.4864807128906
3.675	396.5548095703125
3.68	380.84039306640625
3.6860000000000004	385.2655944824219
3.6919999999999997	405.8238830566406
3.698	378.64691162109375
3.7039999999999997	398.8520202636719
3.7089999999999996	385.2655944824219
3.715	376.4660339355469
3.721	357.39495849609375
3.727	357.39495849609375
3.733	361.5477294921875
3.738	374.2977600097656
3.7439999999999998	357.39495849609375
3.75	355.3365173339844
3.7560000000000002	347.2205810546875
3.762	378.64691162109375
3.767	282.0304260253906
3.773	288.6225891113281
3.779	291.9762268066406
3.785	275.5887756347656
3.7910000000000004	270.8542785644531
3.7960000000000003	258.6228942871094
3.802	263.1435852050781
3.8080000000000003	263.1435852050781
3.8139999999999996	266.201171875
3.82	0.0
3.825	0.0
3.8310000000000004	0.0
3.8369999999999997	0.0
3.843	0.0
3.8489999999999998	0.0
3.855	0.0
3.86	0.0
3.866	0.0
3.872	0.0
3.878	0.0
3.884	0.0
3.889	0.0
3.895	0.0
3.9010000000000002	0.0
3.907	0.0
3.9130000000000003	0.0
3.918	0.0
3.924	0.0
3.93	0.0
3.9360000000000004	0.0
3.9419999999999997	0.0
3.947	0.0
3.9530000000000003	0.0
3.9589999999999996	0.0
3.965	0.0
3.971	0.0
3.9760000000000004	0.0
3.9819999999999998	0.0
3.988	0.0
3.9939999999999998	0.0
4.0	0.0
4.005	0.0
4.011	0.0
4.0169999999999995	0.0
4.023	0.0
4.029	0.0
4.034	0.0
4.04	0.0
4.046	0.0
4.052	0.0
4.058	0.0
4.063	0.0
4.069	0.0
4.075	0.0
4.081	0.0
4.087	0.0
4.093	0.0
4.098	0.0
4.104	0.0
4.11	0.0
4.1160000000000005	0.0
4.122	0.0
4.127	0.0
4.133	0.0
4.138999999999999	0.0
4.145	0.0
4.151	0.0
4.156000000000001	0.0
4.162	0.0
4.168	0.0
4.1739999999999995	0.0
4.18	0.0
4.185	0.0
4.191	0.0
4.197	0.0
4.203	208.8568878173828
4.209	200.58045959472656
4.2139999999999995	201.742431640625
4.22	205.2688446044922
4.226	206.4579620361328
4.232	212.50767517089844
4.238	218.7346649169922
4.243	223.8473663330078
4.249	223.8473663330078
4.255	234.43411254882812
4.261	239.9137725830078
4.2669999999999995	230.40664672851562
4.272	216.22227478027344
4.2780000000000005	202.91110229492188
4.284	208.8568878173828
4.29	212.50767517089844
4.296	201.742431640625
4.301	211.28370666503906
4.3069999999999995	208.8568878173828
4.313	208.8568878173828
4.319	211.28370666503906
4.325	218.7346649169922
4.331	223.8473663330078
4.336	222.55809020996094
4.342	372.1419372558594
4.348	361.5477294921875
4.354	374.2977600097656
4.36	376.4660339355469
4.365	374.2977600097656
4.371	369.99853515625
4.377	365.74871826171875
4.383	376.4660339355469
4.388999999999999	383.0466003417969
4.394	372.1419372558594
4.4	121.35023498535156
4.406000000000001	113.87963104248047
4.412	119.26548767089844
4.418	128.56613159179688
4.423	125.6296615600586
4.428999999999999	125.6296615600586
4.435	129.3109130859375
4.441	128.56613159179688
4.447	124.90608215332031
4.452	133.10003662109375
4.458	145.14669799804688
4.4639999999999995	149.39984130859375
4.47	158.28366088867188
4.476	161.9833984375
4.481	162.92176818847656
4.487	161.9833984375
4.493	172.60964965820312
4.499	178.69676208496094
4.505	189.32269287109375
4.51	184.99851989746094
4.516	177.66754150390625
4.522	181.82034301757812
4.5280000000000005	194.87030029296875
4.534	201.742431640625
4.54	201.742431640625
4.545	207.65396118164062
4.551	199.42520141601562
4.5569999999999995	213.7387237548828
4.563	205.2688446044922
4.569	207.65396118164062
4.574	202.91110229492188
4.58	204.08657836914062
4.586	212.50767517089844
4.592	205.2688446044922
4.598	211.28370666503906
4.603	204.08657836914062
4.609	192.6320037841797
4.615	199.42520141601562
4.621	198.27658081054688
4.627	181.82034301757812
4.632	188.23226928710938
4.638	188.23226928710938
4.644	180.77313232421875
4.65	182.87362670898438
4.656000000000001	186.07022094726562
4.6610000000000005	187.1481170654297
4.667	187.1481170654297
4.673	189.32269287109375
4.678999999999999	186.07022094726562
4.685	180.77313232421875
4.69	0.0
4.696000000000001	333.4611511230469
4.702	307.5564880371094
4.708	307.5564880371094
4.7139999999999995	297.0799255371094
4.718999999999999	297.0799255371094
4.725	291.9762268066406
4.731	282.0304260253906
4.737	264.6679382324219
4.743	257.1333312988281
4.748	241.30357360839844
4.754	244.107421875
4.76	231.7413787841797
4.766	229.07958984375
4.772	210.06680297851562
4.7780000000000005	204.08657836914062
4.783	361.5477294921875
4.789	385.2655944824219
4.795	380.84039306640625
4.801	372.1419372558594
4.8069999999999995	374.2977600097656
4.812	376.4660339355469
4.8180000000000005	355.3365173339844
4.824	331.5405578613281
4.83	343.2323913574219
4.836	347.2205810546875
4.841	339.2900085449219
4.8469999999999995	365.74871826171875
4.853	359.4653625488281
4.859	391.99993896484375
4.865	361.5477294921875
4.87	359.4653625488281
4.876	351.2550964355469
4.882	349.2320251464844
4.888	357.39495849609375
4.894	363.64215087890625
4.899	349.2320251464844
4.905	363.64215087890625
4.9110000000000005	365.74871826171875
4.917	374.2977600097656
4.923	353.2899475097656
4.928	347.2205810546875
4.934	353.2899475097656
4.94	355.3365173339844
4.946000000000001	355.3365173339844
4.952	369.99853515625
4.957	345.220703125
4.963	353.2899475097656
4.968999999999999	339.2900085449219
4.975	345.220703125
4.981	343.2323913574219
4.986000000000001	351.2550964355469
4.992	383.0466003417969
4.998	365.74871826171875
5.004	345.220703125
5.01	355.3365173339844
5.016	343.2323913574219
5.021	363.64215087890625
5.027	343.2323913574219
5.033	343.2323913574219
5.039	345.220703125
5.045	318.4024963378906
5.05	320.24700927734375
5.056	337.3358154296875
5.062	341.2555236816406
5.0680000000000005	337.3358154296875
5.074	341.2555236816406
5.079	345.220703125
5.085	339.2900085449219
5.091	347.2205810546875
5.0969999999999995	347.2205810546875
5.103	355.3365173339844
5.1080000000000005	359.4653625488281
5.114	341.2555236816406
5.12	345.220703125
5.126	320.24700927734375
5.132000000000001	314.74530029296875
5.1370000000000005	311.1301574707031
5.143	311.1301574707031
5.149	311.1301574707031
5.155	311.1301574707031
5.1610000000000005	312.9324951171875
5.166	311.1301574707031
5.172000000000001	312.9324951171875
5.178	312.9324951171875
5.184	312.9324951171875
5.19	312.9324951171875
5.195	311.1301574707031
5.2010000000000005	311.1301574707031
5.207000000000001	309.3381652832031
5.212999999999999	309.3381652832031
5.218999999999999	311.1301574707031
5.224	312.9324951171875
5.23	316.5686340332031
5.236000000000001	314.74530029296875
5.242000000000001	329.6310119628906
5.247999999999999	345.220703125
5.254	349.2320251464844
5.2589999999999995	337.3358154296875
5.265	345.220703125
5.271	347.2205810546875
5.277	339.2900085449219
5.2829999999999995	343.2323913574219
5.287999999999999	341.2555236816406
5.294	337.3358154296875
5.3	335.3929138183594
5.306	314.74530029296875
5.312	337.3358154296875
5.317	353.2899475097656
5.3229999999999995	341.2555236816406
5.329	372.1419372558594
5.335	380.84039306640625
5.341	367.8675231933594
5.346	396.5548095703125
5.352	391.99993896484375
5.358	372.1419372558594
5.364	343.2323913574219
5.37	327.73248291015625
5.375	331.5405578613281
5.381	314.74530029296875
5.3870000000000005	320.24700927734375
5.393	339.2900085449219
5.399	343.2323913574219
5.404	363.64215087890625
5.41	374.2977600097656
5.416	374.2977600097656
5.422000000000001	383.0466003417969
5.428	361.5477294921875
5.433	353.2899475097656
5.439	357.39495849609375
5.445	367.8675231933594
5.4510000000000005	365.74871826171875
5.457000000000001	376.4660339355469
5.462000000000001	365.74871826171875
5.468	365.74871826171875
5.474	359.4653625488281
5.48	363.64215087890625
5.486000000000001	361.5477294921875
5.492000000000001	361.5477294921875
5.497000000000001	367.8675231933594
5.502999999999999	383.0466003417969
5.5089999999999995	357.39495849609375
5.515	357.39495849609375
5.521	355.3365173339844
5.526	351.2550964355469
5.532	345.220703125
5.537999999999999	341.2555236816406
5.544	329.6310119628906
5.55	320.24700927734375
5.555	305.7850646972656
5.561	314.74530029296875
5.567	318.4024963378906
5.5729999999999995	318.4024963378906
5.579	322.1021728515625
5.584	300.5318298339844
5.59	309.3381652832031
5.596	304.0238952636719
5.602	300.5318298339844
5.608	304.0238952636719
5.6129999999999995	309.3381652832031
5.619	298.8009033203125
5.625	286.9602355957031
5.631	297.0799255371094
5.6370000000000005	312.9324951171875
5.642	309.3381652832031
5.648	320.24700927734375
5.654	312.9324951171875
5.66	322.1021728515625
5.666	312.9324951171875
5.671	304.0238952636719
5.6770000000000005	290.2945861816406
5.683	300.5318298339844
5.689	283.6641845703125
5.695	297.0799255371094
5.7	307.5564880371094
5.706	307.5564880371094
5.712000000000001	312.9324951171875
5.718	320.24700927734375
5.724	312.9324951171875
5.73	307.5564880371094
5.735	300.5318298339844
5.7410000000000005	312.9324951171875
5.747000000000001	314.74530029296875
5.752999999999999	327.73248291015625
5.7589999999999995	339.2900085449219
5.763999999999999	320.24700927734375
5.77	304.0238952636719
5.776	316.5686340332031
5.782	316.5686340332031
5.787999999999999	316.5686340332031
5.792999999999999	304.0238952636719
5.7989999999999995	295.36883544921875
5.805	305.7850646972656
5.811	302.2728271484375
5.817	295.36883544921875
5.822	295.36883544921875
5.827999999999999	291.9762268066406
5.834	300.5318298339844
5.84	290.2945861816406
5.846	298.8009033203125
5.851	305.7850646972656
5.857	316.5686340332031
5.8629999999999995	309.3381652832031
5.869	329.6310119628906
5.875	316.5686340332031
5.88	305.7850646972656
5.886	300.5318298339844
5.892	314.74530029296875
5.898	295.36883544921875
5.904	305.7850646972656
5.909	297.0799255371094
5.915	312.9324951171875
5.921	314.74530029296875
5.9270000000000005	297.0799255371094
5.933	282.0304260253906
5.939	300.5318298339844
5.944	312.9324951171875
5.95	302.2728271484375
5.956	316.5686340332031
5.962000000000001	329.6310119628906
5.968	351.2550964355469
5.973	347.2205810546875
5.979	367.8675231933594
5.985	359.4653625488281
5.9910000000000005	372.1419372558594
5.997000000000001	365.74871826171875
6.002000000000001	372.1419372558594
6.007999999999999	361.5477294921875
6.013999999999999	378.64691162109375
6.02	351.2550964355469
6.026	353.2899475097656
6.031000000000001	327.73248291015625
6.037000000000001	333.4611511230469
6.042999999999999	184.99851989746094
6.0489999999999995	171.61549377441406
6.055	174.6153106689453
6.06	183.93299865722656
6.066	192.6320037841797
6.072	180.77313232421875
6.077999999999999	179.73194885253906
6.084	183.93299865722656
6.0889999999999995	192.6320037841797
6.095	192.6320037841797
6.101	188.23226928710938
6.107	195.99917602539062
6.1129999999999995	164.81484985351562
6.117999999999999	161.9833984375
6.124	160.1228485107422
6.13	154.66844177246094
6.136	161.9833984375
6.142	162.92176818847656
6.147	174.6153106689453
6.153	171.61549377441406
6.159	172.60964965820312
6.165	169.64431762695312
6.171	157.3720245361328
6.1770000000000005	159.2006072998047
6.182	156.4656219482422
6.188	158.28366088867188
6.194	157.3720245361328
6.2	156.4656219482422
6.206	156.4656219482422
6.211	159.2006072998047
6.2170000000000005	156.4656219482422
6.223	155.564453125
6.229	160.1228485107422
6.235	169.64431762695312
6.24	175.62684631347656
6.246	168.66722106933594
6.252000000000001	159.2006072998047
6.257999999999999	151.13580322265625
6.263999999999999	148.5393524169922
6.269	153.77761840820312
6.275	161.05043029785156
6.281000000000001	169.64431762695312
6.287000000000001	171.61549377441406
6.292999999999999	168.66722106933594
6.297999999999999	177.66754150390625
6.303999999999999	187.1481170654297
6.31	188.23226928710938
6.316	189.32269287109375
6.322	187.1481170654297
6.327000000000001	189.32269287109375
6.332999999999999	194.87030029296875
6.3389999999999995	190.41943359375
6.345	181.82034301757812
6.351	180.77313232421875
6.356	189.32269287109375
6.362	206.4579620361328
6.367999999999999	210.06680297851562
6.374	210.06680297851562
6.38	206.4579620361328
6.385	211.28370666503906
6.391	197.1345977783203
6.397	214.97691345214844
6.403	207.65396118164062
6.409	212.50767517089844
6.415	201.742431640625
6.42	187.1481170654297
6.426	181.82034301757812
6.432	191.52252197265625
6.438	190.41943359375
6.444	195.99917602539062
6.449	199.42520141601562
6.455	210.06680297851562
6.461	217.47483825683594
6.4670000000000005	225.14410400390625
6.473	229.07958984375
6.478	227.7601776123047
6.484	223.8473663330078
6.49	214.97691345214844
6.496	225.14410400390625
6.502000000000001	216.22227478027344
6.507000000000001	212.50767517089844
6.513	216.22227478027344
6.519	208.8568878173828
6.525	217.47483825683594
6.531000000000001	218.7346649169922
6.5360000000000005	217.47483825683594
6.542000000000001	231.7413787841797
6.547999999999999	231.7413787841797
6.553999999999999	227.7601776123047
6.56	229.07958984375
6.565	220.0017852783203
6.571000000000001	207.65396118164062
6.577000000000001	212.50767517089844
6.582999999999999	230.40664672851562
6.5889999999999995	226.44837951660156
6.593999999999999	218.7346649169922
6.6	206.4579620361328
6.606	204.08657836914062
6.612	201.742431640625
6.617999999999999	208.8568878173828
6.622999999999999	210.06680297851562
6.629	202.91110229492188
6.635	220.0017852783203
6.641	206.4579620361328
6.647	190.41943359375
6.653	206.4579620361328
6.6579999999999995	206.4579620361328
6.664	211.28370666503906
6.67	221.27626037597656
6.676	204.08657836914062
6.682	192.6320037841797
6.687	202.91110229492188
6.693	204.08657836914062
6.699	210.06680297851562
6.705	212.50767517089844
6.711	207.65396118164062
6.716	205.2688446044922
6.722	194.87030029296875
6.728	197.1345977783203
6.734	213.7387237548828
6.74	200.58045959472656
6.745	207.65396118164062
6.751	216.22227478027344
6.757000000000001	229.07958984375
6.763	229.07958984375
6.769	229.07958984375
6.774	234.43411254882812
6.78	231.7413787841797
6.7860000000000005	229.07958984375
6.792000000000001	235.79217529296875
6.797999999999999	230.40664672851562
6.803	231.7413787841797
6.809	223.8473663330078
6.815	226.44837951660156
6.821000000000001	234.43411254882812
6.827000000000001	227.7601776123047
6.832000000000001	231.7413787841797
6.837999999999999	222.55809020996094
6.843999999999999	227.7601776123047
6.85	231.7413787841797
6.856	231.7413787841797
6.861000000000001	227.7601776123047
6.867000000000001	237.15809631347656
6.872999999999999	223.8473663330078
6.879	229.07958984375
6.885	234.43411254882812
6.891	226.44837951660156
6.896	238.53195190429688
6.902	230.40664672851562
6.9079999999999995	230.40664672851562
6.914	234.43411254882812
6.92	229.07958984375
6.925	234.43411254882812
6.931	230.40664672851562
6.937	235.79217529296875
6.943	231.7413787841797
6.949	235.79217529296875
6.954	229.07958984375
6.96	233.0838623046875
6.966	237.15809631347656
6.972	234.43411254882812
6.978	235.79217529296875
6.983	221.27626037597656
6.989	202.91110229492188
6.995	194.87030029296875
7.001	194.87030029296875
7.007000000000001	205.2688446044922
7.0120000000000005	207.65396118164062
7.018	205.2688446044922
7.024	205.2688446044922
7.03	200.58045959472656
7.0360000000000005	194.87030029296875
7.041	205.2688446044922
7.047000000000001	201.742431640625
7.053	194.87030029296875
7.059	210.06680297851562
7.065	216.22227478027344
7.07	213.7387237548828
7.0760000000000005	216.22227478027344
7.082000000000001	218.7346649169922
7.087999999999999	223.8473663330078
7.093999999999999	225.14410400390625
7.1	237.15809631347656
7.105	229.07958984375
7.111000000000001	230.40664672851562
7.117000000000001	222.55809020996094
7.122999999999999	204.08657836914062
7.129	0.0
7.1339999999999995	242.70144653320312
7.14	227.7601776123047
7.146	227.7601776123047
7.152	234.43411254882812
7.1579999999999995	220.0017852783203
7.162999999999999	231.7413787841797
7.169	229.07958984375
7.175	223.8473663330078
7.181	233.0838623046875
7.187	213.7387237548828
7.192	217.47483825683594
7.1979999999999995	229.07958984375
7.204	238.53195190429688
7.21	234.43411254882812
7.216	249.8131866455078
7.221	263.1435852050781
7.227	266.201171875
7.233	261.6279602050781
7.239	266.201171875
7.245	264.6679382324219
7.25	264.6679382324219
7.256	165.7696075439453
7.2620000000000005	169.64431762695312
7.268	172.60964965820312
7.274	172.60964965820312
7.279	168.66722106933594
7.285	172.60964965820312
7.291	179.73194885253906
7.297000000000001	195.99917602539062
7.303	194.87030029296875
7.308	206.4579620361328
7.314	211.28370666503906
7.32	214.97691345214844
7.3260000000000005	213.7387237548828
7.332000000000001	218.7346649169922
7.337999999999999	214.97691345214844
7.343	222.55809020996094
7.349	208.8568878173828
7.355	204.08657836914062
7.361000000000001	191.52252197265625
7.367000000000001	179.73194885253906
7.372000000000001	171.61549377441406
7.377999999999999	174.6153106689453
7.3839999999999995	168.66722106933594
7.39	180.77313232421875
7.396	169.64431762695312
7.401	175.62684631347656
7.407	170.62705993652344
7.412999999999999	161.05043029785156
7.419	161.9833984375
7.425	169.64431762695312
7.43	176.6442413330078
7.436	171.61549377441406
7.442	172.60964965820312
7.4479999999999995	186.07022094726562
7.454	200.58045959472656
7.459	200.58045959472656
7.465	202.91110229492188
7.471	204.08657836914062
7.477	213.7387237548828
7.483	206.4579620361328
7.4879999999999995	199.42520141601562
7.494	186.07022094726562
7.5	181.82034301757812
7.506	168.66722106933594
7.5120000000000005	183.93299865722656
7.517	173.6095733642578
7.523	183.93299865722656
7.529	180.77313232421875
7.535	165.7696075439453
7.541	177.66754150390625
7.546	178.69676208496094
7.5520000000000005	181.82034301757812
7.558	190.41943359375
7.564	190.41943359375
7.57	206.4579620361328
7.5760000000000005	213.7387237548828
7.581	205.2688446044922
7.587000000000001	207.65396118164062
7.593	208.8568878173828
7.599	204.08657836914062
7.605	208.8568878173828
7.61	204.08657836914062
7.6160000000000005	205.2688446044922
7.622000000000001	212.50767517089844
7.627999999999999	200.58045959472656
7.6339999999999995	202.91110229492188
7.638999999999999	206.4579620361328
7.645	214.97691345214844
7.651	208.8568878173828
7.657	201.742431640625
7.662999999999999	205.2688446044922
7.667999999999999	198.27658081054688
7.6739999999999995	199.42520141601562
7.68	183.93299865722656
7.686	175.62684631347656
7.692	188.23226928710938
7.697	190.41943359375
7.702999999999999	191.52252197265625
7.709	183.93299865722656
7.715	200.58045959472656
7.721	204.08657836914062
7.726	207.65396118164062
7.732	193.7479248046875
7.7379999999999995	195.99917602539062
7.744	201.742431640625
7.75	205.2688446044922
7.755	214.97691345214844
7.761	229.07958984375
7.767	229.07958984375
7.773	245.5215301513672
7.779	221.27626037597656
7.784	233.0838623046875
7.79	230.40664672851562
7.796	225.14410400390625
7.8020000000000005	233.0838623046875
7.808	226.44837951660156
7.814	225.14410400390625
7.819	221.27626037597656
7.825	211.28370666503906
7.831	223.8473663330078
7.837000000000001	217.47483825683594
7.843	237.15809631347656
7.848	234.43411254882812
7.854	223.8473663330078
7.86	233.0838623046875
7.8660000000000005	233.0838623046875
7.872000000000001	233.0838623046875
7.877000000000001	213.7387237548828
7.882999999999999	218.7346649169922
7.888999999999999	220.0017852783203
7.895	212.50767517089844
7.901	214.97691345214844
7.906000000000001	221.27626037597656
7.912000000000001	231.7413787841797
7.917999999999999	233.0838623046875
7.9239999999999995	241.30357360839844
7.93	233.0838623046875
7.935	216.22227478027344
7.941	353.2899475097656
7.947	374.2977600097656
7.952999999999999	374.2977600097656
7.959	351.2550964355469
7.9639999999999995	367.8675231933594
7.97	391.99993896484375
7.976	422.56915283203125
7.982	408.1748046875
7.9879999999999995	190.41943359375
7.992999999999999	192.6320037841797
7.999	205.2688446044922
8.005	208.8568878173828
8.011000000000001	214.97691345214844
8.017000000000001	197.1345977783203
8.022	184.99851989746094
8.027999999999999	179.73194885253906
8.033999999999999	176.6442413330078
8.04	171.61549377441406
8.046	175.62684631347656
8.052	191.52252197265625
8.057	180.77313232421875
8.062999999999999	175.62684631347656
8.068999999999999	174.6153106689453
8.075	172.60964965820312
8.081	176.6442413330078
8.086	184.99851989746094
8.092	0.0
8.097999999999999	0.0
8.104	0.0
8.11	206.4579620361328
8.115	225.14410400390625
8.121	227.7601776123047
8.127	217.47483825683594
8.133	233.0838623046875
8.139	216.22227478027344
8.144	223.8473663330078
8.15	222.55809020996094
8.156	220.0017852783203
8.162	231.7413787841797
8.168	245.5215301513672
8.173	241.30357360839844
8.179	244.107421875
8.185	241.30357360839844
8.191	241.30357360839844
8.197000000000001	239.9137725830078
8.202	242.70144653320312
8.208	237.15809631347656
8.214	225.14410400390625
8.22	235.79217529296875
8.226	231.7413787841797
8.231	220.0017852783203
8.237	221.27626037597656
8.243	207.65396118164062
8.249	199.42520141601562
8.255	198.27658081054688
8.26	195.99917602539062
8.266	146.83323669433594
8.272	159.2006072998047
8.277999999999999	156.4656219482422
8.283999999999999	165.7696075439453
8.29	165.7696075439453
8.295	171.61549377441406
8.301	165.7696075439453
8.307	165.7696075439453
8.312999999999999	163.86557006835938
8.318999999999999	163.86557006835938
8.324	165.7696075439453
8.33	165.7696075439453
8.336	164.81484985351562
8.342	161.9833984375
8.347999999999999	167.69577026367188
8.353	171.61549377441406
8.359	182.87362670898438
8.365	172.60964965820312
8.371	183.93299865722656
8.377	181.82034301757812
8.382	197.1345977783203
8.388	187.1481170654297
8.394	192.6320037841797
8.4	192.6320037841797
8.406	188.23226928710938
8.411	197.1345977783203
8.417	190.41943359375
8.423	202.91110229492188
8.429	214.97691345214844
8.435	222.55809020996094
8.44	221.27626037597656
8.446	235.79217529296875
8.452	241.30357360839844
8.458	245.5215301513672
8.464	245.5215301513672
8.469	245.5215301513672
8.475	245.5215301513672
8.481	246.94381713867188
8.487	246.94381713867188
8.493	244.107421875
8.499	242.70144653320312
8.504	242.70144653320312
8.51	251.26034545898438
8.516	248.37437438964844
8.522	248.37437438964844
8.527999999999999	237.15809631347656
8.533	227.7601776123047
8.539	234.43411254882812
8.545	238.53195190429688
8.551	244.107421875
8.557	237.15809631347656
8.562000000000001	246.94381713867188
8.568	257.1333312988281
8.574	264.6679382324219
8.58	269.2942810058594
8.586	269.2942810058594
8.591000000000001	282.0304260253906
8.597000000000001	291.9762268066406
8.603	282.0304260253906
8.609	239.9137725830078
8.615	257.1333312988281
8.62	261.6279602050781
8.626	260.1210632324219
8.632	245.5215301513672
8.638	242.70144653320312
8.644	242.70144653320312
8.649	225.14410400390625
8.655	217.47483825683594
8.661	217.47483825683594
8.667	212.50767517089844
8.673	208.8568878173828
8.677999999999999	208.8568878173828
8.684	218.7346649169922
8.69	221.27626037597656
8.696	221.27626037597656
8.702	218.7346649169922
8.707	218.7346649169922
8.713	217.47483825683594
8.719	211.28370666503906
8.725	179.73194885253906
8.731	192.6320037841797
8.737	187.1481170654297
8.742	191.52252197265625
8.748	181.82034301757812
8.754	188.23226928710938
8.76	192.6320037841797
8.766	201.742431640625
8.771	198.27658081054688
8.777000000000001	201.742431640625
8.783	220.0017852783203
8.789	223.8473663330078
8.795	226.44837951660156
8.8	230.40664672851562
8.806000000000001	230.40664672851562
8.812000000000001	237.15809631347656
8.818	227.7601776123047
8.824	233.0838623046875
8.829	226.44837951660156
8.835	229.07958984375
8.841000000000001	229.07958984375
8.847000000000001	225.14410400390625
8.853	225.14410400390625
8.857999999999999	218.7346649169922
8.863999999999999	227.7601776123047
8.87	238.53195190429688
8.876	230.40664672851562
8.882	227.7601776123047
8.887	231.7413787841797
8.892999999999999	225.14410400390625
8.899	221.27626037597656
8.905	222.55809020996094
8.911	222.55809020996094
8.916	222.55809020996094
8.922	220.0017852783203
8.927999999999999	218.7346649169922
8.934	230.40664672851562
8.94	216.22227478027344
8.945	230.40664672851562
8.951	239.9137725830078
8.957	229.07958984375
8.963	234.43411254882812
8.969	239.9137725830078
8.975	233.0838623046875
8.98	216.22227478027344
8.986	214.97691345214844
8.992	217.47483825683594
8.998	220.0017852783203
9.004	221.27626037597656
9.009	220.0017852783203
9.015	220.0017852783203
9.021	220.0017852783203
9.027000000000001	218.7346649169922
9.033	220.0017852783203
9.038	214.97691345214844
9.044	207.65396118164062
9.05	206.4579620361328
9.056000000000001	206.4579620361328
9.062000000000001	217.47483825683594
9.067	233.0838623046875
9.073	234.43411254882812
9.079	244.107421875
9.085	230.40664672851562
9.091000000000001	239.9137725830078
9.096	235.79217529296875
9.102	237.15809631347656
9.107999999999999	239.9137725830078
9.113999999999999	245.5215301513672
9.12	254.17987060546875
9.125	244.107421875
9.131	258.6228942871094
9.137	242.70144653320312
9.142999999999999	251.26034545898438
9.149	246.94381713867188
9.154	229.07958984375
9.16	216.22227478027344
9.166	226.44837951660156
9.172	214.97691345214844
9.177999999999999	230.40664672851562
9.183	225.14410400390625
9.189	234.43411254882812
9.195	254.17987060546875
9.201	251.26034545898438
9.207	269.2942810058594
9.213	286.9602355957031
9.218	278.7909851074219
9.224	280.4060363769531
9.23	277.1852722167969
9.236	286.9602355957031
9.242	267.7432556152344
9.247	252.71588134765625
9.253	245.5215301513672
9.259	251.26034545898438
9.265	257.1333312988281
9.271	272.42333984375
9.276	293.6676330566406
9.282	295.36883544921875
9.288	297.0799255371094
9.294	291.9762268066406
9.3	291.9762268066406
9.305	290.2945861816406
9.311	293.6676330566406
9.317	291.9762268066406
9.323	290.2945861816406
9.329	295.36883544921875
9.334	293.6676330566406
9.34	298.8009033203125
9.346	297.0799255371094
9.352	302.2728271484375
9.357999999999999	311.1301574707031
9.363	320.24700927734375
9.369	314.74530029296875
9.375	314.74530029296875
9.381	322.1021728515625
9.387	325.8448486328125
9.392000000000001	329.6310119628906
9.398	333.4611511230469
9.404	335.3929138183594
9.41	339.2900085449219
9.416	339.2900085449219
9.421	341.2555236816406
9.427	343.2323913574219
9.433	337.3358154296875
9.439	341.2555236816406
9.445	339.2900085449219
9.451	339.2900085449219
9.456	339.2900085449219
9.462	339.2900085449219
9.468	337.3358154296875
9.474	335.3929138183594
9.48	337.3358154296875
9.485	339.2900085449219
9.491	339.2900085449219
9.497	339.2900085449219
9.503	339.2900085449219
9.509	341.2555236816406
9.514	341.2555236816406
9.52	341.2555236816406
9.526	341.2555236816406
9.532	337.3358154296875
9.538	333.4611511230469
9.543	335.3929138183594
9.549	335.3929138183594
9.555	339.2900085449219
9.561	337.3358154296875
9.567	339.2900085449219
9.572000000000001	337.3358154296875
9.578	339.2900085449219
9.584	337.3358154296875
9.59	339.2900085449219
9.596	337.3358154296875
9.601	337.3358154296875
9.607000000000001	335.3929138183594
9.613	335.3929138183594
9.619	333.4611511230469
9.625	333.4611511230469
9.63	331.5405578613281
9.636000000000001	329.6310119628906
9.642000000000001	327.73248291015625
9.648	325.8448486328125
9.654	355.3365173339844
9.66	376.4660339355469
9.665	365.74871826171875
9.671	365.74871826171875
9.677	361.5477294921875
9.683	367.8675231933594
9.689	343.2323913574219
9.693999999999999	337.3358154296875
9.7	341.2555236816406
9.706	339.2900085449219
9.712	337.3358154296875
9.718	341.2555236816406
9.722999999999999	341.2555236816406
9.729	341.2555236816406
9.735	339.2900085449219
9.741	337.3358154296875
9.747	339.2900085449219
9.752	325.8448486328125
9.758	329.6310119628906
9.764	337.3358154296875
9.77	335.3929138183594
9.776	337.3358154296875
9.781	345.220703125
9.787	331.5405578613281
9.793	325.8448486328125
9.799	327.73248291015625
9.805	331.5405578613281
9.81	325.8448486328125
9.816	323.9681091308594
9.822000000000001	335.3929138183594
9.828	331.5405578613281
9.834	347.2205810546875
9.839	331.5405578613281
9.845	333.4611511230469
9.851	323.9681091308594
9.857000000000001	331.5405578613281
9.863	343.2323913574219
9.868	320.24700927734375
9.874	318.4024963378906
9.88	312.9324951171875
9.886000000000001	337.3358154296875
9.892000000000001	331.5405578613281
9.898	347.2205810546875
9.902999999999999	353.2899475097656
9.908999999999999	351.2550964355469
9.915	335.3929138183594
9.921	339.2900085449219
9.927	339.2900085449219
9.932	343.2323913574219
9.937999999999999	322.1021728515625
9.943999999999999	307.5564880371094
9.95	286.9602355957031
9.956	283.6641845703125
9.961	275.5887756347656
9.967	291.9762268066406
9.972999999999999	288.6225891113281
9.979	272.42333984375
9.985	285.3074645996094
9.99	302.2728271484375
9.996	300.5318298339844
10.002	304.0238952636719
10.008	305.7850646972656
10.014	295.36883544921875
10.019	293.6676330566406
10.025	288.6225891113281
10.031	285.3074645996094
10.037	286.9602355957031
10.043	282.0304260253906
10.048	302.2728271484375
10.054	312.9324951171875
10.06	302.2728271484375
10.066	304.0238952636719
10.072000000000001	291.9762268066406
10.077	290.2945861816406
10.083	282.0304260253906
10.089	278.7909851074219
10.095	267.7432556152344
10.101	274.0014953613281
10.106	274.0014953613281
10.112	272.42333984375
10.118	269.2942810058594
10.124	266.201171875
10.13	264.6679382324219
10.136000000000001	264.6679382324219
10.141	264.6679382324219
10.147	264.6679382324219
10.152999999999999	263.1435852050781
10.158999999999999	266.201171875
10.165	264.6679382324219
10.17	266.201171875
10.176	286.9602355957031
10.182	267.7432556152344
10.187999999999999	267.7432556152344
10.193999999999999	254.17987060546875
10.199	267.7432556152344
10.205	266.201171875
10.211	252.71588134765625
10.217	244.107421875
10.222999999999999	223.8473663330078
10.228	229.07958984375
10.234	230.40664672851562
10.24	231.7413787841797
10.245999999999999	231.7413787841797
10.252	248.37437438964844
10.257	241.30357360839844
10.263	231.7413787841797
10.269	230.40664672851562
10.275	223.8473663330078
10.280999999999999	231.7413787841797
10.286	213.7387237548828
10.292	207.65396118164062
10.298	198.27658081054688
10.304	183.93299865722656
10.31	175.62684631347656
10.315	174.6153106689453
10.321	175.62684631347656
10.327	181.82034301757812
10.333	172.60964965820312
10.339	179.73194885253906
10.344000000000001	174.6153106689453
10.35	174.6153106689453
10.356	170.62705993652344
10.362	186.07022094726562
10.368	186.07022094726562
10.374	186.07022094726562
10.379000000000001	175.62684631347656
10.385	168.66722106933594
10.390999999999998	178.69676208496094
10.397	173.6095733642578
10.402999999999999	345.220703125
10.408	327.73248291015625
10.414000000000001	343.2323913574219
10.42	323.9681091308594
10.425999999999998	305.7850646972656
10.432	300.5318298339844
10.437000000000001	302.2728271484375
10.443	318.4024963378906
10.449000000000002	309.3381652832031
10.455	311.1301574707031
10.460999999999999	304.0238952636719
10.466	300.5318298339844
10.472000000000001	309.3381652832031
10.478	302.2728271484375
10.484000000000002	302.2728271484375
10.49	304.0238952636719
10.495	298.8009033203125
10.501	295.36883544921875
10.507	297.0799255371094
10.513	290.2945861816406
10.519	282.0304260253906
10.524000000000001	272.42333984375
10.53	263.1435852050781
10.536	249.8131866455078
10.542	249.8131866455078
10.548	195.99917602539062
10.552999999999999	186.07022094726562
10.559000000000001	197.1345977783203
10.565	202.91110229492188
10.571	207.65396118164062
10.577	198.27658081054688
10.582	191.52252197265625
10.588	183.93299865722656
10.594000000000001	187.1481170654297
10.6	186.07022094726562
10.606	186.07022094726562
10.612	200.58045959472656
10.617	200.58045959472656
10.623	207.65396118164062
10.629000000000001	200.58045959472656
10.635	199.42520141601562
10.640999999999998	199.42520141601562
10.645999999999999	201.742431640625
10.652000000000001	204.08657836914062
10.658	190.41943359375
10.664000000000001	383.0466003417969
10.67	372.1419372558594
10.675	387.4974365234375
10.681	387.4974365234375
10.687000000000001	376.4660339355469
10.693	396.5548095703125
10.699000000000002	401.1625671386719
10.704	374.2977600097656
10.71	361.5477294921875
10.716	380.84039306640625
10.722000000000001	398.8520202636719
10.728	408.1748046875
10.732999999999999	398.8520202636719
10.739	380.84039306640625
10.745	210.06680297851562
10.751	220.0017852783203
10.757	237.15809631347656
10.762	244.107421875
10.767999999999999	227.7601776123047
10.774000000000001	208.8568878173828
10.78	222.55809020996094
10.786	211.28370666503906
10.790999999999999	218.7346649169922
10.797	223.8473663330078
10.802999999999999	225.14410400390625
10.809000000000001	223.8473663330078
10.815	221.27626037597656
10.82	211.28370666503906
10.825999999999999	211.28370666503906
10.832	225.14410400390625
10.838	242.70144653320312
10.844000000000001	233.0838623046875
10.85	222.55809020996094
10.855	225.14410400390625
10.860999999999999	226.44837951660156
10.867	237.15809631347656
10.873	223.8473663330078
10.879000000000001	220.0017852783203
10.884	225.14410400390625
10.89	227.7601776123047
10.895999999999999	220.0017852783203
10.902000000000001	214.97691345214844
10.908	211.28370666503906
10.913	195.99917602539062
10.919	198.27658081054688
10.925	205.2688446044922
10.931	205.2688446044922
10.937000000000001	197.1345977783203
10.942	206.4579620361328
10.948	199.42520141601562
10.954	210.06680297851562
10.96	214.97691345214844
10.966	214.97691345214844
10.970999999999998	204.08657836914062
10.977	200.58045959472656
10.982999999999999	199.42520141601562
10.989	189.32269287109375
10.995	188.23226928710938
11.0	190.41943359375
11.005999999999998	192.6320037841797
11.012	207.65396118164062
11.017999999999999	197.1345977783203
11.024000000000001	191.52252197265625
11.029000000000002	197.1345977783203
11.035	200.58045959472656
11.040999999999999	204.08657836914062
11.047	207.65396118164062
11.052999999999999	194.87030029296875
11.059000000000001	189.32269287109375
11.064	391.99993896484375
11.07	417.7154846191406
11.075999999999999	212.50767517089844
11.082	223.8473663330078
11.088	218.7346649169922
11.093	213.7387237548828
11.099	205.2688446044922
11.105	193.7479248046875
11.110999999999999	195.99917602539062
11.117	193.7479248046875
11.122	177.66754150390625
11.128	178.69676208496094
11.134	174.6153106689453
11.14	178.69676208496094
11.145999999999999	177.66754150390625
11.151	176.6442413330078
11.157	174.6153106689453
11.163	177.66754150390625
11.169	176.6442413330078
11.175	176.6442413330078
11.18	175.62684631347656
11.186	183.93299865722656
11.192	198.27658081054688
11.198	447.6965637207031
11.204	412.9176025390625
11.209000000000001	425.01708984375
11.215	237.15809631347656
11.220999999999998	225.14410400390625
11.227	233.0838623046875
11.232999999999999	231.7413787841797
11.238	248.37437438964844
11.244000000000002	260.1210632324219
11.25	264.6679382324219
11.255999999999998	246.94381713867188
11.262	260.1210632324219
11.267000000000001	263.1435852050781
11.273	251.26034545898438
11.279000000000002	264.6679382324219
11.285	249.8131866455078
11.290999999999999	238.53195190429688
11.297	258.6228942871094
11.302	264.6679382324219
11.308	249.8131866455078
11.314	272.42333984375
11.32	270.8542785644531
11.325999999999999	249.8131866455078
11.331	267.7432556152344
11.337	275.5887756347656
11.343	269.2942810058594
11.349	266.201171875
11.355	280.4060363769531
11.36	293.6676330566406
11.366	269.2942810058594
11.372	267.7432556152344
11.378	263.1435852050781
11.384	285.3074645996094
11.389000000000001	290.2945861816406
11.395	252.71588134765625
11.401	234.43411254882812
11.407	223.8473663330078
11.413	221.27626037597656
11.418	239.9137725830078
11.424000000000001	252.71588134765625
11.43	260.1210632324219
11.436	266.201171875
11.442	261.6279602050781
11.447000000000001	260.1210632324219
11.453	258.6228942871094
11.459000000000001	270.8542785644531
11.465	261.6279602050781
11.470999999999998	254.17987060546875
11.475999999999999	234.43411254882812
11.482000000000001	218.7346649169922
11.488	226.44837951660156
11.494000000000002	246.94381713867188
11.5	244.107421875
11.505	246.94381713867188
11.511	252.71588134765625
11.517000000000001	254.17987060546875
11.523	261.6279602050781
11.529000000000002	257.1333312988281
11.535	235.79217529296875
11.54	0.0
11.546	0.0
11.552	0.0
11.558	0.0
11.564	0.0
11.569	0.0
11.575	0.0
11.581	0.0
11.587	0.0
11.593	0.0
11.597999999999999	0.0
11.604000000000001	0.0
11.61	0.0
11.616	0.0
11.622	0.0
11.627	0.0
11.633	0.0
11.639000000000001	0.0
11.645	0.0
11.651	0.0
11.655999999999999	0.0
11.662	0.0
11.668	0.0
11.674000000000001	0.0
11.68	0.0
11.685	0.0
11.690999999999999	0.0
11.697000000000001	0.0
11.703	0.0
11.709000000000001	0.0
11.714	249.8131866455078
11.72	244.107421875
11.725999999999999	223.8473663330078
11.732000000000001	237.15809631347656
11.738	227.7601776123047
11.743	235.79217529296875
11.749	227.7601776123047
11.755	235.79217529296875
11.761	235.79217529296875
11.767000000000001	239.9137725830078
11.773	230.40664672851562
11.777999999999999	226.44837951660156
11.784	241.30357360839844
11.79	241.30357360839844
11.796	242.70144653320312
11.802	244.107421875
11.807	238.53195190429688
11.812999999999999	230.40664672851562
11.819	226.44837951660156
11.825	223.8473663330078
11.831	0.0
11.835999999999999	145.98751831054688
11.842	143.4795379638672
11.847999999999999	136.21112060546875
11.854000000000001	143.4795379638672
11.86	140.2024383544922
11.865	141.83151245117188
11.870999999999999	145.98751831054688
11.877	152.8919219970703
11.883	156.4656219482422
11.889000000000001	159.2006072998047
11.894	161.9833984375
11.9	227.7601776123047
11.905999999999999	246.94381713867188
11.912	227.7601776123047
11.918	233.0838623046875
11.923	218.7346649169922
11.929	227.7601776123047
11.935	226.44837951660156
11.940999999999999	235.79217529296875
11.947000000000001	230.40664672851562
11.952	223.8473663330078
11.958	230.40664672851562
11.964	238.53195190429688
11.97	225.14410400390625
11.975999999999999	235.79217529296875
11.981	252.71588134765625
11.987	263.1435852050781
11.993	257.1333312988281
11.999	260.1210632324219
12.005	260.1210632324219
12.011	266.201171875
12.015999999999998	246.94381713867188
12.022	266.201171875
12.027999999999999	264.6679382324219
12.034	261.6279602050781
12.04	257.1333312988281
12.045	244.107421875
12.050999999999998	233.0838623046875
12.057	234.43411254882812
12.062999999999999	222.55809020996094
12.069	231.7413787841797
12.074000000000002	221.27626037597656
12.08	222.55809020996094
12.085999999999999	230.40664672851562
12.092	223.8473663330078
12.097999999999999	210.06680297851562
12.103	194.87030029296875
12.109000000000002	190.41943359375
12.115	187.1481170654297
12.120999999999999	195.99917602539062
12.127	192.6320037841797
12.132	200.58045959472656
12.138	218.7346649169922
12.144	229.07958984375
12.15	223.8473663330078
12.155999999999999	213.7387237548828
12.161	199.42520141601562
12.167	192.6320037841797
12.173	195.99917602539062
12.179	210.06680297851562
12.185	214.97691345214844
12.19	223.8473663330078
12.196	231.7413787841797
12.202	230.40664672851562
12.208	218.7346649169922
12.214	234.43411254882812
12.22	229.07958984375
12.225	212.50767517089844
12.231	198.27658081054688
12.237	202.91110229492188
12.243	187.1481170654297
12.249	191.52252197265625
12.254000000000001	254.17987060546875
12.26	258.6228942871094
12.265999999999998	238.53195190429688
12.272	257.1333312988281
12.277999999999999	239.9137725830078
12.283	234.43411254882812
12.289000000000001	248.37437438964844
12.295	233.0838623046875
12.300999999999998	234.43411254882812
12.307	237.15809631347656
12.312000000000001	235.79217529296875
12.318	239.9137725830078
12.324000000000002	231.7413787841797
12.33	214.97691345214844
12.335999999999999	218.7346649169922
12.341	220.0017852783203
12.347000000000001	237.15809631347656
12.353	251.26034545898438
12.359000000000002	255.65234375
12.365	254.17987060546875
12.37	239.9137725830078
12.376	255.65234375
12.382	261.6279602050781
12.388	246.94381713867188
12.394	235.79217529296875
12.399000000000001	237.15809631347656
12.405	244.107421875
12.411	266.201171875
12.417	264.6679382324219
12.423	258.6228942871094
12.427999999999999	267.7432556152344
12.434000000000001	264.6679382324219
12.44	258.6228942871094
12.446	270.8542785644531
12.452	263.1435852050781
12.458	260.1210632324219
12.463	242.70144653320312
12.469000000000001	255.65234375
12.475	237.15809631347656
12.481	241.30357360839844
12.487	261.6279602050781
12.492	266.201171875
12.498	263.1435852050781
12.504000000000001	254.17987060546875
12.51	241.30357360839844
12.515999999999998	261.6279602050781
12.520999999999999	258.6228942871094
12.527000000000001	278.7909851074219
12.533	290.2945861816406
12.539000000000001	283.6641845703125
12.545	264.6679382324219
12.55	254.17987060546875
12.556	252.71588134765625
12.562000000000001	270.8542785644531
12.568	252.71588134765625
12.574000000000002	251.26034545898438
12.579	257.1333312988281
12.585	257.1333312988281
12.591	258.6228942871094
12.597000000000001	263.1435852050781
12.603	280.4060363769531
12.607999999999999	288.6225891113281
12.614	266.201171875
12.62	249.8131866455078
12.626	261.6279602050781
12.632	245.5215301513672
12.637	246.94381713867188
12.642999999999999	238.53195190429688
12.649000000000001	238.53195190429688
12.655	255.65234375
12.661	275.5887756347656
12.665999999999999	261.6279602050781
12.672	255.65234375
12.677999999999999	254.17987060546875
12.684000000000001	251.26034545898438
12.69	251.26034545898438
12.696	264.6679382324219
12.700999999999999	252.71588134765625
12.707	264.6679382324219
12.713	260.1210632324219
12.719000000000001	264.6679382324219
12.725	254.17987060546875
12.73	233.0838623046875
12.735999999999999	213.7387237548828
12.742	229.07958984375
12.748	226.44837951660156
12.754000000000001	231.7413787841797
12.759	226.44837951660156
12.765	229.07958984375
12.770999999999999	229.07958984375
12.777000000000001	231.7413787841797
12.783	237.15809631347656
12.788	231.7413787841797
12.794	229.07958984375
12.8	231.7413787841797
12.806	229.07958984375
12.812000000000001	235.79217529296875
12.817	227.7601776123047
12.823	223.8473663330078
12.829	221.27626037597656
12.835	222.55809020996094
12.841	221.27626037597656
12.845999999999998	213.7387237548828
12.852	222.55809020996094
12.857999999999999	226.44837951660156
12.864	222.55809020996094
12.87	226.44837951660156
12.875	225.14410400390625
12.880999999999998	233.0838623046875
12.887	222.55809020996094
12.892999999999999	234.43411254882812
12.899000000000001	227.7601776123047
12.904000000000002	235.79217529296875
12.91	225.14410400390625
12.915999999999999	222.55809020996094
12.922	225.14410400390625
12.927999999999999	226.44837951660156
12.934000000000001	221.27626037597656
12.939	214.97691345214844
12.945	213.7387237548828
12.950999999999999	212.50767517089844
12.957	227.7601776123047
12.963	234.43411254882812
12.968	251.26034545898438
12.974	260.1210632324219
12.98	263.1435852050781
12.985999999999999	258.6228942871094
12.992	260.1210632324219
12.997	252.71588134765625
13.003	244.107421875
13.009	234.43411254882812
13.015	255.65234375
13.020999999999999	234.43411254882812
13.026	252.71588134765625
13.032	257.1333312988281
13.038	249.8131866455078
13.044	266.201171875
13.05	261.6279602050781
13.055	266.201171875
13.061	261.6279602050781
13.067	270.8542785644531
13.073	260.1210632324219
13.079	258.6228942871094
13.084000000000001	239.9137725830078
13.09	233.0838623046875
13.095999999999998	239.9137725830078
13.102	233.0838623046875
13.107999999999999	230.40664672851562
13.113	233.0838623046875
13.119000000000002	248.37437438964844
13.125	257.1333312988281
13.130999999999998	257.1333312988281
13.137	261.6279602050781
13.142000000000001	251.26034545898438
13.148	258.6228942871094
13.154000000000002	260.1210632324219
13.16	252.71588134765625
13.165999999999999	261.6279602050781
13.172	248.37437438964844
13.177	260.1210632324219
13.183	258.6228942871094
13.189	239.9137725830078
13.195	261.6279602050781
13.200999999999999	260.1210632324219
13.206	263.1435852050781
13.212	261.6279602050781
13.218	260.1210632324219
13.224	261.6279602050781
13.23	263.1435852050781
13.235	263.1435852050781
13.241	267.7432556152344
13.247	260.1210632324219
13.253	257.1333312988281
13.259	257.1333312988281
13.264000000000001	254.17987060546875
13.27	255.65234375
13.276	258.6228942871094
13.282	257.1333312988281
13.288	257.1333312988281
13.293	257.1333312988281
13.299000000000001	258.6228942871094
13.305	260.1210632324219
13.311	261.6279602050781
13.317	260.1210632324219
13.322000000000001	260.1210632324219
13.328	257.1333312988281
13.334000000000001	257.1333312988281
13.34	257.1333312988281
13.345999999999998	260.1210632324219
13.350999999999999	257.1333312988281
13.357000000000001	260.1210632324219
13.363	261.6279602050781
13.369000000000002	257.1333312988281
13.375	258.6228942871094
13.38	258.6228942871094
13.386	260.1210632324219
13.392000000000001	261.6279602050781
13.398	260.1210632324219
13.404000000000002	257.1333312988281
13.41	257.1333312988281
13.415	258.6228942871094
13.421	260.1210632324219
13.427	263.1435852050781
13.433	263.1435852050781
13.439	258.6228942871094
13.444	260.1210632324219
13.45	261.6279602050781
13.456	260.1210632324219
13.462	260.1210632324219
13.468	255.65234375
13.472999999999999	257.1333312988281
13.479000000000001	257.1333312988281
13.485	257.1333312988281
13.491	257.1333312988281
13.497	258.6228942871094
13.502	261.6279602050781
13.508	255.65234375
13.514000000000001	258.6228942871094
13.52	258.6228942871094
13.526	258.6228942871094
13.530999999999999	260.1210632324219
13.537	260.1210632324219
13.543	260.1210632324219
13.549000000000001	260.1210632324219
13.555	258.6228942871094
13.56	257.1333312988281
13.565999999999999	255.65234375
13.572000000000001	257.1333312988281
13.578	258.6228942871094
13.584000000000001	258.6228942871094
13.589	258.6228942871094
13.595	258.6228942871094
13.600999999999999	260.1210632324219
13.607000000000001	263.1435852050781
13.613	261.6279602050781
13.619000000000002	258.6228942871094
13.624	257.1333312988281
13.63	255.65234375
13.636	257.1333312988281
13.642000000000001	251.26034545898438
13.648	261.6279602050781
13.652999999999999	260.1210632324219
13.659	254.17987060546875
13.665	272.42333984375
13.671	257.1333312988281
13.677	267.7432556152344
13.682	258.6228942871094
13.687999999999999	255.65234375
13.694	264.6679382324219
13.7	258.6228942871094
13.706	282.0304260253906
13.710999999999999	258.6228942871094
13.717	257.1333312988281
13.722999999999999	0.0
13.729000000000001	408.1748046875
13.735	429.95556640625
13.74	415.30963134765625
13.745999999999999	427.47918701171875
13.752	410.5393371582031
13.758	420.13531494140625
13.764000000000001	405.8238830566406
13.769	405.8238830566406
13.775	417.7154846191406
13.780999999999999	417.7154846191406
13.787	415.30963134765625
13.793	445.1180114746094
13.798	410.5393371582031
13.804	445.1180114746094
13.81	408.1748046875
13.815999999999999	425.01708984375
13.822000000000001	410.5393371582031
13.827	398.8520202636719
13.833	425.01708984375
13.839	412.9176025390625
13.845	422.56915283203125
13.850999999999999	427.47918701171875
13.857000000000001	405.8238830566406
13.862	412.9176025390625
13.868	403.4864807128906
13.874	412.9176025390625
13.88	415.30963134765625
13.886	440.0053405761719
13.890999999999998	437.4710998535156
13.897	401.1625671386719
13.902999999999999	408.1748046875
13.909	410.5393371582031
13.915	417.7154846191406
13.92	410.5393371582031
13.925999999999998	408.1748046875
13.932	420.13531494140625
13.937999999999999	412.9176025390625
13.944	445.1180114746094
13.949000000000002	412.9176025390625
13.955	447.6965637207031
13.960999999999999	420.13531494140625
13.967	434.9514465332031
13.972999999999999	442.5543212890625
13.978	474.3181457519531
13.984000000000002	458.1610107421875
13.99	471.5862731933594
13.995999999999999	450.2900390625
14.002	471.5862731933594
14.007	471.5862731933594
14.013	432.4462890625
14.019	258.6228942871094
14.025	242.70144653320312
14.030999999999999	234.43411254882812
14.036	225.14410400390625
14.042	216.22227478027344
14.048	218.7346649169922
14.054	226.44837951660156
14.06	234.43411254882812
14.065	226.44837951660156
14.071	234.43411254882812
14.077	225.14410400390625
14.083	235.79217529296875
14.089	234.43411254882812
14.095	233.0838623046875
14.1	226.44837951660156
14.106	238.53195190429688
14.112	257.1333312988281
14.118	242.70144653320312
14.124	257.1333312988281
14.129000000000001	251.26034545898438
14.135	270.8542785644531
14.140999999999998	264.6679382324219
14.147	257.1333312988281
14.152999999999999	267.7432556152344
14.158	252.71588134765625
14.164000000000001	255.65234375
14.17	254.17987060546875
14.175999999999998	246.94381713867188
14.182	226.44837951660156
14.187000000000001	222.55809020996094
14.193	227.7601776123047
14.199000000000002	222.55809020996094
14.205	216.22227478027344
14.210999999999999	222.55809020996094
14.216	223.8473663330078
14.222000000000001	239.9137725830078
14.228	258.6228942871094
14.234000000000002	264.6679382324219
14.24	257.1333312988281
14.245	257.1333312988281
14.251	267.7432556152344
14.257	261.6279602050781
14.263	263.1435852050781
14.269	264.6679382324219
14.274000000000001	258.6228942871094
14.28	264.6679382324219
14.286	261.6279602050781
14.292	260.1210632324219
14.298	264.6679382324219
14.302999999999999	257.1333312988281
14.309000000000001	261.6279602050781
14.315	260.1210632324219
14.321	258.6228942871094
14.327	263.1435852050781
14.333	255.65234375
14.338	263.1435852050781
14.344000000000001	258.6228942871094
14.35	258.6228942871094
14.356	263.1435852050781
14.362	257.1333312988281
14.367	263.1435852050781
14.373	258.6228942871094
14.379000000000001	258.6228942871094
14.385	263.1435852050781
14.390999999999998	255.65234375
14.395999999999999	266.201171875
14.402000000000001	257.1333312988281
14.408	257.1333312988281
14.414000000000001	264.6679382324219
14.42	255.65234375
14.425	263.1435852050781
14.431	258.6228942871094
14.437000000000001	260.1210632324219
14.443	258.6228942871094
14.449000000000002	255.65234375
14.454	261.6279602050781
14.46	257.1333312988281
14.466	261.6279602050781
14.472000000000001	258.6228942871094
14.478	260.1210632324219
14.482999999999999	260.1210632324219
14.489	257.1333312988281
14.495	0.0
14.501	0.0
14.507	0.0
14.512	0.0
14.517999999999999	0.0
14.524000000000001	0.0
14.53	0.0
14.536	0.0
14.540999999999999	0.0
14.547	0.0
14.552999999999999	0.0
14.559000000000001	0.0
14.565	0.0
14.571	0.0
14.575999999999999	0.0
14.582	0.0
14.588	0.0
14.594000000000001	0.0
14.6	0.0
14.605	0.0
14.610999999999999	0.0
14.617	0.0
14.623	0.0
14.629000000000001	0.0
14.634	0.0
14.64	0.0
14.645999999999999	0.0
14.652000000000001	0.0
14.658	0.0
14.663	0.0
14.669	0.0
14.675	0.0
14.681	0.0
14.687000000000001	0.0
14.692	0.0
14.698	0.0
14.704	0.0
14.71	0.0
14.716	0.0
14.720999999999998	0.0
14.727	0.0
14.732999999999999	0.0
14.739	0.0
14.745	0.0
14.75	0.0
14.755999999999998	0.0
14.762	442.5543212890625
14.767999999999999	468.8700866699219
14.774000000000001	485.4048767089844
14.78	485.4048767089844
14.785	485.4048767089844
14.790999999999999	482.609130859375
14.797	479.8294982910156
14.802999999999999	479.8294982910156
14.809000000000001	479.8294982910156
14.814	482.609130859375
14.82	474.3181457519531
14.825999999999999	479.8294982910156
14.832	442.5543212890625
14.838	445.1180114746094
14.843	440.0053405761719
14.849	417.7154846191406
14.855	403.4864807128906
14.860999999999999	437.4710998535156
14.867	427.47918701171875
14.872	434.9514465332031
14.878	410.5393371582031
14.884	257.1333312988281
14.89	257.1333312988281
14.895999999999999	260.1210632324219
14.901	258.6228942871094
14.907	260.1210632324219
14.913	258.6228942871094
14.919	260.1210632324219
14.925	260.1210632324219
14.93	260.1210632324219
14.936	258.6228942871094
14.942	260.1210632324219
14.948	260.1210632324219
14.954	260.1210632324219
14.959000000000001	258.6228942871094
14.965	258.6228942871094
14.970999999999998	260.1210632324219
14.977	261.6279602050781
14.982999999999999	260.1210632324219
14.988	257.1333312988281
14.994000000000002	258.6228942871094
15.0	258.6228942871094
15.005999999999998	261.6279602050781
15.012	258.6228942871094
15.017999999999999	260.1210632324219
15.023	260.1210632324219
15.029000000000002	258.6228942871094
15.035	261.6279602050781
15.040999999999999	260.1210632324219
15.047	261.6279602050781
15.052	258.6228942871094
15.058	260.1210632324219
15.064	249.8131866455078
15.07	255.65234375
15.075999999999999	254.17987060546875
15.081	257.1333312988281
15.087	258.6228942871094
15.093	263.1435852050781
15.099	258.6228942871094
15.105	257.1333312988281
15.11	245.5215301513672
15.116	234.43411254882812
15.122	244.107421875
15.128	264.6679382324219
15.134	255.65234375
15.139000000000001	255.65234375
15.145	260.1210632324219
15.151	260.1210632324219
15.157	261.6279602050781
15.163	257.1333312988281
15.168	260.1210632324219
15.174000000000001	252.71588134765625
15.18	252.71588134765625
15.186	252.71588134765625
15.192	263.1435852050781
15.197000000000001	267.7432556152344
15.203	0.0
15.209000000000001	0.0
15.215	277.1852722167969
15.220999999999998	270.8542785644531
15.225999999999999	288.6225891113281
15.232000000000001	295.36883544921875
15.238	277.1852722167969
15.244000000000002	270.8542785644531
15.25	267.7432556152344
15.255999999999998	267.7432556152344
15.261	283.6641845703125
15.267000000000001	272.42333984375
15.273	274.0014953613281
15.279000000000002	280.4060363769531
15.285	264.6679382324219
15.29	269.2942810058594
15.296	263.1435852050781
15.302	266.201171875
15.308	264.6679382324219
15.314	269.2942810058594
15.319	267.7432556152344
15.325	263.1435852050781
15.331	258.6228942871094
15.337	260.1210632324219
15.343	270.8542785644531
15.347999999999999	258.6228942871094
15.354000000000001	258.6228942871094
15.36	257.1333312988281
15.366	261.6279602050781
15.372	260.1210632324219
15.377	260.1210632324219
15.383	263.1435852050781
15.389000000000001	260.1210632324219
15.395	258.6228942871094
15.401	261.6279602050781
15.405999999999999	258.6228942871094
15.412	266.201171875
15.418	260.1210632324219
15.424000000000001	257.1333312988281
15.43	260.1210632324219
15.435	264.6679382324219
15.440999999999999	275.5887756347656
15.447000000000001	266.201171875
15.453	260.1210632324219
15.459000000000001	260.1210632324219
15.464	260.1210632324219
15.47	264.6679382324219
15.475999999999999	260.1210632324219
15.482000000000001	264.6679382324219
15.488	260.1210632324219
15.494000000000002	263.1435852050781
15.499	258.6228942871094
15.505	264.6679382324219
15.511	260.1210632324219
15.517000000000001	258.6228942871094
15.523	258.6228942871094
15.527999999999999	264.6679382324219
15.534	257.1333312988281
15.54	264.6679382324219
15.546	258.6228942871094
15.552	257.1333312988281
15.557	260.1210632324219
15.562999999999999	263.1435852050781
15.569	258.6228942871094
15.575	263.1435852050781
15.581	258.6228942871094
15.585999999999999	261.6279602050781
15.592	264.6679382324219
15.597999999999999	263.1435852050781
15.604000000000001	260.1210632324219
15.61	257.1333312988281
15.615	260.1210632324219
15.620999999999999	263.1435852050781
15.627	257.1333312988281
15.633	263.1435852050781
15.639000000000001	260.1210632324219
15.644	258.6228942871094
15.65	261.6279602050781
15.655999999999999	261.6279602050781
15.662	257.1333312988281
15.668	266.201171875
15.673	249.8131866455078
15.679	248.37437438964844
15.685	263.1435852050781
15.690999999999999	0.0
15.697000000000001	0.0
15.702	0.0
15.708	0.0
15.714	0.0
15.72	0.0
15.725999999999999	427.47918701171875
15.732000000000001	398.8520202636719
15.737	412.9176025390625
15.743	425.01708984375
15.749	408.1748046875
15.755	427.47918701171875
15.761	455.5221862792969
15.765999999999998	463.4846496582031
15.772	474.3181457519531
15.777999999999999	482.609130859375
15.784	485.4048767089844
15.79	499.62841796875
15.795	482.609130859375
15.800999999999998	477.06585693359375
15.807	474.3181457519531
15.812999999999999	477.06585693359375
15.819	479.8294982910156
15.824000000000002	474.3181457519531
15.83	477.06585693359375
15.835999999999999	440.0053405761719
15.842	408.1748046875
15.847999999999999	425.01708984375
15.853	427.47918701171875
15.859000000000002	422.56915283203125
15.865	434.9514465332031
15.870999999999999	434.9514465332031
15.877	455.5221862792969
15.882	440.0053405761719
15.888	440.0053405761719
15.894	455.5221862792969
15.9	471.5862731933594
15.905999999999999	468.8700866699219
15.911	477.06585693359375
15.917	452.8985900878906
15.923	474.3181457519531
15.929	471.5862731933594
15.935	474.3181457519531
15.94	479.8294982910156
15.946	474.3181457519531
15.952	471.5862731933594
15.958	474.3181457519531
15.964	477.06585693359375
15.97	488.216796875
15.975	532.4044799804688
15.981	0.0
15.987	0.0
15.993	0.0
15.999	0.0
16.004	0.0
16.01	0.0
16.016	0.0
16.022000000000002	0.0
16.028	0.0
16.033	0.0
16.039	0.0
16.045	0.0
16.051	0.0
16.057000000000002	0.0
16.062	0.0
16.067999999999998	0.0
16.074	0.0
16.08	0.0
16.086	0.0
16.090999999999998	0.0
16.097	0.0
16.102999999999998	0.0
16.109	0.0
16.115	0.0
16.12	0.0
16.125999999999998	0.0
16.132	0.0
16.137999999999998	0.0
16.144000000000002	0.0
16.149	0.0
16.155	0.0
16.160999999999998	0.0
16.167	0.0
16.173	0.0
16.179000000000002	0.0
16.184	0.0
16.19	0.0
16.195999999999998	0.0
16.202	0.0
16.208	0.0
16.213	0.0
16.219	235.79217529296875
16.225	251.26034545898438
16.230999999999998	264.6679382324219
16.237000000000002	261.6279602050781
16.242	282.0304260253906
16.248	264.6679382324219
16.254	266.201171875
16.26	269.2942810058594
16.266	263.1435852050781
16.271	266.201171875
16.277	258.6228942871094
16.283	261.6279602050781
16.289	260.1210632324219
16.295	254.17987060546875
16.3	269.2942810058594
16.305999999999997	272.42333984375
16.312	261.6279602050781
16.317999999999998	261.6279602050781
16.324	263.1435852050781
16.329	258.6228942871094
16.335	257.1333312988281
16.340999999999998	257.1333312988281
16.347	258.6228942871094
16.352999999999998	269.2942810058594
16.358	264.6679382324219
16.364	261.6279602050781
16.37	263.1435852050781
16.375999999999998	260.1210632324219
16.382	257.1333312988281
16.387	258.6228942871094
16.393	260.1210632324219
16.399	261.6279602050781
16.405	261.6279602050781
16.410999999999998	266.201171875
16.417	263.1435852050781
16.422	263.1435852050781
16.428	263.1435852050781
16.434	264.6679382324219
16.44	260.1210632324219
16.445999999999998	257.1333312988281
16.451	261.6279602050781
16.457	261.6279602050781
16.463	261.6279602050781
16.469	261.6279602050781
16.475	263.1435852050781
16.48	266.201171875
16.486	264.6679382324219
16.492	263.1435852050781
16.498	260.1210632324219
16.504	260.1210632324219
16.509	258.6228942871094
16.515	257.1333312988281
16.521	255.65234375
16.527	261.6279602050781
16.533	261.6279602050781
16.538	263.1435852050781
16.544	260.1210632324219
16.55	260.1210632324219
16.555999999999997	258.6228942871094
16.562	255.65234375
16.567	258.6228942871094
16.573	258.6228942871094
16.579	258.6228942871094
16.585	261.6279602050781
16.590999999999998	261.6279602050781
16.596	260.1210632324219
16.602	260.1210632324219
16.608	260.1210632324219
16.614	257.1333312988281
16.62	0.0
16.625	0.0
16.631	0.0
16.637	223.8473663330078
16.643	434.9514465332031
16.649	412.9176025390625
16.655	387.4974365234375
16.66	415.30963134765625
16.666	405.8238830566406
16.672	422.56915283203125
16.678	429.95556640625
16.684	412.9176025390625
16.689	425.01708984375
16.695	417.7154846191406
16.701	417.7154846191406
16.707	425.01708984375
16.713	403.4864807128906
16.718	401.1625671386719
16.724	398.8520202636719
16.73	398.8520202636719
16.736	396.5548095703125
16.742	412.9176025390625
16.747	403.4864807128906
16.753	396.5548095703125
16.759	389.7421875
16.765	396.5548095703125
16.771	396.5548095703125
16.776	398.8520202636719
16.782	394.27081298828125
16.788	408.1748046875
16.794	403.4864807128906
16.8	394.27081298828125
16.805	408.1748046875
16.811	440.0053405761719
16.817	425.01708984375
16.823	391.99993896484375
16.829	394.27081298828125
16.834	412.9176025390625
16.84	425.01708984375
16.846	437.4710998535156
16.852	437.4710998535156
16.858	432.4462890625
16.863	422.56915283203125
16.869	417.7154846191406
16.875	447.6965637207031
16.881	401.1625671386719
16.887	427.47918701171875
16.893	422.56915283203125
16.898	405.8238830566406
16.904	442.5543212890625
16.91	415.30963134765625
16.916	420.13531494140625
16.922	422.56915283203125
16.927	391.99993896484375
16.933	391.99993896484375
16.939	425.01708984375
16.945	415.30963134765625
16.951	429.95556640625
16.956	452.8985900878906
16.962	425.01708984375
16.968	432.4462890625
16.974	445.1180114746094
16.98	437.4710998535156
16.985	0.0
16.991	0.0
16.997	0.0
17.003	0.0
17.009	0.0
17.014	0.0
17.02	0.0
17.026	0.0
17.032	0.0
17.038	0.0
17.043	0.0
17.049	0.0
17.055	0.0
17.061	0.0
17.067	0.0
17.072	0.0
17.078	0.0
17.084	0.0
17.09	0.0
17.096	0.0
17.101	0.0
17.107	0.0
17.113	0.0
17.119	0.0
17.125	0.0
17.131	0.0
17.136	0.0
17.142	0.0
17.148	0.0
17.154	0.0
17.16	0.0
17.165	0.0
17.171	0.0
17.177	0.0
17.183	0.0
17.189	0.0
17.194000000000003	0.0
17.2	0.0
17.206	0.0
17.212	0.0
17.218	0.0
17.223	0.0
17.229	0.0
17.235	0.0
17.241	0.0
17.247	0.0
17.252	0.0
17.258	0.0
17.264	0.0
17.27	0.0
17.276	0.0
17.281	0.0
17.287	194.87030029296875
17.293	208.8568878173828
17.299	213.7387237548828
17.305	205.2688446044922
17.31	207.65396118164062
17.316	210.06680297851562
17.322	205.2688446044922
17.328	208.8568878173828
17.334	213.7387237548828
17.34	210.06680297851562
17.345	207.65396118164062
17.351	207.65396118164062
17.357	207.65396118164062
17.363	205.2688446044922
17.369	206.4579620361328
17.374000000000002	207.65396118164062
17.38	207.65396118164062
17.386	206.4579620361328
17.392	207.65396118164062
17.398	205.2688446044922
17.403	205.2688446044922
17.409000000000002	208.8568878173828
17.415	206.4579620361328
17.421	206.4579620361328
17.427	214.97691345214844
17.432000000000002	205.2688446044922
17.438	211.28370666503906
17.444000000000003	207.65396118164062
17.45	207.65396118164062
17.456	212.50767517089844
17.461	208.8568878173828
17.467	208.8568878173828
17.473	218.7346649169922
17.479	208.8568878173828
17.485	214.97691345214844
17.49	214.97691345214844
17.496	214.97691345214844
17.502	214.97691345214844
17.508	223.8473663330078
17.514	217.47483825683594
17.519000000000002	202.91110229492188
17.525	202.91110229492188
17.531	214.97691345214844
17.537	216.22227478027344
17.543	212.50767517089844
17.548	199.42520141601562
17.554000000000002	207.65396118164062
17.56	212.50767517089844
17.566	211.28370666503906
17.572	216.22227478027344
17.578	0.0
17.583	0.0
17.589000000000002	0.0
17.595	0.0
17.601	0.0
17.607	0.0
17.612000000000002	0.0
17.618	0.0
17.624000000000002	0.0
17.63	0.0
17.636	0.0
17.641	210.06680297851562
17.647000000000002	212.50767517089844
17.653	200.58045959472656
17.659000000000002	214.97691345214844
17.665	200.58045959472656
17.67	213.7387237548828
17.676	213.7387237548828
17.682000000000002	218.7346649169922
17.688	216.22227478027344
17.694000000000003	205.2688446044922
17.699	208.8568878173828
17.705	214.97691345214844
17.711	199.42520141601562
17.717	212.50767517089844
17.723	206.4579620361328
17.727999999999998	201.742431640625
17.734	211.28370666503906
17.74	212.50767517089844
17.746	202.91110229492188
17.752	200.58045959472656
17.757	202.91110229492188
17.762999999999998	208.8568878173828
17.769000000000002	207.65396118164062
17.775	204.08657836914062
17.781	206.4579620361328
17.785999999999998	212.50767517089844
17.792	210.06680297851562
17.798	207.65396118164062
17.804000000000002	207.65396118164062
17.81	206.4579620361328
17.816	210.06680297851562
17.820999999999998	208.8568878173828
17.827	207.65396118164062
17.833	207.65396118164062
17.839000000000002	210.06680297851562
17.845	210.06680297851562
17.85	210.06680297851562
17.855999999999998	212.50767517089844
17.862000000000002	213.7387237548828
17.868	214.97691345214844
17.874000000000002	213.7387237548828
17.879	208.8568878173828
17.885	226.44837951660156
17.891	223.8473663330078
17.897000000000002	233.0838623046875
17.903	233.0838623046875
17.908	241.30357360839844
17.914	235.79217529296875
17.92	233.0838623046875
17.926	242.70144653320312
17.932000000000002	239.9137725830078
17.937	238.53195190429688
17.942999999999998	234.43411254882812
17.949	231.7413787841797
17.955	235.79217529296875
17.961	238.53195190429688
17.965999999999998	235.79217529296875
17.972	230.40664672851562
17.977999999999998	229.07958984375
17.984	0.0
17.99	0.0
17.995	0.0
18.000999999999998	0.0
18.007	0.0
18.012999999999998	0.0
18.019000000000002	0.0
18.024	0.0
18.03	0.0
18.035999999999998	0.0
18.042	0.0
18.048	0.0
18.054000000000002	0.0
18.059	0.0
18.065	0.0
18.070999999999998	0.0
18.077	0.0
18.083	0.0
18.088	0.0
18.094	0.0
18.1	0.0
18.105999999999998	0.0
18.112000000000002	0.0
18.117	0.0
18.123	0.0
18.129	0.0
18.135	0.0
18.141	0.0
18.146	0.0
18.152	0.0
18.158	0.0
18.164	0.0
18.17	0.0
18.175	0.0
18.180999999999997	0.0
18.187	0.0
18.192999999999998	0.0
18.199	0.0
18.204	0.0
18.21	0.0
18.215999999999998	0.0
18.222	0.0
18.227999999999998	0.0
18.233	0.0
18.239	213.7387237548828
18.245	197.1345977783203
18.250999999999998	192.6320037841797
18.257	201.742431640625
18.262	218.7346649169922
18.268	222.55809020996094
18.274	212.50767517089844
18.28	210.06680297851562
18.285999999999998	226.44837951660156
18.292	227.7601776123047
18.297	226.44837951660156
18.303	226.44837951660156
18.309	239.9137725830078
18.315	246.94381713867188
18.320999999999998	252.71588134765625
18.326	264.6679382324219
18.332	278.7909851074219
18.338	286.9602355957031
18.344	282.0304260253906
18.35	291.9762268066406
18.355	305.7850646972656
18.361	300.5318298339844
18.367	293.6676330566406
18.373	277.1852722167969
18.379	254.17987060546875
18.384	274.0014953613281
18.39	275.5887756347656
18.396	298.8009033203125
18.402	285.3074645996094
18.408	269.2942810058594
18.413	291.9762268066406
18.419	305.7850646972656
18.425	302.2728271484375
18.430999999999997	291.9762268066406
18.437	307.5564880371094
18.442	295.36883544921875
18.448	304.0238952636719
18.454	300.5318298339844
18.46	304.0238952636719
18.465999999999998	300.5318298339844
18.471	295.36883544921875
18.477	298.8009033203125
18.483	288.6225891113281
18.489	293.6676330566406
18.495	298.8009033203125
18.5	295.36883544921875
18.506	322.1021728515625
18.512	329.6310119628906
18.518	325.8448486328125
18.524	331.5405578613281
18.53	323.9681091308594
18.535	323.9681091308594
18.541	325.8448486328125
18.547	322.1021728515625
18.553	316.5686340332031
18.559	290.2945861816406
18.564	286.9602355957031
18.57	293.6676330566406
18.576	288.6225891113281
18.582	293.6676330566406
18.588	293.6676330566406
18.593	291.9762268066406
18.599	305.7850646972656
18.605	316.5686340332031
18.611	325.8448486328125
18.617	329.6310119628906
18.622	323.9681091308594
18.628	333.4611511230469
18.634	212.50767517089844
18.64	221.27626037597656
18.646	222.55809020996094
18.651	221.27626037597656
18.657	221.27626037597656
18.663	214.97691345214844
18.669	223.8473663330078
18.675	222.55809020996094
18.68	221.27626037597656
18.686	222.55809020996094
18.692	221.27626037597656
18.698	254.17987060546875
18.704	266.201171875
18.709	248.37437438964844
18.715	260.1210632324219
18.721	260.1210632324219
18.727	266.201171875
18.733	266.201171875
18.739	0.0
18.744	0.0
18.75	0.0
18.756	0.0
18.762	0.0
18.768	0.0
18.773	0.0
18.779	0.0
18.785	0.0
18.791	0.0
18.797	0.0
18.802	0.0
18.808	0.0
18.814	0.0
18.82	0.0
18.826	0.0
18.831	0.0
18.837	0.0
18.843	0.0
18.849	0.0
18.855	0.0
18.86	0.0
18.866	0.0
18.872	0.0
18.878	0.0
18.884	0.0
18.889	0.0
18.895	0.0
18.901	0.0
18.907	0.0
18.913	0.0
18.918	0.0
18.924	0.0
18.93	0.0
18.936	0.0
18.942	0.0
18.947	0.0
18.953	0.0
18.959	0.0
18.965	0.0
18.971	0.0
18.977	0.0
18.982	0.0
18.988	0.0
18.994	0.0
19.0	0.0
19.006	0.0
19.011	0.0
19.017	0.0
19.023	0.0
19.029	0.0
19.035	0.0
19.04	0.0
19.046	0.0
19.052	0.0
19.058	0.0
19.064	0.0
19.069000000000003	0.0
19.075	0.0
19.081	0.0
19.087	0.0
19.093	0.0
19.098	0.0
19.104	0.0
19.11	0.0
19.116	0.0
19.122	0.0
19.127	0.0
19.133	0.0
19.139	0.0
19.145	0.0
19.151	0.0
19.156	0.0
19.162	0.0
19.168	0.0
19.174	0.0
19.18	0.0
19.185	0.0
19.191	0.0
19.197	0.0
19.203	0.0
19.209	0.0
19.215	0.0
19.22	0.0
19.226	0.0
19.232	0.0
19.238	0.0
19.244	0.0
19.249000000000002	0.0
19.255	0.0
19.261	0.0
19.267	0.0
19.273	0.0
19.278	0.0
19.284000000000002	0.0
19.29	0.0
19.296	0.0
19.302	0.0
19.307000000000002	0.0
19.313	0.0
19.319000000000003	0.0
19.325	0.0
19.331	0.0
19.336	0.0
19.342	0.0
19.348	0.0
19.354	0.0
19.36	0.0
19.365	0.0
19.371	0.0
19.377	0.0
19.383	0.0
19.389	0.0
19.394000000000002	0.0
19.4	0.0
19.406	0.0
19.412	0.0
19.418	0.0
19.423	0.0
19.429000000000002	0.0
19.435	0.0
19.441	0.0
