0.0	0.0
0.006	0.0
0.012	0.0
0.017	0.0
0.023	0.0
0.028999999999999998	0.0
0.035	314.74530029296875
0.040999999999999995	311.1301574707031
0.046	297.0799255371094
0.052000000000000005	311.1301574707031
0.057999999999999996	307.5564880371094
0.064	297.0799255371094
0.07	288.6225891113281
0.075	304.0238952636719
0.081	286.9602355957031
0.087	307.5564880371094
0.09300000000000001	314.74530029296875
0.099	343.2323913574219
0.10400000000000001	337.3358154296875
0.11	320.24700927734375
0.11599999999999999	316.5686340332031
0.122	345.220703125
0.128	349.2320251464844
0.134	345.220703125
0.139	345.220703125
0.145	343.2323913574219
0.151	355.3365173339844
0.157	345.220703125
0.163	345.220703125
0.168	333.4611511230469
0.174	327.73248291015625
0.18	335.3929138183594
0.18600000000000003	307.5564880371094
0.192	304.0238952636719
0.19699999999999998	304.0238952636719
0.203	304.0238952636719
0.209	302.2728271484375
0.215	300.5318298339844
0.221	290.2945861816406
0.226	309.3381652832031
0.23199999999999998	316.5686340332031
0.23800000000000002	302.2728271484375
0.244	309.3381652832031
0.25	337.3358154296875
0.255	359.4653625488281
0.261	353.2899475097656
0.267	374.2977600097656
0.273	387.4974365234375
0.27899999999999997	372.1419372558594
0.284	345.220703125
0.29	337.3358154296875
0.29600000000000004	355.3365173339844
0.302	353.2899475097656
0.308	385.2655944824219
0.313	385.2655944824219
0.319	365.74871826171875
0.325	359.4653625488281
0.331	355.3365173339844
0.337	357.39495849609375
0.342	339.2900085449219
0.348	367.8675231933594
0.354	347.2205810546875
0.36	367.8675231933594
0.366	383.0466003417969
0.37200000000000005	369.99853515625
0.377	347.2205810546875
0.38299999999999995	374.2977600097656
0.389	387.4974365234375
0.395	376.4660339355469
0.401	351.2550964355469
0.406	341.2555236816406
0.41200000000000003	353.2899475097656
0.418	347.2205810546875
0.424	357.39495849609375
0.43	343.2323913574219
0.435	372.1419372558594
0.441	357.39495849609375
0.447	351.2550964355469
0.45299999999999996	351.2550964355469
0.45899999999999996	359.4653625488281
0.46399999999999997	357.39495849609375
0.47	349.2320251464844
0.47600000000000003	355.3365173339844
0.48200000000000004	357.39495849609375
0.488	363.64215087890625
0.493	351.2550964355469
0.499	357.39495849609375
0.505	355.3365173339844
0.511	363.64215087890625
0.517	351.2550964355469
0.522	339.2900085449219
0.528	341.2555236816406
0.534	347.2205810546875
0.54	351.2550964355469
0.546	345.220703125
0.551	361.5477294921875
0.557	349.2320251464844
0.563	361.5477294921875
0.569	353.2899475097656
0.575	363.64215087890625
0.58	347.2205810546875
0.586	341.2555236816406
0.5920000000000001	367.8675231933594
0.598	359.4653625488281
0.604	351.2550964355469
0.61	355.3365173339844
0.615	380.84039306640625
0.621	383.0466003417969
0.627	383.0466003417969
0.633	387.4974365234375
0.639	357.39495849609375
0.644	365.74871826171875
0.65	353.2899475097656
0.6559999999999999	365.74871826171875
0.662	351.2550964355469
0.6679999999999999	369.99853515625
0.6729999999999999	347.2205810546875
0.679	369.99853515625
0.685	353.2899475097656
0.691	363.64215087890625
0.6970000000000001	363.64215087890625
0.7020000000000001	349.2320251464844
0.708	372.1419372558594
0.7140000000000001	359.4653625488281
0.72	374.2977600097656
0.726	387.4974365234375
0.731	367.8675231933594
0.737	337.3358154296875
0.743	363.64215087890625
0.7490000000000001	359.4653625488281
0.755	391.99993896484375
0.76	394.27081298828125
0.7659999999999999	363.64215087890625
0.772	363.64215087890625
0.778	361.5477294921875
0.784	374.2977600097656
0.789	355.3365173339844
0.795	374.2977600097656
0.8009999999999999	357.39495849609375
0.807	372.1419372558594
0.813	369.99853515625
0.8190000000000001	357.39495849609375
0.8240000000000001	363.64215087890625
0.83	353.2899475097656
0.836	359.4653625488281
0.8420000000000001	351.2550964355469
0.848	353.2899475097656
0.853	345.220703125
0.8590000000000001	355.3365173339844
0.865	0.0
0.871	0.0
0.877	0.0
0.882	0.0
0.888	0.0
0.894	0.0
0.9	0.0
0.9059999999999999	0.0
0.9109999999999999	0.0
0.917	0.0
0.9229999999999999	0.0
0.929	0.0
0.935	0.0
0.94	0.0
0.946	0.0
0.9520000000000001	0.0
0.958	0.0
0.9640000000000001	0.0
0.9690000000000001	0.0
0.975	0.0
0.981	380.84039306640625
0.987	363.64215087890625
0.993	365.74871826171875
0.998	369.99853515625
1.004	403.4864807128906
1.01	405.8238830566406
1.016	412.9176025390625
1.022	403.4864807128906
1.0270000000000001	412.9176025390625
1.033	412.9176025390625
1.0390000000000001	396.5548095703125
1.045	394.27081298828125
1.051	401.1625671386719
1.057	398.8520202636719
1.062	389.7421875
1.068	391.99993896484375
1.074	396.5548095703125
1.08	394.27081298828125
1.0859999999999999	389.7421875
1.091	394.27081298828125
1.097	396.5548095703125
1.103	391.99993896484375
1.109	391.99993896484375
1.115	398.8520202636719
1.12	398.8520202636719
1.126	391.99993896484375
1.1320000000000001	398.8520202636719
1.138	401.1625671386719
1.1440000000000001	398.8520202636719
1.149	394.27081298828125
1.155	396.5548095703125
1.161	398.8520202636719
1.167	403.4864807128906
1.173	405.8238830566406
1.178	401.1625671386719
1.1840000000000002	396.5548095703125
1.19	401.1625671386719
1.196	396.5548095703125
1.202	398.8520202636719
1.207	405.8238830566406
1.213	398.8520202636719
1.219	378.64691162109375
1.225	405.8238830566406
1.2309999999999999	408.1748046875
1.236	394.27081298828125
1.242	403.4864807128906
1.248	401.1625671386719
1.254	387.4974365234375
1.26	394.27081298828125
1.265	415.30963134765625
1.271	405.8238830566406
1.2770000000000001	385.2655944824219
1.2830000000000001	389.7421875
1.2890000000000001	415.30963134765625
1.295	396.5548095703125
1.3	380.84039306640625
1.306	391.99993896484375
1.3119999999999998	415.30963134765625
1.318	389.7421875
1.324	385.2655944824219
1.329	403.4864807128906
1.335	420.13531494140625
1.341	0.0
1.347	0.0
1.3530000000000002	0.0
1.358	0.0
1.364	0.0
1.37	0.0
1.376	0.0
1.382	0.0
1.3869999999999998	0.0
1.393	0.0
1.399	0.0
1.405	0.0
1.411	0.0
1.416	0.0
1.422	0.0
1.4280000000000002	0.0
1.4340000000000002	0.0
1.44	0.0
1.445	0.0
1.4509999999999998	0.0
1.4569999999999999	0.0
1.463	0.0
1.469	199.42520141601562
1.474	201.742431640625
1.48	201.742431640625
1.486	202.91110229492188
1.492	205.2688446044922
1.4980000000000002	200.58045959472656
1.5030000000000001	204.08657836914062
1.5090000000000001	201.742431640625
1.515	205.2688446044922
1.521	197.1345977783203
1.527	201.742431640625
1.5330000000000001	198.27658081054688
1.538	204.08657836914062
1.544	202.91110229492188
1.55	206.4579620361328
1.556	206.4579620361328
1.5619999999999998	206.4579620361328
1.567	207.65396118164062
1.5730000000000002	210.06680297851562
1.579	213.7387237548828
1.585	212.50767517089844
1.591	220.0017852783203
1.5959999999999999	218.7346649169922
1.6019999999999999	221.27626037597656
1.608	218.7346649169922
1.614	222.55809020996094
1.62	216.22227478027344
1.625	221.27626037597656
1.631	218.7346649169922
1.6369999999999998	218.7346649169922
1.643	216.22227478027344
1.649	218.7346649169922
1.6540000000000001	216.22227478027344
1.66	221.27626037597656
1.666	229.07958984375
1.672	220.0017852783203
1.6780000000000002	216.22227478027344
1.683	213.7387237548828
1.689	199.42520141601562
1.695	188.23226928710938
1.7009999999999998	188.23226928710938
1.7069999999999999	189.32269287109375
1.712	198.27658081054688
1.7180000000000002	190.41943359375
1.724	190.41943359375
1.73	198.27658081054688
1.736	194.87030029296875
1.7409999999999999	204.08657836914062
1.7469999999999999	222.55809020996094
1.7530000000000001	214.97691345214844
1.7590000000000001	214.97691345214844
1.765	220.0017852783203
1.771	222.55809020996094
1.776	440.0053405761719
1.7819999999999998	442.5543212890625
1.788	437.4710998535156
1.794	445.1180114746094
1.8	403.4864807128906
1.805	369.99853515625
1.811	387.4974365234375
1.817	177.66754150390625
1.8230000000000002	173.6095733642578
1.829	187.1481170654297
1.834	204.08657836914062
1.84	212.50767517089844
1.8459999999999999	206.4579620361328
1.8519999999999999	199.42520141601562
1.858	206.4579620361328
1.8630000000000002	199.42520141601562
1.869	197.1345977783203
1.875	194.87030029296875
1.881	208.8568878173828
1.8869999999999998	193.7479248046875
1.892	198.27658081054688
1.8980000000000001	202.91110229492188
1.9040000000000001	195.99917602539062
1.91	201.742431640625
1.916	195.99917602539062
1.921	197.1345977783203
1.9269999999999998	198.27658081054688
1.933	197.1345977783203
1.939	199.42520141601562
1.945	200.58045959472656
1.95	194.87030029296875
1.956	199.42520141601562
1.962	195.99917602539062
1.9680000000000002	191.52252197265625
1.974	200.58045959472656
1.98	197.1345977783203
1.985	195.99917602539062
1.9909999999999999	197.1345977783203
1.9969999999999999	198.27658081054688
2.003	195.99917602539062
2.009	201.742431640625
2.0140000000000002	198.27658081054688
2.02	195.99917602539062
2.026	202.91110229492188
2.032	198.27658081054688
2.0380000000000003	193.7479248046875
2.043	199.42520141601562
2.049	193.7479248046875
2.055	197.1345977783203
2.061	200.58045959472656
2.0669999999999997	194.87030029296875
2.072	199.42520141601562
2.0780000000000003	198.27658081054688
2.084	191.52252197265625
2.09	197.1345977783203
2.096	197.1345977783203
2.101	193.7479248046875
2.1069999999999998	199.42520141601562
2.113	194.87030029296875
2.119	202.91110229492188
2.125	194.87030029296875
2.13	197.1345977783203
2.136	195.99917602539062
2.142	197.1345977783203
2.148	0.0
2.154	0.0
2.1590000000000003	0.0
2.165	0.0
2.171	0.0
2.177	0.0
2.1830000000000003	0.0
2.188	0.0
2.194	0.0
2.2	0.0
2.206	0.0
2.2119999999999997	0.0
2.218	0.0
2.2230000000000003	0.0
2.229	0.0
2.235	0.0
2.241	0.0
2.247	0.0
2.252	0.0
2.258	0.0
2.2640000000000002	0.0
2.27	0.0
2.276	0.0
2.281	0.0
2.287	0.0
2.293	0.0
2.299	0.0
2.305	0.0
2.31	0.0
2.316	0.0
2.322	0.0
2.3280000000000003	0.0
2.334	0.0
2.339	0.0
2.345	0.0
2.351	0.0
2.3569999999999998	0.0
2.363	0.0
2.3680000000000003	0.0
2.374	0.0
2.38	199.42520141601562
2.386	197.1345977783203
2.392	195.99917602539062
2.397	195.99917602539062
2.403	194.87030029296875
2.4090000000000003	194.87030029296875
2.415	197.1345977783203
2.421	192.6320037841797
2.426	204.08657836914062
2.432	194.87030029296875
2.438	199.42520141601562
2.444	197.1345977783203
2.45	195.99917602539062
2.456	195.99917602539062
2.461	198.27658081054688
2.467	194.87030029296875
2.4730000000000003	194.87030029296875
2.479	197.1345977783203
2.485	195.99917602539062
2.49	197.1345977783203
2.496	194.87030029296875
2.502	197.1345977783203
2.508	198.27658081054688
2.5140000000000002	198.27658081054688
2.519	197.1345977783203
2.525	197.1345977783203
2.531	198.27658081054688
2.537	198.27658081054688
2.543	199.42520141601562
2.548	198.27658081054688
2.5540000000000003	195.99917602539062
2.56	197.1345977783203
2.5660000000000003	198.27658081054688
2.572	198.27658081054688
2.577	198.27658081054688
2.583	198.27658081054688
2.589	194.87030029296875
2.595	197.1345977783203
2.6010000000000004	199.42520141601562
2.6060000000000003	197.1345977783203
2.612	198.27658081054688
2.6180000000000003	197.1345977783203
2.6239999999999997	0.0
2.63	0.0
2.635	0.0
2.641	0.0
2.647	0.0
2.653	0.0
2.659	0.0
2.6639999999999997	0.0
2.67	0.0
2.676	0.0
2.682	0.0
2.688	0.0
2.694	0.0
2.699	0.0
2.705	0.0
2.7110000000000003	0.0
2.717	0.0
2.7230000000000003	0.0
2.728	0.0
2.734	0.0
2.74	0.0
2.7460000000000004	0.0
2.752	0.0
2.7569999999999997	0.0
2.763	0.0
2.7689999999999997	0.0
2.775	0.0
2.781	0.0
2.786	0.0
2.792	0.0
2.798	187.1481170654297
2.804	184.99851989746094
2.81	192.6320037841797
2.815	198.27658081054688
2.821	210.06680297851562
2.827	220.0017852783203
2.833	218.7346649169922
2.839	214.97691345214844
2.844	201.742431640625
2.85	213.7387237548828
2.8560000000000003	202.91110229492188
2.862	205.2688446044922
2.8680000000000003	198.27658081054688
2.873	204.08657836914062
2.8789999999999996	202.91110229492188
2.885	190.41943359375
2.891	183.93299865722656
2.897	177.66754150390625
2.9019999999999997	173.6095733642578
2.908	181.82034301757812
2.9139999999999997	167.69577026367188
2.92	173.6095733642578
2.926	172.60964965820312
2.932	177.66754150390625
2.937	172.60964965820312
2.943	175.62684631347656
2.949	171.61549377441406
2.955	181.82034301757812
2.9610000000000003	174.6153106689453
2.966	173.6095733642578
2.972	175.62684631347656
2.978	175.62684631347656
2.984	0.0
2.99	0.0
2.995	0.0
3.0010000000000003	0.0
3.0069999999999997	0.0
3.013	0.0
3.0189999999999997	0.0
3.0239999999999996	0.0
3.03	0.0
3.036	0.0
3.042	0.0
3.048	0.0
3.053	0.0
3.0589999999999997	0.0
3.065	0.0
3.071	0.0
3.077	0.0
3.082	0.0
3.088	0.0
3.094	0.0
3.1	0.0
3.1060000000000003	0.0
3.111	0.0
3.117	0.0
3.123	275.5887756347656
3.1289999999999996	254.17987060546875
3.135	267.7432556152344
3.14	258.6228942871094
3.1460000000000004	274.0014953613281
3.1519999999999997	272.42333984375
3.158	270.8542785644531
3.1639999999999997	258.6228942871094
3.17	274.0014953613281
3.175	272.42333984375
3.181	266.201171875
3.187	251.26034545898438
3.193	261.6279602050781
3.199	274.0014953613281
3.2039999999999997	275.5887756347656
3.21	260.1210632324219
3.216	274.0014953613281
3.222	288.6225891113281
3.228	293.6676330566406
3.233	288.6225891113281
3.239	290.2945861816406
3.245	274.0014953613281
3.2510000000000003	269.2942810058594
3.2569999999999997	252.71588134765625
3.262	246.94381713867188
3.2680000000000002	257.1333312988281
3.2739999999999996	244.107421875
3.28	316.5686340332031
3.286	329.6310119628906
3.2910000000000004	359.4653625488281
3.2969999999999997	0.0
3.303	0.0
3.3089999999999997	0.0
3.315	0.0
3.32	0.0
3.326	0.0
3.332	0.0
3.338	0.0
3.344	0.0
3.3489999999999998	0.0
3.355	0.0
3.361	0.0
3.367	0.0
3.373	0.0
3.3789999999999996	0.0
3.384	0.0
3.39	0.0
3.3960000000000004	0.0
3.4019999999999997	0.0
3.408	0.0
3.4130000000000003	0.0
3.4189999999999996	0.0
3.425	0.0
3.431	0.0
3.437	0.0
3.4419999999999997	0.0
3.448	0.0
3.4539999999999997	0.0
3.46	0.0
3.466	0.0
3.471	0.0
3.477	0.0
3.483	0.0
3.489	0.0
3.495	0.0
3.5	0.0
3.5060000000000002	0.0
3.512	0.0
3.5180000000000002	0.0
3.5239999999999996	0.0
3.529	0.0
3.535	0.0
3.5410000000000004	0.0
3.5469999999999997	0.0
3.553	201.742431640625
3.5580000000000003	218.7346649169922
3.5639999999999996	218.7346649169922
3.57	212.50767517089844
3.576	222.55809020996094
3.582	225.14410400390625
3.5869999999999997	208.8568878173828
3.593	202.91110229492188
3.5989999999999998	213.7387237548828
3.605	202.91110229492188
3.611	195.99917602539062
3.617	193.7479248046875
3.622	190.41943359375
3.628	175.62684631347656
3.634	167.69577026367188
3.64	161.05043029785156
3.6460000000000004	167.69577026367188
3.6510000000000002	165.7696075439453
3.657	157.3720245361328
3.6630000000000003	154.66844177246094
3.6689999999999996	160.1228485107422
3.675	168.66722106933594
3.68	177.66754150390625
3.6860000000000004	179.73194885253906
3.6919999999999997	166.72988891601562
3.698	175.62684631347656
3.7039999999999997	173.6095733642578
3.7089999999999996	162.92176818847656
3.715	156.4656219482422
3.721	155.564453125
3.727	0.0
3.733	173.6095733642578
3.738	178.69676208496094
3.7439999999999998	187.1481170654297
3.75	181.82034301757812
3.7560000000000002	183.93299865722656
3.762	187.1481170654297
3.767	184.99851989746094
3.773	188.23226928710938
3.779	191.52252197265625
3.785	195.99917602539062
3.7910000000000004	190.41943359375
3.7960000000000003	189.32269287109375
3.802	193.7479248046875
3.8080000000000003	192.6320037841797
3.8139999999999996	193.7479248046875
3.82	197.1345977783203
3.825	195.99917602539062
3.8310000000000004	201.742431640625
3.8369999999999997	200.58045959472656
3.843	202.91110229492188
3.8489999999999998	202.91110229492188
3.855	199.42520141601562
3.86	205.2688446044922
3.866	205.2688446044922
3.872	205.2688446044922
3.878	205.2688446044922
3.884	207.65396118164062
3.889	201.742431640625
3.895	207.65396118164062
3.9010000000000002	205.2688446044922
3.907	205.2688446044922
3.9130000000000003	206.4579620361328
3.918	206.4579620361328
3.924	204.08657836914062
3.93	202.91110229492188
3.9360000000000004	205.2688446044922
3.9419999999999997	204.08657836914062
3.947	207.65396118164062
3.9530000000000003	204.08657836914062
3.9589999999999996	206.4579620361328
3.965	205.2688446044922
3.971	206.4579620361328
3.9760000000000004	205.2688446044922
3.9819999999999998	206.4579620361328
3.988	205.2688446044922
3.9939999999999998	206.4579620361328
4.0	206.4579620361328
4.005	206.4579620361328
4.011	207.65396118164062
4.0169999999999995	206.4579620361328
4.023	206.4579620361328
4.029	206.4579620361328
4.034	208.8568878173828
4.04	206.4579620361328
4.046	206.4579620361328
4.052	207.65396118164062
4.058	204.08657836914062
4.063	206.4579620361328
4.069	202.91110229492188
4.075	206.4579620361328
4.081	205.2688446044922
4.087	205.2688446044922
4.093	205.2688446044922
4.098	206.4579620361328
4.104	202.91110229492188
4.11	206.4579620361328
4.1160000000000005	204.08657836914062
4.122	206.4579620361328
4.127	205.2688446044922
4.133	204.08657836914062
4.138999999999999	202.91110229492188
4.145	206.4579620361328
4.151	206.4579620361328
4.156000000000001	204.08657836914062
4.162	211.28370666503906
4.168	212.50767517089844
4.1739999999999995	208.8568878173828
4.18	208.8568878173828
4.185	207.65396118164062
4.191	211.28370666503906
4.197	206.4579620361328
4.203	208.8568878173828
4.209	206.4579620361328
4.2139999999999995	205.2688446044922
4.22	208.8568878173828
4.226	206.4579620361328
4.232	205.2688446044922
4.238	208.8568878173828
4.243	206.4579620361328
4.249	207.65396118164062
4.255	207.65396118164062
4.261	206.4579620361328
4.2669999999999995	210.06680297851562
4.272	204.08657836914062
4.2780000000000005	204.08657836914062
4.284	204.08657836914062
4.29	207.65396118164062
4.296	205.2688446044922
4.301	207.65396118164062
4.3069999999999995	205.2688446044922
4.313	206.4579620361328
4.319	208.8568878173828
4.325	205.2688446044922
4.331	207.65396118164062
4.336	202.91110229492188
4.342	205.2688446044922
4.348	207.65396118164062
4.354	204.08657836914062
4.36	204.08657836914062
4.365	207.65396118164062
4.371	204.08657836914062
4.377	207.65396118164062
4.383	204.08657836914062
4.388999999999999	200.58045959472656
4.394	178.69676208496094
4.4	178.69676208496094
4.406000000000001	176.6442413330078
4.412	171.61549377441406
4.418	174.6153106689453
4.423	177.66754150390625
4.428999999999999	175.62684631347656
4.435	166.72988891601562
4.441	162.92176818847656
4.447	172.60964965820312
4.452	179.73194885253906
4.458	177.66754150390625
4.4639999999999995	184.99851989746094
4.47	184.99851989746094
4.476	182.87362670898438
4.481	191.52252197265625
4.487	183.93299865722656
4.493	189.32269287109375
4.499	179.73194885253906
4.505	175.62684631347656
4.51	178.69676208496094
4.516	171.61549377441406
4.522	169.64431762695312
4.5280000000000005	176.6442413330078
4.534	173.6095733642578
4.54	184.99851989746094
4.545	0.0
4.551	0.0
4.5569999999999995	0.0
4.563	0.0
4.569	0.0
4.574	0.0
4.58	0.0
4.586	0.0
4.592	0.0
4.598	0.0
4.603	0.0
4.609	0.0
4.615	0.0
4.621	0.0
4.627	0.0
4.632	0.0
4.638	186.07022094726562
4.644	187.1481170654297
4.65	570.6172485351562
4.656000000000001	564.0631103515625
4.6610000000000005	567.3306884765625
4.667	567.3306884765625
4.673	567.3306884765625
4.678999999999999	564.0631103515625
4.685	564.0631103515625
4.69	567.3306884765625
4.696000000000001	570.6172485351562
4.702	570.6172485351562
4.708	573.9227905273438
4.7139999999999995	580.591552734375
4.718999999999999	580.591552734375
4.725	587.3377075195312
4.731	590.7401123046875
4.737	594.1622314453125
4.743	604.548095703125
4.748	608.0502319335938
4.754	611.5726928710938
4.76	611.5726928710938
4.766	618.6788330078125
4.772	618.6788330078125
4.7780000000000005	618.6788330078125
4.783	618.6788330078125
4.789	618.6788330078125
4.795	622.2628173828125
4.801	618.6788330078125
4.8069999999999995	615.115478515625
4.812	615.115478515625
4.8180000000000005	615.115478515625
4.824	611.5726928710938
4.83	618.6788330078125
4.836	615.115478515625
4.841	618.6788330078125
4.8469999999999995	615.115478515625
4.853	608.0502319335938
4.859	608.0502319335938
4.865	615.115478515625
4.87	618.6788330078125
4.876	615.115478515625
4.882	618.6788330078125
4.888	618.6788330078125
4.894	622.2628173828125
4.899	618.6788330078125
4.905	615.115478515625
4.9110000000000005	608.0502319335938
4.917	618.6788330078125
4.923	618.6788330078125
4.928	625.8675537109375
4.934	615.115478515625
4.94	618.6788330078125
4.946000000000001	615.115478515625
4.952	618.6788330078125
4.957	611.5726928710938
4.963	611.5726928710938
4.968999999999999	611.5726928710938
4.975	622.2628173828125
4.981	615.115478515625
4.986000000000001	618.6788330078125
4.992	611.5726928710938
4.998	601.066162109375
5.004	618.6788330078125
5.01	615.115478515625
5.016	622.2628173828125
5.021	618.6788330078125
5.027	615.115478515625
5.033	622.2628173828125
5.039	618.6788330078125
5.045	611.5726928710938
5.05	615.115478515625
5.056	618.6788330078125
5.062	615.115478515625
5.0680000000000005	618.6788330078125
5.074	633.1398315429688
5.079	615.115478515625
5.085	615.115478515625
5.091	615.115478515625
5.0969999999999995	636.8075561523438
5.103	601.066162109375
5.1080000000000005	618.6788330078125
5.114	615.115478515625
5.12	618.6788330078125
5.126	615.115478515625
5.132000000000001	604.548095703125
5.1370000000000005	622.2628173828125
5.143	615.115478515625
5.149	625.8675537109375
5.155	618.6788330078125
5.1610000000000005	615.115478515625
5.166	615.115478515625
5.172000000000001	615.115478515625
5.178	618.6788330078125
5.184	611.5726928710938
5.19	622.2628173828125
5.195	615.115478515625
5.2010000000000005	622.2628173828125
5.207000000000001	618.6788330078125
5.212999999999999	618.6788330078125
5.218999999999999	618.6788330078125
5.224	618.6788330078125
5.23	622.2628173828125
5.236000000000001	622.2628173828125
5.242000000000001	618.6788330078125
5.247999999999999	618.6788330078125
5.254	618.6788330078125
5.2589999999999995	618.6788330078125
5.265	615.115478515625
5.271	611.5726928710938
5.277	604.548095703125
5.2829999999999995	608.0502319335938
5.287999999999999	601.066162109375
5.294	597.6041870117188
5.3	597.6041870117188
5.306	583.954833984375
5.312	587.3377075195312
5.317	594.1622314453125
5.3229999999999995	587.3377075195312
5.329	587.3377075195312
5.335	594.1622314453125
5.341	590.7401123046875
5.346	583.954833984375
5.352	597.6041870117188
5.358	597.6041870117188
5.364	601.066162109375
5.37	594.1622314453125
5.375	594.1622314453125
5.381	608.0502319335938
5.3870000000000005	590.7401123046875
5.393	594.1622314453125
5.399	590.7401123046875
5.404	594.1622314453125
5.41	590.7401123046875
5.416	587.3377075195312
5.422000000000001	597.6041870117188
5.428	580.591552734375
5.433	608.0502319335938
5.439	594.1622314453125
5.445	601.066162109375
5.4510000000000005	608.0502319335938
5.457000000000001	590.7401123046875
5.462000000000001	597.6041870117188
5.468	583.954833984375
5.474	601.066162109375
5.48	195.99917602539062
5.486000000000001	205.2688446044922
5.492000000000001	201.742431640625
5.497000000000001	208.8568878173828
5.502999999999999	218.7346649169922
5.5089999999999995	0.0
5.515	0.0
5.521	0.0
5.526	0.0
5.532	0.0
5.537999999999999	0.0
5.544	302.2728271484375
5.55	295.36883544921875
5.555	280.4060363769531
5.561	272.42333984375
5.567	288.6225891113281
5.5729999999999995	295.36883544921875
5.579	302.2728271484375
5.584	291.9762268066406
5.59	300.5318298339844
5.596	288.6225891113281
5.602	291.9762268066406
5.608	293.6676330566406
5.6129999999999995	297.0799255371094
5.619	297.0799255371094
5.625	290.2945861816406
5.631	290.2945861816406
5.6370000000000005	297.0799255371094
5.642	298.8009033203125
5.648	293.6676330566406
5.654	293.6676330566406
5.66	298.8009033203125
5.666	300.5318298339844
5.671	0.0
5.6770000000000005	0.0
5.683	0.0
5.689	0.0
5.695	0.0
5.7	0.0
5.706	0.0
5.712000000000001	0.0
5.718	0.0
5.724	0.0
5.73	0.0
5.735	0.0
5.7410000000000005	0.0
5.747000000000001	0.0
5.752999999999999	0.0
5.7589999999999995	0.0
5.763999999999999	0.0
5.77	0.0
5.776	0.0
5.782	0.0
5.787999999999999	0.0
5.792999999999999	0.0
5.7989999999999995	0.0
5.805	0.0
5.811	0.0
5.817	191.52252197265625
5.822	195.99917602539062
5.827999999999999	192.6320037841797
5.834	201.742431640625
5.84	195.99917602539062
5.846	199.42520141601562
5.851	195.99917602539062
5.857	193.7479248046875
5.8629999999999995	195.99917602539062
5.869	198.27658081054688
5.875	199.42520141601562
5.88	194.87030029296875
5.886	199.42520141601562
5.892	195.99917602539062
5.898	198.27658081054688
5.904	202.91110229492188
5.909	206.4579620361328
5.915	201.742431640625
5.921	211.28370666503906
5.9270000000000005	206.4579620361328
5.933	206.4579620361328
5.939	194.87030029296875
5.944	197.1345977783203
5.95	205.2688446044922
5.956	206.4579620361328
5.962000000000001	193.7479248046875
5.968	207.65396118164062
5.973	202.91110229492188
5.979	210.06680297851562
5.985	211.28370666503906
5.9910000000000005	213.7387237548828
5.997000000000001	211.28370666503906
6.002000000000001	211.28370666503906
6.007999999999999	216.22227478027344
6.013999999999999	213.7387237548828
6.02	213.7387237548828
6.026	216.22227478027344
6.031000000000001	213.7387237548828
6.037000000000001	212.50767517089844
6.042999999999999	212.50767517089844
6.0489999999999995	208.8568878173828
6.055	207.65396118164062
6.06	211.28370666503906
6.066	206.4579620361328
6.072	208.8568878173828
6.077999999999999	206.4579620361328
6.084	205.2688446044922
6.0889999999999995	207.65396118164062
6.095	206.4579620361328
6.101	207.65396118164062
6.107	206.4579620361328
6.1129999999999995	204.08657836914062
6.117999999999999	207.65396118164062
6.124	208.8568878173828
6.13	207.65396118164062
6.136	205.2688446044922
6.142	207.65396118164062
6.147	207.65396118164062
6.153	206.4579620361328
6.159	206.4579620361328
6.165	206.4579620361328
6.171	205.2688446044922
6.1770000000000005	206.4579620361328
6.182	206.4579620361328
6.188	206.4579620361328
6.194	210.06680297851562
6.2	206.4579620361328
6.206	208.8568878173828
6.211	205.2688446044922
6.2170000000000005	207.65396118164062
6.223	210.06680297851562
6.229	199.42520141601562
6.235	202.91110229492188
6.24	201.742431640625
6.246	207.65396118164062
6.252000000000001	199.42520141601562
6.257999999999999	197.1345977783203
6.263999999999999	184.99851989746094
6.269	189.32269287109375
6.275	192.6320037841797
6.281000000000001	202.91110229492188
6.287000000000001	208.8568878173828
6.292999999999999	201.742431640625
6.297999999999999	202.91110229492188
6.303999999999999	198.27658081054688
6.31	211.28370666503906
6.316	220.0017852783203
6.322	201.742431640625
6.327000000000001	206.4579620361328
6.332999999999999	212.50767517089844
6.3389999999999995	212.50767517089844
6.345	213.7387237548828
6.351	205.2688446044922
6.356	204.08657836914062
6.362	0.0
6.367999999999999	0.0
6.374	0.0
6.38	0.0
6.385	0.0
6.391	0.0
6.397	0.0
6.403	0.0
6.409	0.0
6.415	0.0
6.42	0.0
6.426	0.0
6.432	0.0
6.438	0.0
6.444	0.0
6.449	0.0
6.455	526.2892456054688
6.461	523.258056640625
6.4670000000000005	526.2892456054688
6.473	526.2892456054688
6.478	526.2892456054688
6.484	535.4887084960938
6.49	526.2892456054688
6.496	529.3380126953125
6.502000000000001	535.4887084960938
6.507000000000001	538.5906982421875
6.513	538.5906982421875
6.519	551.1798095703125
6.525	551.1798095703125
6.531000000000001	567.3306884765625
6.5360000000000005	567.3306884765625
6.542000000000001	577.2474975585938
6.547999999999999	573.9227905273438
6.553999999999999	577.2474975585938
6.56	587.3377075195312
6.565	590.7401123046875
6.571000000000001	587.3377075195312
6.577000000000001	594.1622314453125
6.582999999999999	594.1622314453125
6.5889999999999995	597.6041870117188
6.593999999999999	597.6041870117188
6.6	597.6041870117188
6.606	594.1622314453125
6.612	590.7401123046875
6.617999999999999	597.6041870117188
6.622999999999999	594.1622314453125
6.629	594.1622314453125
6.635	590.7401123046875
6.641	590.7401123046875
6.647	594.1622314453125
6.653	594.1622314453125
6.6579999999999995	594.1622314453125
6.664	583.954833984375
6.67	601.066162109375
6.676	594.1622314453125
6.682	587.3377075195312
6.687	597.6041870117188
6.693	580.591552734375
6.699	597.6041870117188
6.705	587.3377075195312
6.711	594.1622314453125
6.716	597.6041870117188
6.722	590.7401123046875
6.728	594.1622314453125
6.734	583.954833984375
6.74	601.066162109375
6.745	590.7401123046875
6.751	590.7401123046875
6.757000000000001	601.066162109375
6.763	583.954833984375
6.769	597.6041870117188
6.774	590.7401123046875
6.78	0.0
6.7860000000000005	0.0
6.792000000000001	0.0
6.797999999999999	0.0
6.803	0.0
6.809	0.0
6.815	0.0
6.821000000000001	0.0
6.827000000000001	0.0
6.832000000000001	0.0
6.837999999999999	0.0
6.843999999999999	0.0
6.85	0.0
6.856	0.0
6.861000000000001	0.0
6.867000000000001	0.0
6.872999999999999	0.0
6.879	0.0
6.885	0.0
6.891	0.0
6.896	0.0
6.902	0.0
6.9079999999999995	345.220703125
6.914	347.2205810546875
6.92	341.2555236816406
6.925	359.4653625488281
6.931	380.84039306640625
6.937	367.8675231933594
6.943	363.64215087890625
6.949	339.2900085449219
6.954	341.2555236816406
6.96	372.1419372558594
6.966	355.3365173339844
6.972	333.4611511230469
6.978	349.2320251464844
6.983	351.2550964355469
6.989	361.5477294921875
6.995	349.2320251464844
7.001	372.1419372558594
7.007000000000001	353.2899475097656
7.0120000000000005	355.3365173339844
7.018	365.74871826171875
7.024	357.39495849609375
7.03	349.2320251464844
7.0360000000000005	355.3365173339844
7.041	372.1419372558594
7.047000000000001	351.2550964355469
7.053	359.4653625488281
7.059	347.2205810546875
7.065	355.3365173339844
7.07	345.220703125
7.0760000000000005	363.64215087890625
7.082000000000001	353.2899475097656
7.087999999999999	355.3365173339844
7.093999999999999	355.3365173339844
7.1	357.39495849609375
7.105	359.4653625488281
7.111000000000001	351.2550964355469
7.117000000000001	361.5477294921875
7.122999999999999	349.2320251464844
7.129	359.4653625488281
7.1339999999999995	359.4653625488281
7.14	355.3365173339844
7.146	365.74871826171875
7.152	351.2550964355469
7.1579999999999995	374.2977600097656
7.162999999999999	372.1419372558594
7.169	349.2320251464844
7.175	355.3365173339844
7.181	361.5477294921875
7.187	385.2655944824219
7.192	345.220703125
7.1979999999999995	365.74871826171875
7.204	349.2320251464844
7.21	378.64691162109375
7.216	363.64215087890625
7.221	361.5477294921875
7.227	343.2323913574219
7.233	351.2550964355469
7.239	365.74871826171875
7.245	359.4653625488281
7.25	372.1419372558594
7.256	376.4660339355469
7.2620000000000005	367.8675231933594
7.268	345.220703125
7.274	361.5477294921875
7.279	335.3929138183594
7.285	357.39495849609375
7.291	355.3365173339844
7.297000000000001	345.220703125
7.303	351.2550964355469
7.308	341.2555236816406
7.314	335.3929138183594
7.32	316.5686340332031
7.3260000000000005	329.6310119628906
7.332000000000001	323.9681091308594
7.337999999999999	329.6310119628906
7.343	0.0
7.349	0.0
7.355	0.0
7.361000000000001	0.0
7.367000000000001	333.4611511230469
7.372000000000001	363.64215087890625
7.377999999999999	355.3365173339844
7.3839999999999995	349.2320251464844
7.39	343.2323913574219
7.396	353.2899475097656
7.401	355.3365173339844
7.407	353.2899475097656
7.412999999999999	347.2205810546875
7.419	333.4611511230469
7.425	339.2900085449219
7.43	339.2900085449219
7.436	213.7387237548828
7.442	231.7413787841797
7.4479999999999995	241.30357360839844
7.454	166.72988891601562
7.459	179.73194885253906
7.465	179.73194885253906
7.471	175.62684631347656
7.477	173.6095733642578
7.483	176.6442413330078
7.4879999999999995	175.62684631347656
7.494	178.69676208496094
7.5	175.62684631347656
7.506	178.69676208496094
7.5120000000000005	170.62705993652344
7.517	164.81484985351562
7.523	161.05043029785156
7.529	168.66722106933594
7.535	175.62684631347656
7.541	167.69577026367188
7.546	171.61549377441406
7.5520000000000005	176.6442413330078
7.558	187.1481170654297
7.564	204.08657836914062
7.57	208.8568878173828
7.5760000000000005	214.97691345214844
7.581	214.97691345214844
7.587000000000001	210.06680297851562
7.593	216.22227478027344
7.599	226.44837951660156
7.605	212.50767517089844
7.61	217.47483825683594
7.6160000000000005	214.97691345214844
7.622000000000001	217.47483825683594
7.627999999999999	212.50767517089844
7.6339999999999995	212.50767517089844
7.638999999999999	214.97691345214844
7.645	217.47483825683594
7.651	212.50767517089844
7.657	200.58045959472656
7.662999999999999	210.06680297851562
7.667999999999999	201.742431640625
7.6739999999999995	194.87030029296875
7.68	204.08657836914062
7.686	212.50767517089844
7.692	205.2688446044922
7.697	214.97691345214844
7.702999999999999	216.22227478027344
7.709	213.7387237548828
7.715	233.0838623046875
7.721	237.15809631347656
7.726	226.44837951660156
7.732	238.53195190429688
7.7379999999999995	230.40664672851562
7.744	220.0017852783203
7.75	213.7387237548828
7.755	218.7346649169922
7.761	207.65396118164062
7.767	213.7387237548828
7.773	225.14410400390625
7.779	0.0
7.784	0.0
7.79	0.0
7.796	0.0
7.8020000000000005	0.0
7.808	0.0
7.814	0.0
7.819	0.0
7.825	0.0
7.831	0.0
7.837000000000001	0.0
7.843	0.0
7.848	0.0
7.854	0.0
7.86	0.0
7.8660000000000005	0.0
7.872000000000001	0.0
7.877000000000001	0.0
7.882999999999999	0.0
7.888999999999999	0.0
7.895	0.0
7.901	0.0
7.906000000000001	0.0
7.912000000000001	0.0
7.917999999999999	0.0
7.9239999999999995	0.0
7.93	0.0
7.935	0.0
7.941	0.0
7.947	0.0
7.952999999999999	0.0
7.959	189.32269287109375
7.9639999999999995	177.66754150390625
7.97	181.82034301757812
7.976	186.07022094726562
7.982	182.87362670898438
7.9879999999999995	194.87030029296875
7.992999999999999	194.87030029296875
7.999	181.82034301757812
8.005	179.73194885253906
8.011000000000001	182.87362670898438
8.017000000000001	181.82034301757812
8.022	172.60964965820312
8.027999999999999	173.6095733642578
8.033999999999999	187.1481170654297
8.04	174.6153106689453
8.046	172.60964965820312
8.052	182.87362670898438
8.057	193.7479248046875
8.062999999999999	191.52252197265625
8.068999999999999	195.99917602539062
8.075	197.1345977783203
8.081	201.742431640625
8.086	188.23226928710938
8.092	187.1481170654297
8.097999999999999	178.69676208496094
8.104	179.73194885253906
8.11	178.69676208496094
8.115	186.07022094726562
8.121	178.69676208496094
8.127	173.6095733642578
8.133	176.6442413330078
8.139	181.82034301757812
8.144	178.69676208496094
8.15	175.62684631347656
8.156	182.87362670898438
8.162	171.61549377441406
8.168	179.73194885253906
8.173	174.6153106689453
8.179	186.07022094726562
8.185	311.1301574707031
8.191	311.1301574707031
8.197000000000001	318.4024963378906
8.202	311.1301574707031
8.208	311.1301574707031
8.214	302.2728271484375
8.22	0.0
8.226	0.0
8.231	0.0
8.237	0.0
8.243	0.0
8.249	0.0
8.255	0.0
8.26	0.0
8.266	0.0
8.272	0.0
8.277999999999999	0.0
8.283999999999999	0.0
8.29	0.0
8.295	0.0
8.301	0.0
8.307	0.0
8.312999999999999	0.0
8.318999999999999	0.0
8.324	0.0
8.33	0.0
8.336	0.0
8.342	186.07022094726562
8.347999999999999	179.73194885253906
8.353	180.77313232421875
8.359	175.62684631347656
8.365	181.82034301757812
8.371	193.7479248046875
8.377	179.73194885253906
8.382	178.69676208496094
8.388	181.82034301757812
8.394	176.6442413330078
8.4	186.07022094726562
8.406	190.41943359375
8.411	182.87362670898438
8.417	172.60964965820312
8.423	180.77313232421875
8.429	180.77313232421875
8.435	187.1481170654297
8.44	180.77313232421875
8.446	182.87362670898438
8.452	180.77313232421875
8.458	181.82034301757812
8.464	187.1481170654297
8.469	182.87362670898438
8.475	175.62684631347656
8.481	191.52252197265625
8.487	0.0
8.493	0.0
8.499	0.0
8.504	0.0
8.51	0.0
8.516	0.0
8.522	0.0
8.527999999999999	0.0
8.533	0.0
8.539	0.0
8.545	0.0
8.551	0.0
8.557	0.0
8.562000000000001	0.0
8.568	0.0
8.574	0.0
8.58	0.0
8.586	0.0
8.591000000000001	0.0
8.597000000000001	0.0
8.603	0.0
8.609	0.0
8.615	0.0
8.62	0.0
8.626	0.0
8.632	0.0
8.638	0.0
8.644	0.0
8.649	0.0
8.655	0.0
8.661	0.0
8.667	0.0
8.673	0.0
8.677999999999999	0.0
8.684	0.0
8.69	0.0
8.696	0.0
8.702	0.0
8.707	0.0
8.713	0.0
8.719	0.0
8.725	0.0
8.731	0.0
8.737	0.0
8.742	0.0
8.748	0.0
8.754	0.0
8.76	0.0
8.766	0.0
8.771	0.0
8.777000000000001	0.0
8.783	0.0
8.789	0.0
8.795	0.0
8.8	0.0
8.806000000000001	0.0
8.812000000000001	0.0
8.818	0.0
8.824	0.0
8.829	0.0
8.835	0.0
8.841000000000001	0.0
8.847000000000001	0.0
8.853	0.0
8.857999999999999	0.0
8.863999999999999	0.0
8.87	0.0
8.876	0.0
8.882	0.0
8.887	0.0
8.892999999999999	0.0
8.899	0.0
8.905	0.0
8.911	0.0
8.916	0.0
8.922	0.0
8.927999999999999	0.0
8.934	0.0
8.94	0.0
8.945	0.0
8.951	0.0
8.957	0.0
8.963	0.0
8.969	0.0
8.975	0.0
8.98	0.0
8.986	0.0
8.992	0.0
8.998	0.0
9.004	0.0
9.009	0.0
9.015	0.0
9.021	0.0
9.027000000000001	0.0
9.033	0.0
9.038	0.0
9.044	0.0
9.05	0.0
9.056000000000001	0.0
9.062000000000001	0.0
9.067	0.0
9.073	0.0
9.079	254.17987060546875
9.085	233.0838623046875
9.091000000000001	314.74530029296875
9.096	323.9681091308594
9.102	345.220703125
9.107999999999999	323.9681091308594
9.113999999999999	331.5405578613281
9.12	329.6310119628906
9.125	343.2323913574219
9.131	339.2900085449219
9.137	339.2900085449219
9.142999999999999	331.5405578613281
9.149	323.9681091308594
9.154	341.2555236816406
9.16	343.2323913574219
9.166	329.6310119628906
9.172	314.74530029296875
9.177999999999999	325.8448486328125
9.183	316.5686340332031
9.189	300.5318298339844
9.195	291.9762268066406
9.201	275.5887756347656
9.207	261.6279602050781
9.213	249.8131866455078
9.218	269.2942810058594
9.224	263.1435852050781
9.23	242.70144653320312
9.236	248.37437438964844
9.242	242.70144653320312
9.247	241.30357360839844
9.253	237.15809631347656
9.259	239.9137725830078
9.265	254.17987060546875
9.271	192.6320037841797
9.276	182.87362670898438
9.282	194.87030029296875
9.288	191.52252197265625
9.294	182.87362670898438
9.3	177.66754150390625
9.305	174.6153106689453
9.311	174.6153106689453
9.317	182.87362670898438
9.323	173.6095733642578
9.329	168.66722106933594
9.334	171.61549377441406
9.34	173.6095733642578
9.346	171.61549377441406
9.352	0.0
9.357999999999999	0.0
9.363	0.0
9.369	0.0
9.375	0.0
9.381	0.0
9.387	0.0
9.392000000000001	0.0
9.398	0.0
9.404	0.0
9.41	0.0
9.416	0.0
9.421	0.0
9.427	0.0
9.433	0.0
9.439	0.0
9.445	0.0
9.451	0.0
9.456	0.0
9.462	0.0
9.468	0.0
9.474	0.0
9.48	0.0
9.485	0.0
9.491	0.0
9.497	0.0
9.503	0.0
9.509	0.0
9.514	0.0
9.52	0.0
9.526	0.0
9.532	0.0
9.538	0.0
9.543	0.0
9.549	0.0
9.555	0.0
9.561	0.0
9.567	0.0
9.572000000000001	0.0
9.578	0.0
9.584	0.0
9.59	0.0
9.596	0.0
9.601	0.0
9.607000000000001	0.0
9.613	0.0
9.619	0.0
9.625	0.0
9.63	0.0
9.636000000000001	0.0
9.642000000000001	195.99917602539062
9.648	192.6320037841797
9.654	187.1481170654297
9.66	183.93299865722656
9.665	187.1481170654297
9.671	174.6153106689453
9.677	180.77313232421875
9.683	187.1481170654297
9.689	177.66754150390625
9.693999999999999	165.7696075439453
9.7	164.81484985351562
9.706	161.9833984375
9.712	167.69577026367188
9.718	176.6442413330078
9.722999999999999	164.81484985351562
9.729	162.92176818847656
9.735	170.62705993652344
9.741	175.62684631347656
9.747	191.52252197265625
9.752	0.0
9.758	0.0
9.764	0.0
9.77	0.0
9.776	0.0
9.781	0.0
9.787	0.0
9.793	0.0
9.799	0.0
9.805	0.0
9.81	0.0
9.816	0.0
9.822000000000001	0.0
9.828	0.0
9.834	0.0
9.839	0.0
9.845	0.0
9.851	0.0
9.857000000000001	0.0
9.863	0.0
9.868	0.0
9.874	0.0
9.88	0.0
9.886000000000001	0.0
9.892000000000001	0.0
9.898	0.0
9.902999999999999	0.0
9.908999999999999	0.0
9.915	0.0
9.921	0.0
9.927	0.0
9.932	0.0
9.937999999999999	0.0
9.943999999999999	0.0
9.95	0.0
9.956	0.0
9.961	0.0
9.967	0.0
9.972999999999999	0.0
9.979	0.0
9.985	0.0
9.99	0.0
9.996	0.0
10.002	0.0
10.008	0.0
10.014	0.0
10.019	0.0
10.025	0.0
10.031	0.0
10.037	0.0
10.043	0.0
10.048	0.0
10.054	0.0
10.06	0.0
10.066	0.0
10.072000000000001	0.0
10.077	0.0
10.083	0.0
10.089	0.0
10.095	0.0
10.101	0.0
10.106	0.0
10.112	0.0
10.118	0.0
10.124	0.0
10.13	0.0
10.136000000000001	0.0
10.141	0.0
10.147	0.0
10.152999999999999	0.0
10.158999999999999	0.0
10.165	0.0
10.17	0.0
10.176	0.0
10.182	0.0
10.187999999999999	0.0
10.193999999999999	0.0
10.199	0.0
10.205	0.0
10.211	0.0
10.217	0.0
10.222999999999999	0.0
10.228	0.0
10.234	0.0
10.24	0.0
10.245999999999999	0.0
10.252	0.0
10.257	0.0
10.263	0.0
10.269	0.0
10.275	0.0
10.280999999999999	0.0
10.286	0.0
10.292	0.0
10.298	0.0
10.304	0.0
10.31	0.0
10.315	0.0
10.321	0.0
10.327	0.0
10.333	0.0
10.339	0.0
10.344000000000001	0.0
10.35	0.0
10.356	0.0
10.362	0.0
10.368	0.0
10.374	0.0
10.379000000000001	0.0
10.385	0.0
10.390999999999998	0.0
10.397	0.0
10.402999999999999	0.0
10.408	0.0
10.414000000000001	0.0
10.42	0.0
10.425999999999998	0.0
10.432	0.0
10.437000000000001	0.0
10.443	0.0
10.449000000000002	0.0
10.455	0.0
10.460999999999999	0.0
10.466	0.0
10.472000000000001	0.0
10.478	0.0
10.484000000000002	0.0
10.49	0.0
10.495	0.0
10.501	0.0
10.507	0.0
10.513	0.0
10.519	0.0
10.524000000000001	0.0
10.53	0.0
10.536	0.0
10.542	0.0
10.548	0.0
10.552999999999999	0.0
10.559000000000001	0.0
10.565	0.0
10.571	0.0
10.577	0.0
10.582	0.0
10.588	0.0
10.594000000000001	0.0
10.6	0.0
10.606	0.0
10.612	0.0
10.617	0.0
10.623	0.0
10.629000000000001	0.0
10.635	0.0
10.640999999999998	0.0
10.645999999999999	0.0
10.652000000000001	0.0
10.658	0.0
10.664000000000001	0.0
10.67	0.0
10.675	0.0
10.681	0.0
10.687000000000001	0.0
10.693	0.0
10.699000000000002	0.0
10.704	0.0
10.71	0.0
10.716	0.0
10.722000000000001	0.0
10.728	0.0
10.732999999999999	0.0
10.739	0.0
10.745	0.0
10.751	0.0
10.757	0.0
10.762	0.0
10.767999999999999	0.0
10.774000000000001	0.0
10.78	0.0
10.786	0.0
10.790999999999999	0.0
10.797	0.0
10.802999999999999	0.0
10.809000000000001	0.0
10.815	0.0
10.82	0.0
10.825999999999999	0.0
10.832	0.0
10.838	0.0
10.844000000000001	0.0
10.85	0.0
10.855	0.0
10.860999999999999	0.0
10.867	0.0
10.873	0.0
10.879000000000001	0.0
10.884	0.0
10.89	0.0
10.895999999999999	0.0
10.902000000000001	0.0
10.908	0.0
10.913	0.0
10.919	0.0
10.925	0.0
10.931	0.0
10.937000000000001	0.0
10.942	0.0
10.948	0.0
10.954	0.0
10.96	266.201171875
10.966	261.6279602050781
10.970999999999998	314.74530029296875
10.977	291.9762268066406
10.982999999999999	290.2945861816406
10.989	297.0799255371094
10.995	293.6676330566406
11.0	293.6676330566406
11.005999999999998	278.7909851074219
11.012	274.0014953613281
11.017999999999999	264.6679382324219
11.024000000000001	264.6679382324219
11.029000000000002	280.4060363769531
11.035	272.42333984375
11.040999999999999	264.6679382324219
11.047	267.7432556152344
11.052999999999999	267.7432556152344
11.059000000000001	266.201171875
11.064	260.1210632324219
11.07	261.6279602050781
11.075999999999999	267.7432556152344
11.082	264.6679382324219
11.088	285.3074645996094
11.093	298.8009033203125
11.099	298.8009033203125
11.105	280.4060363769531
11.110999999999999	305.7850646972656
11.117	283.6641845703125
11.122	283.6641845703125
11.128	304.0238952636719
11.134	305.7850646972656
11.14	314.74530029296875
11.145999999999999	325.8448486328125
11.151	316.5686340332031
11.157	302.2728271484375
11.163	312.9324951171875
11.169	320.24700927734375
11.175	312.9324951171875
11.18	309.3381652832031
11.186	312.9324951171875
11.192	325.8448486328125
11.198	323.9681091308594
11.204	307.5564880371094
11.209000000000001	307.5564880371094
11.215	320.24700927734375
11.220999999999998	314.74530029296875
11.227	311.1301574707031
11.232999999999999	305.7850646972656
11.238	318.4024963378906
11.244000000000002	305.7850646972656
11.25	309.3381652832031
11.255999999999998	305.7850646972656
11.262	300.5318298339844
11.267000000000001	295.36883544921875
11.273	307.5564880371094
11.279000000000002	333.4611511230469
11.285	318.4024963378906
11.290999999999999	327.73248291015625
11.297	341.2555236816406
11.302	347.2205810546875
11.308	359.4653625488281
11.314	341.2555236816406
11.32	347.2205810546875
11.325999999999999	331.5405578613281
11.331	353.2899475097656
11.337	345.220703125
11.343	343.2323913574219
11.349	335.3929138183594
11.355	353.2899475097656
11.36	347.2205810546875
11.366	347.2205810546875
11.372	343.2323913574219
11.378	359.4653625488281
11.384	349.2320251464844
11.389000000000001	351.2550964355469
11.395	341.2555236816406
11.401	363.64215087890625
11.407	347.2205810546875
11.413	361.5477294921875
11.418	337.3358154296875
11.424000000000001	327.73248291015625
11.43	349.2320251464844
11.436	367.8675231933594
11.442	378.64691162109375
11.447000000000001	369.99853515625
11.453	383.0466003417969
11.459000000000001	363.64215087890625
11.465	372.1419372558594
11.470999999999998	359.4653625488281
11.475999999999999	353.2899475097656
11.482000000000001	359.4653625488281
11.488	357.39495849609375
11.494000000000002	353.2899475097656
11.5	365.74871826171875
11.505	363.64215087890625
11.511	361.5477294921875
11.517000000000001	378.64691162109375
11.523	359.4653625488281
11.529000000000002	331.5405578613281
11.535	357.39495849609375
11.54	365.74871826171875
11.546	355.3365173339844
11.552	347.2205810546875
11.558	333.4611511230469
11.564	351.2550964355469
11.569	337.3358154296875
11.575	322.1021728515625
11.581	335.3929138183594
11.587	0.0
11.593	0.0
11.597999999999999	0.0
11.604000000000001	0.0
11.61	0.0
11.616	0.0
11.622	0.0
11.627	361.5477294921875
11.633	341.2555236816406
11.639000000000001	363.64215087890625
11.645	341.2555236816406
11.651	357.39495849609375
11.655999999999999	349.2320251464844
11.662	361.5477294921875
11.668	349.2320251464844
11.674000000000001	349.2320251464844
11.68	359.4653625488281
11.685	351.2550964355469
11.690999999999999	353.2899475097656
11.697000000000001	353.2899475097656
11.703	349.2320251464844
11.709000000000001	363.64215087890625
11.714	347.2205810546875
11.72	353.2899475097656
11.725999999999999	351.2550964355469
11.732000000000001	355.3365173339844
11.738	347.2205810546875
11.743	353.2899475097656
11.749	347.2205810546875
11.755	355.3365173339844
11.761	343.2323913574219
11.767000000000001	355.3365173339844
11.773	347.2205810546875
11.777999999999999	357.39495849609375
11.784	343.2323913574219
11.79	353.2899475097656
11.796	347.2205810546875
11.802	359.4653625488281
11.807	343.2323913574219
11.812999999999999	351.2550964355469
11.819	347.2205810546875
11.825	353.2899475097656
11.831	345.220703125
11.835999999999999	349.2320251464844
11.842	349.2320251464844
11.847999999999999	353.2899475097656
11.854000000000001	351.2550964355469
11.86	353.2899475097656
11.865	363.64215087890625
11.870999999999999	383.0466003417969
11.877	367.8675231933594
11.883	380.84039306640625
11.889000000000001	376.4660339355469
11.894	0.0
11.9	0.0
11.905999999999999	0.0
11.912	587.3377075195312
11.918	601.066162109375
11.923	590.7401123046875
11.929	594.1622314453125
11.935	594.1622314453125
11.940999999999999	580.591552734375
11.947000000000001	587.3377075195312
11.952	587.3377075195312
11.958	577.2474975585938
11.964	587.3377075195312
11.97	577.2474975585938
11.975999999999999	564.0631103515625
11.981	577.2474975585938
11.987	583.954833984375
11.993	570.6172485351562
11.999	567.3306884765625
12.005	573.9227905273438
12.011	570.6172485351562
12.015999999999998	573.9227905273438
12.022	577.2474975585938
12.027999999999999	567.3306884765625
12.034	567.3306884765625
12.04	577.2474975585938
12.045	580.591552734375
12.050999999999998	577.2474975585938
12.057	577.2474975585938
12.062999999999999	580.591552734375
12.069	577.2474975585938
12.074000000000002	583.954833984375
12.08	587.3377075195312
12.085999999999999	587.3377075195312
12.092	587.3377075195312
12.097999999999999	580.591552734375
12.103	573.9227905273438
12.109000000000002	583.954833984375
12.115	580.591552734375
12.120999999999999	570.6172485351562
12.127	583.954833984375
12.132	0.0
12.138	365.74871826171875
12.144	376.4660339355469
12.15	374.2977600097656
12.155999999999999	389.7421875
12.161	408.1748046875
12.167	415.30963134765625
12.173	389.7421875
12.179	380.84039306640625
12.185	401.1625671386719
12.19	412.9176025390625
12.196	398.8520202636719
12.202	378.64691162109375
12.208	385.2655944824219
12.214	417.7154846191406
12.22	396.5548095703125
12.225	394.27081298828125
12.231	398.8520202636719
12.237	369.99853515625
12.243	376.4660339355469
12.249	401.1625671386719
12.254000000000001	369.99853515625
12.26	378.64691162109375
12.265999999999998	376.4660339355469
12.272	387.4974365234375
12.277999999999999	385.2655944824219
12.283	380.84039306640625
12.289000000000001	383.0466003417969
12.295	387.4974365234375
12.300999999999998	394.27081298828125
12.307	405.8238830566406
12.312000000000001	405.8238830566406
12.318	403.4864807128906
12.324000000000002	410.5393371582031
12.33	405.8238830566406
12.335999999999999	398.8520202636719
12.341	401.1625671386719
12.347000000000001	415.30963134765625
12.353	410.5393371582031
12.359000000000002	410.5393371582031
12.365	408.1748046875
12.37	396.5548095703125
12.376	405.8238830566406
12.382	597.6041870117188
12.388	622.2628173828125
12.394	608.0502319335938
12.399000000000001	604.548095703125
12.405	604.548095703125
12.411	608.0502319335938
12.417	604.548095703125
12.423	608.0502319335938
12.427999999999999	611.5726928710938
12.434000000000001	618.6788330078125
12.44	618.6788330078125
12.446	618.6788330078125
12.452	622.2628173828125
12.458	625.8675537109375
12.463	625.8675537109375
12.469000000000001	629.4931640625
12.475	629.4931640625
12.481	633.1398315429688
12.487	636.8075561523438
12.492	636.8075561523438
12.498	636.8075561523438
12.504000000000001	644.2069702148438
12.51	640.4966430664062
12.515999999999998	644.2069702148438
12.520999999999999	651.6923217773438
12.527000000000001	659.2647094726562
12.533	670.7885131835938
12.539000000000001	651.6923217773438
12.545	651.6923217773438
12.55	678.5827026367188
12.556	666.925048828125
12.562000000000001	694.4439697265625
12.568	706.5827026367188
12.574000000000002	686.467529296875
12.579	710.6759643554688
12.585	761.6839599609375
12.591	0.0
12.597000000000001	0.0
12.603	0.0
12.607999999999999	0.0
12.614	0.0
12.62	0.0
12.626	0.0
12.632	0.0
12.637	0.0
12.642999999999999	0.0
12.649000000000001	0.0
12.655	0.0
12.661	0.0
12.665999999999999	0.0
12.672	0.0
12.677999999999999	0.0
12.684000000000001	0.0
12.69	0.0
12.696	0.0
12.700999999999999	0.0
12.707	0.0
12.713	0.0
12.719000000000001	0.0
12.725	0.0
12.73	0.0
12.735999999999999	0.0
12.742	0.0
12.748	0.0
12.754000000000001	0.0
12.759	0.0
12.765	0.0
12.770999999999999	0.0
12.777000000000001	0.0
12.783	0.0
12.788	0.0
12.794	0.0
12.8	0.0
12.806	0.0
12.812000000000001	0.0
12.817	0.0
12.823	0.0
12.829	0.0
12.835	0.0
12.841	636.8075561523438
12.845999999999998	594.1622314453125
12.852	625.8675537109375
12.857999999999999	594.1622314453125
12.864	587.3377075195312
12.87	594.1622314453125
12.875	560.8143310546875
12.880999999999998	604.548095703125
12.887	577.2474975585938
12.892999999999999	573.9227905273438
12.899000000000001	608.0502319335938
12.904000000000002	583.954833984375
12.91	573.9227905273438
12.915999999999999	590.7401123046875
12.922	577.2474975585938
12.927999999999999	587.3377075195312
12.934000000000001	608.0502319335938
12.939	570.6172485351562
12.945	597.6041870117188
12.950999999999999	573.9227905273438
12.957	573.9227905273438
12.963	604.548095703125
12.968	633.1398315429688
12.974	629.4931640625
12.98	615.115478515625
12.985999999999999	570.6172485351562
12.992	583.954833984375
12.997	601.066162109375
13.003	570.6172485351562
13.009	270.8542785644531
13.015	274.0014953613281
13.020999999999999	274.0014953613281
13.026	0.0
13.032	0.0
13.038	570.6172485351562
13.044	611.5726928710938
13.05	594.1622314453125
13.055	608.0502319335938
13.061	590.7401123046875
13.067	580.591552734375
13.073	601.066162109375
13.079	587.3377075195312
13.084000000000001	573.9227905273438
13.09	608.0502319335938
13.095999999999998	564.0631103515625
13.102	590.7401123046875
13.107999999999999	590.7401123046875
13.113	587.3377075195312
13.119000000000002	597.6041870117188
13.125	583.954833984375
13.130999999999998	580.591552734375
13.137	577.2474975585938
13.142000000000001	577.2474975585938
13.148	590.7401123046875
13.154000000000002	601.066162109375
13.16	590.7401123046875
13.165999999999999	590.7401123046875
13.172	583.954833984375
13.177	570.6172485351562
13.183	587.3377075195312
13.189	583.954833984375
13.195	594.1622314453125
13.200999999999999	601.066162109375
13.206	590.7401123046875
13.212	590.7401123046875
13.218	587.3377075195312
13.224	577.2474975585938
13.23	597.6041870117188
13.235	577.2474975585938
13.241	590.7401123046875
13.247	590.7401123046875
13.253	580.591552734375
13.259	608.0502319335938
13.264000000000001	618.6788330078125
13.27	580.591552734375
13.276	587.3377075195312
13.282	587.3377075195312
13.288	587.3377075195312
13.293	590.7401123046875
13.299000000000001	583.954833984375
13.305	567.3306884765625
13.311	601.066162109375
13.317	618.6788330078125
13.322000000000001	587.3377075195312
13.328	587.3377075195312
13.334000000000001	580.591552734375
13.34	583.954833984375
13.345999999999998	577.2474975585938
13.350999999999999	587.3377075195312
13.357000000000001	583.954833984375
13.363	594.1622314453125
13.369000000000002	594.1622314453125
13.375	594.1622314453125
13.38	597.6041870117188
13.386	597.6041870117188
13.392000000000001	597.6041870117188
13.398	597.6041870117188
13.404000000000002	601.066162109375
13.41	594.1622314453125
13.415	594.1622314453125
13.421	594.1622314453125
13.427	580.591552734375
13.433	194.87030029296875
13.439	192.6320037841797
13.444	187.1481170654297
13.45	192.6320037841797
13.456	191.52252197265625
13.462	204.08657836914062
13.468	187.1481170654297
13.472999999999999	176.6442413330078
13.479000000000001	171.61549377441406
13.485	175.62684631347656
13.491	180.77313232421875
13.497	182.87362670898438
13.502	176.6442413330078
13.508	166.72988891601562
13.514000000000001	158.28366088867188
13.52	164.81484985351562
13.526	170.62705993652344
13.530999999999999	165.7696075439453
13.537	168.66722106933594
13.543	170.62705993652344
13.549000000000001	176.6442413330078
13.555	171.61549377441406
13.56	169.64431762695312
13.565999999999999	173.6095733642578
13.572000000000001	173.6095733642578
13.578	170.62705993652344
13.584000000000001	170.62705993652344
13.589	170.62705993652344
13.595	163.86557006835938
13.600999999999999	174.6153106689453
13.607000000000001	175.62684631347656
13.613	170.62705993652344
13.619000000000002	175.62684631347656
13.624	182.87362670898438
13.63	176.6442413330078
13.636	222.55809020996094
13.642000000000001	205.2688446044922
13.648	194.87030029296875
13.652999999999999	208.8568878173828
13.659	212.50767517089844
13.665	211.28370666503906
13.671	204.08657836914062
13.677	208.8568878173828
13.682	197.1345977783203
13.687999999999999	188.23226928710938
13.694	189.32269287109375
13.7	195.99917602539062
13.706	0.0
13.710999999999999	0.0
13.717	0.0
13.722999999999999	0.0
13.729000000000001	0.0
13.735	0.0
13.74	541.7108154296875
13.745999999999999	532.4044799804688
13.752	541.7108154296875
13.758	544.8489379882812
13.764000000000001	538.5906982421875
13.769	541.7108154296875
13.775	535.4887084960938
13.780999999999999	541.7108154296875
13.787	520.2442626953125
13.793	532.4044799804688
13.798	526.2892456054688
13.804	532.4044799804688
13.81	520.2442626953125
13.815999999999999	526.2892456054688
13.822000000000001	502.5227355957031
13.827	529.3380126953125
13.833	502.5227355957031
13.839	511.3067321777344
13.845	508.36181640625
13.850999999999999	523.258056640625
13.857000000000001	520.2442626953125
13.862	529.3380126953125
13.868	520.2442626953125
13.874	529.3380126953125
13.88	526.2892456054688
13.886	535.4887084960938
13.890999999999998	526.2892456054688
13.897	535.4887084960938
13.902999999999999	526.2892456054688
13.909	532.4044799804688
13.915	526.2892456054688
13.92	529.3380126953125
13.925999999999998	517.2478637695312
13.932	526.2892456054688
13.937999999999999	535.4887084960938
13.944	514.2687377929688
13.949000000000002	526.2892456054688
13.955	529.3380126953125
13.960999999999999	508.36181640625
13.967	538.5906982421875
13.972999999999999	511.3067321777344
13.978	526.2892456054688
13.984000000000002	526.2892456054688
13.99	526.2892456054688
13.995999999999999	511.3067321777344
14.002	544.8489379882812
14.007	532.4044799804688
14.013	520.2442626953125
14.019	520.2442626953125
14.025	353.2899475097656
14.030999999999999	345.220703125
14.036	347.2205810546875
14.042	349.2320251464844
14.048	353.2899475097656
14.054	378.64691162109375
14.06	374.2977600097656
14.065	367.8675231933594
14.071	359.4653625488281
14.077	351.2550964355469
14.083	365.74871826171875
14.089	396.5548095703125
14.095	389.7421875
14.1	374.2977600097656
14.106	365.74871826171875
14.112	361.5477294921875
14.118	389.7421875
14.124	403.4864807128906
14.129000000000001	405.8238830566406
14.135	403.4864807128906
14.140999999999998	405.8238830566406
14.147	387.4974365234375
14.152999999999999	376.4660339355469
14.158	383.0466003417969
14.164000000000001	380.84039306640625
14.17	378.64691162109375
14.175999999999998	408.1748046875
14.182	403.4864807128906
14.187000000000001	398.8520202636719
14.193	378.64691162109375
14.199000000000002	372.1419372558594
14.205	363.64215087890625
14.210999999999999	0.0
14.216	0.0
14.222000000000001	0.0
14.228	0.0
14.234000000000002	0.0
14.24	0.0
14.245	0.0
14.251	0.0
14.257	0.0
14.263	0.0
14.269	0.0
14.274000000000001	0.0
14.28	0.0
14.286	0.0
14.292	0.0
14.298	0.0
14.302999999999999	0.0
14.309000000000001	0.0
14.315	0.0
14.321	0.0
14.327	0.0
14.333	0.0
14.338	0.0
14.344000000000001	0.0
14.35	0.0
14.356	0.0
14.362	0.0
14.367	0.0
14.373	0.0
14.379000000000001	0.0
14.385	0.0
14.390999999999998	0.0
14.395999999999999	0.0
14.402000000000001	0.0
14.408	0.0
14.414000000000001	0.0
14.42	0.0
14.425	0.0
14.431	0.0
14.437000000000001	0.0
14.443	0.0
14.449000000000002	0.0
14.454	0.0
14.46	0.0
14.466	0.0
14.472000000000001	0.0
14.478	0.0
14.482999999999999	0.0
14.489	0.0
14.495	0.0
14.501	0.0
14.507	0.0
14.512	0.0
14.517999999999999	0.0
14.524000000000001	0.0
14.53	0.0
14.536	0.0
14.540999999999999	0.0
14.547	0.0
14.552999999999999	0.0
14.559000000000001	0.0
14.565	0.0
14.571	0.0
14.575999999999999	0.0
14.582	0.0
14.588	0.0
14.594000000000001	0.0
14.6	0.0
14.605	0.0
14.610999999999999	0.0
14.617	0.0
14.623	0.0
14.629000000000001	361.5477294921875
14.634	369.99853515625
14.64	361.5477294921875
14.645999999999999	335.3929138183594
14.652000000000001	343.2323913574219
14.658	339.2900085449219
14.663	361.5477294921875
14.669	394.27081298828125
14.675	363.64215087890625
14.681	374.2977600097656
14.687000000000001	363.64215087890625
14.692	367.8675231933594
14.698	359.4653625488281
14.704	376.4660339355469
14.71	380.84039306640625
14.716	380.84039306640625
14.720999999999998	383.0466003417969
14.727	359.4653625488281
14.732999999999999	333.4611511230469
14.739	335.3929138183594
14.745	339.2900085449219
14.75	343.2323913574219
14.755999999999998	335.3929138183594
14.762	339.2900085449219
14.767999999999999	353.2899475097656
14.774000000000001	355.3365173339844
14.78	349.2320251464844
14.785	374.2977600097656
14.790999999999999	401.1625671386719
14.797	420.13531494140625
14.802999999999999	417.7154846191406
14.809000000000001	410.5393371582031
14.814	380.84039306640625
14.82	410.5393371582031
14.825999999999999	420.13531494140625
14.832	408.1748046875
14.838	405.8238830566406
14.843	420.13531494140625
14.849	417.7154846191406
14.855	391.99993896484375
14.860999999999999	403.4864807128906
14.867	425.01708984375
14.872	408.1748046875
14.878	401.1625671386719
14.884	396.5548095703125
14.89	403.4864807128906
14.895999999999999	440.0053405761719
14.901	405.8238830566406
14.907	385.2655944824219
14.913	412.9176025390625
14.919	410.5393371582031
14.925	405.8238830566406
14.93	385.2655944824219
14.936	367.8675231933594
14.942	378.64691162109375
14.948	376.4660339355469
14.954	380.84039306640625
14.959000000000001	380.84039306640625
14.965	391.99993896484375
14.970999999999998	408.1748046875
14.977	412.9176025390625
14.982999999999999	383.0466003417969
14.988	383.0466003417969
14.994000000000002	376.4660339355469
15.0	410.5393371582031
15.005999999999998	440.0053405761719
15.012	412.9176025390625
15.017999999999999	387.4974365234375
15.023	378.64691162109375
15.029000000000002	410.5393371582031
15.035	420.13531494140625
15.040999999999999	415.30963134765625
15.047	412.9176025390625
15.052	440.0053405761719
15.058	412.9176025390625
15.064	398.8520202636719
15.07	0.0
15.075999999999999	427.47918701171875
15.081	410.5393371582031
15.087	401.1625671386719
15.093	405.8238830566406
15.099	415.30963134765625
15.105	412.9176025390625
15.11	415.30963134765625
15.116	410.5393371582031
15.122	405.8238830566406
15.128	412.9176025390625
15.134	422.56915283203125
15.139000000000001	408.1748046875
15.145	408.1748046875
15.151	412.9176025390625
15.157	410.5393371582031
15.163	410.5393371582031
15.168	422.56915283203125
15.174000000000001	405.8238830566406
15.18	410.5393371582031
15.186	412.9176025390625
15.192	417.7154846191406
15.197000000000001	412.9176025390625
15.203	405.8238830566406
15.209000000000001	422.56915283203125
15.215	401.1625671386719
15.220999999999998	405.8238830566406
15.225999999999999	412.9176025390625
15.232000000000001	410.5393371582031
15.238	410.5393371582031
15.244000000000002	410.5393371582031
15.25	417.7154846191406
15.255999999999998	396.5548095703125
15.261	410.5393371582031
15.267000000000001	422.56915283203125
15.273	415.30963134765625
15.279000000000002	415.30963134765625
15.285	415.30963134765625
15.29	412.9176025390625
15.296	412.9176025390625
15.302	432.4462890625
15.308	405.8238830566406
15.314	412.9176025390625
15.319	422.56915283203125
15.325	401.1625671386719
15.331	437.4710998535156
15.337	410.5393371582031
15.343	422.56915283203125
15.347999999999999	167.69577026367188
15.354000000000001	172.60964965820312
15.36	173.6095733642578
15.366	172.60964965820312
15.372	0.0
15.377	0.0
15.383	0.0
15.389000000000001	0.0
15.395	0.0
15.401	0.0
15.405999999999999	0.0
15.412	0.0
15.418	0.0
15.424000000000001	0.0
15.43	0.0
15.435	0.0
15.440999999999999	0.0
15.447000000000001	0.0
15.453	0.0
15.459000000000001	0.0
15.464	0.0
15.47	0.0
15.475999999999999	0.0
15.482000000000001	0.0
15.488	0.0
15.494000000000002	0.0
15.499	0.0
15.505	0.0
15.511	367.8675231933594
15.517000000000001	347.2205810546875
15.523	343.2323913574219
15.527999999999999	359.4653625488281
15.534	383.0466003417969
15.54	385.2655944824219
15.546	378.64691162109375
15.552	380.84039306640625
15.557	378.64691162109375
15.562999999999999	369.99853515625
15.569	387.4974365234375
15.575	367.8675231933594
15.581	385.2655944824219
15.585999999999999	369.99853515625
15.592	383.0466003417969
15.597999999999999	380.84039306640625
15.604000000000001	385.2655944824219
15.61	387.4974365234375
15.615	391.99993896484375
15.620999999999999	387.4974365234375
15.627	394.27081298828125
15.633	408.1748046875
15.639000000000001	403.4864807128906
15.644	401.1625671386719
15.65	417.7154846191406
15.655999999999999	408.1748046875
15.662	417.7154846191406
15.668	415.30963134765625
15.673	408.1748046875
15.679	427.47918701171875
15.685	422.56915283203125
15.690999999999999	415.30963134765625
15.697000000000001	420.13531494140625
15.702	415.30963134765625
15.708	422.56915283203125
15.714	415.30963134765625
15.72	420.13531494140625
15.725999999999999	425.01708984375
15.732000000000001	412.9176025390625
15.737	415.30963134765625
15.743	422.56915283203125
15.749	420.13531494140625
15.755	425.01708984375
15.761	412.9176025390625
15.765999999999998	394.27081298828125
15.772	427.47918701171875
15.777999999999999	405.8238830566406
15.784	425.01708984375
15.79	422.56915283203125
15.795	422.56915283203125
15.800999999999998	422.56915283203125
15.807	410.5393371582031
15.812999999999999	434.9514465332031
15.819	417.7154846191406
15.824000000000002	417.7154846191406
15.83	422.56915283203125
15.835999999999999	417.7154846191406
15.842	427.47918701171875
15.847999999999999	408.1748046875
15.853	427.47918701171875
15.859000000000002	420.13531494140625
15.865	415.30963134765625
15.870999999999999	415.30963134765625
15.877	412.9176025390625
15.882	425.01708984375
15.888	408.1748046875
15.894	401.1625671386719
15.9	432.4462890625
15.905999999999999	398.8520202636719
15.911	412.9176025390625
15.917	417.7154846191406
15.923	410.5393371582031
15.929	417.7154846191406
15.935	408.1748046875
15.94	425.01708984375
15.946	422.56915283203125
15.952	410.5393371582031
15.958	422.56915283203125
15.964	412.9176025390625
15.97	425.01708984375
15.975	410.5393371582031
15.981	396.5548095703125
15.987	422.56915283203125
15.993	387.4974365234375
15.999	427.47918701171875
16.004	425.01708984375
16.01	415.30963134765625
16.016	417.7154846191406
16.022000000000002	417.7154846191406
16.028	422.56915283203125
16.033	410.5393371582031
16.039	398.8520202636719
16.045	427.47918701171875
16.051	412.9176025390625
16.057000000000002	412.9176025390625
16.062	420.13531494140625
16.067999999999998	405.8238830566406
16.074	417.7154846191406
16.08	405.8238830566406
16.086	417.7154846191406
16.090999999999998	427.47918701171875
16.097	412.9176025390625
16.102999999999998	417.7154846191406
16.109	417.7154846191406
16.115	420.13531494140625
16.12	415.30963134765625
16.125999999999998	412.9176025390625
16.132	420.13531494140625
16.137999999999998	420.13531494140625
16.144000000000002	412.9176025390625
16.149	412.9176025390625
16.155	417.7154846191406
16.160999999999998	420.13531494140625
16.167	412.9176025390625
16.173	415.30963134765625
16.179000000000002	420.13531494140625
16.184	410.5393371582031
16.19	415.30963134765625
16.195999999999998	415.30963134765625
16.202	405.8238830566406
16.208	412.9176025390625
16.213	403.4864807128906
16.219	394.27081298828125
16.225	410.5393371582031
16.230999999999998	410.5393371582031
16.237000000000002	422.56915283203125
16.242	405.8238830566406
16.248	398.8520202636719
16.254	391.99993896484375
16.26	396.5548095703125
16.266	398.8520202636719
16.271	412.9176025390625
16.277	391.99993896484375
16.283	391.99993896484375
16.289	403.4864807128906
16.295	389.7421875
16.3	394.27081298828125
16.305999999999997	374.2977600097656
16.312	403.4864807128906
16.317999999999998	391.99993896484375
16.324	380.84039306640625
16.329	405.8238830566406
16.335	380.84039306640625
16.340999999999998	380.84039306640625
16.347	389.7421875
16.352999999999998	410.5393371582031
16.358	403.4864807128906
16.364	385.2655944824219
16.37	401.1625671386719
16.375999999999998	367.8675231933594
16.382	380.84039306640625
16.387	403.4864807128906
16.393	415.30963134765625
16.399	396.5548095703125
16.405	391.99993896484375
16.410999999999998	387.4974365234375
16.417	410.5393371582031
16.422	387.4974365234375
16.428	391.99993896484375
16.434	383.0466003417969
16.44	389.7421875
16.445999999999998	415.30963134765625
16.451	427.47918701171875
16.457	420.13531494140625
16.463	425.01708984375
16.469	432.4462890625
16.475	405.8238830566406
16.48	394.27081298828125
16.486	389.7421875
16.492	391.99993896484375
16.498	394.27081298828125
16.504	398.8520202636719
16.509	401.1625671386719
16.515	394.27081298828125
16.521	401.1625671386719
16.527	298.8009033203125
16.533	304.0238952636719
16.538	320.24700927734375
16.544	302.2728271484375
16.55	300.5318298339844
16.555999999999997	307.5564880371094
16.562	298.8009033203125
16.567	311.1301574707031
16.573	304.0238952636719
16.579	280.4060363769531
16.585	297.0799255371094
16.590999999999998	300.5318298339844
16.596	286.9602355957031
16.602	274.0014953613281
16.608	261.6279602050781
16.614	260.1210632324219
16.62	241.30357360839844
16.625	0.0
16.631	0.0
16.637	0.0
16.643	0.0
16.649	0.0
16.655	0.0
16.66	0.0
16.666	0.0
16.672	0.0
16.678	0.0
16.684	0.0
16.689	0.0
16.695	0.0
16.701	0.0
16.707	0.0
16.713	0.0
16.718	0.0
16.724	0.0
16.73	0.0
16.736	0.0
16.742	0.0
16.747	0.0
16.753	0.0
16.759	0.0
16.765	0.0
16.771	0.0
16.776	0.0
16.782	0.0
16.788	0.0
16.794	0.0
16.8	0.0
16.805	0.0
16.811	0.0
16.817	0.0
16.823	0.0
16.829	0.0
16.834	0.0
16.84	0.0
16.846	0.0
16.852	0.0
16.858	0.0
16.863	0.0
16.869	0.0
16.875	0.0
16.881	0.0
16.887	0.0
16.893	0.0
16.898	222.55809020996094
16.904	206.4579620361328
16.91	201.742431640625
16.916	204.08657836914062
16.922	210.06680297851562
16.927	208.8568878173828
16.933	208.8568878173828
16.939	208.8568878173828
16.945	205.2688446044922
16.951	207.65396118164062
16.956	208.8568878173828
16.962	206.4579620361328
16.968	207.65396118164062
16.974	204.08657836914062
16.98	205.2688446044922
16.985	207.65396118164062
16.991	207.65396118164062
16.997	206.4579620361328
17.003	205.2688446044922
17.009	206.4579620361328
17.014	206.4579620361328
17.02	205.2688446044922
17.026	205.2688446044922
17.032	206.4579620361328
17.038	207.65396118164062
17.043	207.65396118164062
17.049	208.8568878173828
17.055	211.28370666503906
17.061	210.06680297851562
17.067	207.65396118164062
17.072	207.65396118164062
17.078	208.8568878173828
17.084	208.8568878173828
17.09	210.06680297851562
17.096	210.06680297851562
17.101	0.0
17.107	0.0
17.113	0.0
17.119	0.0
17.125	0.0
17.131	0.0
17.136	0.0
17.142	0.0
17.148	0.0
17.154	0.0
17.16	0.0
17.165	0.0
17.171	0.0
17.177	0.0
17.183	0.0
17.189	0.0
17.194000000000003	0.0
17.2	0.0
17.206	0.0
17.212	0.0
17.218	0.0
17.223	0.0
17.229	0.0
17.235	0.0
17.241	0.0
17.247	0.0
17.252	0.0
17.258	0.0
17.264	0.0
17.27	0.0
17.276	0.0
17.281	0.0
17.287	0.0
17.293	0.0
17.299	0.0
17.305	0.0
17.31	0.0
17.316	318.4024963378906
17.322	347.2205810546875
17.328	520.2442626953125
17.334	520.2442626953125
17.34	532.4044799804688
17.345	517.2478637695312
17.351	535.4887084960938
17.357	526.2892456054688
17.363	544.8489379882812
17.369	523.258056640625
17.374000000000002	523.258056640625
17.38	532.4044799804688
17.386	532.4044799804688
17.392	544.8489379882812
17.398	544.8489379882812
17.403	544.8489379882812
17.409000000000002	520.2442626953125
17.415	523.258056640625
17.421	564.0631103515625
17.427	554.372802734375
17.432000000000002	551.1798095703125
17.438	560.8143310546875
17.444000000000003	570.6172485351562
17.45	570.6172485351562
17.456	577.2474975585938
17.461	580.591552734375
17.467	583.954833984375
17.473	601.066162109375
17.479	590.7401123046875
17.485	601.066162109375
17.49	604.548095703125
17.496	608.0502319335938
17.502	604.548095703125
17.508	608.0502319335938
17.514	601.066162109375
17.519000000000002	601.066162109375
17.525	597.6041870117188
17.531	594.1622314453125
17.537	590.7401123046875
17.543	587.3377075195312
17.548	587.3377075195312
17.554000000000002	587.3377075195312
17.56	587.3377075195312
17.566	580.591552734375
17.572	583.954833984375
17.578	587.3377075195312
17.583	594.1622314453125
17.589000000000002	577.2474975585938
17.595	594.1622314453125
17.601	590.7401123046875
17.607	583.954833984375
17.612000000000002	594.1622314453125
17.618	587.3377075195312
17.624000000000002	594.1622314453125
17.63	604.548095703125
17.636	615.115478515625
17.641	0.0
17.647000000000002	0.0
17.653	0.0
17.659000000000002	0.0
17.665	0.0
17.67	0.0
17.676	0.0
17.682000000000002	0.0
17.688	0.0
17.694000000000003	0.0
17.699	0.0
17.705	0.0
17.711	0.0
17.717	0.0
17.723	0.0
17.727999999999998	0.0
17.734	0.0
17.74	0.0
17.746	0.0
17.752	0.0
17.757	0.0
17.762999999999998	0.0
17.769000000000002	0.0
17.775	0.0
17.781	0.0
17.785999999999998	0.0
17.792	0.0
17.798	0.0
17.804000000000002	0.0
17.81	0.0
17.816	0.0
17.820999999999998	0.0
17.827	0.0
17.833	0.0
17.839000000000002	0.0
17.845	0.0
17.85	0.0
17.855999999999998	0.0
17.862000000000002	0.0
17.868	0.0
17.874000000000002	0.0
17.879	0.0
17.885	0.0
17.891	0.0
17.897000000000002	0.0
17.903	0.0
17.908	0.0
17.914	0.0
17.92	0.0
17.926	0.0
17.932000000000002	0.0
17.937	0.0
17.942999999999998	0.0
17.949	0.0
17.955	0.0
17.961	0.0
17.965999999999998	0.0
17.972	0.0
17.977999999999998	0.0
17.984	0.0
17.99	0.0
17.995	0.0
18.000999999999998	0.0
18.007	0.0
18.012999999999998	0.0
18.019000000000002	0.0
18.024	0.0
18.03	0.0
18.035999999999998	0.0
18.042	0.0
18.048	0.0
18.054000000000002	0.0
18.059	0.0
18.065	0.0
18.070999999999998	0.0
18.077	0.0
18.083	0.0
18.088	0.0
18.094	0.0
18.1	179.73194885253906
18.105999999999998	173.6095733642578
18.112000000000002	174.6153106689453
18.117	174.6153106689453
18.123	177.66754150390625
18.129	175.62684631347656
18.135	172.60964965820312
18.141	176.6442413330078
18.146	178.69676208496094
18.152	174.6153106689453
18.158	180.77313232421875
18.164	179.73194885253906
18.17	175.62684631347656
18.175	176.6442413330078
18.180999999999997	179.73194885253906
18.187	175.62684631347656
18.192999999999998	177.66754150390625
18.199	181.82034301757812
18.204	175.62684631347656
18.21	174.6153106689453
18.215999999999998	175.62684631347656
18.222	176.6442413330078
18.227999999999998	171.61549377441406
18.233	177.66754150390625
18.239	176.6442413330078
18.245	175.62684631347656
18.250999999999998	175.62684631347656
18.257	167.69577026367188
18.262	177.66754150390625
18.268	173.6095733642578
18.274	174.6153106689453
18.28	177.66754150390625
18.285999999999998	175.62684631347656
18.292	174.6153106689453
18.297	182.87362670898438
18.303	176.6442413330078
18.309	175.62684631347656
18.315	170.62705993652344
18.320999999999998	169.64431762695312
18.326	179.73194885253906
18.332	174.6153106689453
18.338	173.6095733642578
18.344	178.69676208496094
18.35	171.61549377441406
18.355	177.66754150390625
18.361	174.6153106689453
18.367	172.60964965820312
18.373	179.73194885253906
18.379	177.66754150390625
18.384	176.6442413330078
18.39	172.60964965820312
18.396	174.6153106689453
18.402	175.62684631347656
18.408	178.69676208496094
18.413	176.6442413330078
18.419	172.60964965820312
18.425	173.6095733642578
18.430999999999997	171.61549377441406
18.437	176.6442413330078
18.442	177.66754150390625
18.448	175.62684631347656
18.454	172.60964965820312
18.46	160.1228485107422
18.465999999999998	305.7850646972656
18.471	311.1301574707031
18.477	300.5318298339844
18.483	320.24700927734375
18.489	298.8009033203125
18.495	304.0238952636719
18.5	307.5564880371094
18.506	300.5318298339844
18.512	309.3381652832031
18.518	309.3381652832031
18.524	305.7850646972656
18.53	307.5564880371094
18.535	309.3381652832031
18.541	309.3381652832031
18.547	300.5318298339844
18.553	275.5887756347656
18.559	255.65234375
18.564	252.71588134765625
18.57	255.65234375
18.576	238.53195190429688
18.582	235.79217529296875
18.588	252.71588134765625
18.593	248.37437438964844
18.599	242.70144653320312
18.605	254.17987060546875
18.611	269.2942810058594
18.617	263.1435852050781
18.622	251.26034545898438
18.628	244.107421875
18.634	244.107421875
18.64	252.71588134765625
18.646	245.5215301513672
18.651	0.0
18.657	0.0
18.663	0.0
18.669	0.0
18.675	0.0
18.68	0.0
18.686	0.0
18.692	0.0
18.698	0.0
18.704	0.0
18.709	0.0
18.715	216.22227478027344
18.721	205.2688446044922
18.727	206.4579620361328
18.733	204.08657836914062
18.739	211.28370666503906
18.744	206.4579620361328
18.75	206.4579620361328
18.756	205.2688446044922
18.762	258.6228942871094
18.768	280.4060363769531
18.773	282.0304260253906
18.779	269.2942810058594
18.785	266.201171875
18.791	261.6279602050781
18.797	261.6279602050781
18.802	260.1210632324219
18.808	277.1852722167969
18.814	274.0014953613281
18.82	269.2942810058594
18.826	261.6279602050781
18.831	254.17987060546875
18.837	255.65234375
18.843	266.201171875
18.849	274.0014953613281
18.855	282.0304260253906
18.86	283.6641845703125
18.866	274.0014953613281
18.872	274.0014953613281
18.878	263.1435852050781
18.884	269.2942810058594
18.889	261.6279602050781
18.895	257.1333312988281
18.901	239.9137725830078
18.907	235.79217529296875
18.913	227.7601776123047
18.918	238.53195190429688
18.924	239.9137725830078
18.93	239.9137725830078
18.936	251.26034545898438
18.942	263.1435852050781
18.947	272.42333984375
18.953	278.7909851074219
18.959	282.0304260253906
18.965	267.7432556152344
18.971	282.0304260253906
18.977	277.1852722167969
18.982	280.4060363769531
18.988	280.4060363769531
18.994	274.0014953613281
19.0	272.42333984375
19.006	267.7432556152344
19.011	286.9602355957031
19.017	274.0014953613281
19.023	275.5887756347656
19.029	277.1852722167969
19.035	285.3074645996094
19.04	267.7432556152344
19.046	267.7432556152344
19.052	267.7432556152344
19.058	264.6679382324219
19.064	260.1210632324219
19.069000000000003	270.8542785644531
19.075	263.1435852050781
19.081	267.7432556152344
19.087	275.5887756347656
19.093	275.5887756347656
19.098	270.8542785644531
19.104	261.6279602050781
19.11	275.5887756347656
19.116	291.9762268066406
19.122	309.3381652832031
19.127	333.4611511230469
19.133	331.5405578613281
19.139	333.4611511230469
19.145	331.5405578613281
19.151	325.8448486328125
19.156	335.3929138183594
19.162	343.2323913574219
19.168	337.3358154296875
19.174	0.0
19.18	0.0
19.185	376.4660339355469
19.191	376.4660339355469
19.197	363.64215087890625
19.203	374.2977600097656
19.209	343.2323913574219
19.215	357.39495849609375
19.22	372.1419372558594
19.226	353.2899475097656
19.232	347.2205810546875
19.238	355.3365173339844
19.244	359.4653625488281
19.249000000000002	347.2205810546875
19.255	359.4653625488281
19.261	357.39495849609375
19.267	349.2320251464844
19.273	369.99853515625
19.278	353.2899475097656
19.284000000000002	343.2323913574219
19.29	337.3358154296875
19.296	345.220703125
19.302	329.6310119628906
19.307000000000002	374.2977600097656
19.313	355.3365173339844
19.319000000000003	361.5477294921875
19.325	341.2555236816406
19.331	355.3365173339844
19.336	339.2900085449219
19.342	357.39495849609375
19.348	355.3365173339844
19.354	339.2900085449219
19.36	345.220703125
19.365	339.2900085449219
19.371	355.3365173339844
19.377	351.2550964355469
19.383	345.220703125
19.389	345.220703125
19.394000000000002	353.2899475097656
19.4	343.2323913574219
19.406	351.2550964355469
19.412	343.2323913574219
19.418	351.2550964355469
19.423	345.220703125
19.429000000000002	353.2899475097656
19.435	349.2320251464844
19.441	349.2320251464844
19.447	345.220703125
19.453	343.2323913574219
19.458	353.2899475097656
19.464000000000002	347.2205810546875
19.47	331.5405578613281
19.476	318.4024963378906
19.482	302.2728271484375
19.487000000000002	295.36883544921875
19.493	283.6641845703125
19.499000000000002	295.36883544921875
19.505	293.6676330566406
19.511	295.36883544921875
19.516	304.0238952636719
19.522000000000002	316.5686340332031
19.528	297.0799255371094
19.534000000000002	300.5318298339844
19.54	323.9681091308594
19.545	349.2320251464844
19.551	353.2899475097656
19.557000000000002	349.2320251464844
19.563	323.9681091308594
19.569000000000003	349.2320251464844
19.574	353.2899475097656
19.58	341.2555236816406
19.586	318.4024963378906
19.592	300.5318298339844
19.598	307.5564880371094
19.602999999999998	307.5564880371094
19.609	300.5318298339844
19.615	291.9762268066406
19.621	302.2728271484375
19.627	297.0799255371094
19.632	288.6225891113281
19.637999999999998	300.5318298339844
19.644000000000002	282.0304260253906
19.65	286.9602355957031
19.656	285.3074645996094
19.660999999999998	285.3074645996094
19.667	282.0304260253906
19.673	278.7909851074219
19.679000000000002	285.3074645996094
19.685	274.0014953613281
19.691	278.7909851074219
19.695999999999998	274.0014953613281
19.702	282.0304260253906
19.708	269.2942810058594
19.714000000000002	291.9762268066406
19.72	277.1852722167969
19.725	274.0014953613281
19.730999999999998	278.7909851074219
19.737000000000002	286.9602355957031
19.743	277.1852722167969
19.749000000000002	282.0304260253906
19.754	261.6279602050781
19.76	280.4060363769531
19.766	282.0304260253906
19.772000000000002	278.7909851074219
19.778	269.2942810058594
19.783	258.6228942871094
19.789	255.65234375
19.795	245.5215301513672
19.801	264.6679382324219
19.807000000000002	285.3074645996094
19.812	280.4060363769531
19.817999999999998	290.2945861816406
19.824	274.0014953613281
19.83	275.5887756347656
19.836	283.6641845703125
19.840999999999998	280.4060363769531
19.847	277.1852722167969
19.852999999999998	283.6641845703125
19.859	282.0304260253906
19.865	278.7909851074219
19.87	280.4060363769531
19.875999999999998	272.42333984375
19.882	280.4060363769531
19.887999999999998	280.4060363769531
19.894000000000002	278.7909851074219
19.9	285.3074645996094
19.905	285.3074645996094
19.910999999999998	274.0014953613281
19.917	274.0014953613281
19.923	280.4060363769531
19.929000000000002	283.6641845703125
19.934	283.6641845703125
19.94	277.1852722167969
19.945999999999998	280.4060363769531
19.952	286.9602355957031
19.958	277.1852722167969
19.963	280.4060363769531
19.969	275.5887756347656
19.975	277.1852722167969
19.980999999999998	278.7909851074219
19.987000000000002	280.4060363769531
19.992	274.0014953613281
19.998	255.65234375
20.004	0.0
20.01	0.0
