0.0	0.0
0.006	0.0
0.012	0.0
0.017	0.0
0.023	0.0
0.028999999999999998	0.0
0.035	0.0
0.040999999999999995	0.0
0.046	0.0
0.052000000000000005	0.0
0.057999999999999996	0.0
0.064	0.0
0.07	0.0
0.075	0.0
0.081	0.0
0.087	0.0
0.09300000000000001	0.0
0.099	0.0
0.10400000000000001	0.0
0.11	0.0
0.11599999999999999	0.0
0.122	211.28370666503906
0.128	193.7479248046875
0.134	199.42520141601562
0.139	212.50767517089844
0.145	213.7387237548828
0.151	211.28370666503906
0.157	205.2688446044922
0.163	214.97691345214844
0.168	220.0017852783203
0.174	210.06680297851562
0.18	211.28370666503906
0.18600000000000003	214.97691345214844
0.192	208.8568878173828
0.19699999999999998	216.22227478027344
0.203	221.27626037597656
0.209	220.0017852783203
0.215	222.55809020996094
0.221	207.65396118164062
0.226	191.52252197265625
0.23199999999999998	191.52252197265625
0.23800000000000002	190.41943359375
0.244	189.32269287109375
0.25	189.32269287109375
0.255	190.41943359375
0.261	201.742431640625
0.267	200.58045959472656
0.273	198.27658081054688
0.27899999999999997	186.07022094726562
0.284	192.6320037841797
0.29	0.0
0.29600000000000004	0.0
0.302	0.0
0.308	0.0
0.313	0.0
0.319	0.0
0.325	0.0
0.331	0.0
0.337	0.0
0.342	0.0
0.348	0.0
0.354	0.0
0.36	0.0
0.366	372.1419372558594
0.37200000000000005	357.39495849609375
0.377	343.2323913574219
0.38299999999999995	359.4653625488281
0.389	361.5477294921875
0.395	343.2323913574219
0.401	359.4653625488281
0.406	339.2900085449219
0.41200000000000003	345.220703125
0.418	351.2550964355469
0.424	339.2900085449219
0.43	353.2899475097656
0.435	363.64215087890625
0.441	365.74871826171875
0.447	351.2550964355469
0.45299999999999996	376.4660339355469
0.45899999999999996	187.1481170654297
0.46399999999999997	191.52252197265625
0.47	184.99851989746094
0.47600000000000003	179.73194885253906
0.48200000000000004	174.6153106689453
0.488	161.9833984375
0.493	171.61549377441406
0.499	168.66722106933594
0.505	175.62684631347656
0.511	161.05043029785156
0.517	172.60964965820312
0.522	496.750732421875
0.528	511.3067321777344
0.534	526.2892456054688
0.54	529.3380126953125
0.546	520.2442626953125
0.551	514.2687377929688
0.557	535.4887084960938
0.563	529.3380126953125
0.569	526.2892456054688
0.575	523.258056640625
0.58	529.3380126953125
0.586	520.2442626953125
0.5920000000000001	541.7108154296875
0.598	529.3380126953125
0.604	523.258056640625
0.61	514.2687377929688
0.615	538.5906982421875
0.621	526.2892456054688
0.627	520.2442626953125
0.633	508.36181640625
0.639	529.3380126953125
0.644	535.4887084960938
0.65	511.3067321777344
0.6559999999999999	502.5227355957031
0.662	526.2892456054688
0.6679999999999999	532.4044799804688
0.6729999999999999	499.62841796875
0.679	485.4048767089844
0.685	460.81512451171875
0.691	502.5227355957031
0.6970000000000001	523.258056640625
0.7020000000000001	488.216796875
0.708	491.0450744628906
0.7140000000000001	502.5227355957031
0.72	511.3067321777344
0.726	502.5227355957031
0.731	0.0
0.737	0.0
0.743	0.0
0.7490000000000001	0.0
0.755	0.0
0.76	0.0
0.7659999999999999	0.0
0.772	0.0
0.778	0.0
0.784	0.0
0.789	0.0
0.795	0.0
0.8009999999999999	0.0
0.807	0.0
0.813	0.0
0.8190000000000001	0.0
0.8240000000000001	0.0
0.83	0.0
0.836	0.0
0.8420000000000001	0.0
0.848	0.0
0.853	0.0
0.8590000000000001	0.0
0.865	0.0
0.871	0.0
0.877	0.0
0.882	0.0
0.888	0.0
0.894	0.0
0.9	0.0
0.9059999999999999	0.0
0.9109999999999999	0.0
0.917	0.0
0.9229999999999999	0.0
0.929	0.0
0.935	0.0
0.94	0.0
0.946	0.0
0.9520000000000001	0.0
0.958	0.0
0.9640000000000001	0.0
0.9690000000000001	0.0
0.975	0.0
0.981	331.5405578613281
0.987	341.2555236816406
0.993	345.220703125
0.998	347.2205810546875
1.004	347.2205810546875
1.01	349.2320251464844
1.016	349.2320251464844
1.022	351.2550964355469
1.0270000000000001	353.2899475097656
1.033	353.2899475097656
1.0390000000000001	351.2550964355469
1.045	353.2899475097656
1.051	349.2320251464844
1.057	349.2320251464844
1.062	349.2320251464844
1.068	347.2205810546875
1.074	347.2205810546875
1.08	347.2205810546875
1.0859999999999999	349.2320251464844
1.091	349.2320251464844
1.097	347.2205810546875
1.103	349.2320251464844
1.109	349.2320251464844
1.115	347.2205810546875
1.12	351.2550964355469
1.126	349.2320251464844
1.1320000000000001	351.2550964355469
1.138	351.2550964355469
1.1440000000000001	349.2320251464844
1.149	349.2320251464844
1.155	349.2320251464844
1.161	347.2205810546875
1.167	347.2205810546875
1.173	347.2205810546875
1.178	347.2205810546875
1.1840000000000002	349.2320251464844
1.19	349.2320251464844
1.196	347.2205810546875
1.202	347.2205810546875
1.207	349.2320251464844
1.213	347.2205810546875
1.219	347.2205810546875
1.225	347.2205810546875
1.2309999999999999	351.2550964355469
1.236	347.2205810546875
1.242	337.3358154296875
1.248	337.3358154296875
1.254	0.0
1.26	0.0
1.265	0.0
1.271	0.0
1.2770000000000001	0.0
1.2830000000000001	0.0
1.2890000000000001	0.0
1.295	0.0
1.3	0.0
1.306	0.0
1.3119999999999998	0.0
1.318	0.0
1.324	0.0
1.329	0.0
1.335	0.0
1.341	0.0
1.347	0.0
1.3530000000000002	0.0
1.358	0.0
1.364	0.0
1.37	0.0
1.376	0.0
1.382	0.0
1.3869999999999998	0.0
1.393	0.0
1.399	0.0
1.405	0.0
1.411	0.0
1.416	0.0
1.422	0.0
1.4280000000000002	0.0
1.4340000000000002	0.0
1.44	369.99853515625
1.445	347.2205810546875
1.4509999999999998	347.2205810546875
1.4569999999999999	349.2320251464844
1.463	351.2550964355469
1.469	383.0466003417969
1.474	383.0466003417969
1.48	383.0466003417969
1.486	385.2655944824219
1.492	361.5477294921875
1.4980000000000002	383.0466003417969
1.5030000000000001	385.2655944824219
1.5090000000000001	380.84039306640625
1.515	380.84039306640625
1.521	367.8675231933594
1.527	378.64691162109375
1.5330000000000001	378.64691162109375
1.538	378.64691162109375
1.544	380.84039306640625
1.55	349.2320251464844
1.556	365.74871826171875
1.5619999999999998	372.1419372558594
1.567	383.0466003417969
1.5730000000000002	378.64691162109375
1.579	383.0466003417969
1.585	372.1419372558594
1.591	357.39495849609375
1.5959999999999999	361.5477294921875
1.6019999999999999	385.2655944824219
1.608	385.2655944824219
1.614	378.64691162109375
1.62	394.27081298828125
1.625	412.9176025390625
1.631	412.9176025390625
1.6369999999999998	420.13531494140625
1.643	450.2900390625
1.649	434.9514465332031
1.6540000000000001	447.6965637207031
1.66	434.9514465332031
1.666	442.5543212890625
1.672	425.01708984375
1.6780000000000002	398.8520202636719
1.683	410.5393371582031
1.689	420.13531494140625
1.695	389.7421875
1.7009999999999998	376.4660339355469
1.7069999999999999	372.1419372558594
1.712	387.4974365234375
1.7180000000000002	361.5477294921875
1.724	363.64215087890625
1.73	391.99993896484375
1.736	383.0466003417969
1.7409999999999999	353.2899475097656
1.7469999999999999	347.2205810546875
1.7530000000000001	372.1419372558594
1.7590000000000001	363.64215087890625
1.765	385.2655944824219
1.771	391.99993896484375
1.776	389.7421875
1.7819999999999998	387.4974365234375
1.788	385.2655944824219
1.794	385.2655944824219
1.8	391.99993896484375
1.805	378.64691162109375
1.811	376.4660339355469
1.817	383.0466003417969
1.8230000000000002	385.2655944824219
1.829	389.7421875
1.834	387.4974365234375
1.84	387.4974365234375
1.8459999999999999	391.99993896484375
1.8519999999999999	391.99993896484375
1.858	389.7421875
1.8630000000000002	387.4974365234375
1.869	394.27081298828125
1.875	391.99993896484375
1.881	385.2655944824219
1.8869999999999998	389.7421875
1.892	391.99993896484375
1.8980000000000001	391.99993896484375
1.9040000000000001	363.64215087890625
1.91	387.4974365234375
1.916	376.4660339355469
1.921	389.7421875
1.9269999999999998	391.99993896484375
1.933	387.4974365234375
1.939	389.7421875
1.945	391.99993896484375
1.95	391.99993896484375
1.956	391.99993896484375
1.962	359.4653625488281
1.9680000000000002	361.5477294921875
1.974	365.74871826171875
1.98	387.4974365234375
1.985	391.99993896484375
1.9909999999999999	385.2655944824219
1.9969999999999999	391.99993896484375
2.003	383.0466003417969
2.009	385.2655944824219
2.0140000000000002	396.5548095703125
2.02	391.99993896484375
2.026	398.8520202636719
2.032	383.0466003417969
2.0380000000000003	391.99993896484375
2.043	389.7421875
2.049	389.7421875
2.055	385.2655944824219
2.061	389.7421875
2.0669999999999997	383.0466003417969
2.072	385.2655944824219
2.0780000000000003	391.99993896484375
2.084	363.64215087890625
2.09	345.220703125
2.096	349.2320251464844
2.101	347.2205810546875
2.1069999999999998	347.2205810546875
2.113	339.2900085449219
2.119	351.2550964355469
2.125	345.220703125
2.13	347.2205810546875
2.136	345.220703125
2.142	365.74871826171875
2.148	385.2655944824219
2.154	394.27081298828125
2.1590000000000003	396.5548095703125
2.165	387.4974365234375
2.171	378.64691162109375
2.177	387.4974365234375
2.1830000000000003	401.1625671386719
2.188	380.84039306640625
2.194	363.64215087890625
2.2	383.0466003417969
2.206	385.2655944824219
2.2119999999999997	396.5548095703125
2.218	383.0466003417969
2.2230000000000003	396.5548095703125
2.229	380.84039306640625
2.235	394.27081298828125
2.241	394.27081298828125
2.247	396.5548095703125
2.252	408.1748046875
2.258	422.56915283203125
2.2640000000000002	394.27081298828125
2.27	385.2655944824219
2.276	394.27081298828125
2.281	394.27081298828125
2.287	378.64691162109375
2.293	403.4864807128906
2.299	398.8520202636719
2.305	389.7421875
2.31	383.0466003417969
2.316	385.2655944824219
2.322	403.4864807128906
2.3280000000000003	389.7421875
2.334	389.7421875
2.339	405.8238830566406
2.345	385.2655944824219
2.351	380.84039306640625
2.3569999999999998	389.7421875
2.363	415.30963134765625
2.3680000000000003	398.8520202636719
2.374	389.7421875
2.38	387.4974365234375
2.386	0.0
2.392	0.0
2.397	0.0
2.403	0.0
2.4090000000000003	0.0
2.415	0.0
2.421	0.0
2.426	0.0
2.432	0.0
2.438	0.0
2.444	0.0
2.45	0.0
2.456	0.0
2.461	0.0
2.467	0.0
2.4730000000000003	0.0
2.479	0.0
2.485	0.0
2.49	0.0
2.496	0.0
2.502	0.0
2.508	0.0
2.5140000000000002	0.0
2.519	0.0
2.525	0.0
2.531	172.60964965820312
2.537	172.60964965820312
2.543	172.60964965820312
2.548	176.6442413330078
2.5540000000000003	187.1481170654297
2.56	194.87030029296875
2.5660000000000003	195.99917602539062
2.572	202.91110229492188
2.577	207.65396118164062
2.583	200.58045959472656
2.589	217.47483825683594
2.595	206.4579620361328
2.6010000000000004	201.742431640625
2.6060000000000003	205.2688446044922
2.612	198.27658081054688
2.6180000000000003	198.27658081054688
2.6239999999999997	193.7479248046875
2.63	193.7479248046875
2.635	197.1345977783203
2.641	188.23226928710938
2.647	0.0
2.653	0.0
2.659	0.0
2.6639999999999997	0.0
2.67	0.0
2.676	0.0
2.682	0.0
2.688	0.0
2.694	0.0
2.699	0.0
2.705	0.0
2.7110000000000003	0.0
2.717	0.0
2.7230000000000003	339.2900085449219
2.728	365.74871826171875
2.734	389.7421875
2.74	374.2977600097656
2.7460000000000004	380.84039306640625
2.752	394.27081298828125
2.7569999999999997	383.0466003417969
2.763	391.99993896484375
2.7689999999999997	398.8520202636719
2.775	396.5548095703125
2.781	387.4974365234375
2.786	391.99993896484375
2.792	398.8520202636719
2.798	396.5548095703125
2.804	394.27081298828125
2.81	391.99993896484375
2.815	398.8520202636719
2.821	396.5548095703125
2.827	396.5548095703125
2.833	380.84039306640625
2.839	405.8238830566406
2.844	394.27081298828125
2.85	389.7421875
2.8560000000000003	383.0466003417969
2.862	394.27081298828125
2.8680000000000003	396.5548095703125
2.873	380.84039306640625
2.8789999999999996	389.7421875
2.885	408.1748046875
2.891	401.1625671386719
2.897	383.0466003417969
2.9019999999999997	369.99853515625
2.908	355.3365173339844
2.9139999999999997	349.2320251464844
2.92	335.3929138183594
2.926	351.2550964355469
2.932	361.5477294921875
2.937	359.4653625488281
2.943	387.4974365234375
2.949	378.64691162109375
2.955	201.742431640625
2.9610000000000003	210.06680297851562
2.966	200.58045959472656
2.972	188.23226928710938
2.978	181.82034301757812
2.984	174.6153106689453
2.99	174.6153106689453
2.995	161.9833984375
3.0010000000000003	173.6095733642578
3.0069999999999997	175.62684631347656
3.013	186.07022094726562
3.0189999999999997	182.87362670898438
3.0239999999999996	181.82034301757812
3.03	178.69676208496094
3.036	179.73194885253906
3.042	181.82034301757812
3.048	167.69577026367188
3.053	173.6095733642578
3.0589999999999997	182.87362670898438
3.065	173.6095733642578
3.071	174.6153106689453
3.077	166.72988891601562
3.082	179.73194885253906
3.088	181.82034301757812
3.094	188.23226928710938
3.1	190.41943359375
3.1060000000000003	204.08657836914062
3.111	201.742431640625
3.117	189.32269287109375
3.123	187.1481170654297
3.1289999999999996	189.32269287109375
3.135	184.99851989746094
3.14	199.42520141601562
3.1460000000000004	183.93299865722656
3.1519999999999997	184.99851989746094
3.158	192.6320037841797
3.1639999999999997	177.66754150390625
3.17	0.0
3.175	0.0
3.181	0.0
3.187	0.0
3.193	0.0
3.199	0.0
3.2039999999999997	0.0
3.21	0.0
3.216	0.0
3.222	0.0
3.228	0.0
3.233	0.0
3.239	0.0
3.245	0.0
3.2510000000000003	0.0
3.2569999999999997	0.0
3.262	0.0
3.2680000000000002	0.0
3.2739999999999996	0.0
3.28	0.0
3.286	0.0
3.2910000000000004	0.0
3.2969999999999997	0.0
3.303	0.0
3.3089999999999997	0.0
3.315	0.0
3.32	0.0
3.326	0.0
3.332	0.0
3.338	0.0
3.344	0.0
3.3489999999999998	0.0
3.355	0.0
3.361	0.0
3.367	0.0
3.373	0.0
3.3789999999999996	0.0
3.384	0.0
3.39	0.0
3.3960000000000004	0.0
3.4019999999999997	0.0
3.408	0.0
3.4130000000000003	0.0
3.4189999999999996	0.0
3.425	0.0
3.431	0.0
3.437	0.0
3.4419999999999997	0.0
3.448	0.0
3.4539999999999997	0.0
3.46	0.0
3.466	0.0
3.471	0.0
3.477	0.0
3.483	0.0
3.489	0.0
3.495	0.0
3.5	0.0
3.5060000000000002	0.0
3.512	0.0
3.5180000000000002	0.0
3.5239999999999996	0.0
3.529	0.0
3.535	0.0
3.5410000000000004	0.0
3.5469999999999997	0.0
3.553	0.0
3.5580000000000003	0.0
3.5639999999999996	0.0
3.57	0.0
3.576	0.0
3.582	0.0
3.5869999999999997	0.0
3.593	320.24700927734375
3.5989999999999998	347.2205810546875
3.605	345.220703125
3.611	345.220703125
3.617	349.2320251464844
3.622	347.2205810546875
3.628	347.2205810546875
3.634	343.2323913574219
3.64	347.2205810546875
3.6460000000000004	351.2550964355469
3.6510000000000002	339.2900085449219
3.657	355.3365173339844
3.6630000000000003	345.220703125
3.6689999999999996	343.2323913574219
3.675	339.2900085449219
3.68	345.220703125
3.6860000000000004	337.3358154296875
3.6919999999999997	351.2550964355469
3.698	345.220703125
3.7039999999999997	345.220703125
3.7089999999999996	347.2205810546875
3.715	378.64691162109375
3.721	385.2655944824219
3.727	412.9176025390625
3.733	417.7154846191406
3.738	403.4864807128906
3.7439999999999998	420.13531494140625
3.75	417.7154846191406
3.7560000000000002	405.8238830566406
3.762	415.30963134765625
3.767	401.1625671386719
3.773	369.99853515625
3.779	385.2655944824219
3.785	383.0466003417969
3.7910000000000004	387.4974365234375
3.7960000000000003	403.4864807128906
3.802	412.9176025390625
3.8080000000000003	420.13531494140625
3.8139999999999996	415.30963134765625
3.82	417.7154846191406
3.825	408.1748046875
3.8310000000000004	425.01708984375
3.8369999999999997	420.13531494140625
3.843	410.5393371582031
3.8489999999999998	417.7154846191406
3.855	410.5393371582031
3.86	429.95556640625
3.866	417.7154846191406
3.872	415.30963134765625
3.878	445.1180114746094
3.884	425.01708984375
3.889	410.5393371582031
3.895	417.7154846191406
3.9010000000000002	415.30963134765625
3.907	417.7154846191406
3.9130000000000003	176.6442413330078
3.918	169.64431762695312
3.924	158.28366088867188
3.93	155.564453125
3.9360000000000004	151.13580322265625
3.9419999999999997	146.83323669433594
3.947	146.83323669433594
3.9530000000000003	150.26531982421875
3.9589999999999996	150.26531982421875
3.965	155.564453125
3.971	160.1228485107422
3.9760000000000004	159.2006072998047
3.9819999999999998	160.1228485107422
3.988	277.1852722167969
3.9939999999999998	291.9762268066406
4.0	312.9324951171875
4.005	312.9324951171875
4.011	309.3381652832031
4.0169999999999995	312.9324951171875
4.023	307.5564880371094
4.029	335.3929138183594
4.034	343.2323913574219
4.04	353.2899475097656
4.046	353.2899475097656
4.052	335.3929138183594
4.058	335.3929138183594
4.063	341.2555236816406
4.069	361.5477294921875
4.075	363.64215087890625
4.081	337.3358154296875
4.087	333.4611511230469
4.093	345.220703125
4.098	349.2320251464844
4.104	331.5405578613281
4.11	325.8448486328125
4.1160000000000005	331.5405578613281
4.122	327.73248291015625
4.127	311.1301574707031
4.133	320.24700927734375
4.138999999999999	305.7850646972656
4.145	331.5405578613281
4.151	314.74530029296875
4.156000000000001	0.0
4.162	0.0
4.168	0.0
4.1739999999999995	323.9681091308594
4.18	311.1301574707031
4.185	316.5686340332031
4.191	311.1301574707031
4.197	312.9324951171875
4.203	309.3381652832031
4.209	309.3381652832031
4.2139999999999995	304.0238952636719
4.22	312.9324951171875
4.226	305.7850646972656
4.232	329.6310119628906
4.238	333.4611511230469
4.243	320.24700927734375
4.249	295.36883544921875
4.255	305.7850646972656
4.261	302.2728271484375
4.2669999999999995	323.9681091308594
4.272	318.4024963378906
4.2780000000000005	305.7850646972656
4.284	309.3381652832031
4.29	323.9681091308594
4.296	307.5564880371094
4.301	305.7850646972656
4.3069999999999995	314.74530029296875
4.313	307.5564880371094
4.319	304.0238952636719
4.325	318.4024963378906
4.331	329.6310119628906
4.336	318.4024963378906
4.342	333.4611511230469
4.348	363.64215087890625
4.354	365.74871826171875
4.36	349.2320251464844
4.365	353.2899475097656
4.371	347.2205810546875
4.377	359.4653625488281
4.383	335.3929138183594
4.388999999999999	329.6310119628906
4.394	311.1301574707031
4.4	312.9324951171875
4.406000000000001	329.6310119628906
4.412	305.7850646972656
4.418	314.74530029296875
4.423	307.5564880371094
4.428999999999999	314.74530029296875
4.435	311.1301574707031
4.441	309.3381652832031
4.447	314.74530029296875
4.452	311.1301574707031
4.458	323.9681091308594
4.4639999999999995	307.5564880371094
4.47	304.0238952636719
4.476	312.9324951171875
4.481	312.9324951171875
4.487	307.5564880371094
4.493	293.6676330566406
4.499	298.8009033203125
4.505	286.9602355957031
4.51	267.7432556152344
4.516	272.42333984375
4.522	274.0014953613281
4.5280000000000005	275.5887756347656
4.534	283.6641845703125
4.54	305.7850646972656
4.545	291.9762268066406
4.551	288.6225891113281
4.5569999999999995	304.0238952636719
4.563	322.1021728515625
4.569	305.7850646972656
4.574	312.9324951171875
4.58	311.1301574707031
4.586	295.36883544921875
4.592	293.6676330566406
4.598	293.6676330566406
4.603	297.0799255371094
4.609	302.2728271484375
4.615	305.7850646972656
4.621	300.5318298339844
4.627	304.0238952636719
4.632	302.2728271484375
4.638	305.7850646972656
4.644	309.3381652832031
4.65	305.7850646972656
4.656000000000001	311.1301574707031
4.6610000000000005	305.7850646972656
4.667	312.9324951171875
4.673	305.7850646972656
4.678999999999999	327.73248291015625
4.685	312.9324951171875
4.69	286.9602355957031
4.696000000000001	298.8009033203125
4.702	280.4060363769531
4.708	263.1435852050781
4.7139999999999995	275.5887756347656
4.718999999999999	263.1435852050781
4.725	266.201171875
4.731	282.0304260253906
4.737	272.42333984375
4.743	286.9602355957031
4.748	286.9602355957031
4.754	307.5564880371094
4.76	311.1301574707031
4.766	314.74530029296875
4.772	307.5564880371094
4.7780000000000005	318.4024963378906
4.783	327.73248291015625
4.789	201.742431640625
4.795	201.742431640625
4.801	192.6320037841797
4.8069999999999995	206.4579620361328
4.812	204.08657836914062
4.8180000000000005	199.42520141601562
4.824	191.52252197265625
4.83	191.52252197265625
4.836	187.1481170654297
4.841	190.41943359375
4.8469999999999995	192.6320037841797
4.853	191.52252197265625
4.859	192.6320037841797
4.865	192.6320037841797
4.87	192.6320037841797
4.876	193.7479248046875
4.882	194.87030029296875
4.888	192.6320037841797
4.894	197.1345977783203
4.899	197.1345977783203
4.905	195.99917602539062
4.9110000000000005	198.27658081054688
4.917	199.42520141601562
4.923	200.58045959472656
4.928	200.58045959472656
4.934	201.742431640625
4.94	204.08657836914062
4.946000000000001	202.91110229492188
4.952	204.08657836914062
4.957	204.08657836914062
4.963	204.08657836914062
4.968999999999999	202.91110229492188
4.975	202.91110229492188
4.981	205.2688446044922
4.986000000000001	205.2688446044922
4.992	204.08657836914062
4.998	205.2688446044922
5.004	206.4579620361328
5.01	206.4579620361328
5.016	202.91110229492188
5.021	207.65396118164062
5.027	211.28370666503906
5.033	208.8568878173828
5.039	197.1345977783203
5.045	309.3381652832031
5.05	318.4024963378906
5.056	309.3381652832031
5.062	283.6641845703125
5.0680000000000005	267.7432556152344
5.074	286.9602355957031
5.079	311.1301574707031
5.085	311.1301574707031
5.091	312.9324951171875
5.0969999999999995	307.5564880371094
5.103	316.5686340332031
5.1080000000000005	304.0238952636719
5.114	314.74530029296875
5.12	302.2728271484375
5.126	314.74530029296875
5.132000000000001	307.5564880371094
5.1370000000000005	318.4024963378906
5.143	311.1301574707031
5.149	302.2728271484375
5.155	307.5564880371094
5.1610000000000005	307.5564880371094
5.166	302.2728271484375
5.172000000000001	309.3381652832031
5.178	318.4024963378906
5.184	307.5564880371094
5.19	173.6095733642578
5.195	183.93299865722656
5.2010000000000005	184.99851989746094
5.207000000000001	176.6442413330078
5.212999999999999	181.82034301757812
5.218999999999999	175.62684631347656
5.224	170.62705993652344
5.23	175.62684631347656
5.236000000000001	207.65396118164062
5.242000000000001	206.4579620361328
5.247999999999999	207.65396118164062
5.254	210.06680297851562
5.2589999999999995	205.2688446044922
5.265	200.58045959472656
5.271	194.87030029296875
5.277	198.27658081054688
5.2829999999999995	200.58045959472656
5.287999999999999	198.27658081054688
5.294	199.42520141601562
5.3	197.1345977783203
5.306	198.27658081054688
5.312	194.87030029296875
5.317	192.6320037841797
5.3229999999999995	198.27658081054688
5.329	193.7479248046875
5.335	188.23226928710938
5.341	199.42520141601562
5.346	199.42520141601562
5.352	193.7479248046875
5.358	195.99917602539062
5.364	198.27658081054688
5.37	195.99917602539062
5.375	193.7479248046875
5.381	197.1345977783203
5.3870000000000005	197.1345977783203
5.393	198.27658081054688
5.399	195.99917602539062
5.404	198.27658081054688
5.41	199.42520141601562
5.416	193.7479248046875
5.422000000000001	193.7479248046875
5.428	198.27658081054688
5.433	197.1345977783203
5.439	193.7479248046875
5.445	198.27658081054688
5.4510000000000005	159.2006072998047
5.457000000000001	164.81484985351562
5.462000000000001	160.1228485107422
5.468	160.1228485107422
5.474	172.60964965820312
5.48	167.69577026367188
5.486000000000001	166.72988891601562
5.492000000000001	166.72988891601562
5.497000000000001	161.9833984375
5.502999999999999	176.6442413330078
5.5089999999999995	298.8009033203125
5.515	291.9762268066406
5.521	291.9762268066406
5.526	311.1301574707031
5.532	320.24700927734375
5.537999999999999	333.4611511230469
5.544	335.3929138183594
5.55	316.5686340332031
5.555	290.2945861816406
5.561	0.0
5.567	199.42520141601562
5.5729999999999995	193.7479248046875
5.579	197.1345977783203
5.584	195.99917602539062
5.59	198.27658081054688
5.596	197.1345977783203
5.602	195.99917602539062
5.608	198.27658081054688
5.6129999999999995	195.99917602539062
5.619	197.1345977783203
5.625	195.99917602539062
5.631	194.87030029296875
5.6370000000000005	195.99917602539062
5.642	197.1345977783203
5.648	198.27658081054688
5.654	192.6320037841797
5.66	194.87030029296875
5.666	199.42520141601562
5.671	197.1345977783203
5.6770000000000005	195.99917602539062
5.683	197.1345977783203
5.689	197.1345977783203
5.695	198.27658081054688
5.7	197.1345977783203
5.706	195.99917602539062
5.712000000000001	195.99917602539062
5.718	199.42520141601562
5.724	199.42520141601562
5.73	197.1345977783203
5.735	197.1345977783203
5.7410000000000005	198.27658081054688
5.747000000000001	195.99917602539062
5.752999999999999	193.7479248046875
5.7589999999999995	194.87030029296875
5.763999999999999	194.87030029296875
5.77	197.1345977783203
5.776	194.87030029296875
5.782	197.1345977783203
5.787999999999999	195.99917602539062
5.792999999999999	198.27658081054688
5.7989999999999995	195.99917602539062
5.805	195.99917602539062
5.811	195.99917602539062
5.817	195.99917602539062
5.822	194.87030029296875
5.827999999999999	194.87030029296875
5.834	195.99917602539062
5.84	195.99917602539062
5.846	200.58045959472656
5.851	199.42520141601562
5.857	195.99917602539062
5.8629999999999995	199.42520141601562
5.869	197.1345977783203
5.875	199.42520141601562
5.88	201.742431640625
5.886	195.99917602539062
5.892	199.42520141601562
5.898	195.99917602539062
5.904	199.42520141601562
5.909	197.1345977783203
5.915	201.742431640625
5.921	194.87030029296875
5.9270000000000005	200.58045959472656
5.933	197.1345977783203
5.939	198.27658081054688
5.944	197.1345977783203
5.95	197.1345977783203
5.956	199.42520141601562
5.962000000000001	199.42520141601562
5.968	192.6320037841797
5.973	199.42520141601562
5.979	195.99917602539062
5.985	198.27658081054688
5.9910000000000005	198.27658081054688
5.997000000000001	195.99917602539062
6.002000000000001	197.1345977783203
6.007999999999999	199.42520141601562
6.013999999999999	195.99917602539062
6.02	200.58045959472656
6.026	192.6320037841797
6.031000000000001	192.6320037841797
6.037000000000001	198.27658081054688
6.042999999999999	198.27658081054688
6.0489999999999995	208.8568878173828
6.055	194.87030029296875
6.06	198.27658081054688
6.066	198.27658081054688
6.072	195.99917602539062
6.077999999999999	194.87030029296875
6.084	195.99917602539062
6.0889999999999995	195.99917602539062
6.095	198.27658081054688
6.101	195.99917602539062
6.107	195.99917602539062
6.1129999999999995	197.1345977783203
6.117999999999999	195.99917602539062
6.124	195.99917602539062
6.13	194.87030029296875
6.136	194.87030029296875
6.142	194.87030029296875
6.147	193.7479248046875
6.153	195.99917602539062
6.159	197.1345977783203
6.165	199.42520141601562
6.171	199.42520141601562
6.1770000000000005	194.87030029296875
6.182	195.99917602539062
6.188	195.99917602539062
6.194	198.27658081054688
6.2	194.87030029296875
6.206	197.1345977783203
6.211	198.27658081054688
6.2170000000000005	195.99917602539062
6.223	193.7479248046875
6.229	198.27658081054688
6.235	199.42520141601562
6.24	195.99917602539062
6.246	197.1345977783203
6.252000000000001	198.27658081054688
6.257999999999999	197.1345977783203
6.263999999999999	198.27658081054688
6.269	197.1345977783203
6.275	197.1345977783203
6.281000000000001	194.87030029296875
6.287000000000001	195.99917602539062
6.292999999999999	199.42520141601562
6.297999999999999	195.99917602539062
6.303999999999999	198.27658081054688
6.31	195.99917602539062
6.316	192.6320037841797
6.322	194.87030029296875
6.327000000000001	197.1345977783203
6.332999999999999	197.1345977783203
6.3389999999999995	193.7479248046875
6.345	195.99917602539062
6.351	195.99917602539062
6.356	195.99917602539062
6.362	179.73194885253906
6.367999999999999	195.99917602539062
6.374	198.27658081054688
6.38	200.58045959472656
6.385	193.7479248046875
6.391	193.7479248046875
6.397	199.42520141601562
6.403	197.1345977783203
6.409	193.7479248046875
6.415	197.1345977783203
6.42	198.27658081054688
6.426	197.1345977783203
6.432	197.1345977783203
6.438	198.27658081054688
6.444	197.1345977783203
6.449	194.87030029296875
6.455	199.42520141601562
6.461	195.99917602539062
6.4670000000000005	199.42520141601562
6.473	198.27658081054688
6.478	195.99917602539062
6.484	193.7479248046875
6.49	197.1345977783203
6.496	197.1345977783203
6.502000000000001	199.42520141601562
6.507000000000001	193.7479248046875
6.513	198.27658081054688
6.519	199.42520141601562
6.525	198.27658081054688
6.531000000000001	201.742431640625
6.5360000000000005	199.42520141601562
6.542000000000001	200.58045959472656
6.547999999999999	198.27658081054688
6.553999999999999	199.42520141601562
6.56	194.87030029296875
6.565	197.1345977783203
6.571000000000001	200.58045959472656
6.577000000000001	197.1345977783203
6.582999999999999	195.99917602539062
6.5889999999999995	194.87030029296875
6.593999999999999	194.87030029296875
6.6	193.7479248046875
6.606	191.52252197265625
6.612	191.52252197265625
6.617999999999999	189.32269287109375
6.622999999999999	187.1481170654297
6.629	183.93299865722656
6.635	180.77313232421875
6.641	177.66754150390625
6.647	175.62684631347656
6.653	175.62684631347656
6.6579999999999995	168.66722106933594
6.664	169.64431762695312
6.67	170.62705993652344
6.676	169.64431762695312
6.682	164.81484985351562
6.687	178.69676208496094
6.693	170.62705993652344
6.699	164.81484985351562
6.705	169.64431762695312
6.711	173.6095733642578
6.716	171.61549377441406
6.722	169.64431762695312
6.728	165.7696075439453
6.734	165.7696075439453
6.74	177.66754150390625
6.745	173.6095733642578
6.751	173.6095733642578
6.757000000000001	177.66754150390625
6.763	171.61549377441406
6.769	161.05043029785156
6.774	161.9833984375
6.78	161.05043029785156
6.7860000000000005	156.4656219482422
6.792000000000001	168.66722106933594
6.797999999999999	167.69577026367188
6.803	163.86557006835938
6.809	166.72988891601562
6.815	160.1228485107422
6.821000000000001	162.92176818847656
6.827000000000001	169.64431762695312
6.832000000000001	0.0
6.837999999999999	0.0
6.843999999999999	0.0
6.85	0.0
6.856	0.0
6.861000000000001	0.0
6.867000000000001	177.66754150390625
6.872999999999999	170.62705993652344
6.879	175.62684631347656
6.885	170.62705993652344
6.891	164.81484985351562
6.896	170.62705993652344
6.902	170.62705993652344
6.9079999999999995	170.62705993652344
6.914	174.6153106689453
6.92	172.60964965820312
6.925	172.60964965820312
6.931	172.60964965820312
6.937	182.87362670898438
6.943	177.66754150390625
6.949	173.6095733642578
6.954	173.6095733642578
6.96	170.62705993652344
6.966	168.66722106933594
6.972	170.62705993652344
6.978	174.6153106689453
6.983	169.64431762695312
6.989	165.7696075439453
6.995	175.62684631347656
7.001	180.77313232421875
7.007000000000001	172.60964965820312
7.0120000000000005	170.62705993652344
7.018	177.66754150390625
7.024	170.62705993652344
7.03	170.62705993652344
7.0360000000000005	170.62705993652344
7.041	172.60964965820312
7.047000000000001	169.64431762695312
7.053	168.66722106933594
7.059	169.64431762695312
7.065	177.66754150390625
7.07	174.6153106689453
7.0760000000000005	174.6153106689453
7.082000000000001	181.82034301757812
7.087999999999999	169.64431762695312
7.093999999999999	172.60964965820312
7.1	176.6442413330078
7.105	173.6095733642578
7.111000000000001	177.66754150390625
7.117000000000001	172.60964965820312
7.122999999999999	171.61549377441406
7.129	179.73194885253906
7.1339999999999995	173.6095733642578
7.14	175.62684631347656
7.146	180.77313232421875
7.152	176.6442413330078
7.1579999999999995	172.60964965820312
7.162999999999999	177.66754150390625
7.169	174.6153106689453
7.175	174.6153106689453
7.181	176.6442413330078
7.187	173.6095733642578
7.192	161.9833984375
7.1979999999999995	171.61549377441406
7.204	169.64431762695312
7.21	173.6095733642578
7.216	177.66754150390625
7.221	175.62684631347656
7.227	169.64431762695312
7.233	177.66754150390625
7.239	192.6320037841797
7.245	149.39984130859375
7.25	148.5393524169922
7.256	147.683837890625
7.2620000000000005	0.0
7.268	0.0
7.274	0.0
7.279	0.0
7.285	0.0
7.291	128.56613159179688
7.297000000000001	150.26531982421875
7.303	161.9833984375
7.308	161.05043029785156
7.314	152.8919219970703
7.32	157.3720245361328
7.3260000000000005	154.66844177246094
7.332000000000001	152.01132202148438
7.337999999999999	160.1228485107422
7.343	172.60964965820312
7.349	171.61549377441406
7.355	175.62684631347656
7.361000000000001	177.66754150390625
7.367000000000001	183.93299865722656
7.372000000000001	178.69676208496094
7.377999999999999	170.62705993652344
7.3839999999999995	173.6095733642578
7.39	176.6442413330078
7.396	181.82034301757812
7.401	172.60964965820312
7.407	177.66754150390625
7.412999999999999	173.6095733642578
7.419	170.62705993652344
7.425	175.62684631347656
7.43	172.60964965820312
7.436	174.6153106689453
7.442	190.41943359375
7.4479999999999995	205.2688446044922
7.454	208.8568878173828
7.459	214.97691345214844
7.465	201.742431640625
7.471	212.50767517089844
7.477	212.50767517089844
7.483	229.07958984375
7.4879999999999995	233.0838623046875
7.494	237.15809631347656
7.5	226.44837951660156
7.506	221.27626037597656
7.5120000000000005	217.47483825683594
7.517	225.14410400390625
7.523	217.47483825683594
7.529	220.0017852783203
7.535	235.79217529296875
7.541	216.22227478027344
7.546	218.7346649169922
7.5520000000000005	223.8473663330078
7.558	218.7346649169922
7.564	216.22227478027344
7.57	221.27626037597656
7.5760000000000005	212.50767517089844
7.581	204.08657836914062
7.587000000000001	201.742431640625
7.593	184.99851989746094
7.599	182.87362670898438
7.605	172.60964965820312
7.61	175.62684631347656
7.6160000000000005	181.82034301757812
7.622000000000001	180.77313232421875
7.627999999999999	197.1345977783203
7.6339999999999995	184.99851989746094
7.638999999999999	201.742431640625
7.645	194.87030029296875
7.651	202.91110229492188
7.657	188.23226928710938
7.662999999999999	182.87362670898438
7.667999999999999	190.41943359375
7.6739999999999995	183.93299865722656
7.68	177.66754150390625
7.686	163.86557006835938
7.692	168.66722106933594
7.697	164.81484985351562
7.702999999999999	163.86557006835938
7.709	161.9833984375
7.715	153.77761840820312
7.721	155.564453125
7.726	161.05043029785156
7.732	156.4656219482422
7.7379999999999995	150.26531982421875
7.744	147.683837890625
7.75	149.39984130859375
7.755	151.13580322265625
7.761	154.66844177246094
7.767	156.4656219482422
7.773	163.86557006835938
7.779	156.4656219482422
7.784	159.2006072998047
7.79	150.26531982421875
7.796	154.66844177246094
7.8020000000000005	154.66844177246094
7.808	152.01132202148438
7.814	163.86557006835938
7.819	156.4656219482422
7.825	160.1228485107422
7.831	165.7696075439453
7.837000000000001	155.564453125
7.843	267.7432556152344
7.848	277.1852722167969
7.854	272.42333984375
7.86	280.4060363769531
7.8660000000000005	272.42333984375
7.872000000000001	286.9602355957031
7.877000000000001	278.7909851074219
7.882999999999999	280.4060363769531
7.888999999999999	274.0014953613281
7.895	270.8542785644531
7.901	278.7909851074219
7.906000000000001	275.5887756347656
7.912000000000001	252.71588134765625
7.917999999999999	251.26034545898438
7.9239999999999995	267.7432556152344
7.93	282.0304260253906
7.935	304.0238952636719
7.941	251.26034545898438
7.947	267.7432556152344
7.952999999999999	269.2942810058594
7.959	275.5887756347656
7.9639999999999995	270.8542785644531
7.97	257.1333312988281
7.976	266.201171875
7.982	245.5215301513672
7.9879999999999995	225.14410400390625
7.992999999999999	214.97691345214844
7.999	207.65396118164062
8.005	200.58045959472656
8.011000000000001	201.742431640625
8.017000000000001	198.27658081054688
8.022	210.06680297851562
8.027999999999999	210.06680297851562
8.033999999999999	254.17987060546875
8.04	263.1435852050781
8.046	277.1852722167969
8.052	278.7909851074219
8.057	278.7909851074219
8.062999999999999	275.5887756347656
8.068999999999999	270.8542785644531
8.075	278.7909851074219
8.081	275.5887756347656
8.086	282.0304260253906
8.092	291.9762268066406
8.097999999999999	270.8542785644531
8.104	293.6676330566406
8.11	275.5887756347656
8.115	278.7909851074219
8.121	277.1852722167969
8.127	261.6279602050781
8.133	275.5887756347656
8.139	277.1852722167969
8.144	267.7432556152344
8.15	269.2942810058594
8.156	275.5887756347656
8.162	274.0014953613281
8.168	274.0014953613281
8.173	283.6641845703125
8.179	282.0304260253906
8.185	0.0
8.191	193.7479248046875
8.197000000000001	197.1345977783203
8.202	198.27658081054688
8.208	200.58045959472656
8.214	200.58045959472656
8.22	200.58045959472656
8.226	204.08657836914062
8.231	200.58045959472656
8.237	201.742431640625
8.243	202.91110229492188
8.249	202.91110229492188
8.255	204.08657836914062
8.26	206.4579620361328
8.266	206.4579620361328
8.272	208.8568878173828
8.277999999999999	208.8568878173828
8.283999999999999	210.06680297851562
8.29	211.28370666503906
8.295	211.28370666503906
8.301	207.65396118164062
8.307	210.06680297851562
8.312999999999999	206.4579620361328
8.318999999999999	200.58045959472656
8.324	208.8568878173828
8.33	217.47483825683594
8.336	218.7346649169922
8.342	221.27626037597656
8.347999999999999	216.22227478027344
8.353	220.0017852783203
8.359	238.53195190429688
8.365	242.70144653320312
8.371	235.79217529296875
8.377	235.79217529296875
8.382	218.7346649169922
8.388	220.0017852783203
8.394	230.40664672851562
8.4	235.79217529296875
8.406	239.9137725830078
8.411	220.0017852783203
8.417	216.22227478027344
8.423	229.07958984375
8.429	226.44837951660156
8.435	238.53195190429688
8.44	248.37437438964844
8.446	238.53195190429688
8.452	238.53195190429688
8.458	239.9137725830078
8.464	234.43411254882812
8.469	229.07958984375
8.475	248.37437438964844
8.481	266.201171875
8.487	266.201171875
8.493	270.8542785644531
8.499	258.6228942871094
8.504	149.39984130859375
8.51	137.79383850097656
8.516	140.2024383544922
8.522	140.2024383544922
8.527999999999999	145.98751831054688
8.533	206.4579620361328
8.539	202.91110229492188
8.545	204.08657836914062
8.551	208.8568878173828
8.557	212.50767517089844
8.562000000000001	200.58045959472656
8.568	218.7346649169922
8.574	205.2688446044922
8.58	210.06680297851562
8.586	204.08657836914062
8.591000000000001	204.08657836914062
8.597000000000001	207.65396118164062
8.603	200.58045959472656
8.609	211.28370666503906
8.615	194.87030029296875
8.62	198.27658081054688
8.626	210.06680297851562
8.632	208.8568878173828
8.638	211.28370666503906
8.644	205.2688446044922
8.649	207.65396118164062
8.655	226.44837951660156
8.661	211.28370666503906
8.667	134.64659118652344
8.673	136.21112060546875
8.677999999999999	0.0
8.684	220.0017852783203
8.69	211.28370666503906
8.696	213.7387237548828
8.702	213.7387237548828
8.707	211.28370666503906
8.713	211.28370666503906
8.719	208.8568878173828
8.725	212.50767517089844
8.731	213.7387237548828
8.737	214.97691345214844
8.742	210.06680297851562
8.748	208.8568878173828
8.754	208.8568878173828
8.76	207.65396118164062
8.766	210.06680297851562
8.771	210.06680297851562
8.777000000000001	211.28370666503906
8.783	217.47483825683594
8.789	0.0
8.795	0.0
8.8	0.0
8.806000000000001	0.0
8.812000000000001	218.7346649169922
8.818	211.28370666503906
8.824	200.58045959472656
8.829	206.4579620361328
8.835	206.4579620361328
8.841000000000001	212.50767517089844
8.847000000000001	208.8568878173828
8.853	206.4579620361328
8.857999999999999	207.65396118164062
8.863999999999999	201.742431640625
8.87	218.7346649169922
8.876	207.65396118164062
8.882	202.91110229492188
8.887	200.58045959472656
8.892999999999999	201.742431640625
8.899	198.27658081054688
8.905	199.42520141601562
8.911	195.99917602539062
8.916	194.87030029296875
8.922	199.42520141601562
8.927999999999999	195.99917602539062
8.934	193.7479248046875
8.94	198.27658081054688
8.945	194.87030029296875
8.951	199.42520141601562
8.957	193.7479248046875
8.963	199.42520141601562
8.969	200.58045959472656
8.975	197.1345977783203
8.98	198.27658081054688
8.986	197.1345977783203
8.992	197.1345977783203
8.998	198.27658081054688
9.004	195.99917602539062
9.009	199.42520141601562
9.015	193.7479248046875
9.021	193.7479248046875
9.027000000000001	198.27658081054688
9.033	195.99917602539062
9.038	192.6320037841797
9.044	194.87030029296875
9.05	195.99917602539062
9.056000000000001	194.87030029296875
9.062000000000001	192.6320037841797
9.067	194.87030029296875
9.073	195.99917602539062
9.079	194.87030029296875
9.085	198.27658081054688
9.091000000000001	197.1345977783203
9.096	195.99917602539062
9.102	197.1345977783203
9.107999999999999	193.7479248046875
9.113999999999999	193.7479248046875
9.12	200.58045959472656
9.125	194.87030029296875
9.131	192.6320037841797
9.137	197.1345977783203
9.142999999999999	194.87030029296875
9.149	190.41943359375
9.154	195.99917602539062
9.16	193.7479248046875
9.166	194.87030029296875
9.172	191.52252197265625
9.177999999999999	195.99917602539062
9.183	195.99917602539062
9.189	193.7479248046875
9.195	195.99917602539062
9.201	193.7479248046875
9.207	195.99917602539062
9.213	194.87030029296875
9.218	190.41943359375
9.224	190.41943359375
9.23	193.7479248046875
9.236	193.7479248046875
9.242	195.99917602539062
9.247	190.41943359375
9.253	194.87030029296875
9.259	194.87030029296875
9.265	188.23226928710938
9.271	191.52252197265625
9.276	194.87030029296875
9.282	192.6320037841797
9.288	193.7479248046875
9.294	197.1345977783203
9.3	193.7479248046875
9.305	192.6320037841797
9.311	201.742431640625
9.317	192.6320037841797
9.323	191.52252197265625
9.329	193.7479248046875
9.334	194.87030029296875
9.34	194.87030029296875
9.346	195.99917602539062
9.352	191.52252197265625
9.357999999999999	195.99917602539062
9.363	192.6320037841797
9.369	193.7479248046875
9.375	198.27658081054688
9.381	192.6320037841797
9.387	195.99917602539062
9.392000000000001	195.99917602539062
9.398	193.7479248046875
9.404	194.87030029296875
9.41	199.42520141601562
9.416	195.99917602539062
9.421	192.6320037841797
9.427	200.58045959472656
9.433	193.7479248046875
9.439	189.32269287109375
9.445	200.58045959472656
9.451	195.99917602539062
9.456	195.99917602539062
9.462	197.1345977783203
9.468	199.42520141601562
9.474	199.42520141601562
9.48	197.1345977783203
9.485	195.99917602539062
9.491	198.27658081054688
9.497	197.1345977783203
9.503	195.99917602539062
9.509	195.99917602539062
9.514	194.87030029296875
9.52	199.42520141601562
9.526	188.23226928710938
9.532	182.87362670898438
9.538	195.99917602539062
9.543	194.87030029296875
9.549	194.87030029296875
9.555	197.1345977783203
9.561	195.99917602539062
9.567	192.6320037841797
9.572000000000001	195.99917602539062
9.578	197.1345977783203
9.584	190.41943359375
9.59	194.87030029296875
9.596	195.99917602539062
9.601	194.87030029296875
9.607000000000001	192.6320037841797
9.613	200.58045959472656
9.619	195.99917602539062
9.625	193.7479248046875
9.63	198.27658081054688
9.636000000000001	193.7479248046875
9.642000000000001	200.58045959472656
9.648	193.7479248046875
9.654	190.41943359375
9.66	204.08657836914062
9.665	194.87030029296875
9.671	187.1481170654297
9.677	188.23226928710938
9.683	200.58045959472656
9.689	205.2688446044922
9.693999999999999	211.28370666503906
9.7	205.2688446044922
9.706	223.8473663330078
9.712	213.7387237548828
9.718	207.65396118164062
9.722999999999999	205.2688446044922
9.729	198.27658081054688
9.735	189.32269287109375
9.741	186.07022094726562
9.747	200.58045959472656
9.752	202.91110229492188
9.758	199.42520141601562
9.764	217.47483825683594
9.77	216.22227478027344
9.776	201.742431640625
9.781	198.27658081054688
9.787	212.50767517089844
9.793	208.8568878173828
9.799	210.06680297851562
9.805	194.87030029296875
9.81	190.41943359375
9.816	197.1345977783203
9.822000000000001	193.7479248046875
9.828	210.06680297851562
9.834	202.91110229492188
9.839	200.58045959472656
9.845	214.97691345214844
9.851	264.6679382324219
9.857000000000001	257.1333312988281
9.863	274.0014953613281
9.868	257.1333312988281
9.874	260.1210632324219
9.88	255.65234375
9.886000000000001	272.42333984375
9.892000000000001	280.4060363769531
9.898	0.0
9.902999999999999	0.0
9.908999999999999	0.0
9.915	0.0
9.921	0.0
9.927	0.0
9.932	0.0
9.937999999999999	0.0
9.943999999999999	0.0
9.95	0.0
9.956	0.0
9.961	0.0
9.967	0.0
9.972999999999999	0.0
9.979	0.0
9.985	0.0
9.99	0.0
9.996	0.0
10.002	0.0
10.008	0.0
10.014	0.0
10.019	0.0
10.025	0.0
10.031	0.0
10.037	0.0
10.043	0.0
10.048	325.8448486328125
10.054	312.9324951171875
10.06	312.9324951171875
10.066	192.6320037841797
10.072000000000001	201.742431640625
10.077	186.07022094726562
10.083	194.87030029296875
10.089	195.99917602539062
10.095	188.23226928710938
10.101	201.742431640625
10.106	212.50767517089844
10.112	210.06680297851562
10.118	214.97691345214844
10.124	231.7413787841797
10.13	233.0838623046875
10.136000000000001	237.15809631347656
10.141	221.27626037597656
10.147	216.22227478027344
10.152999999999999	221.27626037597656
10.158999999999999	213.7387237548828
10.165	222.55809020996094
10.17	222.55809020996094
10.176	214.97691345214844
10.182	204.08657836914062
10.187999999999999	220.0017852783203
10.193999999999999	207.65396118164062
10.199	201.742431640625
10.205	200.58045959472656
10.211	206.4579620361328
10.217	198.27658081054688
10.222999999999999	213.7387237548828
10.228	200.58045959472656
10.234	198.27658081054688
10.24	193.7479248046875
10.245999999999999	189.32269287109375
10.252	192.6320037841797
10.257	190.41943359375
10.263	205.2688446044922
10.269	213.7387237548828
10.275	212.50767517089844
10.280999999999999	221.27626037597656
10.286	216.22227478027344
10.292	207.65396118164062
10.298	197.1345977783203
10.304	199.42520141601562
10.31	197.1345977783203
10.315	206.4579620361328
10.321	201.742431640625
10.327	208.8568878173828
10.333	208.8568878173828
10.339	227.7601776123047
10.344000000000001	234.43411254882812
10.35	235.79217529296875
10.356	230.40664672851562
10.362	231.7413787841797
10.368	229.07958984375
10.374	245.5215301513672
10.379000000000001	258.6228942871094
10.385	238.53195190429688
10.390999999999998	230.40664672851562
10.397	237.15809631347656
10.402999999999999	229.07958984375
10.408	233.0838623046875
10.414000000000001	227.7601776123047
10.42	218.7346649169922
10.425999999999998	227.7601776123047
10.432	214.97691345214844
10.437000000000001	206.4579620361328
10.443	212.50767517089844
10.449000000000002	210.06680297851562
10.455	217.47483825683594
10.460999999999999	210.06680297851562
10.466	220.0017852783203
10.472000000000001	226.44837951660156
10.478	238.53195190429688
10.484000000000002	260.1210632324219
10.49	242.70144653320312
10.495	241.30357360839844
10.501	225.14410400390625
10.507	234.43411254882812
10.513	220.0017852783203
10.519	0.0
10.524000000000001	0.0
10.53	0.0
10.536	0.0
10.542	0.0
10.548	0.0
10.552999999999999	0.0
10.559000000000001	0.0
10.565	0.0
10.571	0.0
10.577	210.06680297851562
10.582	207.65396118164062
10.588	218.7346649169922
10.594000000000001	220.0017852783203
10.6	220.0017852783203
10.606	213.7387237548828
10.612	221.27626037597656
10.617	211.28370666503906
10.623	208.8568878173828
10.629000000000001	227.7601776123047
10.635	237.15809631347656
10.640999999999998	241.30357360839844
10.645999999999999	255.65234375
10.652000000000001	260.1210632324219
10.658	258.6228942871094
10.664000000000001	261.6279602050781
10.67	267.7432556152344
10.675	280.4060363769531
10.681	285.3074645996094
10.687000000000001	302.2728271484375
10.693	293.6676330566406
10.699000000000002	291.9762268066406
10.704	283.6641845703125
10.71	282.0304260253906
10.716	275.5887756347656
10.722000000000001	278.7909851074219
10.728	270.8542785644531
10.732999999999999	263.1435852050781
10.739	251.26034545898438
10.745	258.6228942871094
10.751	254.17987060546875
10.757	258.6228942871094
10.762	263.1435852050781
10.767999999999999	260.1210632324219
10.774000000000001	252.71588134765625
10.78	233.0838623046875
10.786	234.43411254882812
10.790999999999999	235.79217529296875
10.797	245.5215301513672
10.802999999999999	237.15809631347656
10.809000000000001	237.15809631347656
10.815	234.43411254882812
10.82	239.9137725830078
10.825999999999999	229.07958984375
10.832	235.79217529296875
10.838	241.30357360839844
10.844000000000001	238.53195190429688
10.85	222.55809020996094
10.855	226.44837951660156
10.860999999999999	233.0838623046875
10.867	233.0838623046875
10.873	226.44837951660156
10.879000000000001	213.7387237548828
10.884	211.28370666503906
10.89	207.65396118164062
10.895999999999999	206.4579620361328
10.902000000000001	205.2688446044922
10.908	199.42520141601562
10.913	202.91110229492188
10.919	205.2688446044922
10.925	201.742431640625
10.931	202.91110229492188
10.937000000000001	195.99917602539062
10.942	195.99917602539062
10.948	192.6320037841797
10.954	200.58045959472656
10.96	202.91110229492188
10.966	0.0
10.970999999999998	0.0
10.977	0.0
10.982999999999999	0.0
10.989	331.5405578613281
10.995	333.4611511230469
11.0	333.4611511230469
11.005999999999998	339.2900085449219
11.012	337.3358154296875
11.017999999999999	341.2555236816406
11.024000000000001	341.2555236816406
11.029000000000002	337.3358154296875
11.035	333.4611511230469
11.040999999999999	335.3929138183594
11.047	337.3358154296875
11.052999999999999	337.3358154296875
11.059000000000001	337.3358154296875
11.064	337.3358154296875
11.07	337.3358154296875
11.075999999999999	339.2900085449219
11.082	335.3929138183594
11.088	339.2900085449219
11.093	337.3358154296875
11.099	339.2900085449219
11.105	341.2555236816406
11.110999999999999	337.3358154296875
11.117	337.3358154296875
11.122	339.2900085449219
11.128	337.3358154296875
11.134	339.2900085449219
11.14	341.2555236816406
11.145999999999999	343.2323913574219
11.151	349.2320251464844
11.157	349.2320251464844
11.163	353.2899475097656
11.169	343.2323913574219
11.175	329.6310119628906
11.18	331.5405578613281
11.186	353.2899475097656
11.192	347.2205810546875
11.198	367.8675231933594
11.204	345.220703125
11.209000000000001	349.2320251464844
11.215	351.2550964355469
11.220999999999998	343.2323913574219
11.227	345.220703125
11.232999999999999	347.2205810546875
11.238	359.4653625488281
11.244000000000002	349.2320251464844
11.25	357.39495849609375
11.255999999999998	345.220703125
11.262	351.2550964355469
11.267000000000001	337.3358154296875
11.273	0.0
11.279000000000002	0.0
11.285	0.0
11.290999999999999	0.0
11.297	0.0
11.302	0.0
11.308	0.0
11.314	0.0
11.32	0.0
11.325999999999999	0.0
11.331	0.0
11.337	325.8448486328125
11.343	311.1301574707031
11.349	331.5405578613281
11.355	351.2550964355469
11.36	341.2555236816406
11.366	351.2550964355469
11.372	353.2899475097656
11.378	376.4660339355469
11.384	387.4974365234375
11.389000000000001	374.2977600097656
11.395	376.4660339355469
11.401	376.4660339355469
11.407	391.99993896484375
11.413	369.99853515625
11.418	357.39495849609375
11.424000000000001	389.7421875
11.43	374.2977600097656
11.436	343.2323913574219
11.442	363.64215087890625
11.447000000000001	343.2323913574219
11.453	355.3365173339844
11.459000000000001	335.3929138183594
11.465	353.2899475097656
11.470999999999998	376.4660339355469
11.475999999999999	376.4660339355469
11.482000000000001	380.84039306640625
11.488	387.4974365234375
11.494000000000002	385.2655944824219
11.5	372.1419372558594
11.505	351.2550964355469
11.511	351.2550964355469
11.517000000000001	341.2555236816406
11.523	325.8448486328125
11.529000000000002	339.2900085449219
11.535	329.6310119628906
11.54	337.3358154296875
11.546	333.4611511230469
11.552	337.3358154296875
11.558	333.4611511230469
11.564	335.3929138183594
11.569	357.39495849609375
11.575	333.4611511230469
11.581	353.2899475097656
11.587	331.5405578613281
11.593	333.4611511230469
11.597999999999999	349.2320251464844
11.604000000000001	355.3365173339844
11.61	351.2550964355469
11.616	353.2899475097656
11.622	335.3929138183594
11.627	339.2900085449219
11.633	355.3365173339844
11.639000000000001	343.2323913574219
11.645	367.8675231933594
11.651	372.1419372558594
11.655999999999999	380.84039306640625
11.662	383.0466003417969
11.668	385.2655944824219
11.674000000000001	387.4974365234375
11.68	394.27081298828125
11.685	391.99993896484375
11.690999999999999	376.4660339355469
11.697000000000001	405.8238830566406
11.703	398.8520202636719
11.709000000000001	398.8520202636719
11.714	367.8675231933594
11.72	378.64691162109375
11.725999999999999	394.27081298828125
11.732000000000001	401.1625671386719
11.738	383.0466003417969
11.743	372.1419372558594
11.749	391.99993896484375
11.755	391.99993896484375
11.761	394.27081298828125
11.767000000000001	391.99993896484375
11.773	376.4660339355469
11.777999999999999	389.7421875
11.784	385.2655944824219
11.79	391.99993896484375
11.796	367.8675231933594
11.802	355.3365173339844
11.807	329.6310119628906
11.812999999999999	331.5405578613281
11.819	329.6310119628906
11.825	347.2205810546875
11.831	367.8675231933594
11.835999999999999	357.39495849609375
11.842	389.7421875
11.847999999999999	391.99993896484375
11.854000000000001	389.7421875
11.86	391.99993896484375
11.865	394.27081298828125
11.870999999999999	389.7421875
11.877	374.2977600097656
11.883	365.74871826171875
11.889000000000001	359.4653625488281
11.894	331.5405578613281
11.9	341.2555236816406
11.905999999999999	363.64215087890625
11.912	357.39495849609375
11.918	367.8675231933594
11.923	577.2474975585938
11.929	587.3377075195312
11.935	587.3377075195312
11.940999999999999	587.3377075195312
11.947000000000001	557.584228515625
11.952	590.7401123046875
11.958	577.2474975585938
11.964	590.7401123046875
11.97	587.3377075195312
11.975999999999999	580.591552734375
11.981	597.6041870117188
11.987	583.954833984375
11.993	590.7401123046875
11.999	580.591552734375
12.005	590.7401123046875
12.011	583.954833984375
12.015999999999998	597.6041870117188
12.022	580.591552734375
12.027999999999999	590.7401123046875
12.034	597.6041870117188
12.04	564.0631103515625
12.045	601.066162109375
12.050999999999998	577.2474975585938
12.057	601.066162109375
12.062999999999999	583.954833984375
12.069	594.1622314453125
12.074000000000002	396.5548095703125
12.08	380.84039306640625
12.085999999999999	396.5548095703125
12.092	394.27081298828125
12.097999999999999	376.4660339355469
12.103	369.99853515625
12.109000000000002	401.1625671386719
12.115	398.8520202636719
12.120999999999999	374.2977600097656
12.127	359.4653625488281
12.132	335.3929138183594
12.138	329.6310119628906
12.144	327.73248291015625
12.15	325.8448486328125
12.155999999999999	343.2323913574219
12.161	331.5405578613281
12.167	345.220703125
12.173	353.2899475097656
12.179	0.0
12.185	0.0
12.19	0.0
12.196	0.0
12.202	331.5405578613281
12.208	357.39495849609375
12.214	347.2205810546875
12.22	355.3365173339844
12.225	359.4653625488281
12.231	333.4611511230469
12.237	331.5405578613281
12.243	349.2320251464844
12.249	361.5477294921875
12.254000000000001	380.84039306640625
12.26	383.0466003417969
12.265999999999998	389.7421875
12.272	365.74871826171875
12.277999999999999	398.8520202636719
12.283	391.99993896484375
12.289000000000001	383.0466003417969
12.295	412.9176025390625
12.300999999999998	391.99993896484375
12.307	401.1625671386719
12.312000000000001	391.99993896484375
12.318	359.4653625488281
12.324000000000002	357.39495849609375
12.33	327.73248291015625
12.335999999999999	337.3358154296875
12.341	367.8675231933594
12.347000000000001	387.4974365234375
12.353	0.0
12.359000000000002	0.0
12.365	351.2550964355469
12.37	335.3929138183594
12.376	329.6310119628906
12.382	363.64215087890625
12.388	385.2655944824219
12.394	396.5548095703125
12.399000000000001	389.7421875
12.405	396.5548095703125
12.411	385.2655944824219
12.417	391.99993896484375
12.423	412.9176025390625
12.427999999999999	405.8238830566406
12.434000000000001	415.30963134765625
12.44	415.30963134765625
12.446	420.13531494140625
12.452	417.7154846191406
12.458	398.8520202636719
12.463	401.1625671386719
12.469000000000001	376.4660339355469
12.475	387.4974365234375
12.481	372.1419372558594
12.487	365.74871826171875
12.492	394.27081298828125
12.498	380.84039306640625
12.504000000000001	367.8675231933594
12.51	361.5477294921875
12.515999999999998	376.4660339355469
12.520999999999999	363.64215087890625
12.527000000000001	339.2900085449219
12.533	318.4024963378906
12.539000000000001	0.0
12.545	0.0
12.55	0.0
12.556	0.0
12.562000000000001	0.0
12.568	0.0
12.574000000000002	0.0
12.579	0.0
12.585	0.0
12.591	0.0
12.597000000000001	0.0
12.603	0.0
12.607999999999999	0.0
12.614	0.0
12.62	0.0
12.626	0.0
12.632	0.0
12.637	0.0
12.642999999999999	0.0
12.649000000000001	0.0
12.655	0.0
12.661	0.0
12.665999999999999	0.0
12.672	415.30963134765625
12.677999999999999	380.84039306640625
12.684000000000001	394.27081298828125
12.69	403.4864807128906
12.696	387.4974365234375
12.700999999999999	403.4864807128906
12.707	369.99853515625
12.713	385.2655944824219
12.719000000000001	376.4660339355469
12.725	374.2977600097656
12.73	383.0466003417969
12.735999999999999	389.7421875
12.742	394.27081298828125
12.748	403.4864807128906
12.754000000000001	391.99993896484375
12.759	394.27081298828125
12.765	391.99993896484375
12.770999999999999	396.5548095703125
12.777000000000001	391.99993896484375
12.783	391.99993896484375
12.788	391.99993896484375
12.794	394.27081298828125
12.8	394.27081298828125
12.806	385.2655944824219
12.812000000000001	394.27081298828125
12.817	387.4974365234375
12.823	391.99993896484375
12.829	389.7421875
12.835	391.99993896484375
12.841	387.4974365234375
12.845999999999998	398.8520202636719
12.852	387.4974365234375
12.857999999999999	359.4653625488281
12.864	389.7421875
12.87	391.99993896484375
12.875	383.0466003417969
12.880999999999998	385.2655944824219
12.887	389.7421875
12.892999999999999	380.84039306640625
12.899000000000001	387.4974365234375
12.904000000000002	361.5477294921875
12.91	583.954833984375
12.915999999999999	604.548095703125
12.922	0.0
12.927999999999999	0.0
12.934000000000001	0.0
12.939	0.0
12.945	0.0
12.950999999999999	0.0
12.957	0.0
12.963	0.0
12.968	0.0
12.974	0.0
12.98	0.0
12.985999999999999	0.0
12.992	0.0
12.997	0.0
13.003	0.0
13.009	0.0
13.015	0.0
13.020999999999999	0.0
13.026	0.0
13.032	0.0
13.038	0.0
13.044	0.0
13.05	0.0
13.055	0.0
13.061	0.0
13.067	0.0
13.073	0.0
13.079	0.0
13.084000000000001	0.0
13.09	0.0
13.095999999999998	0.0
13.102	0.0
13.107999999999999	0.0
13.113	0.0
13.119000000000002	0.0
13.125	0.0
13.130999999999998	0.0
13.137	0.0
13.142000000000001	0.0
13.148	0.0
13.154000000000002	0.0
13.16	0.0
13.165999999999999	0.0
13.172	0.0
13.177	0.0
13.183	0.0
13.189	0.0
13.195	0.0
13.200999999999999	374.2977600097656
13.206	380.84039306640625
13.212	357.39495849609375
13.218	367.8675231933594
13.224	385.2655944824219
13.23	394.27081298828125
13.235	372.1419372558594
13.241	396.5548095703125
13.247	387.4974365234375
13.253	359.4653625488281
13.259	357.39495849609375
13.264000000000001	361.5477294921875
13.27	365.74871826171875
13.276	396.5548095703125
13.282	378.64691162109375
13.288	391.99993896484375
13.293	365.74871826171875
13.299000000000001	351.2550964355469
13.305	349.2320251464844
13.311	355.3365173339844
13.317	353.2899475097656
13.322000000000001	359.4653625488281
13.328	374.2977600097656
13.334000000000001	363.64215087890625
13.34	357.39495849609375
13.345999999999998	337.3358154296875
13.350999999999999	353.2899475097656
13.357000000000001	323.9681091308594
13.363	339.2900085449219
13.369000000000002	363.64215087890625
13.375	341.2555236816406
13.38	363.64215087890625
13.386	359.4653625488281
13.392000000000001	363.64215087890625
13.398	355.3365173339844
13.404000000000002	376.4660339355469
13.41	383.0466003417969
13.415	387.4974365234375
13.421	394.27081298828125
13.427	380.84039306640625
13.433	363.64215087890625
13.439	365.74871826171875
13.444	398.8520202636719
13.45	385.2655944824219
13.456	396.5548095703125
13.462	385.2655944824219
13.468	387.4974365234375
13.472999999999999	401.1625671386719
13.479000000000001	403.4864807128906
13.485	412.9176025390625
13.491	389.7421875
13.497	372.1419372558594
13.502	385.2655944824219
13.508	380.84039306640625
13.514000000000001	415.30963134765625
13.52	387.4974365234375
13.526	385.2655944824219
13.530999999999999	405.8238830566406
13.537	412.9176025390625
13.543	415.30963134765625
13.549000000000001	396.5548095703125
13.555	412.9176025390625
13.56	415.30963134765625
13.565999999999999	408.1748046875
13.572000000000001	425.01708984375
13.578	410.5393371582031
13.584000000000001	412.9176025390625
13.589	425.01708984375
13.595	417.7154846191406
13.600999999999999	420.13531494140625
13.607000000000001	405.8238830566406
13.613	410.5393371582031
13.619000000000002	422.56915283203125
13.624	412.9176025390625
13.63	401.1625671386719
13.636	420.13531494140625
13.642000000000001	401.1625671386719
13.648	412.9176025390625
13.652999999999999	410.5393371582031
13.659	417.7154846191406
13.665	417.7154846191406
13.671	396.5548095703125
13.677	408.1748046875
13.682	410.5393371582031
13.687999999999999	417.7154846191406
13.694	415.30963134765625
13.7	408.1748046875
13.706	417.7154846191406
13.710999999999999	417.7154846191406
13.717	417.7154846191406
13.722999999999999	417.7154846191406
13.729000000000001	420.13531494140625
13.735	417.7154846191406
13.74	410.5393371582031
13.745999999999999	394.27081298828125
13.752	420.13531494140625
13.758	417.7154846191406
13.764000000000001	412.9176025390625
13.769	405.8238830566406
13.775	355.3365173339844
13.780999999999999	376.4660339355469
13.787	391.99993896484375
13.793	422.56915283203125
13.798	396.5548095703125
13.804	401.1625671386719
13.81	408.1748046875
13.815999999999999	417.7154846191406
13.822000000000001	412.9176025390625
13.827	410.5393371582031
13.833	408.1748046875
13.839	403.4864807128906
13.845	412.9176025390625
13.850999999999999	408.1748046875
13.857000000000001	412.9176025390625
13.862	408.1748046875
13.868	420.13531494140625
13.874	417.7154846191406
13.88	410.5393371582031
13.886	427.47918701171875
13.890999999999998	412.9176025390625
13.897	432.4462890625
13.902999999999999	415.30963134765625
13.909	420.13531494140625
13.915	405.8238830566406
13.92	385.2655944824219
13.925999999999998	374.2977600097656
13.932	380.84039306640625
13.937999999999999	258.6228942871094
13.944	269.2942810058594
13.949000000000002	263.1435852050781
13.955	254.17987060546875
13.960999999999999	234.43411254882812
13.967	223.8473663330078
13.972999999999999	227.7601776123047
13.978	248.37437438964844
13.984000000000002	267.7432556152344
13.99	272.42333984375
13.995999999999999	252.71588134765625
14.002	263.1435852050781
14.007	257.1333312988281
14.013	267.7432556152344
14.019	263.1435852050781
14.025	257.1333312988281
14.030999999999999	272.42333984375
14.036	263.1435852050781
14.042	260.1210632324219
14.048	264.6679382324219
14.054	275.5887756347656
14.06	267.7432556152344
14.065	266.201171875
14.071	251.26034545898438
14.077	252.71588134765625
14.083	269.2942810058594
14.089	269.2942810058594
14.095	264.6679382324219
14.1	270.8542785644531
14.106	258.6228942871094
14.112	260.1210632324219
14.118	258.6228942871094
14.124	246.94381713867188
14.129000000000001	249.8131866455078
14.135	239.9137725830078
14.140999999999998	211.28370666503906
14.147	198.27658081054688
14.152999999999999	187.1481170654297
14.158	177.66754150390625
14.164000000000001	187.1481170654297
14.17	186.07022094726562
14.175999999999998	182.87362670898438
14.182	195.99917602539062
14.187000000000001	200.58045959472656
14.193	202.91110229492188
14.199000000000002	193.7479248046875
14.205	198.27658081054688
14.210999999999999	193.7479248046875
14.216	189.32269287109375
14.222000000000001	189.32269287109375
14.228	194.87030029296875
14.234000000000002	0.0
14.24	0.0
14.245	0.0
14.251	267.7432556152344
14.257	278.7909851074219
14.263	285.3074645996094
14.269	261.6279602050781
14.274000000000001	261.6279602050781
14.28	267.7432556152344
14.286	266.201171875
14.292	269.2942810058594
14.298	264.6679382324219
14.302999999999999	263.1435852050781
14.309000000000001	272.42333984375
14.315	282.0304260253906
14.321	302.2728271484375
14.327	288.6225891113281
14.333	300.5318298339844
14.338	305.7850646972656
14.344000000000001	286.9602355957031
14.35	272.42333984375
14.356	267.7432556152344
14.362	272.42333984375
14.367	272.42333984375
14.373	293.6676330566406
14.379000000000001	278.7909851074219
14.385	275.5887756347656
14.390999999999998	274.0014953613281
14.395999999999999	274.0014953613281
14.402000000000001	285.3074645996094
14.408	280.4060363769531
14.414000000000001	291.9762268066406
14.42	272.42333984375
14.425	275.5887756347656
14.431	278.7909851074219
14.437000000000001	274.0014953613281
14.443	286.9602355957031
14.449000000000002	267.7432556152344
14.454	269.2942810058594
14.46	249.8131866455078
14.466	270.8542785644531
14.472000000000001	277.1852722167969
14.478	261.6279602050781
14.482999999999999	258.6228942871094
14.489	252.71588134765625
14.495	254.17987060546875
14.501	257.1333312988281
14.507	266.201171875
14.512	258.6228942871094
14.517999999999999	258.6228942871094
14.524000000000001	266.201171875
14.53	270.8542785644531
14.536	286.9602355957031
14.540999999999999	302.2728271484375
14.547	300.5318298339844
14.552999999999999	323.9681091308594
14.559000000000001	329.6310119628906
14.565	343.2323913574219
14.571	341.2555236816406
14.575999999999999	347.2205810546875
14.582	353.2899475097656
14.588	359.4653625488281
14.594000000000001	361.5477294921875
14.6	369.99853515625
14.605	374.2977600097656
14.610999999999999	383.0466003417969
14.617	383.0466003417969
14.623	391.99993896484375
14.629000000000001	391.99993896484375
14.634	401.1625671386719
14.64	403.4864807128906
14.645999999999999	405.8238830566406
14.652000000000001	410.5393371582031
14.658	417.7154846191406
14.663	412.9176025390625
14.669	412.9176025390625
14.675	405.8238830566406
14.681	410.5393371582031
14.687000000000001	417.7154846191406
14.692	410.5393371582031
14.698	417.7154846191406
14.704	437.4710998535156
14.71	442.5543212890625
14.716	405.8238830566406
14.720999999999998	417.7154846191406
14.727	422.56915283203125
14.732999999999999	420.13531494140625
14.739	405.8238830566406
14.745	417.7154846191406
14.75	410.5393371582031
14.755999999999998	410.5393371582031
14.762	432.4462890625
14.767999999999999	401.1625671386719
14.774000000000001	385.2655944824219
14.78	387.4974365234375
14.785	385.2655944824219
14.790999999999999	391.99993896484375
14.797	398.8520202636719
14.802999999999999	206.4579620361328
14.809000000000001	208.8568878173828
14.814	221.27626037597656
14.82	212.50767517089844
14.825999999999999	213.7387237548828
14.832	210.06680297851562
14.838	216.22227478027344
14.843	217.47483825683594
14.849	211.28370666503906
14.855	218.7346649169922
14.860999999999999	223.8473663330078
14.867	214.97691345214844
14.872	221.27626037597656
14.878	222.55809020996094
14.884	223.8473663330078
14.89	226.44837951660156
14.895999999999999	227.7601776123047
14.901	227.7601776123047
14.907	229.07958984375
14.913	248.37437438964844
14.919	199.42520141601562
14.925	202.91110229492188
14.93	202.91110229492188
14.936	201.742431640625
14.942	204.08657836914062
14.948	202.91110229492188
14.954	204.08657836914062
14.959000000000001	202.91110229492188
14.965	204.08657836914062
14.970999999999998	199.42520141601562
14.977	204.08657836914062
14.982999999999999	204.08657836914062
14.988	202.91110229492188
14.994000000000002	207.65396118164062
15.0	200.58045959472656
15.005999999999998	205.2688446044922
15.012	205.2688446044922
15.017999999999999	239.9137725830078
15.023	237.15809631347656
15.029000000000002	227.7601776123047
15.035	217.47483825683594
15.040999999999999	266.201171875
15.047	280.4060363769531
15.052	277.1852722167969
15.058	275.5887756347656
15.064	280.4060363769531
15.07	286.9602355957031
15.075999999999999	309.3381652832031
15.081	291.9762268066406
15.087	285.3074645996094
15.093	275.5887756347656
15.099	269.2942810058594
15.105	270.8542785644531
15.11	261.6279602050781
15.116	266.201171875
15.122	264.6679382324219
15.128	270.8542785644531
15.134	269.2942810058594
15.139000000000001	251.26034545898438
15.145	263.1435852050781
15.151	258.6228942871094
15.157	255.65234375
15.163	261.6279602050781
15.168	261.6279602050781
15.174000000000001	269.2942810058594
15.18	267.7432556152344
15.186	261.6279602050781
15.192	239.9137725830078
15.197000000000001	248.37437438964844
15.203	249.8131866455078
15.209000000000001	235.79217529296875
15.215	223.8473663330078
15.220999999999998	217.47483825683594
15.225999999999999	222.55809020996094
15.232000000000001	214.97691345214844
15.238	210.06680297851562
15.244000000000002	229.07958984375
15.25	194.87030029296875
15.255999999999998	197.1345977783203
15.261	205.2688446044922
15.267000000000001	202.91110229492188
15.273	200.58045959472656
15.279000000000002	197.1345977783203
15.285	198.27658081054688
15.29	200.58045959472656
15.296	197.1345977783203
15.302	194.87030029296875
15.308	200.58045959472656
15.314	200.58045959472656
15.319	194.87030029296875
15.325	192.6320037841797
15.331	199.42520141601562
15.337	201.742431640625
15.343	194.87030029296875
15.347999999999999	195.99917602539062
15.354000000000001	199.42520141601562
15.36	194.87030029296875
15.366	195.99917602539062
15.372	199.42520141601562
15.377	193.7479248046875
15.383	195.99917602539062
15.389000000000001	197.1345977783203
15.395	195.99917602539062
15.401	195.99917602539062
15.405999999999999	193.7479248046875
15.412	192.6320037841797
15.418	194.87030029296875
15.424000000000001	195.99917602539062
15.43	193.7479248046875
15.435	191.52252197265625
15.440999999999999	198.27658081054688
15.447000000000001	200.58045959472656
15.453	189.32269287109375
15.459000000000001	174.6153106689453
15.464	178.69676208496094
15.47	175.62684631347656
15.475999999999999	177.66754150390625
15.482000000000001	246.94381713867188
15.488	245.5215301513672
15.494000000000002	246.94381713867188
15.499	246.94381713867188
15.505	255.65234375
15.511	246.94381713867188
15.517000000000001	246.94381713867188
15.523	246.94381713867188
15.527999999999999	238.53195190429688
15.534	230.40664672851562
15.54	222.55809020996094
15.546	221.27626037597656
15.552	220.0017852783203
15.557	233.0838623046875
15.562999999999999	223.8473663330078
15.569	223.8473663330078
15.575	226.44837951660156
15.581	221.27626037597656
15.585999999999999	225.14410400390625
15.592	229.07958984375
15.597999999999999	218.7346649169922
15.604000000000001	223.8473663330078
15.61	0.0
15.615	0.0
15.620999999999999	0.0
15.627	0.0
15.633	0.0
15.639000000000001	0.0
15.644	0.0
15.65	0.0
15.655999999999999	0.0
15.662	0.0
15.668	0.0
15.673	0.0
15.679	0.0
15.685	0.0
15.690999999999999	0.0
15.697000000000001	192.6320037841797
15.702	195.99917602539062
15.708	195.99917602539062
15.714	194.87030029296875
15.72	193.7479248046875
15.725999999999999	193.7479248046875
15.732000000000001	192.6320037841797
15.737	192.6320037841797
15.743	193.7479248046875
15.749	193.7479248046875
15.755	192.6320037841797
15.761	193.7479248046875
15.765999999999998	192.6320037841797
15.772	193.7479248046875
15.777999999999999	192.6320037841797
15.784	194.87030029296875
15.79	194.87030029296875
15.795	195.99917602539062
15.800999999999998	192.6320037841797
15.807	192.6320037841797
15.812999999999999	195.99917602539062
15.819	197.1345977783203
15.824000000000002	193.7479248046875
15.83	192.6320037841797
15.835999999999999	191.52252197265625
15.842	192.6320037841797
15.847999999999999	194.87030029296875
15.853	191.52252197265625
15.859000000000002	194.87030029296875
15.865	189.32269287109375
15.870999999999999	192.6320037841797
15.877	197.1345977783203
15.882	194.87030029296875
15.888	191.52252197265625
15.894	195.99917602539062
15.9	193.7479248046875
15.905999999999999	192.6320037841797
15.911	198.27658081054688
15.917	193.7479248046875
15.923	181.82034301757812
15.929	188.23226928710938
15.935	193.7479248046875
15.94	199.42520141601562
15.946	198.27658081054688
15.952	193.7479248046875
15.958	194.87030029296875
15.964	192.6320037841797
15.97	202.91110229492188
15.975	198.27658081054688
15.981	290.2945861816406
15.987	291.9762268066406
15.993	288.6225891113281
15.999	304.0238952636719
16.004	295.36883544921875
16.01	288.6225891113281
16.016	295.36883544921875
16.022000000000002	298.8009033203125
16.028	290.2945861816406
16.033	288.6225891113281
16.039	293.6676330566406
16.045	290.2945861816406
16.051	291.9762268066406
16.057000000000002	297.0799255371094
16.062	288.6225891113281
16.067999999999998	290.2945861816406
16.074	293.6676330566406
16.08	286.9602355957031
16.086	288.6225891113281
16.090999999999998	293.6676330566406
16.097	291.9762268066406
16.102999999999998	288.6225891113281
16.109	291.9762268066406
16.115	297.0799255371094
16.12	291.9762268066406
16.125999999999998	293.6676330566406
16.132	297.0799255371094
16.137999999999998	295.36883544921875
16.144000000000002	225.14410400390625
16.149	225.14410400390625
16.155	237.15809631347656
16.160999999999998	225.14410400390625
16.167	218.7346649169922
16.173	226.44837951660156
16.179000000000002	227.7601776123047
16.184	227.7601776123047
16.19	225.14410400390625
16.195999999999998	199.42520141601562
16.202	194.87030029296875
16.208	201.742431640625
16.213	198.27658081054688
16.219	193.7479248046875
16.225	201.742431640625
16.230999999999998	197.1345977783203
16.237000000000002	189.32269287109375
16.242	195.99917602539062
16.248	197.1345977783203
16.254	189.32269287109375
16.26	197.1345977783203
16.266	194.87030029296875
16.271	191.52252197265625
16.277	195.99917602539062
16.283	191.52252197265625
16.289	192.6320037841797
16.295	197.1345977783203
16.3	193.7479248046875
16.305999999999997	193.7479248046875
16.312	195.99917602539062
16.317999999999998	194.87030029296875
16.324	198.27658081054688
16.329	193.7479248046875
16.335	197.1345977783203
16.340999999999998	199.42520141601562
16.347	197.1345977783203
16.352999999999998	199.42520141601562
16.358	198.27658081054688
16.364	198.27658081054688
16.37	206.4579620361328
16.375999999999998	212.50767517089844
16.382	222.55809020996094
16.387	204.08657836914062
16.393	195.99917602539062
16.399	193.7479248046875
16.405	198.27658081054688
16.410999999999998	198.27658081054688
16.417	195.99917602539062
16.422	194.87030029296875
16.428	198.27658081054688
16.434	194.87030029296875
16.44	194.87030029296875
16.445999999999998	192.6320037841797
16.451	194.87030029296875
16.457	193.7479248046875
16.463	198.27658081054688
16.469	195.99917602539062
16.475	195.99917602539062
16.48	195.99917602539062
16.486	200.58045959472656
16.492	199.42520141601562
16.498	197.1345977783203
16.504	195.99917602539062
16.509	200.58045959472656
16.515	197.1345977783203
16.521	195.99917602539062
16.527	194.87030029296875
16.533	197.1345977783203
16.538	195.99917602539062
16.544	197.1345977783203
16.55	194.87030029296875
16.555999999999997	195.99917602539062
16.562	191.52252197265625
16.567	192.6320037841797
16.573	187.1481170654297
16.579	187.1481170654297
16.585	178.69676208496094
16.590999999999998	180.77313232421875
16.596	173.6095733642578
16.602	173.6095733642578
16.608	174.6153106689453
16.614	170.62705993652344
16.62	169.64431762695312
16.625	170.62705993652344
16.631	173.6095733642578
16.637	173.6095733642578
16.643	169.64431762695312
16.649	170.62705993652344
16.655	171.61549377441406
16.66	260.1210632324219
16.666	261.6279602050781
16.672	258.6228942871094
16.678	261.6279602050781
16.684	266.201171875
16.689	257.1333312988281
16.695	260.1210632324219
16.701	267.7432556152344
16.707	261.6279602050781
16.713	257.1333312988281
16.718	266.201171875
16.724	264.6679382324219
16.73	255.65234375
16.736	260.1210632324219
16.742	266.201171875
16.747	263.1435852050781
16.753	264.6679382324219
16.759	260.1210632324219
16.765	258.6228942871094
16.771	246.94381713867188
16.776	264.6679382324219
16.782	263.1435852050781
16.788	285.3074645996094
16.794	0.0
16.8	0.0
16.805	0.0
16.811	0.0
16.817	0.0
16.823	0.0
16.829	174.6153106689453
16.834	175.62684631347656
16.84	174.6153106689453
16.846	173.6095733642578
16.852	172.60964965820312
16.858	172.60964965820312
16.863	175.62684631347656
16.869	171.61549377441406
16.875	171.61549377441406
16.881	175.62684631347656
16.887	173.6095733642578
16.893	173.6095733642578
16.898	173.6095733642578
16.904	175.62684631347656
16.91	173.6095733642578
16.916	173.6095733642578
16.922	176.6442413330078
16.927	174.6153106689453
16.933	173.6095733642578
16.939	175.62684631347656
16.945	174.6153106689453
16.951	177.66754150390625
16.956	0.0
16.962	0.0
16.968	0.0
16.974	0.0
16.98	0.0
16.985	0.0
16.991	0.0
16.997	0.0
17.003	0.0
17.009	0.0
17.014	0.0
17.02	0.0
17.026	0.0
17.032	0.0
17.038	0.0
17.043	261.6279602050781
17.049	260.1210632324219
17.055	258.6228942871094
17.061	274.0014953613281
17.067	278.7909851074219
17.072	261.6279602050781
17.078	266.201171875
17.084	266.201171875
17.09	261.6279602050781
17.096	261.6279602050781
17.101	264.6679382324219
17.107	260.1210632324219
17.113	260.1210632324219
17.119	267.7432556152344
17.125	263.1435852050781
17.131	260.1210632324219
17.136	257.1333312988281
17.142	280.4060363769531
17.148	283.6641845703125
17.154	261.6279602050781
17.16	261.6279602050781
17.165	257.1333312988281
17.171	238.53195190429688
17.177	234.43411254882812
17.183	234.43411254882812
17.189	230.40664672851562
17.194000000000003	238.53195190429688
17.2	239.9137725830078
17.206	242.70144653320312
17.212	234.43411254882812
17.218	239.9137725830078
17.223	227.7601776123047
17.229	238.53195190429688
17.235	238.53195190429688
17.241	238.53195190429688
17.247	237.15809631347656
17.252	238.53195190429688
17.258	235.79217529296875
17.264	234.43411254882812
17.27	238.53195190429688
17.276	309.3381652832031
17.281	320.24700927734375
17.287	163.86557006835938
17.293	174.6153106689453
17.299	184.99851989746094
17.305	174.6153106689453
17.31	182.87362670898438
17.316	173.6095733642578
17.322	181.82034301757812
17.328	168.66722106933594
17.334	169.64431762695312
17.34	171.61549377441406
17.345	168.66722106933594
17.351	165.7696075439453
17.357	174.6153106689453
17.363	174.6153106689453
17.369	166.72988891601562
17.374000000000002	177.66754150390625
17.38	178.69676208496094
17.386	178.69676208496094
17.392	178.69676208496094
17.398	172.60964965820312
17.403	179.73194885253906
17.409000000000002	180.77313232421875
17.415	177.66754150390625
17.421	182.87362670898438
17.427	172.60964965820312
17.432000000000002	171.61549377441406
17.438	166.72988891601562
17.444000000000003	174.6153106689453
17.45	189.32269287109375
17.456	188.23226928710938
17.461	195.99917602539062
17.467	197.1345977783203
17.473	190.41943359375
17.479	206.4579620361328
17.485	199.42520141601562
17.49	190.41943359375
17.496	197.1345977783203
17.502	210.06680297851562
17.508	211.28370666503906
17.514	210.06680297851562
17.519000000000002	210.06680297851562
17.525	211.28370666503906
17.531	216.22227478027344
17.537	211.28370666503906
17.543	204.08657836914062
17.548	195.99917602539062
17.554000000000002	194.87030029296875
17.56	178.69676208496094
17.566	174.6153106689453
17.572	184.99851989746094
17.578	173.6095733642578
17.583	177.66754150390625
17.589000000000002	177.66754150390625
17.595	175.62684631347656
17.601	212.50767517089844
17.607	205.2688446044922
17.612000000000002	206.4579620361328
17.618	204.08657836914062
17.624000000000002	206.4579620361328
17.63	216.22227478027344
17.636	218.7346649169922
17.641	220.0017852783203
17.647000000000002	217.47483825683594
17.653	213.7387237548828
17.659000000000002	218.7346649169922
17.665	223.8473663330078
17.67	214.97691345214844
17.676	221.27626037597656
17.682000000000002	213.7387237548828
17.688	231.7413787841797
17.694000000000003	230.40664672851562
17.699	229.07958984375
17.705	214.97691345214844
17.711	211.28370666503906
17.717	202.91110229492188
17.723	217.47483825683594
17.727999999999998	205.2688446044922
17.734	208.8568878173828
17.74	222.55809020996094
17.746	227.7601776123047
17.752	227.7601776123047
17.757	227.7601776123047
17.762999999999998	221.27626037597656
17.769000000000002	204.08657836914062
17.775	218.7346649169922
17.781	211.28370666503906
17.785999999999998	210.06680297851562
17.792	206.4579620361328
17.798	201.742431640625
17.804000000000002	206.4579620361328
17.81	210.06680297851562
17.816	195.99917602539062
17.820999999999998	0.0
17.827	0.0
17.833	0.0
17.839000000000002	0.0
17.845	0.0
17.85	0.0
17.855999999999998	0.0
17.862000000000002	0.0
17.868	0.0
17.874000000000002	0.0
17.879	0.0
17.885	0.0
17.891	0.0
17.897000000000002	0.0
17.903	0.0
17.908	0.0
17.914	0.0
17.92	0.0
17.926	0.0
17.932000000000002	0.0
17.937	0.0
17.942999999999998	0.0
17.949	0.0
17.955	0.0
17.961	0.0
17.965999999999998	0.0
17.972	0.0
17.977999999999998	0.0
17.984	0.0
17.99	0.0
17.995	0.0
18.000999999999998	0.0
18.007	0.0
18.012999999999998	0.0
18.019000000000002	0.0
18.024	0.0
18.03	0.0
18.035999999999998	193.7479248046875
18.042	204.08657836914062
18.048	205.2688446044922
18.054000000000002	206.4579620361328
18.059	205.2688446044922
18.065	191.52252197265625
18.070999999999998	187.1481170654297
18.077	172.60964965820312
18.083	171.61549377441406
18.088	177.66754150390625
18.094	173.6095733642578
18.1	176.6442413330078
18.105999999999998	182.87362670898438
18.112000000000002	171.61549377441406
18.117	167.69577026367188
18.123	166.72988891601562
18.129	172.60964965820312
18.135	172.60964965820312
18.141	177.66754150390625
18.146	173.6095733642578
18.152	169.64431762695312
18.158	181.82034301757812
18.164	189.32269287109375
18.17	193.7479248046875
18.175	189.32269287109375
18.180999999999997	189.32269287109375
18.187	186.07022094726562
18.192999999999998	183.93299865722656
18.199	179.73194885253906
18.204	172.60964965820312
18.21	179.73194885253906
18.215999999999998	182.87362670898438
18.222	180.77313232421875
18.227999999999998	183.93299865722656
18.233	187.1481170654297
18.239	191.52252197265625
18.245	192.6320037841797
18.250999999999998	204.08657836914062
18.257	199.42520141601562
18.262	199.42520141601562
18.268	198.27658081054688
18.274	202.91110229492188
18.28	200.58045959472656
18.285999999999998	202.91110229492188
18.292	207.65396118164062
18.297	205.2688446044922
18.303	207.65396118164062
18.309	205.2688446044922
18.315	206.4579620361328
18.320999999999998	208.8568878173828
18.326	210.06680297851562
18.332	208.8568878173828
18.338	210.06680297851562
18.344	207.65396118164062
18.35	208.8568878173828
18.355	206.4579620361328
18.361	205.2688446044922
18.367	205.2688446044922
18.373	204.08657836914062
18.379	201.742431640625
18.384	199.42520141601562
18.39	197.1345977783203
18.396	194.87030029296875
18.402	184.99851989746094
18.408	174.6153106689453
18.413	184.99851989746094
18.419	191.52252197265625
18.425	193.7479248046875
18.430999999999997	197.1345977783203
18.437	194.87030029296875
18.442	195.99917602539062
18.448	192.6320037841797
18.454	193.7479248046875
18.46	191.52252197265625
18.465999999999998	191.52252197265625
18.471	189.32269287109375
18.477	187.1481170654297
18.483	190.41943359375
18.489	189.32269287109375
18.495	190.41943359375
18.5	0.0
18.506	0.0
18.512	0.0
18.518	0.0
18.524	0.0
18.53	0.0
18.535	0.0
18.541	0.0
18.547	0.0
18.553	0.0
18.559	0.0
18.564	0.0
18.57	0.0
18.576	0.0
18.582	0.0
18.588	0.0
18.593	0.0
18.599	0.0
18.605	0.0
18.611	0.0
18.617	0.0
18.622	0.0
18.628	0.0
18.634	0.0
18.64	0.0
18.646	0.0
18.651	158.28366088867188
18.657	158.28366088867188
18.663	161.05043029785156
18.669	164.81484985351562
18.675	161.9833984375
18.68	155.564453125
18.686	156.4656219482422
18.692	145.14669799804688
18.698	145.98751831054688
18.704	151.13580322265625
18.709	149.39984130859375
18.715	146.83323669433594
18.721	154.66844177246094
18.727	155.564453125
18.733	148.5393524169922
18.739	149.39984130859375
18.744	146.83323669433594
18.75	145.14669799804688
18.756	146.83323669433594
18.762	145.14669799804688
18.768	148.5393524169922
18.773	147.683837890625
18.779	171.61549377441406
18.785	171.61549377441406
18.791	187.1481170654297
18.797	182.87362670898438
18.802	0.0
18.808	0.0
18.814	0.0
18.82	0.0
18.826	0.0
18.831	0.0
18.837	0.0
18.843	0.0
18.849	0.0
18.855	0.0
18.86	0.0
18.866	199.42520141601562
18.872	207.65396118164062
18.878	197.1345977783203
18.884	186.07022094726562
18.889	199.42520141601562
18.895	207.65396118164062
18.901	201.742431640625
18.907	187.1481170654297
18.913	200.58045959472656
18.918	201.742431640625
18.924	204.08657836914062
18.93	199.42520141601562
18.936	195.99917602539062
18.942	197.1345977783203
18.947	198.27658081054688
18.953	195.99917602539062
18.959	195.99917602539062
18.965	197.1345977783203
18.971	193.7479248046875
18.977	197.1345977783203
18.982	195.99917602539062
18.988	195.99917602539062
18.994	193.7479248046875
19.0	191.52252197265625
19.006	193.7479248046875
19.011	194.87030029296875
19.017	195.99917602539062
19.023	194.87030029296875
19.029	194.87030029296875
19.035	194.87030029296875
19.04	192.6320037841797
19.046	192.6320037841797
19.052	191.52252197265625
19.058	190.41943359375
19.064	195.99917602539062
19.069000000000003	195.99917602539062
19.075	191.52252197265625
19.081	194.87030029296875
19.087	195.99917602539062
19.093	190.41943359375
19.098	190.41943359375
19.104	188.23226928710938
19.11	192.6320037841797
19.116	193.7479248046875
19.122	193.7479248046875
19.127	193.7479248046875
19.133	195.99917602539062
19.139	194.87030029296875
19.145	194.87030029296875
19.151	194.87030029296875
19.156	193.7479248046875
19.162	193.7479248046875
19.168	193.7479248046875
19.174	193.7479248046875
19.18	193.7479248046875
19.185	193.7479248046875
19.191	193.7479248046875
19.197	193.7479248046875
19.203	193.7479248046875
19.209	193.7479248046875
19.215	193.7479248046875
19.22	193.7479248046875
19.226	194.87030029296875
19.232	193.7479248046875
19.238	193.7479248046875
19.244	193.7479248046875
19.249000000000002	193.7479248046875
19.255	193.7479248046875
19.261	193.7479248046875
19.267	193.7479248046875
19.273	194.87030029296875
19.278	193.7479248046875
19.284000000000002	193.7479248046875
19.29	193.7479248046875
19.296	193.7479248046875
19.302	193.7479248046875
19.307000000000002	194.87030029296875
19.313	194.87030029296875
19.319000000000003	195.99917602539062
19.325	194.87030029296875
19.331	194.87030029296875
19.336	194.87030029296875
19.342	193.7479248046875
19.348	194.87030029296875
19.354	194.87030029296875
19.36	194.87030029296875
19.365	195.99917602539062
19.371	193.7479248046875
19.377	193.7479248046875
19.383	194.87030029296875
19.389	194.87030029296875
19.394000000000002	194.87030029296875
19.4	195.99917602539062
19.406	197.1345977783203
19.412	195.99917602539062
19.418	195.99917602539062
19.423	195.99917602539062
19.429000000000002	195.99917602539062
19.435	194.87030029296875
19.441	194.87030029296875
19.447	194.87030029296875
19.453	195.99917602539062
19.458	194.87030029296875
19.464000000000002	194.87030029296875
19.47	194.87030029296875
19.476	194.87030029296875
19.482	194.87030029296875
19.487000000000002	194.87030029296875
19.493	195.99917602539062
19.499000000000002	194.87030029296875
19.505	194.87030029296875
19.511	194.87030029296875
19.516	194.87030029296875
19.522000000000002	194.87030029296875
19.528	194.87030029296875
19.534000000000002	195.99917602539062
19.54	195.99917602539062
19.545	195.99917602539062
19.551	197.1345977783203
19.557000000000002	195.99917602539062
19.563	194.87030029296875
19.569000000000003	195.99917602539062
19.574	195.99917602539062
19.58	197.1345977783203
19.586	197.1345977783203
19.592	197.1345977783203
19.598	195.99917602539062
19.602999999999998	194.87030029296875
19.609	195.99917602539062
19.615	195.99917602539062
19.621	197.1345977783203
19.627	195.99917602539062
19.632	195.99917602539062
19.637999999999998	194.87030029296875
19.644000000000002	194.87030029296875
19.65	194.87030029296875
19.656	195.99917602539062
19.660999999999998	195.99917602539062
19.667	197.1345977783203
19.673	194.87030029296875
19.679000000000002	194.87030029296875
19.685	194.87030029296875
19.691	193.7479248046875
19.695999999999998	194.87030029296875
19.702	194.87030029296875
19.708	194.87030029296875
19.714000000000002	194.87030029296875
19.72	194.87030029296875
19.725	193.7479248046875
19.730999999999998	193.7479248046875
19.737000000000002	193.7479248046875
19.743	194.87030029296875
19.749000000000002	193.7479248046875
19.754	194.87030029296875
19.76	194.87030029296875
19.766	193.7479248046875
19.772000000000002	193.7479248046875
19.778	193.7479248046875
19.783	193.7479248046875
19.789	193.7479248046875
19.795	194.87030029296875
19.801	194.87030029296875
19.807000000000002	194.87030029296875
19.812	193.7479248046875
19.817999999999998	193.7479248046875
19.824	193.7479248046875
19.83	194.87030029296875
19.836	195.99917602539062
19.840999999999998	195.99917602539062
19.847	195.99917602539062
19.852999999999998	194.87030029296875
19.859	194.87030029296875
19.865	193.7479248046875
19.87	194.87030029296875
19.875999999999998	194.87030029296875
19.882	194.87030029296875
19.887999999999998	194.87030029296875
19.894000000000002	194.87030029296875
19.9	194.87030029296875
19.905	194.87030029296875
19.910999999999998	194.87030029296875
19.917	194.87030029296875
19.923	194.87030029296875
19.929000000000002	195.99917602539062
19.934	195.99917602539062
19.94	194.87030029296875
19.945999999999998	193.7479248046875
19.952	194.87030029296875
19.958	193.7479248046875
19.963	194.87030029296875
19.969	194.87030029296875
19.975	195.99917602539062
19.980999999999998	195.99917602539062
19.987000000000002	194.87030029296875
19.992	194.87030029296875
19.998	193.7479248046875
20.004	193.7479248046875
20.01	194.87030029296875
20.016	195.99917602539062
20.021	195.99917602539062
20.027	194.87030029296875
20.033	194.87030029296875
20.039	193.7479248046875
20.045	194.87030029296875
20.05	194.87030029296875
20.055999999999997	194.87030029296875
20.062	195.99917602539062
20.067999999999998	195.99917602539062
20.074	194.87030029296875
20.079	193.7479248046875
20.085	193.7479248046875
20.090999999999998	193.7479248046875
20.097	193.7479248046875
20.102999999999998	194.87030029296875
20.108	194.87030029296875
20.114	195.99917602539062
20.12	193.7479248046875
20.125999999999998	193.7479248046875
20.132	193.7479248046875
20.137999999999998	193.7479248046875
20.143	193.7479248046875
20.149	194.87030029296875
20.155	194.87030029296875
20.160999999999998	195.99917602539062
20.167	194.87030029296875
20.172	193.7479248046875
20.178	193.7479248046875
20.184	194.87030029296875
20.19	194.87030029296875
20.195999999999998	195.99917602539062
20.201	195.99917602539062
20.207	195.99917602539062
20.213	194.87030029296875
20.219	193.7479248046875
20.225	194.87030029296875
20.23	194.87030029296875
20.236	194.87030029296875
20.242	194.87030029296875
20.248	195.99917602539062
20.254	194.87030029296875
20.259	194.87030029296875
20.265	193.7479248046875
20.271	193.7479248046875
20.277	193.7479248046875
20.283	195.99917602539062
20.288	193.7479248046875
20.294	194.87030029296875
20.3	194.87030029296875
20.305999999999997	193.7479248046875
20.312	193.7479248046875
20.317	193.7479248046875
20.323	193.7479248046875
20.329	194.87030029296875
20.335	193.7479248046875
20.340999999999998	194.87030029296875
20.346	194.87030029296875
20.352	192.6320037841797
20.358	192.6320037841797
20.364	193.7479248046875
20.37	193.7479248046875
20.375999999999998	194.87030029296875
20.381	194.87030029296875
20.387	194.87030029296875
20.393	193.7479248046875
20.399	192.6320037841797
20.405	191.52252197265625
20.41	192.6320037841797
20.416	192.6320037841797
20.422	193.7479248046875
20.428	194.87030029296875
20.434	194.87030029296875
20.439	194.87030029296875
20.445	193.7479248046875
20.451	193.7479248046875
20.457	193.7479248046875
20.463	193.7479248046875
20.468	195.99917602539062
20.474	195.99917602539062
20.48	195.99917602539062
20.486	195.99917602539062
20.491999999999997	194.87030029296875
20.497	194.87030029296875
20.503	194.87030029296875
20.509	195.99917602539062
20.515	197.1345977783203
20.521	197.1345977783203
20.526	197.1345977783203
20.531999999999996	195.99917602539062
20.538	195.99917602539062
20.544	195.99917602539062
20.55	195.99917602539062
20.555	197.1345977783203
20.561	197.1345977783203
20.566999999999997	197.1345977783203
20.573	195.99917602539062
20.579	195.99917602539062
20.584	195.99917602539062
20.59	197.1345977783203
20.596	197.1345977783203
20.601999999999997	197.1345977783203
20.608	195.99917602539062
20.614	194.87030029296875
20.619	194.87030029296875
20.625	194.87030029296875
20.631	194.87030029296875
20.636999999999997	197.1345977783203
20.643	197.1345977783203
20.648000000000003	195.99917602539062
20.654	195.99917602539062
20.66	194.87030029296875
20.666	194.87030029296875
20.671999999999997	193.7479248046875
20.677	194.87030029296875
20.683000000000003	195.99917602539062
20.689	194.87030029296875
20.695	194.87030029296875
20.701	193.7479248046875
20.706	192.6320037841797
20.712	192.6320037841797
20.718000000000004	192.6320037841797
20.724	193.7479248046875
20.73	195.99917602539062
20.735	195.99917602539062
20.741	194.87030029296875
20.747	194.87030029296875
20.753	194.87030029296875
20.759	194.87030029296875
20.764	194.87030029296875
20.77	195.99917602539062
20.776	197.1345977783203
20.781999999999996	197.1345977783203
20.788	195.99917602539062
20.793000000000003	195.99917602539062
20.799	194.87030029296875
20.805	194.87030029296875
20.811	194.87030029296875
20.816999999999997	197.1345977783203
20.822	195.99917602539062
20.828000000000003	195.99917602539062
20.834	194.87030029296875
20.84	193.7479248046875
20.846	193.7479248046875
20.851999999999997	193.7479248046875
20.857	194.87030029296875
20.863000000000003	195.99917602539062
20.869	194.87030029296875
20.875	193.7479248046875
20.881	192.6320037841797
20.886	193.7479248046875
20.892	193.7479248046875
20.898000000000003	193.7479248046875
20.904	194.87030029296875
20.91	195.99917602539062
20.915	195.99917602539062
20.921	194.87030029296875
20.927	194.87030029296875
20.933000000000003	194.87030029296875
20.939	194.87030029296875
20.944000000000003	194.87030029296875
20.95	195.99917602539062
20.956	195.99917602539062
20.962	195.99917602539062
20.968000000000004	195.99917602539062
20.973000000000003	194.87030029296875
20.979	195.99917602539062
20.985	195.99917602539062
20.991	197.1345977783203
20.997	197.1345977783203
21.002	197.1345977783203
21.008000000000003	194.87030029296875
21.014	193.7479248046875
21.02	194.87030029296875
21.026	193.7479248046875
21.031	193.7479248046875
21.037	194.87030029296875
21.043000000000003	194.87030029296875
21.049	194.87030029296875
21.055	194.87030029296875
21.06	193.7479248046875
21.066	194.87030029296875
21.072	195.99917602539062
21.078000000000003	198.27658081054688
21.084	199.42520141601562
21.09	200.58045959472656
21.095	201.742431640625
21.101	201.742431640625
21.107	0.0
21.113000000000003	0.0
21.119	0.0
21.124000000000002	0.0
21.13	0.0
21.136	0.0
21.142	0.0
21.148000000000003	0.0
21.153000000000002	0.0
21.159000000000002	0.0
21.165	0.0
21.171	0.0
21.177	0.0
21.182	0.0
21.188000000000002	0.0
21.194000000000003	0.0
21.2	0.0
21.206	0.0
21.211	0.0
21.217	0.0
21.223000000000003	0.0
21.229	0.0
21.235	0.0
21.24	0.0
21.246	0.0
21.252	0.0
21.258000000000003	0.0
21.264	0.0
21.269000000000002	0.0
21.275	0.0
21.281	0.0
21.287	0.0
21.293000000000003	0.0
21.299	0.0
21.304000000000002	0.0
21.31	0.0
21.316	0.0
21.322	0.0
21.328000000000003	0.0
21.333000000000002	0.0
21.339000000000002	0.0
21.345	0.0
21.351	0.0
21.357	0.0
21.362	0.0
21.368000000000002	0.0
21.374000000000002	0.0
21.38	0.0
21.386	0.0
21.391	0.0
21.397	0.0
21.403000000000002	0.0
21.409000000000002	0.0
21.415	0.0
21.42	0.0
21.426	0.0
21.432	0.0
21.438000000000002	0.0
21.444000000000003	0.0
21.449	0.0
21.455	0.0
21.461	0.0
21.467	0.0
21.473000000000003	0.0
21.478	0.0
21.484	0.0
21.49	0.0
21.496	0.0
21.502	0.0
21.506999999999998	0.0
21.513	0.0
21.519000000000002	0.0
21.525	0.0
21.531	0.0
21.537	0.0
21.541999999999998	0.0
21.548000000000002	0.0
21.554000000000002	0.0
21.56	0.0
21.566	0.0
21.570999999999998	0.0
21.576999999999998	0.0
21.583000000000002	0.0
21.589000000000002	0.0
21.595	0.0
21.6	0.0
21.605999999999998	0.0
21.612	0.0
21.618000000000002	0.0
21.624000000000002	0.0
21.629	0.0
21.635	0.0
21.641	0.0
21.647	0.0
21.653000000000002	0.0
