0.000     0.000
0.006     0.000
0.012     0.000
0.017     0.000
0.023     0.000
0.029     0.000
0.035     0.000
0.041     0.000
0.046     0.000
0.052     0.000
0.058     0.000
0.064     0.000
0.070     0.000
0.075     0.000
0.081     0.000
0.087     0.000
0.093     0.000
0.099     0.000
0.104     0.000
0.110     0.000
0.116     0.000
0.122     0.000
0.128     0.000
0.134     0.000
0.139     0.000
0.145     0.000
0.151     0.000
0.157     0.000
0.163     0.000
0.168     0.000
0.174     0.000
0.180     0.000
0.186     0.000
0.192     0.000
0.197     0.000
0.203     0.000
0.209     0.000
0.215     0.000
0.221     0.000
0.226     0.000
0.232     0.000
0.238     0.000
0.244     0.000
0.250     0.000
0.255     0.000
0.261     0.000
0.267     0.000
0.273     0.000
0.279     0.000
0.284     0.000
0.290     0.000
0.296     0.000
0.302     0.000
0.308     0.000
0.313     0.000
0.319     0.000
0.325     0.000
0.331     0.000
0.337     0.000
0.342     0.000
0.348     0.000
0.354     0.000
0.360     0.000
0.366     0.000
0.372     0.000
0.377     0.000
0.383     0.000
0.389     0.000
0.395     0.000
0.401     0.000
0.406     0.000
0.412     0.000
0.418     0.000
0.424     0.000
0.430     0.000
0.435     0.000
0.441     0.000
0.447     0.000
0.453     0.000
0.459     0.000
0.464     0.000
0.470     0.000
0.476     0.000
0.482     0.000
0.488     0.000
0.493     0.000
0.499     0.000
0.505     0.000
0.511     0.000
0.517     0.000
0.522     0.000
0.528     0.000
0.534     0.000
0.540     0.000
0.546     0.000
0.551     0.000
0.557     0.000
0.563     0.000
0.569     0.000
0.575     0.000
0.580     0.000
0.586     0.000
0.592     0.000
0.598     0.000
0.604     0.000
0.610     0.000
0.615     0.000
0.621     0.000
0.627     0.000
0.633     0.000
0.639     0.000
0.644     0.000
0.650     0.000
0.656     0.000
0.662     0.000
0.668     0.000
0.673     0.000
0.679     0.000
0.685     0.000
0.691     0.000
0.697     0.000
0.702     0.000
0.708     0.000
0.714     0.000
0.720     0.000
0.726     0.000
0.731     0.000
0.737     0.000
0.743     0.000
0.749     0.000
0.755     0.000
0.760     0.000
0.766     0.000
0.772     0.000
0.778     0.000
0.784     0.000
0.789     0.000
0.795     0.000
0.801     0.000
0.807     0.000
0.813     0.000
0.819     0.000
0.824     0.000
0.830     0.000
0.836     0.000
0.842     0.000
0.848     0.000
0.853     0.000
0.859     0.000
0.865     0.000
0.871     0.000
0.877     0.000
0.882     0.000
0.888     0.000
0.894     0.000
0.900     0.000
0.906     0.000
0.911     0.000
0.917     0.000
0.923     0.000
0.929     0.000
0.935     0.000
0.940     0.000
0.946     0.000
0.952     0.000
0.958     0.000
0.964     0.000
0.969     0.000
0.975     0.000
0.981     0.000
0.987     0.000
0.993     0.000
0.998     0.000
1.004     0.000
1.010     0.000
1.016     0.000
1.022     0.000
1.027     0.000
1.033     0.000
1.039     0.000
1.045     0.000
1.051     0.000
1.057     0.000
1.062     0.000
1.068     0.000
1.074     0.000
1.080     0.000
1.086     0.000
1.091     0.000
1.097     0.000
1.103     0.000
1.109     0.000
1.115     0.000
1.120     0.000
1.126     0.000
1.132     0.000
1.138     0.000
1.144     0.000
1.149     0.000
1.155     0.000
1.161     0.000
1.167     0.000
1.173     0.000
1.178     0.000
1.184     0.000
1.190     0.000
1.196     0.000
1.202     0.000
1.207     0.000
1.213     0.000
1.219     0.000
1.225     0.000
1.231     0.000
1.236     0.000
1.242     0.000
1.248     0.000
1.254     0.000
1.260     0.000
1.265     0.000
1.271     0.000
1.277     0.000
1.283     0.000
1.289     0.000
1.295     0.000
1.300     0.000
1.306     0.000
1.312     0.000
1.318     0.000
1.324     0.000
1.329     0.000
1.335     0.000
1.341     0.000
1.347     0.000
1.353     0.000
1.358     0.000
1.364     0.000
1.370     0.000
1.376     0.000
1.382     0.000
1.387     0.000
1.393     0.000
1.399     0.000
1.405     0.000
1.411     0.000
1.416     0.000
1.422     0.000
1.428     0.000
1.434     0.000
1.440     0.000
1.445     0.000
1.451     0.000
1.457     0.000
1.463     0.000
1.469     0.000
1.474     0.000
1.480     0.000
1.486     0.000
1.492     0.000
1.498     0.000
1.503     0.000
1.509     0.000
1.515     0.000
1.521     0.000
1.527     0.000
1.533     0.000
1.538     0.000
1.544     0.000
1.550     0.000
1.556     0.000
1.562     0.000
1.567     0.000
1.573     0.000
1.579     0.000
1.585     0.000
1.591     0.000
1.596     0.000
1.602     0.000
1.608     0.000
1.614     0.000
1.620     0.000
1.625     0.000
1.631     0.000
1.637     0.000
1.643     0.000
1.649     0.000
1.654     0.000
1.660     0.000
1.666     0.000
1.672     0.000
1.678     0.000
1.683     0.000
1.689     0.000
1.695     0.000
1.701     0.000
1.707     0.000
1.712     0.000
1.718     0.000
1.724     0.000
1.730     0.000
1.736     0.000
1.741     0.000
1.747     0.000
1.753     0.000
1.759     0.000
1.765     0.000
1.771     0.000
1.776     0.000
1.782     0.000
1.788     0.000
1.794     0.000
1.800     0.000
1.805     0.000
1.811     0.000
1.817     0.000
1.823     0.000
1.829     0.000
1.834     0.000
1.840     0.000
1.846     0.000
1.852     0.000
1.858     0.000
1.863     0.000
1.869     0.000
1.875     0.000
1.881     0.000
1.887     0.000
1.892     0.000
1.898     0.000
1.904     0.000
1.910     0.000
1.916     0.000
1.921     0.000
1.927     0.000
1.933     0.000
1.939     0.000
1.945     0.000
1.950     0.000
1.956     0.000
1.962     0.000
1.968     0.000
1.974     0.000
1.980     0.000
1.985     0.000
1.991     0.000
1.997     0.000
2.003     0.000
2.009     0.000
2.014     0.000
2.020     0.000
2.026     0.000
2.032     0.000
2.038     0.000
2.043     0.000
2.049     0.000
2.055     0.000
2.061     0.000
2.067     0.000
2.072     0.000
2.078     0.000
2.084     0.000
2.090     0.000
2.096     0.000
2.101     0.000
2.107     0.000
2.113     0.000
2.119     0.000
2.125     216.176
2.130     215.122
2.136     215.122
2.142     212.019
2.148     211.005
2.154     441.000
2.159     436.634
2.165     432.353
2.171     436.634
2.177     208.019
2.183     210.000
2.188     212.019
2.194     214.078
2.200     215.122
2.206     215.122
2.212     420.000
2.218     428.155
2.223     416.038
2.229     412.150
2.235     404.587
2.241     393.750
2.247     390.265
2.252     0.000
2.258     0.000
2.264     0.000
2.270     0.000
2.276     0.000
2.281     0.000
2.287     0.000
2.293     0.000
2.299     0.000
2.305     0.000
2.310     0.000
2.316     0.000
2.322     0.000
2.328     0.000
2.334     0.000
2.339     0.000
2.345     0.000
2.351     0.000
2.357     0.000
2.363     0.000
2.368     0.000
2.374     0.000
2.380     0.000
2.386     0.000
2.392     0.000
2.397     0.000
2.403     0.000
2.409     0.000
2.415     0.000
2.421     0.000
2.426     0.000
2.432     0.000
2.438     0.000
2.444     0.000
2.450     0.000
2.456     0.000
2.461     0.000
2.467     0.000
2.473     0.000
2.479     0.000
2.485     0.000
2.490     0.000
2.496     0.000
2.502     0.000
2.508     0.000
2.514     0.000
2.519     0.000
2.525     0.000
2.531     0.000
2.537     0.000
2.543     0.000
2.548     0.000
2.554     0.000
2.560     0.000
2.566     0.000
2.572     0.000
2.577     0.000
2.583     0.000
2.589     0.000
2.595     0.000
2.601     0.000
2.606     0.000
2.612     0.000
2.618     0.000
2.624     0.000
2.630     0.000
2.635     0.000
2.641     0.000
2.647     0.000
2.653     0.000
2.659     0.000
2.664     0.000
2.670     0.000
2.676     0.000
2.682     0.000
2.688     0.000
2.694     0.000
2.699     0.000
2.705     0.000
2.711     0.000
2.717     0.000
2.723     0.000
2.728     0.000
2.734     0.000
2.740     0.000
2.746     0.000
2.752     0.000
2.757     0.000
2.763     0.000
2.769     0.000
2.775     0.000
2.781     0.000
2.786     0.000
2.792     0.000
2.798     0.000
2.804     0.000
2.810     0.000
2.815     0.000
2.821     0.000
2.827     0.000
2.833     0.000
2.839     0.000
2.844     0.000
2.850     0.000
2.856     0.000
2.862     0.000
2.868     0.000
2.873     0.000
2.879     0.000
2.885     0.000
2.891     0.000
2.897     0.000
2.902     0.000
2.908     0.000
2.914     0.000
2.920     0.000
2.926     0.000
2.932     0.000
2.937     0.000
2.943     0.000
2.949     0.000
2.955     0.000
2.961     0.000
2.966     0.000
2.972     0.000
2.978     0.000
2.984     0.000
2.990     0.000
2.995     0.000
3.001     0.000
3.007     0.000
3.013     0.000
3.019     0.000
3.024     0.000
3.030     0.000
3.036     0.000
3.042     0.000
3.048     0.000
3.053     0.000
3.059     0.000
3.065     0.000
3.071     0.000
3.077     0.000
3.082     0.000
3.088     0.000
3.094     0.000
3.100     0.000
3.106     0.000
3.111     0.000
3.117     0.000
3.123     0.000
3.129     0.000
3.135     0.000
3.140     0.000
3.146     0.000
3.152     0.000
3.158     0.000
3.164     0.000
3.170     0.000
3.175     0.000
3.181     0.000
3.187     0.000
3.193     0.000
3.199     0.000
3.204     0.000
3.210     0.000
3.216     0.000
3.222     0.000
3.228     0.000
3.233     0.000
3.239     0.000
3.245     0.000
3.251     0.000
3.257     0.000
3.262     0.000
3.268     0.000
3.274     0.000
3.280     0.000
3.286     0.000
3.291     0.000
3.297     0.000
3.303     0.000
3.309     0.000
3.315     0.000
3.320     0.000
3.326     0.000
3.332     0.000
3.338     0.000
3.344     0.000
3.349     0.000
3.355     0.000
3.361     0.000
3.367     0.000
3.373     0.000
3.379     0.000
3.384     0.000
3.390     0.000
3.396     0.000
3.402     0.000
3.408     0.000
3.413     0.000
3.419     0.000
3.425     0.000
3.431     0.000
3.437     0.000
3.442     0.000
3.448     0.000
3.454     0.000
3.460     0.000
3.466     0.000
3.471     0.000
3.477     0.000
3.483     0.000
3.489     0.000
3.495     0.000
3.500     0.000
3.506     0.000
3.512     0.000
3.518     0.000
3.524     0.000
3.529     0.000
3.535     0.000
3.541     0.000
3.547     0.000
3.553     0.000
3.558     0.000
3.564     0.000
3.570     0.000
3.576     0.000
3.582     0.000
3.587     0.000
3.593     0.000
3.599     0.000
3.605     0.000
3.611     0.000
3.617     0.000
3.622     0.000
3.628     0.000
3.634     0.000
3.640     0.000
3.646     0.000
3.651     0.000
3.657     0.000
3.663     0.000
3.669     0.000
3.675     0.000
3.680     0.000
3.686     0.000
3.692     0.000
3.698     0.000
3.704     0.000
3.709     0.000
3.715     0.000
3.721     0.000
3.727     0.000
3.733     0.000
3.738     0.000
3.744     0.000
3.750     0.000
3.756     0.000
3.762     0.000
3.767     0.000
3.773     0.000
3.779     0.000
3.785     0.000
3.791     0.000
3.796     0.000
3.802     0.000
3.808     0.000
3.814     0.000
3.820     0.000
3.825     0.000
3.831     0.000
3.837     0.000
3.843     0.000
3.849     0.000
3.855     0.000
3.860     0.000
3.866     0.000
3.872     0.000
3.878     0.000
3.884     0.000
3.889     0.000
3.895     0.000
3.901     0.000
3.907     0.000
3.913     0.000
3.918     0.000
3.924     0.000
3.930     0.000
3.936     0.000
3.942     0.000
3.947     0.000
3.953     0.000
3.959     0.000
3.965     0.000
3.971     0.000
3.976     551.250
3.982     551.250
3.988     544.444
3.994     537.805
4.000     537.805
4.005     531.325
4.011     531.325
4.017     531.325
4.023     537.805
4.029     243.646
4.034     228.497
4.040     225.000
4.046     225.000
4.052     225.000
4.058     226.154
4.063     227.320
4.069     230.890
4.075     232.105
4.081     525.000
4.087     247.753
4.093     525.000
4.098     518.824
4.104     531.325
4.110     525.000
4.116     525.000
4.122     525.000
4.127     512.791
4.133     0.000
4.139     0.000
4.145     0.000
4.151     0.000
4.156     0.000
4.162     0.000
4.168     0.000
4.174     0.000
4.180     0.000
4.185     0.000
4.191     0.000
4.197     0.000
4.203     0.000
4.209     0.000
4.214     0.000
4.220     0.000
4.226     0.000
4.232     0.000
4.238     0.000
4.243     0.000
4.249     0.000
4.255     0.000
4.261     0.000
4.267     0.000
4.272     0.000
4.278     0.000
4.284     0.000
4.290     0.000
4.296     0.000
4.301     0.000
4.307     0.000
4.313     0.000
4.319     0.000
4.325     0.000
4.331     0.000
4.336     0.000
4.342     0.000
4.348     0.000
4.354     0.000
4.360     0.000
4.365     0.000
4.371     0.000
4.377     0.000
4.383     0.000
4.389     0.000
4.394     0.000
4.400     0.000
4.406     0.000
4.412     0.000
4.418     0.000
4.423     0.000
4.429     0.000
4.435     0.000
4.441     0.000
4.447     0.000
4.452     0.000
4.458     0.000
4.464     0.000
4.470     0.000
4.476     0.000
4.481     0.000
4.487     0.000
4.493     0.000
4.499     0.000
4.505     0.000
4.510     0.000
4.516     0.000
4.522     0.000
4.528     0.000
4.534     0.000
4.540     0.000
4.545     0.000
4.551     0.000
4.557     0.000
4.563     0.000
4.569     0.000
4.574     0.000
4.580     0.000
4.586     0.000
4.592     0.000
4.598     0.000
4.603     0.000
4.609     0.000
4.615     0.000
4.621     0.000
4.627     0.000
4.632     0.000
4.638     0.000
4.644     0.000
4.650     0.000
4.656     0.000
4.661     0.000
4.667     0.000
4.673     0.000
4.679     0.000
4.685     0.000
4.690     0.000
4.696     0.000
4.702     0.000
4.708     0.000
4.714     0.000
4.719     0.000
4.725     0.000
4.731     0.000
4.737     0.000
4.743     0.000
4.748     0.000
4.754     0.000
4.760     0.000
4.766     0.000
4.772     0.000
4.778     0.000
4.783     0.000
4.789     0.000
4.795     0.000
4.801     0.000
4.807     0.000
4.812     0.000
4.818     0.000
4.824     0.000
4.830     0.000
4.836     0.000
4.841     0.000
4.847     0.000
4.853     0.000
4.859     0.000
4.865     0.000
4.870     0.000
4.876     0.000
4.882     0.000
4.888     0.000
4.894     0.000
4.899     0.000
4.905     0.000
4.911     0.000
4.917     0.000
4.923     0.000
4.928     0.000
4.934     0.000
4.940     0.000
4.946     0.000
4.952     0.000
4.957     0.000
4.963     0.000
4.969     0.000
4.975     0.000
4.981     0.000
4.986     0.000
4.992     0.000
4.998     0.000
5.004     0.000
5.010     0.000
5.016     0.000
5.021     0.000
5.027     0.000
5.033     0.000
5.039     0.000
5.045     0.000
5.050     0.000
5.056     0.000
5.062     0.000
5.068     0.000
5.074     0.000
5.079     0.000
5.085     0.000
5.091     0.000
5.097     0.000
5.103     0.000
5.108     0.000
5.114     0.000
5.120     0.000
5.126     0.000
5.132     0.000
5.137     0.000
5.143     0.000
5.149     0.000
5.155     0.000
5.161     0.000
5.166     0.000
5.172     0.000
5.178     0.000
5.184     0.000
5.190     0.000
5.195     0.000
5.201     0.000
5.207     0.000
5.213     0.000
5.219     0.000
5.224     0.000
5.230     0.000
5.236     0.000
5.242     0.000
5.248     0.000
5.254     0.000
5.259     0.000
5.265     0.000
5.271     0.000
5.277     0.000
5.283     0.000
5.288     0.000
5.294     0.000
5.300     0.000
5.306     0.000
5.312     0.000
5.317     0.000
5.323     0.000
5.329     0.000
5.335     0.000
5.341     0.000
5.346     0.000
5.352     0.000
5.358     0.000
5.364     0.000
5.370     0.000
5.375     0.000
5.381     0.000
5.387     0.000
5.393     0.000
5.399     0.000
5.404     0.000
5.410     0.000
5.416     0.000
5.422     0.000
5.428     0.000
5.433     0.000
5.439     0.000
5.445     0.000
5.451     0.000
5.457     0.000
5.462     0.000
5.468     0.000
5.474     0.000
5.480     0.000
5.486     0.000
5.492     0.000
5.497     0.000
5.503     0.000
5.509     0.000
5.515     0.000
5.521     0.000
5.526     0.000
5.532     0.000
5.538     0.000
5.544     0.000
5.550     0.000
5.555     0.000
5.561     0.000
5.567     0.000
5.573     0.000
5.579     0.000
5.584     0.000
5.590     0.000
5.596     0.000
5.602     0.000
5.608     0.000
5.613     0.000
5.619     0.000
5.625     0.000
5.631     0.000
5.637     0.000
5.642     0.000
5.648     0.000
5.654     0.000
5.660     0.000
5.666     0.000
5.671     0.000
5.677     0.000
5.683     0.000
5.689     0.000
5.695     0.000
5.700     0.000
5.706     0.000
5.712     0.000
5.718     0.000
5.724     0.000
5.730     0.000
5.735     0.000
5.741     0.000
5.747     0.000
5.753     0.000
5.759     0.000
5.764     0.000
5.770     0.000
5.776     0.000
5.782     0.000
5.788     0.000
5.793     0.000
5.799     0.000
5.805     0.000
5.811     0.000
5.817     0.000
5.822     0.000
5.828     0.000
5.834     0.000
5.840     0.000
5.846     0.000
5.851     0.000
5.857     0.000
5.863     0.000
5.869     0.000
5.875     0.000
5.880     0.000
5.886     0.000
5.892     0.000
5.898     0.000
5.904     0.000
5.909     0.000
5.915     0.000
5.921     0.000
5.927     0.000
5.933     0.000
5.939     0.000
5.944     0.000
5.950     0.000
5.956     0.000
5.962     0.000
5.968     0.000
5.973     0.000
5.979     0.000
5.985     0.000
5.991     0.000
5.997     0.000
6.002     0.000
6.008     0.000
6.014     0.000
6.020     0.000
6.026     0.000
6.031     0.000
6.037     0.000
6.043     0.000
6.049     0.000
6.055     0.000
6.060     0.000
6.066     0.000
6.072     0.000
6.078     0.000
6.084     0.000
6.089     0.000
6.095     0.000
6.101     0.000
6.107     0.000
6.113     0.000
6.118     0.000
6.124     0.000
6.130     0.000
6.136     0.000
6.142     0.000
6.147     0.000
6.153     0.000
6.159     0.000
6.165     0.000
6.171     0.000
6.177     0.000
6.182     0.000
6.188     0.000
6.194     0.000
6.200     0.000
6.206     0.000
6.211     0.000
6.217     0.000
6.223     0.000
6.229     0.000
6.235     0.000
6.240     0.000
6.246     0.000
6.252     0.000
6.258     0.000
6.264     0.000
6.269     0.000
6.275     0.000
6.281     0.000
6.287     0.000
6.293     0.000
6.298     0.000
6.304     0.000
6.310     0.000
6.316     0.000
6.322     0.000
6.327     0.000
6.333     0.000
6.339     0.000
6.345     0.000
6.351     0.000
6.356     0.000
6.362     0.000
6.368     0.000
6.374     0.000
6.380     0.000
6.385     0.000
6.391     0.000
6.397     0.000
6.403     0.000
6.409     0.000
6.415     0.000
6.420     0.000
6.426     0.000
6.432     0.000
6.438     0.000
6.444     0.000
6.449     0.000
6.455     0.000
6.461     0.000
6.467     0.000
6.473     0.000
6.478     0.000
6.484     0.000
6.490     0.000
6.496     0.000
6.502     0.000
6.507     0.000
6.513     0.000
6.519     0.000
6.525     0.000
6.531     0.000
6.536     0.000
6.542     0.000
6.548     0.000
6.554     0.000
6.560     0.000
6.565     0.000
6.571     0.000
6.577     0.000
6.583     0.000
6.589     0.000
6.594     0.000
6.600     0.000
6.606     0.000
6.612     0.000
6.618     0.000
6.623     0.000
6.629     0.000
6.635     0.000
6.641     0.000
6.647     0.000
6.653     0.000
6.658     0.000
6.664     0.000
6.670     0.000
6.676     0.000
6.682     0.000
6.687     0.000
6.693     0.000
6.699     0.000
6.705     0.000
6.711     0.000
6.716     0.000
6.722     0.000
6.728     0.000
6.734     0.000
6.740     0.000
6.745     0.000
6.751     0.000
6.757     0.000
6.763     0.000
6.769     0.000
6.774     221.608
6.780     225.000
6.786     221.608
6.792     219.403
6.798     225.000
6.803     223.858
6.809     223.858
6.815     225.000
6.821     225.000
6.827     227.320
6.832     228.497
6.838     474.194
6.844     469.149
6.850     474.194
6.856     474.194
6.861     474.194
6.867     474.194
6.873     474.194
6.879     471.658
6.885     471.658
6.891     469.149
6.896     232.105
6.902     459.375
6.908     456.995
6.914     464.211
6.920     428.155
6.925     428.155
6.931     469.149
6.937     428.155
6.943     445.455
6.949     454.639
6.954     450.000
6.960     432.353
6.966     432.353
6.972     436.634
6.978     436.634
6.983     149.492
6.989     436.634
6.995     428.155
7.001     227.320
7.007     490.000
7.012     501.136
7.018     495.506
7.024     506.897
7.030     501.136
7.036     506.897
7.041     501.136
7.047     501.136
7.053     501.136
7.059     495.506
7.065     495.506
7.070     495.506
7.076     495.506
7.082     495.506
7.088     495.506
7.094     495.506
7.100     495.506
7.105     495.506
7.111     495.506
7.117     252.000
7.123     252.000
7.129     250.568
7.134     250.568
7.140     250.568
7.146     252.000
7.152     252.000
7.158     252.000
7.163     250.568
7.169     249.153
7.175     249.153
7.181     0.000
7.187     0.000
7.192     0.000
7.198     0.000
7.204     0.000
7.210     0.000
7.216     0.000
7.221     0.000
7.227     0.000
7.233     0.000
7.239     0.000
7.245     0.000
7.250     0.000
7.256     0.000
7.262     0.000
7.268     0.000
7.274     0.000
7.279     0.000
7.285     0.000
7.291     0.000
7.297     0.000
7.303     0.000
7.308     0.000
7.314     0.000
7.320     0.000
7.326     0.000
7.332     0.000
7.338     0.000
7.343     304.138
7.349     304.138
7.355     304.138
7.361     304.138
7.367     304.138
7.372     304.138
7.378     302.055
7.384     302.055
7.390     350.000
7.396     308.392
7.401     308.392
7.407     306.250
7.413     304.138
7.419     304.138
7.425     302.055
7.430     302.055
7.436     302.055
7.442     300.000
7.448     297.973
7.454     295.973
7.459     295.973
7.465     294.000
7.471     292.053
7.477     292.053
7.483     292.053
7.488     292.053
7.494     292.053
7.500     292.053
7.506     294.000
7.512     294.000
7.517     294.000
7.523     294.000
7.529     595.946
7.535     595.946
7.541     600.000
7.546     600.000
7.552     604.110
7.558     600.000
7.564     600.000
7.570     588.000
7.576     588.000
7.581     580.263
7.587     302.055
7.593     572.727
7.599     297.973
7.605     558.228
7.610     565.385
7.616     565.385
7.622     558.228
7.628     558.228
7.634     565.385
7.639     306.250
7.645     297.973
7.651     294.000
7.657     292.053
7.663     290.132
7.668     290.132
7.674     290.132
7.680     290.132
7.686     290.132
7.692     290.132
7.697     288.235
7.703     288.235
7.709     288.235
7.715     288.235
7.721     288.235
7.726     290.132
7.732     292.053
7.738     294.000
7.744     294.000
7.750     156.383
7.755     155.830
7.761     162.731
7.767     161.538
7.773     162.132
7.779     160.949
7.784     160.364
7.790     160.949
7.796     152.595
7.802     312.766
7.808     308.392
7.814     308.392
7.819     308.392
7.825     306.250
7.831     306.250
7.837     306.250
7.843     304.138
7.848     304.138
7.854     304.138
7.860     302.055
7.866     302.055
7.872     304.138
7.877     304.138
7.883     304.138
7.889     306.250
7.895     306.250
7.901     304.138
7.906     304.138
7.912     329.104
7.918     297.973
7.924     321.898
7.930     321.898
7.935     319.565
7.941     324.265
7.947     326.667
7.953     329.104
7.959     331.579
7.964     331.579
7.970     334.091
7.976     334.091
7.982     300.000
7.988     302.055
7.993     302.055
7.999     302.055
8.005     300.000
8.011     331.579
8.017     292.053
8.022     290.132
8.028     288.235
8.034     288.235
8.040     286.364
8.046     286.364
8.052     284.516
8.057     282.692
8.063     317.266
8.069     317.266
8.075     321.898
8.081     321.898
8.086     319.565
8.092     319.565
8.098     321.898
8.104     319.565
8.110     319.565
8.115     321.898
8.121     370.588
8.127     160.949
8.133     370.588
8.139     367.500
8.144     306.250
8.150     286.364
8.156     286.364
8.162     286.364
8.168     286.364
8.173     288.235
8.179     288.235
8.185     292.053
8.191     294.000
8.197     295.973
8.202     297.973
8.208     300.000
8.214     300.000
8.220     300.000
8.226     297.973
8.231     297.973
8.237     297.973
8.243     297.973
8.249     297.973
8.255     295.973
8.260     295.973
8.266     297.973
8.272     588.000
8.278     604.110
8.284     600.000
8.290     604.110
8.295     608.276
8.301     608.276
8.307     608.276
8.313     612.500
8.319     608.276
8.324     612.500
8.330     608.276
8.336     608.276
8.342     608.276
8.348     604.110
8.353     604.110
8.359     600.000
8.365     600.000
8.371     595.946
8.377     595.946
8.382     595.946
8.388     591.946
8.394     595.946
8.400     304.138
8.406     300.000
8.411     310.563
8.417     310.563
8.423     294.000
8.429     294.000
8.435     294.000
8.440     294.000
8.446     294.000
8.452     294.000
8.458     294.000
8.464     295.973
8.469     295.973
8.475     295.973
8.481     295.973
8.487     295.973
8.493     297.973
8.499     588.000
8.504     588.000
8.510     580.263
8.516     580.263
8.522     572.727
8.528     572.727
8.533     300.000
8.539     159.783
8.545     168.966
8.551     167.681
8.557     160.949
8.562     162.132
8.568     160.364
8.574     161.538
8.580     159.783
8.586     302.055
8.591     302.055
8.597     300.000
8.603     300.000
8.609     297.973
8.615     297.973
8.620     295.973
8.626     295.973
8.632     295.973
8.638     295.973
8.644     295.973
8.649     295.973
8.655     295.973
8.661     295.973
8.667     295.973
8.673     295.973
8.678     170.930
8.684     164.552
8.690     168.321
8.696     167.681
8.702     168.321
8.707     168.966
8.713     168.966
8.719     167.045
8.725     168.966
8.731     304.138
8.737     306.250
8.742     306.250
8.748     308.392
8.754     279.114
8.760     280.892
8.766     282.692
8.771     282.692
8.777     282.692
8.783     284.516
8.789     282.692
8.795     284.516
8.800     284.516
8.806     284.516
8.812     284.516
8.818     286.364
8.824     286.364
8.829     286.364
8.835     286.364
8.841     284.516
8.847     284.516
8.853     282.692
8.858     282.692
8.864     310.563
8.870     315.000
8.876     317.266
8.882     317.266
8.887     319.565
8.893     317.266
8.899     317.266
8.905     312.766
8.911     315.000
8.916     319.565
8.922     320.727
8.928     320.727
8.934     320.727
8.940     321.898
8.945     320.727
8.951     280.892
8.957     279.114
8.963     280.892
8.969     279.114
8.975     279.114
8.980     288.235
8.986     294.000
8.992     302.055
8.998     308.392
9.004     630.000
9.009     648.529
9.015     653.333
9.021     331.579
9.027     329.104
9.033     329.104
9.038     326.667
9.044     324.265
9.050     639.130
9.056     639.130
9.062     630.000
9.067     612.500
9.073     604.110
9.079     588.000
9.085     580.263
9.091     558.228
9.096     551.250
9.102     558.228
9.108     558.228
9.114     551.250
9.120     280.892
9.125     537.805
9.131     612.500
9.137     621.127
9.143     588.000
9.149     630.000
9.154     630.000
9.160     319.565
9.166     324.265
9.172     329.104
9.178     331.579
9.183     331.579
9.189     331.579
9.195     329.104
9.201     326.667
9.207     319.565
9.213     317.266
9.218     648.529
9.224     658.209
9.230     297.973
9.236     295.973
9.242     292.053
9.247     290.132
9.253     288.235
9.259     288.235
9.265     288.235
9.271     288.235
9.276     288.235
9.282     290.132
9.288     292.053
9.294     294.000
9.300     295.973
9.305     295.973
9.311     294.000
9.317     292.053
9.323     288.235
9.329     558.228
9.334     275.625
9.340     259.412
9.346     558.228
9.352     292.053
9.358     294.000
9.363     295.973
9.369     168.321
9.375     168.321
9.381     168.966
9.387     167.045
9.392     168.966
9.398     166.415
9.404     0.000
9.410     0.000
9.416     0.000
9.421     0.000
9.427     0.000
9.433     0.000
9.439     0.000
9.445     0.000
9.451     0.000
9.456     0.000
9.462     0.000
9.468     0.000
9.474     0.000
9.480     0.000
9.485     0.000
9.491     0.000
9.497     0.000
9.503     0.000
9.509     0.000
9.514     0.000
9.520     0.000
9.526     0.000
9.532     0.000
9.538     0.000
9.543     0.000
9.549     0.000
9.555     0.000
9.561     0.000
9.567     0.000
9.572     0.000
9.578     0.000
9.584     0.000
9.590     0.000
9.596     0.000
9.601     0.000
9.607     0.000
9.613     0.000
9.619     0.000
9.625     0.000
9.630     0.000
9.636     0.000
9.642     0.000
9.648     0.000
9.654     0.000
9.660     0.000
9.665     0.000
9.671     0.000
9.677     0.000
9.683     0.000
9.689     0.000
9.694     0.000
9.700     0.000
9.706     0.000
9.712     0.000
9.718     0.000
9.723     0.000
9.729     0.000
9.735     0.000
9.741     0.000
9.747     0.000
9.752     0.000
9.758     0.000
9.764     0.000
9.770     0.000
9.776     0.000
9.781     0.000
9.787     0.000
9.793     0.000
9.799     0.000
9.805     0.000
9.810     0.000
9.816     0.000
9.822     0.000
9.828     0.000
9.834     0.000
9.839     0.000
9.845     0.000
9.851     0.000
9.857     0.000
9.863     0.000
9.868     0.000
9.874     0.000
9.880     0.000
9.886     0.000
9.892     0.000
9.898     0.000
9.903     0.000
9.909     0.000
9.915     0.000
9.921     0.000
9.927     0.000
9.932     0.000
9.938     230.890
9.944     479.348
9.950     490.000
9.956     495.506
9.961     506.897
9.967     518.824
9.973     272.222
9.979     275.625
9.985     277.358
9.990     279.114
9.996     279.114
10.002     279.114
10.008     275.625
10.014     273.913
10.019     537.805
10.025     525.000
10.031     518.824
10.037     506.897
10.043     501.136
10.048     490.000
10.054     490.000
10.060     490.000
10.066     432.353
10.072     229.688
10.077     228.497
10.083     229.688
10.089     495.506
10.095     495.506
10.101     235.829
10.106     479.348
10.112     484.615
10.118     479.348
10.124     495.506
10.130     501.136
10.136     512.791
10.141     518.824
10.147     272.222
10.153     273.913
10.159     277.358
10.165     279.114
10.170     280.892
10.176     279.114
10.182     279.114
10.188     277.358
10.194     272.222
10.199     518.824
10.205     518.824
10.211     506.897
10.217     506.897
10.223     495.506
10.228     495.506
10.234     495.506
10.240     490.000
10.246     225.000
10.252     490.000
10.257     228.497
10.263     230.890
10.269     490.000
10.275     484.615
10.281     484.615
10.286     495.506
10.292     501.136
10.298     512.791
10.304     525.000
10.310     531.325
10.315     537.805
10.321     544.444
10.327     277.358
10.333     277.358
10.339     279.114
10.344     277.358
10.350     275.625
10.356     272.222
10.362     525.000
10.368     518.824
10.374     501.136
10.379     501.136
10.385     495.506
10.391     464.211
10.397     490.000
10.403     490.000
10.408     490.000
10.414     424.038
10.420     424.038
10.426     495.506
10.432     495.506
10.437     484.615
10.443     495.506
10.449     506.897
10.455     506.897
10.461     512.791
10.466     525.000
10.472     531.325
10.478     273.913
10.484     275.625
10.490     277.358
10.495     277.358
10.501     277.358
10.507     275.625
10.513     272.222
10.519     173.622
10.524     264.072
10.530     117.914
10.536     282.692
10.542     114.844
10.548     270.552
10.553     113.368
10.559     113.368
10.565     246.369
10.571     227.320
10.577     250.568
10.582     214.078
10.588     254.913
10.594     237.097
10.600     240.984
10.606     243.646
10.612     247.753
10.617     0.000
10.623     0.000
10.629     0.000
10.635     0.000
10.641     0.000
10.646     0.000
10.652     0.000
10.658     0.000
10.664     0.000
10.670     0.000
10.675     0.000
10.681     0.000
10.687     0.000
10.693     0.000
10.699     0.000
10.704     0.000
10.710     168.966
10.716     169.615
10.722     170.270
10.728     168.321
10.733     235.829
10.739     168.966
10.745     225.000
10.751     225.000
10.757     230.890
10.762     234.574
10.768     242.308
10.774     490.000
10.780     506.897
10.786     518.824
10.791     531.325
10.797     537.805
10.803     544.444
10.809     280.892
10.815     279.114
10.820     279.114
10.826     279.114
10.832     537.805
10.838     544.444
10.844     544.444
10.850     537.805
10.855     525.000
10.861     525.000
10.867     518.824
10.873     518.824
10.879     512.791
10.884     512.791
10.890     512.791
10.896     512.791
10.902     512.791
10.908     518.824
10.913     525.000
10.919     537.805
10.925     531.325
10.931     525.000
10.937     612.500
10.942     621.127
10.948     612.500
10.954     604.110
10.960     306.250
10.966     310.563
10.971     312.766
10.977     312.766
10.983     310.563
10.989     310.563
10.995     310.563
11.000     630.000
11.006     302.055
11.012     612.500
11.018     621.127
11.024     621.127
11.029     531.325
11.035     531.325
11.041     531.325
11.047     531.325
11.053     525.000
11.059     518.824
11.064     518.824
11.070     518.824
11.076     518.824
11.082     518.824
11.088     525.000
11.093     531.325
11.099     537.805
11.105     544.444
11.111     537.805
11.117     537.805
11.122     621.127
11.128     621.127
11.134     297.973
11.140     306.250
11.146     308.392
11.151     312.766
11.157     315.000
11.163     315.000
11.169     315.000
11.175     312.766
11.180     310.563
11.186     306.250
11.192     621.127
11.198     621.127
11.204     621.127
11.209     544.444
11.215     537.805
11.221     537.805
11.227     525.000
11.233     518.824
11.238     512.791
11.244     512.791
11.250     512.791
11.256     518.824
11.262     518.824
11.267     531.325
11.273     531.325
11.279     537.805
11.285     565.385
11.291     595.946
11.297     595.946
11.302     595.946
11.308     604.110
11.314     608.276
11.320     608.276
11.326     608.276
11.331     608.276
11.337     294.000
11.343     280.892
11.349     297.973
11.355     290.132
11.360     292.053
11.366     286.364
11.372     286.364
11.378     279.114
11.384     277.358
11.389     277.358
11.395     275.625
11.401     277.358
11.407     275.625
11.413     275.625
11.418     275.625
11.424     0.000
11.430     0.000
11.436     0.000
11.442     0.000
11.447     0.000
11.453     0.000
11.459     0.000
11.465     0.000
11.471     0.000
11.476     0.000
11.482     0.000
11.488     0.000
11.494     233.333
11.500     220.500
11.505     220.500
11.511     218.317
11.517     219.403
11.523     184.519
11.529     484.615
11.535     186.076
11.540     186.864
11.546     187.660
11.552     196.000
11.558     199.548
11.564     205.116
11.569     208.019
11.575     210.000
11.581     215.122
11.587     219.403
11.593     221.608
11.598     223.858
11.604     223.858
11.610     223.858
11.616     222.727
11.622     220.500
11.627     216.176
11.633     215.122
11.639     211.005
11.645     207.042
11.651     204.167
11.656     203.226
11.662     201.370
11.668     199.548
11.674     198.649
11.680     197.758
11.685     197.758
11.691     197.758
11.697     198.649
11.703     199.548
11.709     200.455
11.714     203.226
11.720     212.019
11.726     217.241
11.732     216.176
11.738     347.244
11.743     350.000
11.749     235.829
11.755     238.378
11.761     240.984
11.767     240.984
11.773     242.308
11.778     240.984
11.784     238.378
11.790     237.097
11.796     232.105
11.802     621.127
11.807     344.531
11.813     339.231
11.819     588.000
11.825     204.167
11.831     200.455
11.836     199.548
11.842     196.000
11.848     194.273
11.854     192.576
11.860     191.739
11.865     192.576
11.871     195.133
11.877     196.875
11.883     588.000
11.889     588.000
11.894     210.000
11.900     218.317
11.906     227.320
11.912     240.984
11.918     245.000
11.923     246.369
11.929     249.153
11.935     250.568
11.941     249.153
11.947     249.153
11.952     246.369
11.958     239.674
11.964     233.333
11.970     238.378
11.976     229.688
11.981     210.000
11.987     206.075
11.993     199.548
11.999     588.000
12.005     580.263
12.011     572.727
12.016     565.385
12.022     565.385
12.028     572.727
12.034     572.727
12.040     572.727
12.045     200.455
12.051     205.116
12.057     450.000
12.063     459.375
12.069     464.211
12.074     474.194
12.080     484.615
12.086     484.615
12.092     484.615
12.098     484.615
12.103     481.967
12.109     484.615
12.115     474.194
12.121     474.194
12.127     469.149
12.132     464.211
12.138     454.639
12.144     450.000
12.150     445.455
12.156     217.241
12.161     216.176
12.167     215.122
12.173     214.078
12.179     214.078
12.185     215.122
12.190     216.176
12.196     218.317
12.202     459.375
12.208     459.375
12.214     469.149
12.220     474.194
12.225     479.348
12.231     481.967
12.237     481.967
12.243     222.727
12.249     479.348
12.254     408.333
12.260     474.194
12.266     412.150
12.272     400.909
12.278     404.587
12.283     408.333
12.289     400.909
12.295     364.463
12.301     376.923
12.307     464.211
12.312     464.211
12.318     474.194
12.324     474.194
12.330     469.149
12.336     142.718
12.341     474.194
12.347     416.038
12.353     428.155
12.359     432.353
12.365     445.455
12.370     474.194
12.376     156.940
12.382     249.153
12.388     159.783
12.394     518.824
12.399     518.824
12.405     518.824
12.411     512.791
12.417     152.595
12.423     501.136
12.428     506.897
12.434     148.986
12.440     149.492
12.446     147.987
12.452     147.000
12.458     145.066
12.463     144.118
12.469     141.801
12.475     144.118
12.481     143.182
12.487     501.136
12.492     501.136
12.498     136.111
12.504     136.533
12.510     136.957
12.516     484.615
12.521     436.634
12.527     474.194
12.533     428.155
12.539     454.639
12.545     469.149
12.550     464.211
12.556     479.348
12.562     479.348
12.568     479.348
12.574     479.348
12.579     484.615
12.585     163.333
12.591     495.506
12.597     495.506
12.603     495.506
12.608     242.308
12.614     479.348
12.620     469.149
12.626     474.194
12.632     490.000
12.637     495.506
12.643     147.987
12.649     145.545
12.655     142.718
12.661     143.182
12.666     140.895
12.672     490.000
12.678     506.897
12.684     191.739
12.690     506.897
12.696     501.136
12.701     141.346
12.707     138.679
12.713     445.455
12.719     454.639
12.725     450.000
12.730     464.211
12.736     474.194
12.742     474.194
12.748     495.506
12.754     490.000
12.759     174.308
12.765     173.622
12.771     495.506
12.777     495.506
12.783     490.000
12.788     490.000
12.794     484.615
12.800     479.348
12.806     464.211
12.812     454.639
12.817     459.375
12.823     469.149
12.829     474.194
12.835     139.117
12.841     138.245
12.846     137.383
12.852     136.957
12.858     136.533
12.864     136.957
12.870     445.455
12.875     450.000
12.881     469.149
12.887     469.149
12.893     464.211
12.899     464.211
12.904     464.211
12.910     469.149
12.916     474.194
12.922     474.194
12.928     479.348
12.934     479.348
12.939     469.149
12.945     469.149
12.951     0.000
12.957     0.000
12.963     0.000
12.968     0.000
12.974     0.000
12.980     0.000
12.986     0.000
12.992     0.000
12.997     0.000
13.003     0.000
13.009     0.000
13.015     0.000
13.021     0.000
13.026     0.000
13.032     0.000
13.038     0.000
13.044     0.000
13.050     0.000
13.055     0.000
13.061     450.000
13.067     350.000
13.073     197.758
13.079     182.988
13.084     183.750
13.090     183.750
13.096     182.988
13.102     172.941
13.108     531.325
13.113     531.325
13.119     531.325
13.125     531.325
13.131     531.325
13.137     525.000
13.142     464.211
13.148     459.375
13.154     459.375
13.160     469.149
13.166     454.639
13.172     459.375
13.177     459.375
13.183     147.000
13.189     147.492
13.195     148.485
13.201     464.211
13.206     454.639
13.212     454.639
13.218     459.375
13.224     454.639
13.230     454.639
13.235     166.415
13.241     170.270
13.247     173.622
13.253     165.789
13.259     168.321
13.264     168.321
13.270     306.250
13.276     169.615
13.282     308.392
13.288     350.000
13.293     172.266
13.299     168.966
13.305     165.789
13.311     163.333
13.317     166.415
13.322     163.333
13.328     160.364
13.334     161.538
13.340     159.783
13.346     380.172
13.351     376.923
13.357     157.500
13.363     355.645
13.369     352.800
13.375     370.588
13.380     380.172
13.386     155.830
13.392     158.065
13.398     161.538
13.404     158.065
13.410     161.538
13.415     165.169
13.421     167.681
13.427     168.966
13.433     167.045
13.439     167.681
13.444     167.681
13.450     167.681
13.456     308.392
13.462     169.615
13.468     168.321
13.473     165.789
13.479     162.731
13.485     161.538
13.491     163.333
13.497     161.538
13.502     432.353
13.508     420.000
13.514     158.633
13.520     149.492
13.526     380.172
13.531     148.485
13.537     376.923
13.543     380.172
13.549     150.000
13.555     441.000
13.560     441.000
13.566     450.000
13.572     164.552
13.578     160.364
13.584     163.333
13.589     166.415
13.595     169.615
13.601     169.615
13.607     180.738
13.613     180.738
13.619     180.738
13.624     308.392
13.630     167.045
13.636     163.333
13.642     531.325
13.648     459.375
13.653     459.375
13.659     459.375
13.665     454.639
13.671     450.000
13.677     450.000
13.682     147.000
13.688     445.455
13.694     146.512
13.700     147.000
13.706     450.000
13.711     454.639
13.717     454.639
13.723     459.375
13.729     464.211
13.735     464.211
13.740     166.415
13.746     0.000
13.752     0.000
13.758     0.000
13.764     0.000
13.769     0.000
13.775     0.000
13.781     0.000
13.787     0.000
13.793     0.000
13.798     0.000
13.804     0.000
13.810     0.000
13.816     0.000
13.822     0.000
13.827     0.000
13.833     0.000
13.839     0.000
13.845     495.506
13.851     495.506
13.857     506.897
13.862     220.500
13.868     228.497
13.874     518.824
13.880     525.000
13.886     501.136
13.891     490.000
13.897     207.042
13.903     211.005
13.909     211.005
13.915     211.005
13.920     211.005
13.926     211.005
13.932     212.019
13.938     200.455
13.944     565.385
13.949     558.228
13.955     551.250
13.961     558.228
13.967     474.194
13.973     474.194
13.978     393.750
13.984     165.789
13.990     233.333
13.996     165.169
14.002     234.574
14.007     166.415
14.013     168.966
14.019     175.000
14.025     180.738
14.031     184.519
14.036     558.228
14.042     558.228
14.048     565.385
14.054     565.385
14.060     205.116
14.065     207.042
14.071     208.019
14.077     207.042
14.083     207.042
14.089     565.385
14.095     565.385
14.100     565.385
14.106     558.228
14.112     558.228
14.118     558.228
14.124     183.750
14.129     172.266
14.135     172.266
14.141     170.270
14.147     169.615
14.153     169.615
14.158     170.270
14.164     171.595
14.170     172.941
14.176     173.622
14.182     558.228
14.187     558.228
14.193     558.228
14.199     565.385
14.205     565.385
14.211     565.385
14.216     205.116
14.222     206.075
14.228     205.116
14.234     565.385
14.240     565.385
14.245     565.385
14.251     565.385
14.257     565.385
14.263     565.385
14.269     179.268
14.274     178.543
14.280     177.823
14.286     177.823
14.292     179.268
14.298     565.385
14.303     565.385
14.309     184.519
14.315     558.228
14.321     188.462
14.327     0.000
14.333     0.000
14.338     0.000
14.344     0.000
14.350     0.000
14.356     0.000
14.362     0.000
14.367     0.000
14.373     0.000
14.379     0.000
14.385     0.000
14.391     0.000
14.396     0.000
14.402     0.000
14.408     0.000
14.414     0.000
14.420     0.000
14.425     0.000
14.431     0.000
14.437     0.000
14.443     0.000
14.449     0.000
14.454     0.000
14.460     0.000
14.466     0.000
14.472     0.000
14.478     0.000
14.483     0.000
14.489     0.000
14.495     0.000
14.501     0.000
14.507     0.000
14.512     0.000
14.518     0.000
14.524     0.000
14.530     0.000
14.536     0.000
14.541     0.000
14.547     0.000
14.553     0.000
14.559     0.000
14.565     0.000
14.571     0.000
14.576     0.000
14.582     0.000
14.588     0.000
14.594     0.000
14.600     0.000
14.605     0.000
14.611     0.000
14.617     0.000
14.623     0.000
14.629     0.000
14.634     0.000
14.640     0.000
14.646     324.265
14.652     324.265
14.658     326.667
14.663     324.265
14.669     324.265
14.675     321.898
14.681     321.898
14.687     319.565
14.692     317.266
14.698     317.266
14.704     315.000
14.710     315.000
14.716     315.000
14.721     317.266
14.727     319.565
14.733     319.565
14.739     321.898
14.745     324.265
14.750     326.667
14.756     326.667
14.762     326.667
14.768     326.667
14.774     326.667
14.780     326.667
14.785     326.667
14.791     324.265
14.797     324.265
14.803     321.898
14.809     319.565
14.814     319.565
14.820     317.266
14.826     315.000
14.832     315.000
14.838     312.766
14.843     310.563
14.849     312.766
14.855     310.563
14.861     312.766
14.867     312.766
14.872     315.000
14.878     317.266
14.884     319.565
14.890     321.898
14.896     326.667
14.901     329.104
14.907     331.579
14.913     336.641
14.919     339.231
14.925     344.531
14.930     347.244
14.936     347.244
14.942     347.244
14.948     347.244
14.954     344.531
14.959     344.531
14.965     339.231
14.971     336.641
14.977     331.579
14.983     326.667
14.988     321.898
14.994     319.565
15.000     315.000
15.006     312.766
15.012     310.563
15.018     310.563
15.023     310.563
15.029     312.766
15.035     312.766
15.041     315.000
15.047     317.266
15.052     321.898
15.058     326.667
15.064     329.104
15.070     334.091
15.076     341.860
15.081     347.244
15.087     352.800
15.093     352.800
15.099     355.645
15.105     355.645
15.110     355.645
15.116     352.800
15.122     350.000
15.128     347.244
15.134     341.860
15.139     336.641
15.145     331.579
15.151     329.104
15.157     329.104
15.163     326.667
15.168     324.265
15.174     321.898
15.180     341.860
15.186     336.641
15.192     331.579
15.197     331.579
15.203     331.579
15.209     329.104
15.215     329.104
15.221     329.104
15.226     331.579
15.232     331.579
15.238     331.579
15.244     334.091
15.250     336.641
15.256     339.231
15.261     344.531
15.267     347.244
15.273     350.000
15.279     350.000
15.285     352.800
15.290     352.800
15.296     355.645
15.302     358.537
15.308     361.475
15.314     361.475
15.319     358.537
15.325     358.537
15.331     355.645
15.337     352.800
15.343     347.244
15.348     339.231
15.354     339.231
15.360     341.860
15.366     341.860
15.372     344.531
15.377     347.244
15.383     347.244
15.389     350.000
15.395     347.244
15.401     334.091
15.406     331.579
15.412     334.091
15.418     121.488
15.424     229.688
15.430     238.378
15.435     240.984
15.441     243.646
15.447     245.000
15.453     512.791
15.459     531.325
15.464     537.805
15.470     544.444
15.476     292.053
15.482     295.973
15.488     300.000
15.494     310.563
15.499     319.565
15.505     324.265
15.511     324.265
15.517     324.265
15.523     324.265
15.528     321.898
15.534     319.565
15.540     315.000
15.546     310.563
15.552     604.110
15.557     604.110
15.563     595.946
15.569     558.228
15.575     551.250
15.581     537.805
15.586     531.325
15.592     525.000
15.598     525.000
15.604     518.824
15.610     518.824
15.615     518.824
15.621     525.000
15.627     531.325
15.633     537.805
15.639     544.444
15.644     544.444
15.650     558.228
15.656     572.727
15.662     612.500
15.668     608.276
15.673     312.766
15.679     317.266
15.685     319.565
15.691     319.565
15.697     319.565
15.702     319.565
15.708     319.565
15.714     317.266
15.720     312.766
15.726     308.392
15.732     604.110
15.737     604.110
15.743     604.110
15.749     558.228
15.755     551.250
15.761     544.444
15.766     537.805
15.772     531.325
15.778     525.000
15.784     518.824
15.790     518.824
15.795     518.824
15.801     525.000
15.807     525.000
15.813     531.325
15.819     531.325
15.824     537.805
15.830     544.444
15.836     551.250
15.842     551.250
15.848     284.516
15.853     288.235
15.859     290.132
15.865     294.000
15.871     297.973
15.877     300.000
15.882     300.000
15.888     297.973
15.894     295.973
15.900     297.973
15.906     286.364
15.911     604.110
15.917     537.805
15.923     537.805
15.929     531.325
15.935     531.325
15.940     518.824
15.946     518.824
15.952     506.897
15.958     506.897
15.964     501.136
15.970     501.136
15.975     495.506
15.981     495.506
15.987     490.000
15.993     495.506
15.999     490.000
16.004     495.506
16.010     495.506
16.016     490.000
16.022     259.412
16.028     260.947
16.033     264.072
16.039     265.663
16.045     267.273
16.051     267.273
16.057     247.753
16.062     259.412
16.068     257.895
16.074     252.000
16.080     479.348
16.086     484.615
16.091     484.615
16.097     479.348
16.103     220.500
16.109     220.500
16.115     219.403
16.120     469.149
16.126     464.211
16.132     216.176
16.138     216.176
16.144     216.176
16.149     218.317
16.155     219.403
16.161     220.500
16.167     223.858
16.173     225.000
16.179     227.320
16.184     229.688
16.190     229.688
16.196     230.890
16.202     232.105
16.208     232.105
16.213     229.688
16.219     226.154
16.225     223.858
16.231     225.000
16.237     221.608
16.242     220.500
16.248     218.317
16.254     218.317
16.260     216.176
16.266     215.122
16.271     216.176
16.277     217.241
16.283     218.317
16.289     218.317
16.295     219.403
16.300     219.403
16.306     220.500
16.312     220.500
16.318     220.500
16.324     219.403
16.329     220.500
16.335     219.403
16.341     219.403
16.347     219.403
16.353     219.403
16.358     218.317
16.364     216.176
16.370     214.078
16.376     648.529
16.382     658.209
16.387     658.209
16.393     658.209
16.399     648.529
16.405     648.529
16.411     648.529
16.417     199.548
16.422     199.548
16.428     199.548
16.434     544.444
16.440     648.529
16.446     648.529
16.451     648.529
16.457     658.209
16.463     658.209
16.469     228.497
16.475     233.333
16.480     234.574
16.486     237.097
16.492     238.378
16.498     237.097
16.504     237.097
16.509     237.097
16.515     234.574
16.521     233.333
16.527     232.105
16.533     228.497
16.538     226.154
16.544     223.858
16.550     218.317
16.556     216.176
16.562     658.209
16.567     648.529
16.573     210.000
16.579     209.005
16.585     209.005
16.591     209.005
16.596     639.130
16.602     648.529
16.608     639.130
16.614     214.078
16.620     218.317
16.625     220.500
16.631     222.727
16.637     229.688
16.643     230.890
16.649     233.333
16.655     235.829
16.660     237.097
16.666     238.378
16.672     238.378
16.678     238.378
16.684     238.378
16.689     237.097
16.695     234.574
16.701     233.333
16.707     230.890
16.713     228.497
16.718     225.000
16.724     220.500
16.730     218.317
16.736     216.176
16.742     215.122
16.747     214.078
16.753     214.078
16.759     214.078
16.765     215.122
16.771     217.241
16.776     219.403
16.782     221.608
16.788     225.000
16.794     227.320
16.800     228.497
16.805     232.105
16.811     234.574
16.817     474.194
16.823     474.194
16.829     474.194
16.834     479.348
16.840     479.348
16.846     479.348
16.852     479.348
16.858     474.194
16.863     474.194
16.869     474.194
16.875     469.149
16.881     469.149
16.887     469.149
16.893     441.000
16.898     441.000
16.904     459.375
16.910     464.211
16.916     464.211
16.922     186.864
16.927     424.038
16.933     428.155
16.939     436.634
16.945     436.634
16.951     441.000
16.956     436.634
16.962     198.649
16.968     199.548
16.974     302.055
16.980     304.138
16.985     308.392
16.991     315.000
16.997     317.266
17.003     319.565
17.009     319.565
17.014     319.565
17.020     319.565
17.026     317.266
17.032     315.000
17.038     312.766
17.043     310.563
17.049     304.138
17.055     300.000
17.061     295.973
17.067     290.132
17.072     286.364
17.078     284.516
17.084     282.692
17.090     282.692
17.096     282.692
17.101     282.692
17.107     282.692
17.113     284.516
17.119     288.235
17.125     290.132
17.131     531.325
17.136     304.138
17.142     312.766
17.148     319.565
17.154     321.898
17.160     326.667
17.165     331.579
17.171     336.641
17.177     336.641
17.183     336.641
17.189     334.091
17.194     331.579
17.200     326.667
17.206     321.898
17.212     317.266
17.218     315.000
17.223     310.563
17.229     297.973
17.235     288.235
17.241     284.516
17.247     280.892
17.252     277.358
17.258     275.625
17.264     273.913
17.270     273.913
17.276     275.625
17.281     277.358
17.287     279.114
17.293     282.692
17.299     286.364
17.305     290.132
17.310     294.000
17.316     300.000
17.322     304.138
17.328     306.250
17.334     308.392
17.340     310.563
17.345     312.766
17.351     312.766
17.357     312.766
17.363     312.766
17.369     315.000
17.374     317.266
17.380     317.266
17.386     319.565
17.392     317.266
17.398     315.000
17.403     312.766
17.409     310.563
17.415     308.392
17.421     304.138
17.427     297.973
17.432     292.053
17.438     290.132
17.444     288.235
17.450     512.791
17.456     506.897
17.461     506.897
17.467     506.897
17.473     282.692
17.479     284.516
17.485     286.364
17.490     288.235
17.496     290.132
17.502     292.053
17.508     294.000
17.514     294.000
17.519     295.973
17.525     297.973
17.531     300.000
17.537     302.055
17.543     304.138
17.548     306.250
17.554     306.250
17.560     308.392
17.566     308.392
17.572     306.250
17.578     306.250
17.583     304.138
17.589     302.055
17.595     300.000
17.601     295.973
17.607     295.973
17.612     294.000
17.618     294.000
17.624     290.132
17.630     290.132
17.636     290.132
17.641     290.132
17.647     290.132
17.653     290.132
17.659     290.132
17.665     292.053
17.670     294.000
17.676     294.000
17.682     300.000
17.688     304.138
17.694     312.766
17.699     317.266
17.705     319.565
17.711     321.898
17.717     321.898
17.723     321.898
17.728     319.565
17.734     312.766
17.740     308.392
17.746     324.265
17.752     324.265
17.757     321.898
17.763     297.973
17.769     304.138
17.775     312.766
17.781     288.235
17.786     290.132
17.792     292.053
17.798     297.973
17.804     306.250
17.810     315.000
17.816     319.565
17.821     324.265
17.827     326.667
17.833     329.104
17.839     334.091
17.845     339.231
17.850     341.860
17.856     341.860
17.862     344.531
17.868     344.531
17.874     344.531
17.879     341.860
17.885     341.860
17.891     339.231
17.897     336.641
17.903     334.091
17.908     331.579
17.914     329.104
17.920     326.667
17.926     321.898
17.932     319.565
17.937     317.266
17.943     315.000
17.949     315.000
17.955     315.000
17.961     317.266
17.966     321.898
17.972     324.265
17.978     326.667
17.984     329.104
17.990     331.579
17.995     331.579
18.001     334.091
18.007     336.641
18.013     336.641
18.019     339.231
18.024     339.231
18.030     339.231
18.036     339.231
18.042     339.231
18.048     336.641
18.054     336.641
18.059     334.091
18.065     331.579
18.071     329.104
18.077     326.667
18.083     324.265
18.088     321.898
18.094     319.565
18.100     317.266
18.106     315.000
18.112     315.000
18.117     315.000
18.123     317.266
18.129     319.565
18.135     321.898
18.141     324.265
18.146     326.667
18.152     329.104
18.158     334.091
18.164     339.231
18.170     341.860
18.175     344.531
18.181     347.244
18.187     350.000
18.193     352.800
18.199     352.800
18.204     355.645
18.210     352.800
18.216     352.800
18.222     350.000
18.228     347.244
18.233     344.531
18.239     336.641
18.245     331.579
18.251     326.667
18.257     321.898
18.262     317.266
18.268     312.766
18.274     308.392
18.280     306.250
18.286     304.138
18.292     304.138
18.297     306.250
18.303     308.392
18.309     310.563
18.315     315.000
18.321     319.565
18.326     321.898
18.332     326.667
18.338     329.104
18.344     334.091
18.350     339.231
18.355     341.860
18.361     344.531
18.367     347.244
18.373     347.244
18.379     347.244
18.384     347.244
18.390     344.531
18.396     341.860
18.402     339.231
18.408     336.641
18.413     334.091
18.419     334.091
18.425     331.579
18.431     331.579
18.437     329.104
18.442     329.104
18.448     329.104
18.454     329.104
18.460     329.104
18.466     326.667
18.471     326.667
18.477     324.265
18.483     321.898
18.489     165.789
18.495     495.506
18.500     166.415
18.506     167.045
18.512     167.045
18.518     167.681
18.524     0.000
18.530     0.000
18.535     0.000
18.541     0.000
18.547     0.000
18.553     0.000
18.559     0.000
18.564     0.000
18.570     0.000
18.576     326.667
18.582     166.415
18.588     355.645
18.593     111.083
18.599     165.789
18.605     341.860
18.611     336.641
18.617     339.231
18.622     113.953
18.628     310.563
18.634     321.898
18.640     319.565
18.646     339.231
18.651     237.097
18.657     238.378
18.663     239.674
18.669     239.674
18.675     238.378
18.680     235.829
18.686     229.688
18.692     226.154
18.698     630.000
18.704     621.127
18.709     212.019
18.715     210.000
18.721     209.005
18.727     580.263
18.733     204.167
18.739     201.370
18.744     200.455
18.750     200.455
18.756     200.455
18.762     595.946
18.768     202.294
18.773     205.116
18.779     207.042
18.785     209.005
18.791     588.000
18.797     595.946
18.802     219.403
18.808     221.608
18.814     621.127
18.820     233.333
18.826     239.674
18.831     243.646
18.837     245.000
18.843     246.369
18.849     246.369
18.855     247.753
18.860     245.000
18.866     243.646
18.872     242.308
18.878     240.984
18.884     237.097
18.889     234.574
18.895     225.000
18.901     612.500
18.907     604.110
18.913     595.946
18.918     588.000
18.924     580.263
18.930     588.000
18.936     588.000
18.942     588.000
18.947     196.000
18.953     580.263
18.959     588.000
18.965     588.000
18.971     588.000
18.977     588.000
18.982     588.000
18.988     595.946
18.994     588.000
19.000     223.858
19.006     233.333
19.011     239.674
19.017     239.674
19.023     242.308
19.029     245.000
19.035     245.000
19.040     246.369
19.046     246.369
19.052     246.369
19.058     245.000
19.064     243.646
19.069     242.308
19.075     239.674
19.081     235.829
19.087     233.333
19.093     230.890
19.098     226.154
19.104     223.858
19.110     220.500
19.116     604.110
19.122     595.946
19.127     595.946
19.133     208.019
19.139     206.075
19.145     205.116
19.151     206.075
19.156     206.075
19.162     206.075
19.168     208.019
19.174     580.263
19.180     580.263
19.185     215.122
19.191     219.403
19.197     226.154
19.203     226.154
19.209     229.688
19.215     234.574
19.220     235.829
19.226     237.097
19.232     240.984
19.238     240.984
19.244     242.308
19.249     243.646
19.255     243.646
19.261     243.646
19.267     242.308
19.273     242.308
19.278     239.674
19.284     238.378
19.290     235.829
19.296     233.333
19.302     228.497
19.307     226.154
19.313     223.858
19.319     221.608
19.325     219.403
19.331     215.122
19.336     214.078
19.342     213.043
19.348     212.019
19.354     213.043
19.360     213.043
19.365     214.078
19.371     215.122
19.377     217.241
19.383     219.403
19.389     222.727
19.394     223.858
19.400     226.154
19.406     228.497
19.412     229.688
19.418     232.105
19.423     233.333
19.429     233.333
19.435     233.333
19.441     234.574
19.447     233.333
19.453     232.105
19.458     232.105
19.464     229.688
19.470     228.497
19.476     226.154
19.482     222.727
19.487     216.176
19.493     218.317
19.499     219.403
19.505     219.403
19.511     219.403
19.516     220.500
19.522     0.000
19.528     0.000
19.534     0.000
19.540     0.000
19.545     0.000
19.551     0.000
19.557     0.000
19.563     0.000
19.569     0.000
19.574     0.000
19.580     0.000
19.586     0.000
19.592     0.000
19.598     0.000
19.603     0.000
19.609     0.000
19.615     0.000
19.621     0.000
19.627     0.000
19.632     0.000
19.638     0.000
19.644     0.000
19.650     0.000
19.656     0.000
19.661     0.000
19.667     0.000
19.673     0.000
19.679     0.000
19.685     0.000
19.691     0.000
19.696     0.000
19.702     0.000
19.708     0.000
19.714     0.000
19.720     0.000
19.725     0.000
19.731     0.000
19.737     0.000
19.743     0.000
19.749     0.000
19.754     0.000
19.760     0.000
19.766     0.000
19.772     0.000
19.778     0.000
19.783     0.000
19.789     0.000
19.795     0.000
19.801     0.000
19.807     0.000
19.812     0.000
19.818     0.000
19.824     0.000
19.830     0.000
19.836     0.000
19.841     0.000
19.847     0.000
19.853     0.000
19.859     0.000
19.865     0.000
19.870     0.000
19.876     0.000
19.882     0.000
19.888     0.000
19.894     0.000
19.900     0.000
19.905     0.000
19.911     0.000
19.917     0.000
19.923     0.000
19.929     0.000
19.934     0.000
19.940     0.000
19.946     0.000
19.952     0.000
19.958     0.000
19.963     0.000
19.969     0.000
19.975     0.000
19.981     0.000
19.987     0.000
19.992     0.000
19.998     0.000
20.004     0.000
